timestamp,cycle_sec,timestep,speed_mph,accel_meters_ps
2012-11-19 09:05:56,0,1,0.0,0.0
2012-11-19 09:05:57,1,1,0.0,0.0
2012-11-19 09:05:58,2,1,0.0,0.0
2012-11-19 09:05:59,3,1,0.0,0.0
2012-11-19 09:06:00,4,1,0.0,0.0
2012-11-19 09:06:01,5,1,0.0,0.0
2012-11-19 09:06:02,6,1,1.2383182753,1.2383182753
2012-11-19 09:06:03,7,1,1.90840735565,0.670089080357
2012-11-19 09:06:04,8,1,2.49568392708,0.587276571429
2012-11-19 09:06:05,9,1,3.1767105811,0.681026654018
2012-11-19 09:06:06,10,1,4.19903197396,1.02232139286
2012-11-19 09:06:07,11,1,5.62395757143,1.42492559747
2012-11-19 09:06:08,12,1,7.29709745685,1.67313988542
2012-11-19 09:06:09,13,1,8.99471653795,1.6976190811
2012-11-19 09:06:10,14,1,10.5779755595,1.58325902158
2012-11-19 09:06:11,15,1,12.0190471205,1.44107156101
2012-11-19 09:06:12,16,1,13.3041662924,1.28511917188
2012-11-19 09:06:13,17,1,14.3423360312,1.03816973884
2012-11-19 09:06:14,18,1,14.9306545647,0.588318533482
2012-11-19 09:06:15,19,1,14.7811010439,-0.149553520833
2012-11-19 09:06:16,20,1,13.6590771927,-1.12202385119
2012-11-19 09:06:17,21,1,11.5684520454,-2.09062514732
2012-11-19 09:06:18,22,1,8.85818402009,-2.7102680253
2012-11-19 09:06:19,23,1,6.1872017872,-2.67098223289
2012-11-19 09:06:20,24,1,4.28697857515,-1.90022321205
2012-11-19 09:06:21,25,1,3.64910656548,-0.637872009673
2012-11-19 09:06:22,26,1,4.40729103943,0.758184473958
2012-11-19 09:06:23,27,1,6.41331773661,2.00602669717
2012-11-19 09:06:24,28,1,9.33764804911,2.9243303125
2012-11-19 09:06:25,29,1,12.7436004695,3.40595242039
2012-11-19 09:06:26,30,1,16.1417404479,3.39813997842
2012-11-19 09:06:27,31,1,19.0713536376,2.92961318973
2012-11-19 09:06:28,32,1,21.2651780818,2.1938244442
2012-11-19 09:06:29,33,1,22.7838536429,1.51867556101
2012-11-19 09:06:30,34,1,23.9055053266,1.12165168378
2012-11-19 09:06:31,35,1,24.8217254278,0.916220101191
2012-11-19 09:06:32,36,1,25.4770080707,0.655282642857
2012-11-19 09:06:33,37,1,25.6729902485,0.195982177827
2012-11-19 09:06:34,38,1,25.2208326979,-0.452157550595
2012-11-19 09:06:35,39,1,23.9841514182,-1.23668127976
2012-11-19 09:06:36,40,1,21.8527528393,-2.13139857887
2012-11-19 09:06:37,41,1,18.788392811,-3.06436002827
2012-11-19 09:06:38,42,1,15.0168153393,-3.77157747173
2012-11-19 09:06:39,43,1,11.1750740372,-3.84174130208
2012-11-19 09:06:40,44,1,8.16874936607,-3.00632467113
2012-11-19 09:06:41,45,1,6.7835557314,-1.38519363467
2012-11-19 09:06:42,46,1,7.31287117039,0.529315438988
2012-11-19 09:06:43,47,1,9.44560932068,2.1327381503
2012-11-19 09:06:44,48,1,12.481026035,3.03541671429
2012-11-19 09:06:45,49,1,15.7089278266,3.22790179167
2012-11-19 09:06:46,50,1,18.7061004405,2.99717261384
2012-11-19 09:06:47,51,1,21.3854159234,2.67931548289
2012-11-19 09:06:48,52,1,23.811234375,2.42581845164
2012-11-19 09:06:49,53,1,25.9770825394,2.16584816443
2012-11-19 09:06:50,54,1,27.7501479219,1.77306538244
2012-11-19 09:06:51,55,1,28.9764871607,1.22633923884
2012-11-19 09:06:52,56,1,29.5901777195,0.61369055878
2012-11-19 09:06:53,57,1,29.6605648028,0.0703870833334
2012-11-19 09:06:54,58,1,29.4154012902,-0.245163512649
2012-11-19 09:06:55,59,1,29.2159966548,-0.199404635417
2012-11-19 09:06:56,60,1,29.4174848341,0.201488179316
2012-11-19 09:06:57,61,1,30.162871814,0.745386979911
2012-11-19 09:06:58,62,1,31.2879463036,1.12507448958
2012-11-19 09:06:59,63,1,32.4511160246,1.16316972098
2012-11-19 09:07:00,64,1,33.37626491,0.925148885417
2012-11-19 09:07:01,65,1,33.9823662359,0.606101325893
2012-11-19 09:07:02,66,1,34.3176343199,0.335268084077
2012-11-19 09:07:03,67,1,34.4297625238,0.112128203869
2012-11-19 09:07:04,68,1,34.3143607917,-0.115401732143
2012-11-19 09:07:05,69,1,33.940997471,-0.373363320685
2012-11-19 09:07:06,70,1,33.3112351562,-0.629762314732
2012-11-19 09:07:07,71,1,32.4904014658,-0.820833690476
2012-11-19 09:07:08,72,1,31.5305054985,-0.959895967262
2012-11-19 09:07:09,73,1,30.3512644866,-1.1792410119
2012-11-19 09:07:10,74,1,28.7499253028,-1.60133918378
2012-11-19 09:07:11,75,1,26.5688241577,-2.18110114509
2012-11-19 09:07:12,76,1,23.9168152299,-2.65200892783
2012-11-19 09:07:13,77,1,21.2526783229,-2.66413690699
2012-11-19 09:07:14,78,1,19.1514878467,-2.10119047619
2012-11-19 09:07:15,79,1,17.9068449829,-1.24464286384
2012-11-19 09:07:16,80,1,17.3706842731,-0.536160709821
2012-11-19 09:07:17,81,1,17.1837795521,-0.186904720982
2012-11-19 09:07:18,82,1,17.1642111503,-0.0195684017857
2012-11-19 09:07:19,83,1,17.4753718646,0.311160714286
2012-11-19 09:07:20,84,1,18.377380744,0.902008879464
2012-11-19 09:07:21,85,1,19.8260414241,1.44866068006
2012-11-19 09:07:22,86,1,21.3863092798,1.56026785565
2012-11-19 09:07:23,87,1,22.5240324568,1.13772317708
2012-11-19 09:07:24,88,1,22.9337049412,0.409672484375
2012-11-19 09:07:25,89,1,22.6357880938,-0.29791684747
2012-11-19 09:07:26,90,1,21.8352671644,-0.800520929315
2012-11-19 09:07:27,91,1,20.7060261436,-1.12924102083
2012-11-19 09:07:28,92,1,19.313838779,-1.39218736458
2012-11-19 09:07:29,93,1,17.7131692671,-1.6006695119
2012-11-19 09:07:30,94,1,16.022246744,-1.69092252307
2012-11-19 09:07:31,95,1,14.3704611071,-1.6517856369
2012-11-19 09:07:32,96,1,12.8185266399,-1.55193446726
2012-11-19 09:07:33,97,1,11.2980653214,-1.52046131845
2012-11-19 09:07:34,98,1,9.59836284449,-1.69970247693
2012-11-19 09:07:35,99,1,7.51741034598,-2.08095249851
2012-11-19 09:07:36,100,1,5.11644305432,-2.40096729167
2012-11-19 09:07:37,101,1,2.87120505208,-2.24523800223
2012-11-19 09:07:38,102,1,0.0,-2.87120505208
2012-11-19 09:10:45,289,187,0.0,0.0
2012-11-19 09:10:46,290,1,4.35386870536,4.35386870536
2012-11-19 09:10:47,291,1,7.61071376116,3.2568450558
2012-11-19 09:10:48,292,1,10.6880202374,3.07730647619
2012-11-19 09:10:49,293,1,12.6761899591,1.98816972173
2012-11-19 09:10:50,294,1,13.1787198981,0.502529938988
2012-11-19 09:10:51,295,1,12.3577379494,-0.820981948661
2012-11-19 09:10:52,296,1,10.8293154576,-1.52842249182
2012-11-19 09:10:53,297,1,9.38712795759,-1.4421875
2012-11-19 09:10:54,298,1,8.71197902232,-0.675148935268
2012-11-19 09:10:55,299,1,9.21956812054,0.507589098214
2012-11-19 09:10:56,300,1,11.0090768735,1.78950875298
2012-11-19 09:10:57,301,1,13.8566957909,2.84761891741
2012-11-19 09:10:58,302,1,17.2651778504,3.40848205952
2012-11-19 09:10:59,303,1,20.5346718564,3.26949400595
2012-11-19 09:11:00,304,1,22.8703861421,2.33571428571
2012-11-19 09:11:01,305,1,23.6103415513,0.739955409226
2012-11-19 09:11:02,306,1,22.4698654457,-1.14047610565
2012-11-19 09:11:03,307,1,19.6261898988,-2.84367554688
2012-11-19 09:11:04,308,1,15.6870529799,-3.9391369189
2012-11-19 09:11:05,309,1,11.5962791667,-4.09077381324
2012-11-19 09:11:06,310,1,8.3648060372,-3.23147312946
2012-11-19 09:11:07,311,1,6.66994013616,-1.69486590104
2012-11-19 09:11:08,312,1,6.63154746503,-0.0383926711309
2012-11-19 09:11:09,313,1,7.96190473214,1.33035726711
2012-11-19 09:11:10,314,1,10.2879464397,2.32604170759
2012-11-19 09:11:11,315,1,13.2983631034,3.01041666369
2012-11-19 09:11:12,316,1,16.6805803601,3.3822172567
2012-11-19 09:11:13,317,1,20.0587797686,3.37819940848
2012-11-19 09:11:14,318,1,23.0438988155,2.98511904687
2012-11-19 09:11:15,319,1,25.3837053296,2.33980651414
2012-11-19 09:11:16,320,1,27.07537191,1.69166658036
2012-11-19 09:11:17,321,1,28.2671872493,1.19181533929
2012-11-19 09:11:18,322,1,29.0581097031,0.790922453869
2012-11-19 09:11:19,323,1,29.429835747,0.371726043899
2012-11-19 09:11:20,324,1,29.3139874516,-0.115848295387
2012-11-19 09:11:21,325,1,28.6797612626,-0.634226188988
2012-11-19 09:11:22,326,1,27.5611601585,-1.11860110417
2012-11-19 09:11:23,327,1,25.988913279,-1.57224687946
2012-11-19 09:11:24,328,1,23.8999253088,-2.08898797024
2012-11-19 09:11:25,329,1,21.1542656342,-2.7456596746
2012-11-19 09:11:26,330,1,17.7016118547,-3.45265377951
2012-11-19 09:11:27,331,1,13.7705354583,-3.93107639633
2012-11-19 09:11:28,332,1,9.87685990625,-3.89367555208
2012-11-19 09:11:29,333,1,6.59962786086,-3.27723204539
2012-11-19 09:11:30,334,1,4.33050592783,-2.26912193304
2012-11-19 09:11:31,335,1,3.20106644296,-1.12943948487
2012-11-19 09:11:32,336,1,3.08695421925,-0.11411222371
2012-11-19 09:11:33,337,1,3.58489550149,0.497941282242
2012-11-19 09:11:34,338,1,4.14196377827,0.557068276786
2012-11-19 09:11:35,339,1,4.34702317039,0.205059392113
2012-11-19 09:11:36,340,1,4.12767784375,-0.219345326637
2012-11-19 09:11:37,341,1,3.75329784251,-0.37438000124
2012-11-19 09:11:38,342,1,3.64074827282,-0.112549569692
2012-11-19 09:11:39,343,1,4.01257380804,0.371825535218
2012-11-19 09:11:40,344,1,4.68288653125,0.670312723214
2012-11-19 09:11:41,345,1,5.19873496429,0.515848433036
2012-11-19 09:11:42,346,1,5.25104164211,0.0523066778274
2012-11-19 09:11:43,347,1,5.05959822842,-0.19144341369
2012-11-19 09:11:44,348,1,5.37626489583,0.316666667411
2012-11-19 09:11:45,349,1,6.96770834077,1.59144344494
2012-11-19 09:11:46,350,1,9.9638392567,2.99613091592
2012-11-19 09:11:47,351,1,13.7064730952,3.74263383854
2012-11-19 09:11:48,352,1,17.2463539167,3.53988082143
2012-11-19 09:11:49,353,1,19.9793150937,2.73296117708
2012-11-19 09:11:50,354,1,21.8720977366,1.89278264286
2012-11-19 09:11:51,355,1,23.2177078214,1.34561008482
2012-11-19 09:11:52,356,1,24.2840025,1.06629467857
2012-11-19 09:11:53,357,1,25.1863091496,0.902306649554
2012-11-19 09:11:54,358,1,25.953943215,0.767634065476
2012-11-19 09:11:55,359,1,26.5906992612,0.636756046131
2012-11-19 09:11:56,360,1,27.0791664829,0.488467221726
2012-11-19 09:11:57,361,1,27.3789430833,0.299776600446
2012-11-19 09:11:58,362,1,27.4271571414,0.0482140580357
2012-11-19 09:11:59,363,1,27.1546123586,-0.272544782738
2012-11-19 09:12:00,364,1,26.5453861801,-0.609226178571
2012-11-19 09:12:01,365,1,25.6898059561,-0.855580223958
2012-11-19 09:12:02,366,1,24.7543894315,-0.935416524554
2012-11-19 09:12:03,367,1,23.9102674524,-0.844121979167
2012-11-19 09:12:04,368,1,23.3037941912,-0.606473261161
2012-11-19 09:12:05,369,1,23.0220233036,-0.281770887649
2012-11-19 09:12:06,370,1,22.9848209174,-0.0372023861607
2012-11-19 09:12:07,371,1,22.8940471615,-0.0907737559524
2012-11-19 09:12:08,372,1,22.4237347433,-0.470312418155
2012-11-19 09:12:09,373,1,21.549404433,-0.874330310268
2012-11-19 09:12:10,374,1,20.6771574048,-0.872247028274
2012-11-19 09:12:11,375,1,20.3828121689,-0.294345235863
2012-11-19 09:12:12,376,1,20.9517854226,0.56897325372
2012-11-19 09:12:13,377,1,22.1529759382,1.20119051563
2012-11-19 09:12:14,378,1,23.4694938043,1.31651786607
2012-11-19 09:12:15,379,1,24.5069937924,1.0374999881
2012-11-19 09:12:16,380,1,25.1558777187,0.648883926339
2012-11-19 09:12:17,381,1,25.4361605015,0.280282782738
2012-11-19 09:12:18,382,1,25.2726189308,-0.163541570685
2012-11-19 09:12:19,383,1,24.433184494,-0.839434436756
2012-11-19 09:12:20,384,1,22.6404017626,-1.7927827314
2012-11-19 09:12:21,385,1,19.7372766786,-2.90312508408
2012-11-19 09:12:22,386,1,15.8729164174,-3.86436026116
2012-11-19 09:12:23,387,1,11.6419638713,-4.23095254613
2012-11-19 09:12:24,388,1,7.96473158854,-3.67723228274
2012-11-19 09:12:25,389,1,5.68854103423,-2.27619055432
2012-11-19 09:12:26,390,1,5.19903206473,-0.489508969494
2012-11-19 09:12:27,391,1,6.27752904539,1.07849698065
2012-11-19 09:12:28,392,1,8.28281174405,2.00528269866
2012-11-19 09:12:29,393,1,10.5744784055,2.29166666146
2012-11-19 09:12:30,394,1,12.8087046466,2.23422624107
2012-11-19 09:12:31,395,1,14.845237471,2.0365328244
2012-11-19 09:12:32,396,1,16.5021571674,1.65691969643
2012-11-19 09:12:33,397,1,17.4605648906,0.958407723214
2012-11-19 09:12:34,398,1,17.3601928281,-0.1003720625
2012-11-19 09:12:35,399,1,16.035788061,-1.32440476711
2012-11-19 09:12:36,400,1,13.7360113162,-2.29977674479
2012-11-19 09:12:37,401,1,11.1246274464,-2.61138386979
2012-11-19 09:12:38,402,1,9.04694890327,-2.07767854315
2012-11-19 09:12:39,403,1,8.17321375595,-0.873735147321
2012-11-19 09:12:40,404,1,8.70305000521,0.529836249256
2012-11-19 09:12:41,405,1,10.318228529,1.61517852381
2012-11-19 09:12:42,406,1,12.3814725774,2.06324404836
2012-11-19 09:12:43,407,1,14.2465768214,1.86510424405
2012-11-19 09:12:44,408,1,15.5153269717,1.2687501503
2012-11-19 09:12:45,409,1,16.0813985632,0.566071591518
2012-11-19 09:12:46,410,1,16.0007438996,-0.0806546636904
2012-11-19 09:12:47,411,1,15.3715028318,-0.629241067708
2012-11-19 09:12:48,412,1,14.2735861057,-1.09791672619
2012-11-19 09:12:49,413,1,12.7441961421,-1.52938996354
2012-11-19 09:12:50,414,1,10.8002972388,-1.94389890327
2012-11-19 09:12:51,415,1,8.47760370238,-2.32269353646
2012-11-19 09:12:52,416,1,5.89181499851,-2.58578870387
2012-11-19 09:12:53,417,1,3.36979129167,-2.52202370685
2012-11-19 09:12:54,418,1,0.0,-3.36979129167
2012-11-19 09:12:55,419,1,0.0,0.0
2012-11-19 09:12:56,420,1,0.0,0.0
2012-11-19 09:12:57,421,1,0.0,0.0
2012-11-19 09:12:58,422,1,0.0,0.0
2012-11-19 09:12:59,423,1,0.0,0.0
