timestamp,cycle_sec,timestep,speed_mph,accel_meters_ps
2012-10-10 06:07:32,0,31721,0.0,0.0
2012-10-10 06:07:33,1,1,4.59967758309,4.59967758309
2012-10-10 06:07:34,2,1,7.45438984524,2.85471226215
2012-10-10 06:07:35,3,1,9.42105642262,1.96666657738
2012-10-10 06:07:36,4,1,9.8715027567,0.450446334077
2012-10-10 06:07:37,5,1,9.08511879241,-0.786383964286
2012-10-10 06:07:38,6,1,7.83556525967,-1.24955353274
2012-10-10 06:07:39,7,1,6.77304051389,-1.06252474578
2012-10-10 06:07:40,8,1,6.07785202331,-0.695188490575
2012-10-10 06:07:41,9,1,5.62410693452,-0.45374508879
2012-10-10 06:07:42,10,1,5.34635392262,-0.277753011905
2012-10-10 06:07:43,11,1,5.38296105878,0.0366071361607
2012-10-10 06:07:44,12,1,5.93846697619,0.555505917411
2012-10-10 06:07:45,13,1,7.07224664211,1.13377966592
2012-10-10 06:07:46,14,1,8.62626440253,1.55401776042
2012-10-10 06:07:47,15,1,10.328050119,1.70178571652
2012-10-10 06:07:48,16,1,11.9412198936,1.61316977455
2012-10-10 06:07:49,17,1,13.3448659107,1.40364601711
2012-10-10 06:07:50,18,1,14.5023065164,1.15744060565
2012-10-10 06:07:51,19,1,15.3880952493,0.885788732887
2012-10-10 06:07:52,20,1,15.9961309606,0.60803571131
2012-10-10 06:07:53,21,1,16.3926339301,0.396502969494
2012-10-10 06:07:54,22,1,16.6657738095,0.273139879464
2012-10-10 06:07:55,23,1,16.8200892872,0.154315477679
2012-10-10 06:07:56,24,1,16.7943452448,-0.0257440424107
2012-10-10 06:07:57,25,1,16.5752232188,-0.219122026042
2012-10-10 06:07:58,26,1,16.2453124643,-0.329910754464
2012-10-10 06:07:59,27,1,15.9352677321,-0.310044732143
2012-10-10 06:08:00,28,1,15.7439729948,-0.191294737351
2012-10-10 06:08:01,29,1,15.7037199844,-0.0402530104167
2012-10-10 06:08:02,30,1,15.8261902664,0.122470281994
2012-10-10 06:08:03,31,1,16.1212796057,0.295089339286
2012-10-10 06:08:04,32,1,16.524702186,0.403422580357
2012-10-10 06:08:05,33,1,16.8779758557,0.353273669643
2012-10-10 06:08:06,34,1,17.0311751235,0.153199267857
2012-10-10 06:08:07,35,1,16.9324399591,-0.0987351644345
2012-10-10 06:08:08,36,1,16.5912941734,-0.341145785714
2012-10-10 06:08:09,37,1,15.9410710536,-0.650223119792
2012-10-10 06:08:10,38,1,14.7598955446,-1.18117550893
2012-10-10 06:08:11,39,1,12.8340771354,-1.92581840923
2012-10-10 06:08:12,40,1,10.2764134501,-2.55766368527
2012-10-10 06:08:13,41,1,7.64441939435,-2.6319940558
2012-10-10 06:08:14,42,1,5.68526760417,-1.95915179018
2012-10-10 06:08:15,43,1,4.91235094048,-0.77291666369
2012-10-10 06:08:16,44,1,5.33995510863,0.427604168155
2012-10-10 06:08:17,45,1,6.57462771949,1.23467261086
2012-10-10 06:08:18,46,1,8.1514878378,1.5768601183
2012-10-10 06:08:19,47,1,9.74955335714,1.59806551935
2012-10-10 06:08:20,48,1,11.1618302336,1.41227687649
2012-10-10 06:08:21,49,1,12.2444940119,1.08266377827
2012-10-10 06:08:22,50,1,12.9465029807,0.70200896875
2012-10-10 06:08:23,51,1,13.3296131019,0.38311012128
2012-10-10 06:08:24,52,1,13.5248511935,0.195238091518
2012-10-10 06:08:25,53,1,13.6368303653,0.111979171875
2012-10-10 06:08:26,54,1,13.6868303698,0.0500000044643
2012-10-10 06:08:27,55,1,13.6437499754,-0.0430803943453
2012-10-10 06:08:28,56,1,13.4493302024,-0.194419773065
2012-10-10 06:08:29,57,1,13.0225442679,-0.426785934524
2012-10-10 06:08:30,58,1,12.3437493981,-0.678794869792
2012-10-10 06:08:31,59,1,11.5752968862,-0.768452511905
2012-10-10 06:08:32,60,1,11.0431540339,-0.532142852306
2012-10-10 06:08:33,61,1,11.0318073997,-0.0113466341146
2012-10-10 06:08:34,62,1,11.5447911291,0.512983729353
2012-10-10 06:08:35,63,1,12.2402897119,0.695498582775
2012-10-10 06:08:36,64,1,12.6243299446,0.384040232701
2012-10-10 06:08:37,65,1,12.3493299719,-0.274999972656
2012-10-10 06:08:38,66,1,11.3878716016,-0.96145837035
2012-10-10 06:08:39,67,1,10.0173357857,-1.37053581585
2012-10-10 06:08:40,68,1,8.67328807478,-1.34404771094
2012-10-10 06:08:41,69,1,7.74866011291,-0.924627961868
2012-10-10 06:08:42,70,1,7.45190701464,-0.296753098265
2012-10-10 06:08:43,71,1,7.79134174474,0.339434730097
2012-10-10 06:08:44,72,1,8.64059106341,0.849249318672
2012-10-10 06:08:45,73,1,9.81002081299,1.16942974958
2012-10-10 06:08:46,74,1,11.0931070679,1.28308625495
2012-10-10 06:08:47,75,1,12.3035742316,1.21046716362
2012-10-10 06:08:48,76,1,13.319993842,1.01641961042
2012-10-10 06:08:49,77,1,14.1213466075,0.801352765557
2012-10-10 06:08:50,78,1,14.7778739875,0.656527379938
2012-10-10 06:08:51,79,1,15.3843811186,0.606507131155
2012-10-10 06:08:52,80,1,15.9928160114,0.608434892722
2012-10-10 06:08:53,81,1,16.6104567982,0.617640786797
2012-10-10 06:08:54,82,1,17.235260737,0.624803938853
2012-10-10 06:08:55,83,1,17.859104171,0.623843433983
2012-10-10 06:08:56,84,1,18.4444261893,0.585322018331
2012-10-10 06:08:57,85,1,18.9406450628,0.496218873444
2012-10-10 06:08:58,86,1,19.339170457,0.398525394278
2012-10-10 06:08:59,87,1,19.6792137397,0.34004328267
2012-10-10 06:09:00,88,1,19.9909088713,0.311695131629
2012-10-10 06:09:01,89,1,20.254423585,0.263514713677
2012-10-10 06:09:02,90,1,20.4108901226,0.156466537608
2012-10-10 06:09:03,91,1,20.4077651271,-0.0031249955357
2012-10-10 06:09:04,92,1,20.2343004829,-0.17346464421
2012-10-10 06:09:05,93,1,19.9050592768,-0.329241206101
2012-10-10 06:09:06,94,1,19.417261529,-0.487797747768
2012-10-10 06:09:07,95,1,18.7238834554,-0.693378073661
2012-10-10 06:09:08,96,1,17.716517311,-1.00736614435
2012-10-10 06:09:09,97,1,16.2411452388,-1.47537207217
2012-10-10 06:09:10,98,1,14.2377226235,-2.00342261533
2012-10-10 06:09:11,99,1,11.9731393445,-2.26458327902
2012-10-10 06:09:12,100,1,10.0802078371,-1.89293150744
2012-10-10 06:09:13,101,1,9.1956839881,-0.884523848958
2012-10-10 06:09:14,102,1,9.46130888616,0.265624898065
2012-10-10 06:09:15,103,1,10.3908475231,0.929538636905
2012-10-10 06:09:16,104,1,11.265475599,0.874628075893
2012-10-10 06:09:17,105,1,11.6878716562,0.422396057292
2012-10-10 06:09:18,106,1,11.7880950588,0.10022340253
2012-10-10 06:09:19,107,1,11.9406248274,0.152529768601
2012-10-10 06:09:20,108,1,12.3291663088,0.388541481399
2012-10-10 06:09:21,109,1,12.7991065119,0.469940203125
2012-10-10 06:09:22,110,1,13.055430686,0.256324174107
2012-10-10 06:09:23,111,1,12.9444186957,-0.111011990327
2012-10-10 06:09:24,112,1,12.6200140208,-0.324404674851
2012-10-10 06:09:25,113,1,12.470683849,-0.149330171875
2012-10-10 06:09:26,114,1,12.811532244,0.340848395089
2012-10-10 06:09:27,115,1,13.6209073757,0.809375131696
2012-10-10 06:09:28,116,1,14.5388390067,0.917931630952
2012-10-10 06:09:29,117,1,15.0658479784,0.527008971726
2012-10-10 06:09:30,118,1,14.8151039375,-0.250744040923
2012-10-10 06:09:31,119,1,13.6575146027,-1.15758933482
2012-10-10 06:09:32,120,1,11.7148061421,-1.94270846057
2012-10-10 06:09:33,121,1,9.31562441518,-2.39918172693
2012-10-10 06:09:34,122,1,6.92857066592,-2.38705374926
2012-10-10 06:09:35,123,1,5.03117469494,-1.89739597098
2012-10-10 06:09:36,124,1,3.97432940923,-1.05684528571
2012-10-10 06:09:37,125,1,3.88043069792,-0.0938987113095
2012-10-10 06:09:38,126,1,4.6205350878,0.740104389881
2012-10-10 06:09:39,127,1,5.91912162202,1.29858653423
2012-10-10 06:09:40,128,1,7.48787171503,1.56875009301
2012-10-10 06:09:41,129,1,9.09799070238,1.61011898735
2012-10-10 06:09:42,130,1,10.6255203631,1.52752966071
2012-10-10 06:09:43,131,1,12.0482882173,1.42276785417
2012-10-10 06:09:44,132,1,13.3661454955,1.31785727827
2012-10-10 06:09:45,133,1,14.5513391295,1.18519363393
2012-10-10 06:09:46,134,1,15.5743302902,1.02299116071
2012-10-10 06:09:47,135,1,16.4146576257,0.840327335565
2012-10-10 06:09:48,136,1,17.052157532,0.63749990625
2012-10-10 06:09:49,137,1,17.484077125,0.431919593006
2012-10-10 06:09:50,138,1,17.7319193862,0.247842261161
2012-10-10 06:09:51,139,1,17.8308033214,0.0988839352679
2012-10-10 06:09:52,140,1,17.8290920052,-0.0017113162203
2012-10-10 06:09:53,141,1,17.7796128378,-0.0494791674107
2012-10-10 06:09:54,142,1,17.7216515729,-0.0579612648809
2012-10-10 06:09:55,143,1,17.6747022656,-0.0469493072917
2012-10-10 06:09:56,144,1,17.6336309278,-0.0410713377976
2012-10-10 06:09:57,145,1,17.5588541399,-0.0747767879464
2012-10-10 06:09:58,146,1,17.3802825841,-0.178571555804
2012-10-10 06:09:59,147,1,17.035788346,-0.344494238095
2012-10-10 06:10:00,148,1,16.5396572567,-0.496131089286
2012-10-10 06:10:01,149,1,16.0213536905,-0.51830356622
2012-10-10 06:10:02,150,1,15.6447169204,-0.376636770089
2012-10-10 06:10:03,151,1,15.4080355193,-0.236681401042
2012-10-10 06:10:04,152,1,15.0095980662,-0.398437453125
2012-10-10 06:10:05,153,1,13.9775295632,-1.03206850298
2012-10-10 06:10:06,154,1,12.0081842388,-1.9693453244
2012-10-10 06:10:07,155,1,9.26599664509,-2.74218759375
2012-10-10 06:10:08,156,1,6.42619001339,-2.8398066317
2012-10-10 06:10:09,157,1,4.38169592113,-2.04449409226
2012-10-10 06:10:10,158,1,3.77224651563,-0.609449405506
2012-10-10 06:10:11,159,1,4.64114534152,0.868898825893
2012-10-10 06:10:12,160,1,6.44389831548,1.80275297396
2012-10-10 06:10:13,161,1,8.40446374033,1.96056542485
2012-10-10 06:10:14,162,1,9.91882377232,1.51436003199
2012-10-10 06:10:15,163,1,10.7153266987,0.796502926339
2012-10-10 06:10:16,164,1,10.8101928185,0.0948661197917
2012-10-10 06:10:17,165,1,10.3744042604,-0.435788558036
2012-10-10 06:10:18,166,1,9.58608595164,-0.78831830878
2012-10-10 06:10:19,167,1,8.59136874702,-0.994717204613
2012-10-10 06:10:20,168,1,7.52172579018,-1.06964295685
2012-10-10 06:10:21,169,1,6.45089222917,-1.07083356101
2012-10-10 06:10:22,170,1,5.40357057217,-1.04732165699
2012-10-10 06:10:23,171,1,4.44888297619,-0.954687595982
2012-10-10 06:10:24,172,1,3.69188901637,-0.756993959821
2012-10-10 06:10:25,173,1,3.14620471801,-0.545684298363
2012-10-10 06:10:26,174,1,2.66964248661,-0.476562231399
2012-10-10 06:10:27,175,1,2.0666665186,-0.602975968006
2012-10-10 06:10:28,176,1,1.3208333058,-0.745833212798
2012-10-10 06:10:29,177,1,0.0,-1.3208333058
2012-10-10 06:10:56,204,27,0.0,0.0
2012-10-10 06:10:57,205,1,0.582737940476,0.582737940476
2012-10-10 06:10:58,206,1,0.596502813616,0.0137648731399
2012-10-10 06:10:59,207,1,0.0,-0.596502813616
