timestamp,cycle_sec,timestep,speed_mph,accel_meters_ps
2012-10-05 12:52:39,0,63423,0.0,0.0
2012-10-05 12:52:40,1,1,2.40200892857,2.40200892857
2012-10-05 12:52:41,2,1,3.61495535714,1.21294642857
2012-10-05 12:52:42,3,1,4.26793154762,0.652976190476
2012-10-05 12:52:43,4,1,4.19010416667,-0.0778273809524
2012-10-05 12:52:44,5,1,3.67879464286,-0.51130952381
2012-10-05 12:52:45,6,1,3.12001488095,-0.558779761905
2012-10-05 12:52:46,7,1,2.79412202381,-0.325892857143
2012-10-05 12:52:47,8,1,2.79851190476,0.00438988095238
2012-10-05 12:52:48,9,1,3.02514880952,0.226636904762
2012-10-05 12:52:49,10,1,3.27626488095,0.251116071429
2012-10-05 12:52:50,11,1,3.43444940476,0.15818452381
2012-10-05 12:52:51,12,1,3.51041666667,0.0759672619048
2012-10-05 12:52:52,13,1,3.55870535714,0.0482886904762
2012-10-05 12:52:53,14,1,3.57689732143,0.0181919642857
2012-10-05 12:52:54,15,1,3.50022321429,-0.0766741071429
2012-10-05 12:52:55,16,1,3.29802827381,-0.202194940476
2012-10-05 12:52:56,17,1,3.04717261905,-0.250855654762
2012-10-05 12:52:57,18,1,2.88508184524,-0.16209077381
2012-10-05 12:52:58,19,1,2.9037202381,0.0186383928571
2012-10-05 12:52:59,20,1,3.10238095238,0.198660714286
2012-10-05 12:53:00,21,1,3.41755952381,0.315178571429
2012-10-05 12:53:01,22,1,3.77072172619,0.353162202381
2012-10-05 12:53:02,23,1,4.10416666667,0.333444940476
2012-10-05 12:53:03,24,1,4.40345982143,0.299293154762
2012-10-05 12:53:04,25,1,4.70639880952,0.302938988095
2012-10-05 12:53:05,26,1,5.10777529762,0.401376488095
2012-10-05 12:53:06,27,1,5.73519345238,0.627418154762
2012-10-05 12:53:07,28,1,6.66941964286,0.934226190476
2012-10-05 12:53:08,29,1,7.87745535714,1.20803571429
2012-10-05 12:53:09,30,1,9.23407738095,1.35662202381
2012-10-05 12:53:10,31,1,10.5951636905,1.36108630952
2012-10-05 12:53:11,32,1,11.8435267857,1.24836309524
2012-10-05 12:53:12,33,1,12.889360119,1.04583333333
2012-10-05 12:53:13,34,1,13.6688988095,0.779538690476
2012-10-05 12:53:14,35,1,14.1656994048,0.496800595238
2012-10-05 12:53:15,36,1,14.4254464286,0.259747023809
2012-10-05 12:53:16,37,1,14.5419642857,0.116517857143
2012-10-05 12:53:17,38,1,14.6172619048,0.0752976190476
2012-10-05 12:53:18,39,1,14.7074404762,0.0901785714286
2012-10-05 12:53:19,40,1,14.7899553571,0.0825148809524
2012-10-05 12:53:20,41,1,14.7833333333,-0.0066220238096
2012-10-05 12:53:21,42,1,14.5916666667,-0.191666666667
2012-10-05 12:53:22,43,1,14.1333333333,-0.458333333333
2012-10-05 12:53:23,44,1,13.3810267857,-0.752306547619
2012-10-05 12:53:24,45,1,12.4347470238,-0.946279761905
2012-10-05 12:53:25,46,1,11.5503720238,-0.884375
2012-10-05 12:53:26,47,1,11.0305803571,-0.519791666667
2012-10-05 12:53:27,48,1,11.0154017857,-0.0151785714286
2012-10-05 12:53:28,49,1,11.3605654762,0.345163690476
2012-10-05 12:53:29,50,1,11.7319196429,0.371354166667
2012-10-05 12:53:30,51,1,11.8265625,0.0946428571429
2012-10-05 12:53:31,52,1,11.5779761905,-0.248586309524
2012-10-05 12:53:32,53,1,11.2204613095,-0.357514880952
2012-10-05 12:53:33,54,1,11.1032738095,-0.1171875
2012-10-05 12:53:34,55,1,11.4067708333,0.30349702381
2012-10-05 12:53:35,56,1,12.0427083333,0.6359375
2012-10-05 12:53:36,57,1,12.740922619,0.698214285714
2012-10-05 12:53:37,58,1,13.2165922619,0.475669642857
2012-10-05 12:53:38,59,1,13.3618303571,0.145238095238
2012-10-05 12:53:39,60,1,13.2843005952,-0.0775297619048
2012-10-05 12:53:40,61,1,13.1470238095,-0.137276785714
2012-10-05 12:53:41,62,1,13.0398809524,-0.107142857143
2012-10-05 12:53:42,63,1,12.9864583333,-0.0534226190477
2012-10-05 12:53:43,64,1,12.9933779762,0.0069196428572
2012-10-05 12:53:44,65,1,13.0713541667,0.0779761904762
2012-10-05 12:53:45,66,1,13.2003720238,0.129017857143
2012-10-05 12:53:46,67,1,13.303422619,0.103050595238
2012-10-05 12:53:47,68,1,13.302827381,-0.000595238095201
2012-10-05 12:53:48,69,1,13.1947172619,-0.108110119048
2012-10-05 12:53:49,70,1,13.0759672619,-0.11875
2012-10-05 12:53:50,71,1,13.0921875,0.0162202380952
2012-10-05 12:53:51,72,1,13.3011904762,0.209002976191
2012-10-05 12:53:52,73,1,13.612202381,0.311011904762
2012-10-05 12:53:53,74,1,13.8857142857,0.273511904762
2012-10-05 12:53:54,75,1,13.9980654762,0.112351190476
2012-10-05 12:53:55,76,1,13.80625,-0.191815476191
2012-10-05 12:53:56,77,1,13.2226190476,-0.583630952381
2012-10-05 12:53:57,78,1,12.3952380952,-0.827380952381
2012-10-05 12:53:58,79,1,11.6991815476,-0.696056547619
2012-10-05 12:53:59,80,1,11.4784970238,-0.22068452381
2012-10-05 12:54:00,81,1,11.7925595238,0.3140625
2012-10-05 12:54:01,82,1,12.3706845238,0.578125
2012-10-05 12:54:02,83,1,12.8420386905,0.471354166667
2012-10-05 12:54:03,84,1,13.0587797619,0.216741071429
2012-10-05 12:54:04,85,1,13.1273065476,0.0685267857142
2012-10-05 12:54:05,86,1,13.1652529762,0.0379464285715
2012-10-05 12:54:06,87,1,13.1859375,0.0206845238095
2012-10-05 12:54:07,88,1,13.1750744048,-0.0108630952381
2012-10-05 12:54:08,89,1,13.139360119,-0.0357142857143
2012-10-05 12:54:09,90,1,13.0936755952,-0.0456845238095
2012-10-05 12:54:10,91,1,13.0554315476,-0.0382440476191
2012-10-05 12:54:11,92,1,13.0391369048,-0.0162946428571
2012-10-05 12:54:12,93,1,13.0364583333,-0.0026785714286
2012-10-05 12:54:13,94,1,13.0094494048,-0.0270089285714
2012-10-05 12:54:14,95,1,12.9252232143,-0.0842261904762
2012-10-05 12:54:15,96,1,12.7946428571,-0.130580357143
2012-10-05 12:54:16,97,1,12.6677083333,-0.12693452381
2012-10-05 12:54:17,98,1,12.6024553571,-0.0652529761904
2012-10-05 12:54:18,99,1,12.6235863095,0.0211309523809
2012-10-05 12:54:19,100,1,12.701264881,0.0776785714286
2012-10-05 12:54:20,101,1,12.7962797619,0.0950148809524
2012-10-05 12:54:21,102,1,12.9069196429,0.110639880952
2012-10-05 12:54:22,103,1,13.0459821429,0.1390625
2012-10-05 12:54:23,104,1,13.2130952381,0.167113095238
2012-10-05 12:54:24,105,1,13.4061011905,0.193005952381
2012-10-05 12:54:25,106,1,13.6228422619,0.216741071429
2012-10-05 12:54:26,107,1,13.8408482143,0.218005952381
2012-10-05 12:54:27,108,1,14.0107886905,0.169940476191
2012-10-05 12:54:28,109,1,14.077827381,0.0670386904762
2012-10-05 12:54:29,110,1,14.0115327381,-0.0662946428572
2012-10-05 12:54:30,111,1,13.8244791667,-0.187053571428
2012-10-05 12:54:31,112,1,13.573139881,-0.251339285714
2012-10-05 12:54:32,113,1,13.334375,-0.238764880952
2012-10-05 12:54:33,114,1,13.1700892857,-0.164285714286
2012-10-05 12:54:34,115,1,13.110639881,-0.0594494047619
2012-10-05 12:54:35,116,1,13.1558035714,0.0451636904762
2012-10-05 12:54:36,117,1,13.2794642857,0.123660714286
2012-10-05 12:54:37,118,1,13.4473214286,0.167857142857
2012-10-05 12:54:38,119,1,13.6351190476,0.187797619048
2012-10-05 12:54:39,120,1,13.8243303571,0.189211309524
2012-10-05 12:54:40,121,1,13.9976190476,0.173288690476
2012-10-05 12:54:41,122,1,14.1412202381,0.143601190476
2012-10-05 12:54:42,123,1,14.2395089286,0.0982886904762
2012-10-05 12:54:43,124,1,14.2964285714,0.0569196428572
2012-10-05 12:54:44,125,1,14.3584821429,0.0620535714285
2012-10-05 12:54:45,126,1,14.4591517857,0.100669642857
2012-10-05 12:54:46,127,1,14.5601190476,0.100967261905
2012-10-05 12:54:47,128,1,14.5859375,0.025818452381
2012-10-05 12:54:48,129,1,14.4880208333,-0.0979166666667
2012-10-05 12:54:49,130,1,14.2841517857,-0.203869047619
2012-10-05 12:54:50,131,1,14.0532738095,-0.230877976191
2012-10-05 12:54:51,132,1,13.8582589286,-0.195014880952
2012-10-05 12:54:52,133,1,13.6851934524,-0.17306547619
2012-10-05 12:54:53,134,1,13.4827380952,-0.202455357143
2012-10-05 12:54:54,135,1,13.239360119,-0.24337797619
2012-10-05 12:54:55,136,1,13.0014880952,-0.237872023809
2012-10-05 12:54:56,137,1,12.7898809524,-0.211607142857
2012-10-05 12:54:57,138,1,12.5057291667,-0.284151785714
2012-10-05 12:54:58,139,1,11.9638392857,-0.541889880952
2012-10-05 12:54:59,140,1,11.0073660714,-0.956473214286
2012-10-05 12:55:00,141,1,9.59894345238,-1.40842261905
2012-10-05 12:55:01,142,1,7.8634077381,-1.73553571429
2012-10-05 12:55:02,143,1,6.04605654762,-1.81735119048
2012-10-05 12:55:03,144,1,4.41842261905,-1.62763392857
2012-10-05 12:55:04,145,1,3.21183035714,-1.2065922619
2012-10-05 12:55:05,146,1,2.54693452381,-0.664895833333
2012-10-05 12:55:06,147,1,2.36913690476,-0.177797619048
2012-10-05 12:55:07,148,1,2.52964285714,0.160505952381
2012-10-05 12:55:08,149,1,2.99334821429,0.463705357143
2012-10-05 12:55:09,150,1,3.9090625,0.915714285714
2012-10-05 12:55:10,151,1,5.43833333333,1.52927083333
2012-10-05 12:55:11,152,1,7.59166666667,2.15333333333
2012-10-05 12:55:12,153,1,10.2527083333,2.66104166667
2012-10-05 12:55:13,154,1,13.2845238095,3.03181547619
2012-10-05 12:55:14,155,1,16.5745386905,3.29001488095
2012-10-05 12:55:15,156,1,19.9721875,3.39764880952
2012-10-05 12:55:16,157,1,23.2191220238,3.24693452381
2012-10-05 12:55:17,158,1,26.0363839286,2.81726190476
2012-10-05 12:55:18,159,1,28.3048363095,2.26845238095
2012-10-05 12:55:19,160,1,30.1217261905,1.81688988095
2012-10-05 12:55:20,161,1,31.6933779762,1.57165178571
2012-10-05 12:55:21,162,1,33.170014881,1.47663690476
2012-10-05 12:55:22,163,1,34.5461309524,1.37611607143
2012-10-05 12:55:23,164,1,35.737202381,1.19107142857
2012-10-05 12:55:24,165,1,36.7386160714,1.00141369048
2012-10-05 12:55:25,166,1,37.6328869048,0.894270833333
2012-10-05 12:55:26,167,1,38.4680059524,0.835119047619
2012-10-05 12:55:27,168,1,39.1857142857,0.717708333333
2012-10-05 12:55:28,169,1,39.6444196429,0.458705357143
2012-10-05 12:55:29,170,1,39.7499255952,0.105505952381
2012-10-05 12:55:30,171,1,39.5982886905,-0.151636904762
2012-10-05 12:55:31,172,1,39.4135416667,-0.184747023809
2012-10-05 12:55:32,173,1,39.3482142857,-0.0653273809524
2012-10-05 12:55:33,174,1,39.4131696429,0.0649553571428
2012-10-05 12:55:34,175,1,39.5514880952,0.138318452381
2012-10-05 12:55:35,176,1,39.711235119,0.15974702381
2012-10-05 12:55:36,177,1,39.8772321429,0.16599702381
2012-10-05 12:55:37,178,1,40.0741815476,0.196949404762
2012-10-05 12:55:38,179,1,40.3287202381,0.254538690476
2012-10-05 12:55:39,180,1,40.6191220238,0.290401785714
2012-10-05 12:55:40,181,1,40.8765625,0.25744047619
2012-10-05 12:55:41,182,1,41.0336309524,0.157068452381
2012-10-05 12:55:42,183,1,41.0644345238,0.0308035714285
2012-10-05 12:55:43,184,1,40.9916666667,-0.0727678571428
2012-10-05 12:55:44,185,1,40.8654017857,-0.126264880952
2012-10-05 12:55:45,186,1,40.7328125,-0.132589285714
2012-10-05 12:55:46,187,1,40.6209077381,-0.111904761905
2012-10-05 12:55:47,188,1,40.5352678571,-0.0856398809523
2012-10-05 12:55:48,189,1,40.4661458333,-0.0691220238096
2012-10-05 12:55:49,190,1,40.3950892857,-0.071056547619
2012-10-05 12:55:50,191,1,40.3037946429,-0.0912946428572
2012-10-05 12:55:51,192,1,40.1885416667,-0.11525297619
2012-10-05 12:55:52,193,1,40.0646577381,-0.123883928572
2012-10-05 12:55:53,194,1,39.9500744048,-0.114583333333
2012-10-05 12:55:54,195,1,39.8509672619,-0.0991071428571
2012-10-05 12:55:55,196,1,39.7763392857,-0.0746279761905
2012-10-05 12:55:56,197,1,39.7755208333,-0.000818452380997
2012-10-05 12:55:57,198,1,39.9382440476,0.162723214286
2012-10-05 12:55:58,199,1,40.3101190476,0.371875
2012-10-05 12:55:59,200,1,40.8117559524,0.501636904762
2012-10-05 12:56:00,201,1,41.2697916667,0.458035714286
2012-10-05 12:56:01,202,1,41.5280505952,0.258258928571
2012-10-05 12:56:02,203,1,41.545014881,0.0169642857143
2012-10-05 12:56:03,204,1,41.3848214286,-0.160193452381
2012-10-05 12:56:04,205,1,41.1158482143,-0.268973214286
2012-10-05 12:56:05,206,1,40.7714285714,-0.344419642857
2012-10-05 12:56:06,207,1,40.3913690476,-0.38005952381
2012-10-05 12:56:07,208,1,40.039360119,-0.352008928571
2012-10-05 12:56:08,209,1,39.786235119,-0.253125
2012-10-05 12:56:09,210,1,39.6633184524,-0.122916666667
2012-10-05 12:56:10,211,1,39.6317708333,-0.0315476190476
2012-10-05 12:56:11,212,1,39.6449404762,0.0131696428572
2012-10-05 12:56:12,213,1,39.7091517857,0.0642113095238
2012-10-05 12:56:13,214,1,39.853125,0.143973214286
2012-10-05 12:56:14,215,1,40.0892113095,0.236086309524
2012-10-05 12:56:15,216,1,40.412797619,0.323586309524
2012-10-05 12:56:16,217,1,40.8098958333,0.397098214286
2012-10-05 12:56:17,218,1,41.2646577381,0.454761904762
2012-10-05 12:56:18,219,1,41.7524553571,0.487797619048
2012-10-05 12:56:19,220,1,42.2214285714,0.468973214286
2012-10-05 12:56:20,221,1,42.6009672619,0.379538690476
2012-10-05 12:56:21,222,1,42.8372767857,0.23630952381
2012-10-05 12:56:22,223,1,42.915327381,0.0780505952381
2012-10-05 12:56:23,224,1,42.8457589286,-0.069568452381
2012-10-05 12:56:24,225,1,42.634672619,-0.211086309524
2012-10-05 12:56:25,226,1,42.2702380952,-0.364434523809
2012-10-05 12:56:26,227,1,41.7353422619,-0.534895833333
2012-10-05 12:56:27,228,1,41.0320684524,-0.703273809524
2012-10-05 12:56:28,229,1,40.2052083333,-0.826860119048
2012-10-05 12:56:29,230,1,39.3511904762,-0.854017857143
2012-10-05 12:56:30,231,1,38.6,-0.751190476191
2012-10-05 12:56:31,232,1,38.0659970238,-0.534002976191
2012-10-05 12:56:32,233,1,37.7836309524,-0.282366071428
2012-10-05 12:56:33,234,1,37.6851934524,-0.0984375
2012-10-05 12:56:34,235,1,37.6707589286,-0.0144345238096
2012-10-05 12:56:35,236,1,37.6957589286,0.025
2012-10-05 12:56:36,237,1,37.7442708333,0.0485119047619
2012-10-05 12:56:37,238,1,37.7491815476,0.0049107142857
2012-10-05 12:56:38,239,1,37.6142857143,-0.134895833333
2012-10-05 12:56:39,240,1,37.3017857143,-0.3125
2012-10-05 12:56:40,241,1,36.886235119,-0.415550595238
2012-10-05 12:56:41,242,1,36.527827381,-0.358407738095
2012-10-05 12:56:42,243,1,36.325,-0.202827380952
2012-10-05 12:56:43,244,1,36.1909970238,-0.134002976191
2012-10-05 12:56:44,245,1,35.942485119,-0.248511904762
2012-10-05 12:56:45,246,1,35.4779761905,-0.464508928571
2012-10-05 12:56:46,247,1,34.8494047619,-0.628571428571
2012-10-05 12:56:47,248,1,34.2317708333,-0.617633928572
2012-10-05 12:56:48,249,1,33.8447172619,-0.387053571429
2012-10-05 12:56:49,250,1,33.8691964286,0.0244791666666
2012-10-05 12:56:50,251,1,34.4078125,0.538616071429
2012-10-05 12:56:51,252,1,35.4636904762,1.05587797619
2012-10-05 12:56:52,253,1,36.9074404762,1.44375
2012-10-05 12:56:53,254,1,38.4839285714,1.57648809524
2012-10-05 12:56:54,255,1,39.899702381,1.41577380952
2012-10-05 12:56:55,256,1,40.9453125,1.04561011905
2012-10-05 12:56:56,257,1,41.5618303571,0.616517857143
2012-10-05 12:56:57,258,1,41.80625,0.244419642857
2012-10-05 12:56:58,259,1,41.7617559524,-0.044494047619
2012-10-05 12:56:59,260,1,41.4706845238,-0.291071428571
2012-10-05 12:57:00,261,1,40.9389136905,-0.531770833333
2012-10-05 12:57:01,262,1,40.1964285714,-0.742485119048
2012-10-05 12:57:02,263,1,39.329985119,-0.866443452381
2012-10-05 12:57:03,264,1,38.4525297619,-0.877455357143
2012-10-05 12:57:04,265,1,37.6804315476,-0.772098214286
2012-10-05 12:57:05,266,1,37.1456845238,-0.53474702381
2012-10-05 12:57:06,267,1,36.9761160714,-0.169568452381
2012-10-05 12:57:07,268,1,37.2296875,0.253571428571
2012-10-05 12:57:08,269,1,37.818452381,0.588764880952
2012-10-05 12:57:09,270,1,38.4553571429,0.636904761905
2012-10-05 12:57:10,271,1,38.7610119048,0.305654761905
2012-10-05 12:57:11,272,1,38.5630208333,-0.197991071429
2012-10-05 12:57:12,273,1,38.0504464286,-0.512574404762
2012-10-05 12:57:13,274,1,37.5566220238,-0.493824404762
2012-10-05 12:57:14,275,1,37.2545386905,-0.302083333333
2012-10-05 12:57:15,276,1,37.0826636905,-0.171875
2012-10-05 12:57:16,277,1,36.8845238095,-0.198139880952
2012-10-05 12:57:17,278,1,36.5979910714,-0.286532738095
2012-10-05 12:57:18,279,1,36.3188244048,-0.279166666667
2012-10-05 12:57:19,280,1,36.1698660714,-0.148958333333
2012-10-05 12:57:20,281,1,36.1625744048,-0.0072916666667
2012-10-05 12:57:21,282,1,36.2308779762,0.0683035714286
2012-10-05 12:57:22,283,1,36.3202380952,0.0893601190476
2012-10-05 12:57:23,284,1,36.3915922619,0.0713541666667
2012-10-05 12:57:24,285,1,36.4078125,0.0162202380952
2012-10-05 12:57:25,286,1,36.3546875,-0.053125
2012-10-05 12:57:26,287,1,36.2369791667,-0.117708333333
2012-10-05 12:57:27,288,1,36.0430059524,-0.193973214286
2012-10-05 12:57:28,289,1,35.7546875,-0.288318452381
2012-10-05 12:57:29,290,1,35.4085565476,-0.346130952381
2012-10-05 12:57:30,291,1,35.1085565476,-0.3
2012-10-05 12:57:31,292,1,34.96875,-0.139806547619
2012-10-05 12:57:32,293,1,35.0689732143,0.100223214286
2012-10-05 12:57:33,294,1,35.4436011905,0.374627976191
2012-10-05 12:57:34,295,1,36.0613839286,0.617782738095
2012-10-05 12:57:35,296,1,36.813764881,0.752380952381
2012-10-05 12:57:36,297,1,37.5509672619,0.737202380952
2012-10-05 12:57:37,298,1,38.1345982143,0.583630952381
2012-10-05 12:57:38,299,1,38.4811755952,0.346577380952
2012-10-05 12:57:39,300,1,38.5912946429,0.110119047619
2012-10-05 12:57:40,301,1,38.5172619048,-0.0740327380952
2012-10-05 12:57:41,302,1,38.3224702381,-0.194791666667
2012-10-05 12:57:42,303,1,38.1220238095,-0.200446428571
2012-10-05 12:57:43,304,1,38.0933779762,-0.0286458333333
2012-10-05 12:57:44,305,1,38.3674107143,0.274032738095
2012-10-05 12:57:45,306,1,38.9201636905,0.552752976191
2012-10-05 12:57:46,307,1,39.5860119048,0.665848214286
2012-10-05 12:57:47,308,1,40.1709077381,0.584895833333
2012-10-05 12:57:48,309,1,40.4863839286,0.315476190476
2012-10-05 12:57:49,310,1,40.294047619,-0.192336309524
2012-10-05 12:57:50,311,1,39.4602678571,-0.833779761905
2012-10-05 12:57:51,312,1,38.1811011905,-1.27916666667
2012-10-05 12:57:52,313,1,36.8444940476,-1.33660714286
2012-10-05 12:57:53,314,1,35.7625,-1.08199404762
2012-10-05 12:57:54,315,1,35.0444196429,-0.718080357143
2012-10-05 12:57:55,316,1,34.5013392857,-0.543080357143
2012-10-05 12:57:56,317,1,33.8218005952,-0.679538690476
2012-10-05 12:57:57,318,1,32.9540922619,-0.867708333333
2012-10-05 12:57:58,319,1,32.0760416667,-0.878050595238
2012-10-05 12:57:59,320,1,31.2933035714,-0.782738095238
2012-10-05 12:58:00,321,1,30.585639881,-0.707663690476
2012-10-05 12:58:01,322,1,29.8787946429,-0.706845238095
2012-10-05 12:58:02,323,1,29.1192708333,-0.759523809524
2012-10-05 12:58:03,324,1,28.4550595238,-0.664211309524
2012-10-05 12:58:04,325,1,28.2820684524,-0.172991071428
2012-10-05 12:58:05,326,1,28.9171875,0.635119047619
2012-10-05 12:58:06,327,1,30.2400297619,1.3228422619
2012-10-05 12:58:07,328,1,31.7573660714,1.51733630952
2012-10-05 12:58:08,329,1,32.9619047619,1.20453869048
2012-10-05 12:58:09,330,1,33.6005952381,0.63869047619
2012-10-05 12:58:10,331,1,33.734672619,0.134077380952
2012-10-05 12:58:11,332,1,33.6169642857,-0.117708333333
2012-10-05 12:58:12,333,1,33.4999255952,-0.117038690476
2012-10-05 12:58:13,334,1,33.532514881,0.0325892857143
2012-10-05 12:58:14,335,1,33.7320684524,0.199553571429
2012-10-05 12:58:15,336,1,33.9962053571,0.264136904762
2012-10-05 12:58:16,337,1,34.1960565476,0.199851190476
2012-10-05 12:58:17,338,1,34.3088541667,0.112797619048
2012-10-05 12:58:18,339,1,34.4989583333,0.190104166667
2012-10-05 12:58:19,340,1,35.0182291667,0.519270833333
2012-10-05 12:58:20,341,1,35.9016369048,0.883407738095
2012-10-05 12:58:21,342,1,36.8241815476,0.922544642857
2012-10-05 12:58:22,343,1,37.3787946429,0.554613095238
2012-10-05 12:58:23,344,1,37.4083333333,0.0295386904762
2012-10-05 12:58:24,345,1,37.0465029762,-0.361830357143
2012-10-05 12:58:25,346,1,36.5587797619,-0.487723214286
2012-10-05 12:58:26,347,1,36.1255208333,-0.433258928572
2012-10-05 12:58:27,348,1,35.7599702381,-0.365550595238
2012-10-05 12:58:28,349,1,35.4866815476,-0.273288690476
2012-10-05 12:58:29,350,1,35.4732886905,-0.0133928571428
2012-10-05 12:58:30,351,1,35.8630952381,0.389806547619
2012-10-05 12:58:31,352,1,36.5714285714,0.708333333333
2012-10-05 12:58:32,353,1,37.3126488095,0.741220238095
2012-10-05 12:58:33,354,1,37.7728422619,0.460193452381
2012-10-05 12:58:34,355,1,37.7776785714,0.0048363095238
2012-10-05 12:58:35,356,1,37.374702381,-0.402976190476
2012-10-05 12:58:36,357,1,36.7644345238,-0.610267857143
2012-10-05 12:58:37,358,1,36.1561755952,-0.608258928571
2012-10-05 12:58:38,359,1,35.7067708333,-0.449404761905
2012-10-05 12:58:39,360,1,35.5067708333,-0.2
2012-10-05 12:58:40,361,1,35.519047619,0.0122767857143
2012-10-05 12:58:41,362,1,35.5970238095,0.0779761904762
2012-10-05 12:58:42,363,1,35.6441220238,0.0470982142857
2012-10-05 12:58:43,364,1,35.6822916667,0.0381696428572
2012-10-05 12:58:44,365,1,35.7586309524,0.0763392857142
2012-10-05 12:58:45,366,1,35.8787202381,0.120089285714
2012-10-05 12:58:46,367,1,35.996875,0.118154761905
2012-10-05 12:58:47,368,1,36.040327381,0.0434523809524
2012-10-05 12:58:48,369,1,35.9936011905,-0.0467261904762
2012-10-05 12:58:49,370,1,35.8970238095,-0.0965773809524
2012-10-05 12:58:50,371,1,35.705952381,-0.191071428571
2012-10-05 12:58:51,372,1,35.2551339286,-0.450818452381
2012-10-05 12:58:52,373,1,34.4428571429,-0.812276785714
2012-10-05 12:58:53,374,1,33.3993303571,-1.04352678571
2012-10-05 12:58:54,375,1,32.4390625,-0.960267857143
2012-10-05 12:58:55,376,1,31.8930059524,-0.546056547619
2012-10-05 12:58:56,377,1,31.939360119,0.0463541666667
2012-10-05 12:58:57,378,1,32.4821428571,0.542782738095
2012-10-05 12:58:58,379,1,33.1982142857,0.716071428571
2012-10-05 12:58:59,380,1,33.7325892857,0.534375
2012-10-05 12:59:00,381,1,33.8950892857,0.1625
2012-10-05 12:59:01,382,1,33.7821428571,-0.112946428571
2012-10-05 12:59:02,383,1,33.6834821429,-0.0986607142857
2012-10-05 12:59:03,384,1,33.8104910714,0.127008928571
2012-10-05 12:59:04,385,1,34.1805059524,0.370014880952
2012-10-05 12:59:05,386,1,34.7235119048,0.543005952381
2012-10-05 12:59:06,387,1,35.3847470238,0.661235119048
2012-10-05 12:59:07,388,1,36.1066964286,0.721949404762
2012-10-05 12:59:08,389,1,36.753422619,0.646726190476
2012-10-05 12:59:09,390,1,37.1527529762,0.399330357143
2012-10-05 12:59:10,391,1,37.2681547619,0.115401785714
2012-10-05 12:59:11,392,1,37.2784970238,0.0103422619047
2012-10-05 12:59:12,393,1,37.437202381,0.158705357143
2012-10-05 12:59:13,394,1,37.820014881,0.3828125
2012-10-05 12:59:14,395,1,38.2455357143,0.425520833333
2012-10-05 12:59:15,396,1,38.4651785714,0.219642857143
2012-10-05 12:59:16,397,1,38.3527529762,-0.112425595238
2012-10-05 12:59:17,398,1,37.9531994048,-0.399553571429
2012-10-05 12:59:18,399,1,37.4408482143,-0.512351190476
2012-10-05 12:59:19,400,1,36.9505208333,-0.490327380952
2012-10-05 12:59:20,401,1,36.4386904762,-0.511830357143
2012-10-05 12:59:21,402,1,35.8068452381,-0.631845238095
2012-10-05 12:59:22,403,1,35.078125,-0.728720238095
2012-10-05 12:59:23,404,1,34.3624255952,-0.715699404762
2012-10-05 12:59:24,405,1,33.7645089286,-0.597916666667
2012-10-05 12:59:25,406,1,33.364360119,-0.400148809524
2012-10-05 12:59:26,407,1,33.1835565476,-0.180803571429
2012-10-05 12:59:27,408,1,33.1672619048,-0.0162946428571
2012-10-05 12:59:28,409,1,33.2027529762,0.0354910714286
2012-10-05 12:59:29,410,1,33.1292410714,-0.0735119047619
2012-10-05 12:59:30,411,1,32.8343005952,-0.294940476191
2012-10-05 12:59:31,412,1,32.3822916667,-0.452008928571
2012-10-05 12:59:32,413,1,31.9269345238,-0.455357142857
2012-10-05 12:59:33,414,1,31.5014880952,-0.425446428571
2012-10-05 12:59:34,415,1,31.0113095238,-0.490178571429
2012-10-05 12:59:35,416,1,30.4114583333,-0.599851190476
2012-10-05 12:59:36,417,1,29.7902529762,-0.621205357143
2012-10-05 12:59:37,418,1,29.2811755952,-0.509077380952
2012-10-05 12:59:38,419,1,28.9714285714,-0.309747023809
2012-10-05 12:59:39,420,1,28.9075892857,-0.0638392857143
2012-10-05 12:59:40,421,1,29.1211309524,0.213541666667
2012-10-05 12:59:41,422,1,29.6128720238,0.491741071428
2012-10-05 12:59:42,423,1,30.3223958333,0.709523809524
2012-10-05 12:59:43,424,1,31.102827381,0.780431547619
2012-10-05 12:59:44,425,1,31.754389881,0.6515625
2012-10-05 12:59:45,426,1,32.158110119,0.403720238095
2012-10-05 12:59:46,427,1,32.3780505952,0.219940476191
2012-10-05 12:59:47,428,1,32.5924107143,0.214360119048
2012-10-05 12:59:48,429,1,32.9055803571,0.313169642857
2012-10-05 12:59:49,430,1,33.2180059524,0.312425595238
2012-10-05 12:59:50,431,1,33.3521577381,0.134151785714
2012-10-05 12:59:51,432,1,33.3328125,-0.0193452380952
2012-10-05 12:59:52,433,1,33.4046130952,0.0718005952381
2012-10-05 12:59:53,434,1,33.7549107143,0.350297619048
2012-10-05 12:59:54,435,1,34.3197172619,0.564806547619
2012-10-05 12:59:55,436,1,34.8230654762,0.503348214286
2012-10-05 12:59:56,437,1,35.0023065476,0.179241071428
2012-10-05 12:59:57,438,1,34.8495535714,-0.15275297619
2012-10-05 12:59:58,439,1,34.5618303571,-0.287723214286
2012-10-05 12:59:59,440,1,34.2995535714,-0.262276785714
2012-10-05 13:00:00,441,1,34.137797619,-0.161755952381
2012-10-05 13:00:01,442,1,34.1299107143,-0.0078869047619
2012-10-05 13:00:02,443,1,34.2447916667,0.114880952381
2012-10-05 13:00:03,444,1,34.3182291667,0.0734375
2012-10-05 13:00:04,445,1,34.153125,-0.165104166667
2012-10-05 13:00:05,446,1,33.6453869048,-0.507738095238
2012-10-05 13:00:06,447,1,32.8441964286,-0.80119047619
2012-10-05 13:00:07,448,1,31.9482886905,-0.895907738095
2012-10-05 13:00:08,449,1,31.1835565476,-0.764732142857
2012-10-05 13:00:09,450,1,30.6168154762,-0.566741071428
2012-10-05 13:00:10,451,1,30.1553571429,-0.461458333333
2012-10-05 13:00:11,452,1,29.7115327381,-0.443824404762
2012-10-05 13:00:12,453,1,29.2495535714,-0.461979166667
2012-10-05 13:00:13,454,1,28.7607142857,-0.488839285714
2012-10-05 13:00:14,455,1,28.3,-0.460714285714
2012-10-05 13:00:15,456,1,27.9496279762,-0.35037202381
2012-10-05 13:00:16,457,1,27.7242559524,-0.225372023809
2012-10-05 13:00:17,458,1,27.5404761905,-0.183779761905
2012-10-05 13:00:18,459,1,27.2290922619,-0.311383928571
2012-10-05 13:00:19,460,1,26.6357886905,-0.593303571429
2012-10-05 13:00:20,461,1,25.7719494048,-0.863839285714
2012-10-05 13:00:21,462,1,24.8171875,-0.954761904762
2012-10-05 13:00:22,463,1,23.9765625,-0.840625
2012-10-05 13:00:23,464,1,23.3142857143,-0.662276785714
2012-10-05 13:00:24,465,1,22.6605654762,-0.653720238095
2012-10-05 13:00:25,466,1,21.7232886905,-0.937276785714
2012-10-05 13:00:26,467,1,20.3108630952,-1.41242559524
2012-10-05 13:00:27,468,1,18.3898809524,-1.92098214286
2012-10-05 13:00:28,469,1,15.9819940476,-2.40788690476
2012-10-05 13:00:29,470,1,13.1304315476,-2.8515625
2012-10-05 13:00:30,471,1,10.0319196429,-3.09851190476
2012-10-05 13:00:31,472,1,7.20796130952,-2.82395833333
2012-10-05 13:00:32,473,1,5.42485119048,-1.78311011905
2012-10-05 13:00:33,474,1,5.2334077381,-0.191443452381
2012-10-05 13:00:34,475,1,6.52686011905,1.29345238095
2012-10-05 13:00:35,476,1,8.6240327381,2.09717261905
2012-10-05 13:00:36,477,1,10.7913690476,2.16733630952
2012-10-05 13:00:37,478,1,12.6832589286,1.89188988095
2012-10-05 13:00:38,479,1,14.3761160714,1.69285714286
2012-10-05 13:00:39,480,1,16.096577381,1.72046130952
2012-10-05 13:00:40,481,1,17.9666666667,1.87008928571
2012-10-05 13:00:41,482,1,19.9534970238,1.98683035714
2012-10-05 13:00:42,483,1,21.9470238095,1.99352678571
2012-10-05 13:00:43,484,1,23.8336309524,1.88660714286
2012-10-05 13:00:44,485,1,25.5258928571,1.69226190476
2012-10-05 13:00:45,486,1,26.9697172619,1.44382440476
2012-10-05 13:00:46,487,1,28.1433035714,1.17358630952
2012-10-05 13:00:47,488,1,29.0425595238,0.899255952381
2012-10-05 13:00:48,489,1,29.7026041667,0.660044642857
2012-10-05 13:00:49,490,1,30.251264881,0.548660714286
2012-10-05 13:00:50,491,1,30.8454613095,0.594196428571
2012-10-05 13:00:51,492,1,31.5270089286,0.681547619048
2012-10-05 13:00:52,493,1,32.21875,0.691741071429
2012-10-05 13:00:53,494,1,32.829985119,0.611235119048
2012-10-05 13:00:54,495,1,33.3244791667,0.494494047619
2012-10-05 13:00:55,496,1,33.7333333333,0.408854166667
2012-10-05 13:00:56,497,1,34.0805803571,0.34724702381
2012-10-05 13:00:57,498,1,34.2941220238,0.213541666667
2012-10-05 13:00:58,499,1,34.2692708333,-0.0248511904762
2012-10-05 13:00:59,500,1,33.9978422619,-0.271428571429
2012-10-05 13:01:00,501,1,33.5720982143,-0.425744047619
2012-10-05 13:01:01,502,1,33.0912202381,-0.480877976191
2012-10-05 13:01:02,503,1,32.5970238095,-0.494196428571
2012-10-05 13:01:03,504,1,32.090625,-0.506398809524
2012-10-05 13:01:04,505,1,31.5866815476,-0.503943452381
2012-10-05 13:01:05,506,1,31.1359375,-0.450744047619
2012-10-05 13:01:06,507,1,30.8058779762,-0.330059523809
2012-10-05 13:01:07,508,1,30.6365327381,-0.169345238095
2012-10-05 13:01:08,509,1,30.6052827381,-0.03125
2012-10-05 13:01:09,510,1,30.648735119,0.0434523809524
2012-10-05 13:01:10,511,1,30.704985119,0.05625
2012-10-05 13:01:11,512,1,30.7157738095,0.0107886904762
2012-10-05 13:01:12,513,1,30.6324404762,-0.0833333333333
2012-10-05 13:01:13,514,1,30.4688988095,-0.163541666667
2012-10-05 13:01:14,515,1,30.3474702381,-0.121428571429
2012-10-05 13:01:15,516,1,30.4650297619,0.11755952381
2012-10-05 13:01:16,517,1,30.9660714286,0.501041666667
2012-10-05 13:01:17,518,1,31.8095238095,0.843452380952
2012-10-05 13:01:18,519,1,32.7695684524,0.960044642857
2012-10-05 13:01:19,520,1,33.5873511905,0.817782738095
2012-10-05 13:01:20,521,1,34.1290178571,0.541666666667
2012-10-05 13:01:21,522,1,34.4227678571,0.29375
2012-10-05 13:01:22,523,1,34.5738095238,0.151041666667
2012-10-05 13:01:23,524,1,34.6610863095,0.0872767857143
2012-10-05 13:01:24,525,1,34.7191220238,0.0580357142857
2012-10-05 13:01:25,526,1,34.7709821429,0.0518601190476
2012-10-05 13:01:26,527,1,34.8257440476,0.0547619047619
2012-10-05 13:01:27,528,1,34.8509672619,0.0252232142858
2012-10-05 13:01:28,529,1,34.7803571429,-0.0706101190477
2012-10-05 13:01:29,530,1,34.6031994048,-0.177157738095
2012-10-05 13:01:30,531,1,34.4564732143,-0.146726190476
2012-10-05 13:01:31,532,1,34.5465029762,0.0900297619048
2012-10-05 13:01:32,533,1,34.9571428571,0.410639880952
2012-10-05 13:01:33,534,1,35.5532738095,0.596130952381
2012-10-05 13:01:34,535,1,36.0340029762,0.480729166667
2012-10-05 13:01:35,536,1,36.126264881,0.0922619047619
2012-10-05 13:01:36,537,1,35.8076636905,-0.318601190476
2012-10-05 13:01:37,538,1,35.306547619,-0.501116071429
2012-10-05 13:01:38,539,1,34.8860863095,-0.420461309524
2012-10-05 13:01:39,540,1,34.6799107143,-0.206175595238
2012-10-05 13:01:40,541,1,34.6769345238,-0.0029761904762
2012-10-05 13:01:41,542,1,34.7895833333,0.112648809524
2012-10-05 13:01:42,543,1,34.9507440476,0.161160714286
2012-10-05 13:01:43,544,1,35.1488839286,0.198139880952
2012-10-05 13:01:44,545,1,35.366889881,0.218005952381
2012-10-05 13:01:45,546,1,35.5453869048,0.178497023809
2012-10-05 13:01:46,547,1,35.6318452381,0.0864583333333
2012-10-05 13:01:47,548,1,35.6248511905,-0.006994047619
2012-10-05 13:01:48,549,1,35.5642857143,-0.0605654761905
2012-10-05 13:01:49,550,1,35.5040178571,-0.0602678571429
2012-10-05 13:01:50,551,1,35.486235119,-0.0177827380952
2012-10-05 13:01:51,552,1,35.5258928571,0.0396577380953
2012-10-05 13:01:52,553,1,35.6327380952,0.106845238095
2012-10-05 13:01:53,554,1,35.8263392857,0.193601190476
2012-10-05 13:01:54,555,1,36.0703869048,0.244047619048
2012-10-05 13:01:55,556,1,36.23125,0.160863095238
2012-10-05 13:01:56,557,1,36.1824404762,-0.0488095238095
2012-10-05 13:01:57,558,1,35.9301339286,-0.252306547619
2012-10-05 13:01:58,559,1,35.6046130952,-0.325520833333
2012-10-05 13:01:59,560,1,35.3365327381,-0.268080357143
2012-10-05 13:02:00,561,1,35.1625,-0.174032738095
2012-10-05 13:02:01,562,1,35.0753720238,-0.0871279761905
2012-10-05 13:02:02,563,1,35.0800595238,0.0046875
2012-10-05 13:02:03,564,1,35.1063244048,0.0262648809524
2012-10-05 13:02:04,565,1,34.9345982143,-0.171726190476
2012-10-05 13:02:05,566,1,34.2781994048,-0.656398809524
2012-10-05 13:02:06,567,1,32.9939732143,-1.28422619048
2012-10-05 13:02:07,568,1,31.2537202381,-1.74025297619
2012-10-05 13:02:08,569,1,29.3673363095,-1.88638392857
2012-10-05 13:02:09,570,1,27.4052827381,-1.96205357143
2012-10-05 13:02:10,571,1,25.1871279762,-2.2181547619
2012-10-05 13:02:11,572,1,22.5884672619,-2.59866071429
2012-10-05 13:02:12,573,1,19.6973958333,-2.89107142857
2012-10-05 13:02:13,574,1,16.7422172619,-2.95517857143
2012-10-05 13:02:14,575,1,13.8968452381,-2.84537202381
2012-10-05 13:02:15,576,1,11.1496279762,-2.7472172619
2012-10-05 13:02:16,577,1,8.47342261905,-2.67620535714
2012-10-05 13:02:17,578,1,6.06264880952,-2.41077380952
2012-10-05 13:02:18,579,1,4.23522321429,-1.82742559524
2012-10-05 13:02:19,580,1,3.15302083333,-1.08220238095
2012-10-05 13:02:20,581,1,2.73639880952,-0.41662202381
2012-10-05 13:02:21,582,1,2.81412202381,0.0777232142857
2012-10-05 13:02:22,583,1,3.281875,0.46775297619
2012-10-05 13:02:23,584,1,4.06418154762,0.782306547619
2012-10-05 13:02:24,585,1,4.9568452381,0.892663690476
2012-10-05 13:02:25,586,1,5.62084821429,0.66400297619
2012-10-05 13:02:26,587,1,5.80818452381,0.187336309524
2012-10-05 13:02:27,588,1,5.60151785714,-0.206666666667
2012-10-05 13:02:28,589,1,5.37601190476,-0.225505952381
2012-10-05 13:02:29,590,1,5.47053571429,0.0945238095238
2012-10-05 13:02:30,591,1,5.91339285714,0.442857142857
2012-10-05 13:02:31,592,1,6.44479166667,0.531398809524
2012-10-05 13:02:32,593,1,6.71555059524,0.270758928571
2012-10-05 13:02:33,594,1,6.46175595238,-0.253794642857
2012-10-05 13:02:34,595,1,5.57358630952,-0.888169642857
2012-10-05 13:02:35,596,1,4.12313988095,-1.45044642857
2012-10-05 13:02:36,597,1,2.4640922619,-1.65904761905
2012-10-05 13:02:37,598,1,0.0,-2.4640922619
2012-10-05 13:30:32,2273,1675,0.0,0.0
2012-10-05 13:30:33,2274,1,1.42894345238,1.42894345238
2012-10-05 13:30:34,2275,1,2.22068452381,0.791741071429
2012-10-05 13:30:35,2276,1,2.83380952381,0.613125
2012-10-05 13:30:36,2277,1,3.22763392857,0.393824404762
2012-10-05 13:30:37,2278,1,3.62407738095,0.396443452381
2012-10-05 13:30:38,2279,1,4.23555059524,0.611473214286
2012-10-05 13:30:39,2280,1,5.11325892857,0.877708333333
2012-10-05 13:30:40,2281,1,6.12619047619,1.01293154762
2012-10-05 13:30:41,2282,1,7.02592261905,0.899732142857
2012-10-05 13:30:42,2283,1,7.58169642857,0.555773809524
2012-10-05 13:30:43,2284,1,7.72863095238,0.14693452381
2012-10-05 13:30:44,2285,1,7.601875,-0.126755952381
2012-10-05 13:30:45,2286,1,7.41517857143,-0.186696428571
2012-10-05 13:30:46,2287,1,7.31398809524,-0.10119047619
2012-10-05 13:30:47,2288,1,7.31919642857,0.00520833333334
2012-10-05 13:30:48,2289,1,7.34464285714,0.0254464285714
2012-10-05 13:30:49,2290,1,7.26398809524,-0.0806547619048
2012-10-05 13:30:50,2291,1,7.02879464286,-0.235193452381
2012-10-05 13:30:51,2292,1,6.74724702381,-0.281547619048
2012-10-05 13:30:52,2293,1,6.59308035714,-0.154166666667
2012-10-05 13:30:53,2294,1,6.59657738095,0.00349702380952
2012-10-05 13:30:54,2295,1,6.56510416667,-0.0314732142857
2012-10-05 13:30:55,2296,1,6.26547619048,-0.29962797619
2012-10-05 13:30:56,2297,1,5.68400297619,-0.581473214286
2012-10-05 13:30:57,2298,1,5.0875,-0.59650297619
2012-10-05 13:30:58,2299,1,4.8271577381,-0.260342261905
2012-10-05 13:30:59,2300,1,5.0880952381,0.2609375
2012-10-05 13:31:00,2301,1,5.83645833333,0.748363095238
2012-10-05 13:31:01,2302,1,6.97261904762,1.13616071429
2012-10-05 13:31:02,2303,1,8.44910714286,1.47648809524
2012-10-05 13:31:03,2304,1,10.2093005952,1.76019345238
2012-10-05 13:31:04,2305,1,12.074702381,1.86540178571
2012-10-05 13:31:05,2306,1,13.7423363095,1.66763392857
2012-10-05 13:31:06,2307,1,14.8876488095,1.1453125
2012-10-05 13:31:07,2308,1,15.2854166667,0.397767857143
2012-10-05 13:31:08,2309,1,14.8622767857,-0.423139880952
2012-10-05 13:31:09,2310,1,13.6603422619,-1.20193452381
2012-10-05 13:31:10,2311,1,11.8055555556,-1.85478670635
2012-10-05 13:31:11,2312,1,9.52279265873,-2.28276289683
2012-10-05 13:31:12,2313,1,7.13757440476,-2.38521825397
2012-10-05 13:31:13,2314,1,5.03147321429,-2.10610119048
2012-10-05 13:31:14,2315,1,3.5318452381,-1.49962797619
2012-10-05 13:31:15,2316,1,2.81183035714,-0.720014880952
2012-10-05 13:31:16,2317,1,2.92609126984,0.114260912698
2012-10-05 13:31:17,2318,1,3.86572420635,0.939632936508
2012-10-05 13:31:18,2319,1,5.51108630952,1.64536210317
2012-10-05 13:31:19,2320,1,7.62038690476,2.10930059524
2012-10-05 13:31:20,2321,1,9.91436011905,2.29397321429
2012-10-05 13:31:21,2322,1,12.1896577381,2.27529761905
2012-10-05 13:31:22,2323,1,14.410094246,2.22043650794
2012-10-05 13:31:23,2324,1,16.6449652778,2.23487103175
2012-10-05 13:31:24,2325,1,18.8810267857,2.23606150794
2012-10-05 13:31:25,2326,1,20.9714285714,2.09040178571
2012-10-05 13:31:26,2327,1,22.7570684524,1.78563988095
2012-10-05 13:31:27,2328,1,24.1668154762,1.40974702381
2012-10-05 13:31:28,2329,1,25.2319196429,1.06510416667
2012-10-05 13:31:29,2330,1,26.0463541667,0.81443452381
2012-10-05 13:31:30,2331,1,26.706547619,0.660193452381
2012-10-05 13:31:31,2332,1,27.2832589286,0.576711309524
2012-10-05 13:31:32,2333,1,27.8232886905,0.540029761905
2012-10-05 13:31:33,2334,1,28.3338541667,0.510565476191
2012-10-05 13:31:34,2335,1,28.7673363095,0.433482142857
2012-10-05 13:31:35,2336,1,29.055952381,0.288616071429
2012-10-05 13:31:36,2337,1,29.1745535714,0.118601190476
2012-10-05 13:31:37,2338,1,29.1664434524,-0.0081101190476
2012-10-05 13:31:38,2339,1,29.1133184524,-0.0531250000001
2012-10-05 13:31:39,2340,1,29.0859375,-0.0273809523809
2012-10-05 13:31:40,2341,1,29.114360119,0.0284226190476
2012-10-05 13:31:41,2342,1,29.1853422619,0.0709821428572
2012-10-05 13:31:42,2343,1,29.2603422619,0.075
2012-10-05 13:31:43,2344,1,29.3029761905,0.0426339285714
2012-10-05 13:31:44,2345,1,29.2973214286,-0.0056547619048
2012-10-05 13:31:45,2346,1,29.2574404762,-0.0398809523809
2012-10-05 13:31:46,2347,1,29.2258184524,-0.0316220238096
2012-10-05 13:31:47,2348,1,29.2389136905,0.0130952380953
2012-10-05 13:31:48,2349,1,29.290625,0.0517113095238
2012-10-05 13:31:49,2350,1,29.3496279762,0.0590029761905
2012-10-05 13:31:50,2351,1,29.4103422619,0.0607142857143
2012-10-05 13:31:51,2352,1,29.5209821429,0.110639880952
2012-10-05 13:31:52,2353,1,29.7638392857,0.242857142857
2012-10-05 13:31:53,2354,1,30.1965029762,0.432663690476
2012-10-05 13:31:54,2355,1,30.8026041667,0.606101190476
2012-10-05 13:31:55,2356,1,31.502827381,0.700223214286
2012-10-05 13:31:56,2357,1,32.2103422619,0.707514880952
2012-10-05 13:31:57,2358,1,32.8610863095,0.650744047619
2012-10-05 13:31:58,2359,1,33.3936011905,0.532514880952
2012-10-05 13:31:59,2360,1,33.7386160714,0.345014880952
2012-10-05 13:32:00,2361,1,33.8566220238,0.118005952381
2012-10-05 13:32:01,2362,1,33.7758184524,-0.0808035714286
2012-10-05 13:32:02,2363,1,33.5798363095,-0.195982142857
2012-10-05 13:32:03,2364,1,33.3407738095,-0.2390625
2012-10-05 13:32:04,2365,1,33.0515625,-0.289211309524
2012-10-05 13:32:05,2366,1,32.6469494048,-0.404613095238
2012-10-05 13:32:06,2367,1,32.0994791667,-0.547470238095
2012-10-05 13:32:07,2368,1,31.471875,-0.627604166667
2012-10-05 13:32:08,2369,1,30.883110119,-0.588764880952
2012-10-05 13:32:09,2370,1,30.4453869048,-0.437723214286
2012-10-05 13:32:10,2371,1,30.2200892857,-0.225297619048
2012-10-05 13:32:11,2372,1,30.201264881,-0.0188244047619
2012-10-05 13:32:12,2373,1,30.3238095238,0.122544642857
2012-10-05 13:32:13,2374,1,30.4955357143,0.171726190476
2012-10-05 13:32:14,2375,1,30.6366071429,0.141071428571
2012-10-05 13:32:15,2376,1,30.7052827381,0.0686755952381
2012-10-05 13:32:16,2377,1,30.7074404762,0.0021577380953
2012-10-05 13:32:17,2378,1,30.678422619,-0.0290178571429
2012-10-05 13:32:18,2379,1,30.6412202381,-0.0372023809524
2012-10-05 13:32:19,2380,1,30.5928571429,-0.0483630952381
2012-10-05 13:32:20,2381,1,30.5311011905,-0.0617559523809
2012-10-05 13:32:21,2382,1,30.4720982143,-0.0590029761905
2012-10-05 13:32:22,2383,1,30.4392857143,-0.0328125
2012-10-05 13:32:23,2384,1,30.4417410714,0.0024553571429
2012-10-05 13:32:24,2385,1,30.4624255952,0.0206845238095
2012-10-05 13:32:25,2386,1,30.4632440476,0.000818452380901
2012-10-05 13:32:26,2387,1,30.3920386905,-0.0712053571428
2012-10-05 13:32:27,2388,1,30.1942708333,-0.197767857143
2012-10-05 13:32:28,2389,1,29.8436755952,-0.350595238095
2012-10-05 13:32:29,2390,1,29.3676339286,-0.476041666667
2012-10-05 13:32:30,2391,1,28.8384672619,-0.529166666667
2012-10-05 13:32:31,2392,1,28.3321428571,-0.506324404762
2012-10-05 13:32:32,2393,1,27.8792410714,-0.452901785714
2012-10-05 13:32:33,2394,1,27.4575892857,-0.421651785714
2012-10-05 13:32:34,2395,1,27.0414434524,-0.416145833333
2012-10-05 13:32:35,2396,1,26.64375,-0.397693452381
2012-10-05 13:32:36,2397,1,26.3026785714,-0.341071428571
2012-10-05 13:32:37,2398,1,26.0497767857,-0.252901785714
2012-10-05 13:32:38,2399,1,25.9055803571,-0.144196428571
2012-10-05 13:32:39,2400,1,25.8863839286,-0.0191964285715
2012-10-05 13:32:40,2401,1,25.9942708333,0.107886904762
2012-10-05 13:32:41,2402,1,26.2019345238,0.207663690476
2012-10-05 13:32:42,2403,1,26.4539434524,0.252008928572
2012-10-05 13:32:43,2404,1,26.6897321429,0.235788690476
2012-10-05 13:32:44,2405,1,26.8828869048,0.193154761905
2012-10-05 13:32:45,2406,1,27.0706845238,0.187797619048
2012-10-05 13:32:46,2407,1,27.336235119,0.265550595238
2012-10-05 13:32:47,2408,1,27.7463541667,0.410119047619
2012-10-05 13:32:48,2409,1,28.2962797619,0.549925595238
2012-10-05 13:32:49,2410,1,28.9078869048,0.611607142857
2012-10-05 13:32:50,2411,1,29.4882440476,0.580357142857
2012-10-05 13:32:51,2412,1,29.9973958333,0.509151785714
2012-10-05 13:32:52,2413,1,30.4511160714,0.453720238095
2012-10-05 13:32:53,2414,1,30.8613095238,0.410193452381
2012-10-05 13:32:54,2415,1,31.1863095238,0.325
2012-10-05 13:32:55,2416,1,31.3328869048,0.146577380952
2012-10-05 13:32:56,2417,1,31.2082589286,-0.12462797619
2012-10-05 13:32:57,2418,1,30.7837053571,-0.424553571429
2012-10-05 13:32:58,2419,1,30.1087797619,-0.674925595238
2012-10-05 13:32:59,2420,1,29.2744791667,-0.834300595238
2012-10-05 13:33:00,2421,1,28.3679315476,-0.906547619048
2012-10-05 13:33:01,2422,1,27.4286458333,-0.939285714286
2012-10-05 13:33:02,2423,1,26.4209077381,-1.00773809524
2012-10-05 13:33:03,2424,1,25.2558035714,-1.16510416667
2012-10-05 13:33:04,2425,1,23.8536458333,-1.4021577381
2012-10-05 13:33:05,2426,1,22.1994047619,-1.65424107143
2012-10-05 13:33:06,2427,1,20.3428571429,-1.85654761905
2012-10-05 13:33:07,2428,1,18.3223958333,-2.02046130952
2012-10-05 13:33:08,2429,1,16.0758184524,-2.24657738095
2012-10-05 13:33:09,2430,1,13.4750744048,-2.60074404762
2012-10-05 13:33:10,2431,1,10.5444196429,-2.9306547619
2012-10-05 13:33:11,2432,1,7.69598214286,-2.8484375
2012-10-05 13:33:12,2433,1,5.67351190476,-2.0224702381
2012-10-05 13:33:13,2434,1,5.11889880952,-0.554613095238
2012-10-05 13:33:14,2435,1,6.12328869048,1.00438988095
2012-10-05 13:33:15,2436,1,8.20476190476,2.08147321429
2012-10-05 13:33:16,2437,1,10.7258184524,2.52105654762
2012-10-05 13:33:17,2438,1,13.3311011905,2.6052827381
2012-10-05 13:33:18,2439,1,15.9892113095,2.65811011905
2012-10-05 13:33:19,2440,1,18.7011904762,2.71197916667
2012-10-05 13:33:20,2441,1,21.3178571429,2.61666666667
2012-10-05 13:33:21,2442,1,23.6488095238,2.33095238095
2012-10-05 13:33:22,2443,1,25.6326636905,1.98385416667
2012-10-05 13:33:23,2444,1,27.3392113095,1.70654761905
2012-10-05 13:33:24,2445,1,28.8177083333,1.47849702381
2012-10-05 13:33:25,2446,1,30.0024553571,1.18474702381
2012-10-05 13:33:26,2447,1,30.806547619,0.804092261905
2012-10-05 13:33:27,2448,1,31.2455357143,0.438988095238
2012-10-05 13:33:28,2449,1,31.4073660714,0.161830357143
2012-10-05 13:33:29,2450,1,31.3727678571,-0.0345982142857
2012-10-05 13:33:30,2451,1,31.2719494048,-0.100818452381
2012-10-05 13:33:31,2452,1,31.3501488095,0.0781994047619
2012-10-05 13:33:32,2453,1,31.8055803571,0.455431547619
2012-10-05 13:33:33,2454,1,32.5710565476,0.765476190476
2012-10-05 13:33:34,2455,1,33.3656994048,0.794642857143
2012-10-05 13:33:35,2456,1,33.9391369048,0.5734375
2012-10-05 13:33:36,2457,1,34.2436011905,0.304464285714
2012-10-05 13:33:37,2458,1,34.432514881,0.188913690476
2012-10-05 13:33:38,2459,1,34.671577381,0.2390625
2012-10-05 13:33:39,2460,1,34.9364583333,0.264880952381
2012-10-05 13:33:40,2461,1,35.0811755952,0.144717261905
2012-10-05 13:33:41,2462,1,35.0399553571,-0.0412202380952
2012-10-05 13:33:42,2463,1,34.8363839286,-0.203571428572
2012-10-05 13:33:43,2464,1,34.5124255952,-0.323958333333
2012-10-05 13:33:44,2465,1,34.1304315476,-0.381994047619
2012-10-05 13:33:45,2466,1,33.7389880952,-0.391443452381
2012-10-05 13:33:46,2467,1,33.3482142857,-0.390773809524
2012-10-05 13:33:47,2468,1,32.9642857143,-0.383928571429
2012-10-05 13:33:48,2469,1,32.6066964286,-0.357589285714
2012-10-05 13:33:49,2470,1,32.3537946429,-0.252901785714
2012-10-05 13:33:50,2471,1,32.3264880952,-0.027306547619
2012-10-05 13:33:51,2472,1,32.5152529762,0.188764880952
2012-10-05 13:33:52,2473,1,32.7119047619,0.196651785714
2012-10-05 13:33:53,2474,1,32.6741071429,-0.0377976190477
2012-10-05 13:33:54,2475,1,32.3377232143,-0.336383928571
2012-10-05 13:33:55,2476,1,31.9021577381,-0.435565476191
2012-10-05 13:33:56,2477,1,31.676264881,-0.225892857143
2012-10-05 13:33:57,2478,1,31.8069196429,0.130654761905
2012-10-05 13:33:58,2479,1,32.1785714286,0.371651785714
2012-10-05 13:33:59,2480,1,32.5323660714,0.353794642857
2012-10-05 13:34:00,2481,1,32.6370535714,0.1046875
2012-10-05 13:34:01,2482,1,32.378422619,-0.258630952381
2012-10-05 13:34:02,2483,1,31.7758928571,-0.602529761905
2012-10-05 13:34:03,2484,1,30.988764881,-0.787127976191
2012-10-05 13:34:04,2485,1,30.2621279762,-0.726636904762
2012-10-05 13:34:05,2486,1,29.7866071429,-0.475520833333
2012-10-05 13:34:06,2487,1,29.6087053571,-0.177901785714
2012-10-05 13:34:07,2488,1,29.6661458333,0.0574404761904
2012-10-05 13:34:08,2489,1,29.8698660714,0.203720238095
2012-10-05 13:34:09,2490,1,30.1692708333,0.299404761905
2012-10-05 13:34:10,2491,1,30.573139881,0.403869047619
2012-10-05 13:34:11,2492,1,31.1189732143,0.545833333333
2012-10-05 13:34:12,2493,1,31.8313988095,0.712425595238
2012-10-05 13:34:13,2494,1,32.6840029762,0.852604166667
2012-10-05 13:34:14,2495,1,33.5764136905,0.892410714286
2012-10-05 13:34:15,2496,1,34.3749255952,0.798511904762
2012-10-05 13:34:16,2497,1,34.9838541667,0.608928571429
2012-10-05 13:34:17,2498,1,35.3703125,0.386458333333
2012-10-05 13:34:18,2499,1,35.5503720238,0.18005952381
2012-10-05 13:34:19,2500,1,35.5779761905,0.0276041666667
2012-10-05 13:34:20,2501,1,35.5267857143,-0.0511904761905
2012-10-05 13:34:21,2502,1,35.443452381,-0.0833333333333
2012-10-05 13:34:22,2503,1,35.329985119,-0.113467261905
2012-10-05 13:34:23,2504,1,35.1915922619,-0.138392857143
2012-10-05 13:34:24,2505,1,35.0621279762,-0.129464285714
2012-10-05 13:34:25,2506,1,34.990625,-0.0715029761905
2012-10-05 13:34:26,2507,1,35.0395089286,0.0488839285714
2012-10-05 13:34:27,2508,1,35.2486607143,0.209151785714
2012-10-05 13:34:28,2509,1,35.5935267857,0.344866071429
2012-10-05 13:34:29,2510,1,36.0167410714,0.423214285714
2012-10-05 13:34:30,2511,1,36.4627232143,0.445982142857
2012-10-05 13:34:31,2512,1,36.8755952381,0.412872023809
2012-10-05 13:34:32,2513,1,37.213764881,0.338169642857
2012-10-05 13:34:33,2514,1,37.462202381,0.2484375
2012-10-05 13:34:34,2515,1,37.6238095238,0.161607142857
2012-10-05 13:34:35,2516,1,37.7177083333,0.0938988095238
2012-10-05 13:34:36,2517,1,37.7743303571,0.0566220238096
2012-10-05 13:34:37,2518,1,37.8155505952,0.0412202380952
2012-10-05 13:34:38,2519,1,37.849702381,0.0341517857143
2012-10-05 13:34:39,2520,1,37.8968005952,0.0470982142857
2012-10-05 13:34:40,2521,1,37.9966517857,0.0998511904762
2012-10-05 13:34:41,2522,1,38.1608630952,0.164211309524
2012-10-05 13:34:42,2523,1,38.3293154762,0.168452380952
2012-10-05 13:34:43,2524,1,38.4029761905,0.0736607142857
2012-10-05 13:34:44,2525,1,38.3280505952,-0.0749255952381
2012-10-05 13:34:45,2526,1,38.1430059524,-0.185044642857
2012-10-05 13:34:46,2527,1,37.9228422619,-0.220163690476
2012-10-05 13:34:47,2528,1,37.7005208333,-0.222321428571
2012-10-05 13:34:48,2529,1,37.504985119,-0.195535714286
2012-10-05 13:34:49,2530,1,37.4327380952,-0.0722470238095
2012-10-05 13:34:50,2531,1,37.580952381,0.148214285714
2012-10-05 13:34:51,2532,1,37.921875,0.340922619048
2012-10-05 13:34:52,2533,1,38.3045386905,0.382663690476
2012-10-05 13:34:53,2534,1,38.5853422619,0.280803571429
2012-10-05 13:34:54,2535,1,38.7493303571,0.163988095238
2012-10-05 13:34:55,2536,1,38.9023809524,0.153050595238
2012-10-05 13:34:56,2537,1,39.1401041667,0.237723214286
2012-10-05 13:34:57,2538,1,39.4459821429,0.30587797619
2012-10-05 13:34:58,2539,1,39.7290178571,0.283035714286
2012-10-05 13:34:59,2540,1,39.909375,0.180357142857
2012-10-05 13:35:00,2541,1,39.9397321429,0.0303571428571
2012-10-05 13:35:01,2542,1,39.8113095238,-0.128422619048
2012-10-05 13:35:02,2543,1,39.5740327381,-0.237276785714
2012-10-05 13:35:03,2544,1,39.2713541667,-0.302678571429
2012-10-05 13:35:04,2545,1,38.8601190476,-0.411235119048
2012-10-05 13:35:05,2546,1,38.3179315476,-0.5421875
2012-10-05 13:35:06,2547,1,37.7757440476,-0.5421875
2012-10-05 13:35:07,2548,1,37.4150297619,-0.360714285714
2012-10-05 13:35:08,2549,1,37.2973958333,-0.117633928572
2012-10-05 13:35:09,2550,1,37.3194940476,0.0220982142857
2012-10-05 13:35:10,2551,1,37.2977678571,-0.0217261904761
2012-10-05 13:35:11,2552,1,37.1773809524,-0.120386904762
2012-10-05 13:35:12,2553,1,37.1101190476,-0.067261904762
2012-10-05 13:35:13,2554,1,37.2336309524,0.123511904762
2012-10-05 13:35:14,2555,1,37.5033482143,0.269717261905
2012-10-05 13:35:15,2556,1,37.7882440476,0.284895833333
2012-10-05 13:35:16,2557,1,38.03125,0.243005952381
2012-10-05 13:35:17,2558,1,38.2935267857,0.262276785714
2012-10-05 13:35:18,2559,1,38.6078869048,0.314360119048
2012-10-05 13:35:19,2560,1,38.8101190476,0.202232142857
2012-10-05 13:35:20,2561,1,38.6271577381,-0.182961309524
2012-10-05 13:35:21,2562,1,37.9226190476,-0.704538690476
2012-10-05 13:35:22,2563,1,36.8239583333,-1.09866071429
2012-10-05 13:35:23,2564,1,35.631547619,-1.19241071429
2012-10-05 13:35:24,2565,1,34.5667410714,-1.06480654762
2012-10-05 13:35:25,2566,1,33.6159970238,-0.950744047619
2012-10-05 13:35:26,2567,1,32.6613839286,-0.954613095238
2012-10-05 13:35:27,2568,1,31.7225446429,-0.938839285714
2012-10-05 13:35:28,2569,1,31.0427827381,-0.679761904762
2012-10-05 13:35:29,2570,1,30.9292410714,-0.113541666667
2012-10-05 13:35:30,2571,1,31.4915178571,0.562276785714
2012-10-05 13:35:31,2572,1,32.5451636905,1.05364583333
2012-10-05 13:35:32,2573,1,33.7337797619,1.18861607143
2012-10-05 13:35:33,2574,1,34.7150297619,0.98125
2012-10-05 13:35:34,2575,1,35.2822172619,0.5671875
2012-10-05 13:35:35,2576,1,35.3587053571,0.0764880952381
2012-10-05 13:35:36,2577,1,34.9555803571,-0.403125
2012-10-05 13:35:37,2578,1,34.2114583333,-0.74412202381
2012-10-05 13:35:38,2579,1,33.3884672619,-0.822991071428
2012-10-05 13:35:39,2580,1,32.7236607143,-0.664806547619
2012-10-05 13:35:40,2581,1,32.3172619048,-0.406398809524
2012-10-05 13:35:41,2582,1,32.192485119,-0.124776785714
2012-10-05 13:35:42,2583,1,32.3994791667,0.206994047619
2012-10-05 13:35:43,2584,1,33.0072172619,0.607738095238
2012-10-05 13:35:44,2585,1,34.0087797619,1.0015625
2012-10-05 13:35:45,2586,1,35.2706845238,1.2619047619
2012-10-05 13:35:46,2587,1,36.5957589286,1.32507440476
2012-10-05 13:35:47,2588,1,37.8316964286,1.2359375
2012-10-05 13:35:48,2589,1,38.9,1.06830357143
2012-10-05 13:35:49,2590,1,39.7526041667,0.852604166667
2012-10-05 13:35:50,2591,1,40.3714285714,0.618824404762
2012-10-05 13:35:51,2592,1,40.8055059524,0.434077380952
2012-10-05 13:35:52,2593,1,41.1303571429,0.324851190476
2012-10-05 13:35:53,2594,1,41.3438988095,0.213541666667
2012-10-05 13:35:54,2595,1,41.3555803571,0.0116815476191
2012-10-05 13:35:55,2596,1,41.0868303571,-0.26875
2012-10-05 13:35:56,2597,1,40.5368303571,-0.55
2012-10-05 13:35:57,2598,1,39.7850446429,-0.751785714286
2012-10-05 13:35:58,2599,1,38.9694196429,-0.815625
2012-10-05 13:35:59,2600,1,38.1915922619,-0.777827380952
2012-10-05 13:36:00,2601,1,37.4295386905,-0.762053571429
2012-10-05 13:36:01,2602,1,36.61875,-0.810788690476
2012-10-05 13:36:02,2603,1,35.7861607143,-0.832589285714
2012-10-05 13:36:03,2604,1,35.0552083333,-0.730952380952
2012-10-05 13:36:04,2605,1,34.5779017857,-0.477306547619
2012-10-05 13:36:05,2606,1,34.4493303571,-0.128571428571
2012-10-05 13:36:06,2607,1,34.6324404762,0.183110119048
2012-10-05 13:36:07,2608,1,35.0015625,0.369122023809
2012-10-05 13:36:08,2609,1,35.4433779762,0.44181547619
2012-10-05 13:36:09,2610,1,35.8646577381,0.421279761905
2012-10-05 13:36:10,2611,1,36.1753720238,0.310714285714
2012-10-05 13:36:11,2612,1,36.3423363095,0.166964285714
2012-10-05 13:36:12,2613,1,36.4255208333,0.0831845238095
2012-10-05 13:36:13,2614,1,36.514360119,0.0888392857143
2012-10-05 13:36:14,2615,1,36.6375744048,0.123214285714
2012-10-05 13:36:15,2616,1,36.752827381,0.11525297619
2012-10-05 13:36:16,2617,1,36.805952381,0.053125
2012-10-05 13:36:17,2618,1,36.7889136905,-0.0170386904762
2012-10-05 13:36:18,2619,1,36.7561011905,-0.0328125
2012-10-05 13:36:19,2620,1,36.7801339286,0.0240327380952
2012-10-05 13:36:20,2621,1,36.878125,0.0979910714286
2012-10-05 13:36:21,2622,1,36.993452381,0.115327380952
2012-10-05 13:36:22,2623,1,37.0541666667,0.0607142857143
2012-10-05 13:36:23,2624,1,37.0258184524,-0.0283482142857
2012-10-05 13:36:24,2625,1,36.9125,-0.113318452381
2012-10-05 13:36:25,2626,1,36.7433035714,-0.169196428571
2012-10-05 13:36:26,2627,1,36.5598214286,-0.183482142857
2012-10-05 13:36:27,2628,1,36.4020089286,-0.1578125
2012-10-05 13:36:28,2629,1,36.3074404762,-0.0945684523809
2012-10-05 13:36:29,2630,1,36.3142113095,0.0067708333333
2012-10-05 13:36:30,2631,1,36.454389881,0.140178571429
2012-10-05 13:36:31,2632,1,36.7388392857,0.284449404762
2012-10-05 13:36:32,2633,1,37.1288690476,0.390029761905
2012-10-05 13:36:33,2634,1,37.528422619,0.399553571429
2012-10-05 13:36:34,2635,1,37.8384672619,0.310044642857
2012-10-05 13:36:35,2636,1,38.0167410714,0.178273809524
2012-10-05 13:36:36,2637,1,38.0665178571,0.0497767857143
2012-10-05 13:36:37,2638,1,38.0107886905,-0.0557291666667
2012-10-05 13:36:38,2639,1,37.9165922619,-0.0941964285714
2012-10-05 13:36:39,2640,1,37.9027529762,-0.0138392857143
2012-10-05 13:36:40,2641,1,38.0938244048,0.191071428571
2012-10-05 13:36:41,2642,1,38.5595238095,0.465699404762
2012-10-05 13:36:42,2643,1,39.2576636905,0.698139880952
2012-10-05 13:36:43,2644,1,40.0359375,0.778273809524
2012-10-05 13:36:44,2645,1,40.7017113095,0.665773809524
2012-10-05 13:36:45,2646,1,41.0669642857,0.36525297619
2012-10-05 13:36:46,2647,1,40.9890625,-0.0779017857143
2012-10-05 13:36:47,2648,1,40.4626488095,-0.526413690476
2012-10-05 13:36:48,2649,1,39.6510416667,-0.811607142857
2012-10-05 13:36:49,2650,1,38.7720238095,-0.879017857143
2012-10-05 13:36:50,2651,1,37.9483630952,-0.823660714286
2012-10-05 13:36:51,2652,1,37.1879464286,-0.760416666667
2012-10-05 13:36:52,2653,1,36.4941964286,-0.69375
2012-10-05 13:36:53,2654,1,35.943452381,-0.550744047619
2012-10-05 13:36:54,2655,1,35.6504464286,-0.293005952381
2012-10-05 13:36:55,2656,1,35.684375,0.0339285714286
2012-10-05 13:36:56,2657,1,36.0129464286,0.328571428571
2012-10-05 13:36:57,2658,1,36.534672619,0.521726190476
2012-10-05 13:36:58,2659,1,37.1455357143,0.610863095238
2012-10-05 13:36:59,2660,1,37.733110119,0.587574404762
2012-10-05 13:37:00,2661,1,38.1797619048,0.446651785714
2012-10-05 13:37:01,2662,1,38.4465029762,0.266741071429
2012-10-05 13:37:02,2663,1,38.593452381,0.146949404762
2012-10-05 13:37:03,2664,1,38.7037946429,0.110342261905
2012-10-05 13:37:04,2665,1,38.8301339286,0.126339285714
2012-10-05 13:37:05,2666,1,38.9675595238,0.137425595238
2012-10-05 13:37:06,2667,1,39.0726190476,0.10505952381
2012-10-05 13:37:07,2668,1,39.161235119,0.0886160714286
2012-10-05 13:37:08,2669,1,39.3339285714,0.172693452381
2012-10-05 13:37:09,2670,1,39.6659970238,0.332068452381
2012-10-05 13:37:10,2671,1,40.1314732143,0.465476190476
2012-10-05 13:37:11,2672,1,40.6306547619,0.499181547619
2012-10-05 13:37:12,2673,1,41.0567708333,0.426116071429
2012-10-05 13:37:13,2674,1,41.3610119048,0.304241071429
2012-10-05 13:37:14,2675,1,41.5624255952,0.201413690476
2012-10-05 13:37:15,2676,1,41.6933035714,0.13087797619
2012-10-05 13:37:16,2677,1,41.764360119,0.071056547619
2012-10-05 13:37:17,2678,1,41.7824404762,0.0180803571429
2012-10-05 13:37:18,2679,1,41.7700892857,-0.0123511904762
2012-10-05 13:37:19,2680,1,41.7520833333,-0.018005952381
2012-10-05 13:37:20,2681,1,41.7181547619,-0.0339285714285
2012-10-05 13:37:21,2682,1,41.6066964286,-0.111458333333
2012-10-05 13:37:22,2683,1,41.3484375,-0.258258928571
2012-10-05 13:37:23,2684,1,40.9457589286,-0.402678571429
2012-10-05 13:37:24,2685,1,40.5130208333,-0.432738095238
2012-10-05 13:37:25,2686,1,40.2164434524,-0.296577380952
2012-10-05 13:37:26,2687,1,40.1427083333,-0.0737351190476
2012-10-05 13:37:27,2688,1,40.2229166667,0.0802083333334
2012-10-05 13:37:28,2689,1,40.2935267857,0.0706101190476
2012-10-05 13:37:29,2690,1,40.2261160714,-0.0674107142857
2012-10-05 13:37:30,2691,1,40.0038690476,-0.22224702381
2012-10-05 13:37:31,2692,1,39.7045386905,-0.299330357143
2012-10-05 13:37:32,2693,1,39.4391369048,-0.265401785714
2012-10-05 13:37:33,2694,1,39.3046875,-0.134449404762
2012-10-05 13:37:34,2695,1,39.3587053571,0.0540178571429
2012-10-05 13:37:35,2696,1,39.5976190476,0.238913690476
2012-10-05 13:37:36,2697,1,39.9554315476,0.3578125
2012-10-05 13:37:37,2698,1,40.3488095238,0.39337797619
2012-10-05 13:37:38,2699,1,40.7392113095,0.390401785714
2012-10-05 13:37:39,2700,1,41.1476934524,0.408482142857
2012-10-05 13:37:40,2701,1,41.6107142857,0.463020833333
2012-10-05 13:37:41,2702,1,42.1243303571,0.513616071429
2012-10-05 13:37:42,2703,1,42.574702381,0.450372023809
2012-10-05 13:37:43,2704,1,42.7170386905,0.142336309524
2012-10-05 13:37:44,2705,1,42.411235119,-0.305803571429
2012-10-05 13:37:45,2706,1,41.920610119,-0.490625
2012-10-05 13:37:46,2707,1,41.7488839286,-0.171726190476
2012-10-05 13:37:47,2708,1,42.176264881,0.427380952381
2012-10-05 13:37:48,2709,1,43.070610119,0.894345238095
2012-10-05 13:37:49,2710,1,44.0407738095,0.970163690476
2012-10-05 13:37:50,2711,1,44.7505208333,0.709747023809
2012-10-05 13:37:51,2712,1,45.1642113095,0.413690476191
2012-10-05 13:37:52,2713,1,45.4479910714,0.283779761905
2012-10-05 13:37:53,2714,1,45.6791666667,0.231175595238
2012-10-05 13:37:54,2715,1,45.7558035714,0.0766369047619
2012-10-05 13:37:55,2716,1,45.5305803571,-0.225223214286
2012-10-05 13:37:56,2717,1,44.935639881,-0.59494047619
2012-10-05 13:37:57,2718,1,44.0198660714,-0.915773809524
2012-10-05 13:37:58,2719,1,42.9629464286,-1.05691964286
2012-10-05 13:37:59,2720,1,42.0005952381,-0.962351190476
2012-10-05 13:38:00,2721,1,41.244047619,-0.756547619048
2012-10-05 13:38:01,2722,1,40.6430059524,-0.601041666667
2012-10-05 13:38:02,2723,1,40.1454613095,-0.497544642857
2012-10-05 13:38:03,2724,1,39.7691220238,-0.376339285714
2012-10-05 13:38:04,2725,1,39.4968005952,-0.272321428571
2012-10-05 13:38:05,2726,1,39.1992559524,-0.297544642857
2012-10-05 13:38:06,2727,1,38.7284970238,-0.470758928571
2012-10-05 13:38:07,2728,1,38.1037946429,-0.624702380952
2012-10-05 13:38:08,2729,1,37.556547619,-0.54724702381
2012-10-05 13:38:09,2730,1,37.3302827381,-0.226264880952
2012-10-05 13:38:10,2731,1,37.4495535714,0.119270833333
2012-10-05 13:38:11,2732,1,37.7160714286,0.266517857143
2012-10-05 13:38:12,2733,1,37.9129464286,0.196875
2012-10-05 13:38:13,2734,1,37.9703125,0.0573660714286
2012-10-05 13:38:14,2735,1,37.9288690476,-0.041443452381
2012-10-05 13:38:15,2736,1,37.806547619,-0.122321428571
2012-10-05 13:38:16,2737,1,37.5470238095,-0.259523809524
2012-10-05 13:38:17,2738,1,37.0634672619,-0.483556547619
2012-10-05 13:38:18,2739,1,36.2819196429,-0.781547619048
2012-10-05 13:38:19,2740,1,35.1442708333,-1.13764880952
2012-10-05 13:38:20,2741,1,33.6142113095,-1.53005952381
2012-10-05 13:38:21,2742,1,31.7009672619,-1.91324404762
2012-10-05 13:38:22,2743,1,29.4545386905,-2.24642857143
2012-10-05 13:38:23,2744,1,26.9229166667,-2.53162202381
2012-10-05 13:38:24,2745,1,24.1217261905,-2.80119047619
2012-10-05 13:38:25,2746,1,21.0775297619,-3.04419642857
2012-10-05 13:38:26,2747,1,17.9319940476,-3.14553571429
2012-10-05 13:38:27,2748,1,14.971875,-2.96011904762
2012-10-05 13:38:28,2749,1,12.5134672619,-2.4584077381
2012-10-05 13:38:29,2750,1,10.7564732143,-1.75699404762
2012-10-05 13:38:30,2751,1,9.70930059524,-1.04717261905
2012-10-05 13:38:31,2752,1,9.19293154762,-0.516369047619
2012-10-05 13:38:32,2753,1,8.93563988095,-0.257291666667
2012-10-05 13:38:33,2754,1,8.71391369048,-0.221726190476
2012-10-05 13:38:34,2755,1,8.43474702381,-0.279166666667
2012-10-05 13:38:35,2756,1,8.1359375,-0.29880952381
2012-10-05 13:38:36,2757,1,7.92358630952,-0.212351190476
2012-10-05 13:38:37,2758,1,7.86063988095,-0.0629464285714
2012-10-05 13:38:38,2759,1,7.89188988095,0.03125
2012-10-05 13:38:39,2760,1,7.86526785714,-0.0266220238095
2012-10-05 13:38:40,2761,1,7.59336309524,-0.271904761905
2012-10-05 13:38:41,2762,1,6.93244047619,-0.660922619048
2012-10-05 13:38:42,2763,1,5.88938988095,-1.04305059524
2012-10-05 13:38:43,2764,1,4.6625,-1.22688988095
2012-10-05 13:38:44,2765,1,3.54510416667,-1.11739583333
2012-10-05 13:38:45,2766,1,2.76293154762,-0.782172619048
2012-10-05 13:38:46,2767,1,2.3644047619,-0.398526785714
2012-10-05 13:38:47,2768,1,2.27473214286,-0.0896726190476
2012-10-05 13:38:48,2769,1,2.46035714286,0.185625
2012-10-05 13:38:49,2770,1,2.94425595238,0.483898809524
2012-10-05 13:38:50,2771,1,3.63802083333,0.693764880952
2012-10-05 13:38:51,2772,1,4.28389880952,0.64587797619
2012-10-05 13:38:52,2773,1,4.62008928571,0.33619047619
2012-10-05 13:38:53,2774,1,4.57583333333,-0.044255952381
2012-10-05 13:38:54,2775,1,4.30623511905,-0.269598214286
2012-10-05 13:38:55,2776,1,4.04211309524,-0.26412202381
2012-10-05 13:38:56,2777,1,3.90791997354,-0.134193121693
2012-10-05 13:38:57,2778,1,3.8708994709,-0.0370205026455
2012-10-05 13:38:58,2779,1,3.80763888889,-0.0632605820106
2012-10-05 13:38:59,2780,1,3.60340608466,-0.204232804233
2012-10-05 13:39:00,2781,1,3.2351603836,-0.368245701058
2012-10-05 13:39:01,2782,1,2.7904265873,-0.444733796296
2012-10-05 13:39:02,2783,1,2.40951554233,-0.380911044974
2012-10-05 13:39:03,2784,1,2.18805390212,-0.221461640212
2012-10-05 13:39:04,2785,1,2.11217757937,-0.0758763227513
2012-10-05 13:39:05,2786,1,2.09797453704,-0.014203042328
2012-10-05 13:39:06,2787,1,2.08268022487,-0.0152943121693
2012-10-05 13:39:07,2788,1,2.05367063492,-0.0290095899471
2012-10-05 13:39:08,2789,1,2.03069609788,-0.022974537037
2012-10-05 13:39:09,2790,1,2.06689814815,0.0362020502645
2012-10-05 13:39:10,2791,1,2.2480406746,0.181142526455
2012-10-05 13:39:11,2792,1,2.6617146164,0.413673941799
2012-10-05 13:39:12,2793,1,3.35760582011,0.695891203704
2012-10-05 13:39:13,2794,1,4.31178075397,0.954174933862
2012-10-05 13:39:14,2795,1,5.4000082672,1.08822751323
2012-10-05 13:39:15,2796,1,6.43575562169,1.0357473545
2012-10-05 13:39:16,2797,1,7.29992559524,0.864169973545
2012-10-05 13:39:17,2798,1,8.03385416667,0.733928571429
2012-10-05 13:39:18,2799,1,8.76517857143,0.731324404762
2012-10-05 13:39:19,2800,1,9.54285714286,0.777678571429
2012-10-05 13:39:20,2801,1,10.2572172619,0.714360119048
2012-10-05 13:39:21,2802,1,10.7290178571,0.471800595238
2012-10-05 13:39:22,2803,1,10.8863095238,0.157291666667
2012-10-05 13:39:23,2804,1,10.8366815476,-0.0496279761905
2012-10-05 13:39:24,2805,1,10.7568452381,-0.0798363095238
2012-10-05 13:39:25,2806,1,10.7467261905,-0.010119047619
2012-10-05 13:39:26,2807,1,10.8078125,0.0610863095238
2012-10-05 13:39:27,2808,1,10.9160714286,0.108258928571
2012-10-05 13:39:28,2809,1,11.065625,0.149553571429
2012-10-05 13:39:29,2810,1,11.2539434524,0.188318452381
2012-10-05 13:39:30,2811,1,11.4609375,0.206994047619
2012-10-05 13:39:31,2812,1,11.6542410714,0.193303571429
2012-10-05 13:39:32,2813,1,11.8201636905,0.165922619048
2012-10-05 13:39:33,2814,1,11.9868303571,0.166666666667
2012-10-05 13:39:34,2815,1,12.204985119,0.218154761905
2012-10-05 13:39:35,2816,1,12.5089285714,0.303943452381
2012-10-05 13:39:36,2817,1,12.8898809524,0.380952380952
2012-10-05 13:39:37,2818,1,13.2802083333,0.390327380952
2012-10-05 13:39:38,2819,1,13.5742559524,0.294047619048
2012-10-05 13:39:39,2820,1,13.7104910714,0.136235119048
2012-10-05 13:39:40,2821,1,13.7324404762,0.0219494047619
2012-10-05 13:39:41,2822,1,13.7409970238,0.008556547619
2012-10-05 13:39:42,2823,1,13.796577381,0.0555803571429
2012-10-05 13:39:43,2824,1,13.866889881,0.0703125
2012-10-05 13:39:44,2825,1,13.8466517857,-0.0202380952381
2012-10-05 13:39:45,2826,1,13.6425595238,-0.204092261905
2012-10-05 13:39:46,2827,1,13.2556547619,-0.386904761905
2012-10-05 13:39:47,2828,1,12.778125,-0.477529761905
2012-10-05 13:39:48,2829,1,12.3396577381,-0.438467261905
2012-10-05 13:39:49,2830,1,12.0726190476,-0.267038690476
2012-10-05 13:39:50,2831,1,12.0738839286,0.0012648809524
2012-10-05 13:39:51,2832,1,12.3485119048,0.27462797619
2012-10-05 13:39:52,2833,1,12.7983630952,0.449851190476
2012-10-05 13:39:53,2834,1,13.2864583333,0.488095238095
2012-10-05 13:39:54,2835,1,13.7201636905,0.433705357143
2012-10-05 13:39:55,2836,1,14.0880952381,0.367931547619
2012-10-05 13:39:56,2837,1,14.4349702381,0.346875
2012-10-05 13:39:57,2838,1,14.8002232143,0.36525297619
2012-10-05 13:39:58,2839,1,15.154389881,0.354166666667
2012-10-05 13:39:59,2840,1,15.373139881,0.21875
2012-10-05 13:40:00,2841,1,15.3145833333,-0.0585565476191
2012-10-05 13:40:01,2842,1,14.9638392857,-0.350744047619
2012-10-05 13:40:02,2843,1,14.4586309524,-0.505208333333
2012-10-05 13:40:03,2844,1,13.9556547619,-0.502976190476
2012-10-05 13:40:04,2845,1,13.528422619,-0.427232142857
2012-10-05 13:40:05,2846,1,13.1935267857,-0.334895833333
2012-10-05 13:40:06,2847,1,12.9764880952,-0.217038690476
2012-10-05 13:40:07,2848,1,12.9334821429,-0.043005952381
2012-10-05 13:40:08,2849,1,13.1008184524,0.167336309524
2012-10-05 13:40:09,2850,1,13.4102678571,0.309449404762
2012-10-05 13:40:10,2851,1,13.7113839286,0.301116071429
2012-10-05 13:40:11,2852,1,13.9171875,0.205803571429
2012-10-05 13:40:12,2853,1,14.0613839286,0.144196428571
2012-10-05 13:40:13,2854,1,14.2078125,0.146428571429
2012-10-05 13:40:14,2855,1,14.3723958333,0.164583333333
2012-10-05 13:40:15,2856,1,14.5107886905,0.138392857143
2012-10-05 13:40:16,2857,1,14.5537946429,0.0430059523809
2012-10-05 13:40:17,2858,1,14.4742559524,-0.0795386904761
2012-10-05 13:40:18,2859,1,14.3027529762,-0.17150297619
2012-10-05 13:40:19,2860,1,14.0823660714,-0.220386904762
2012-10-05 13:40:20,2861,1,13.8334077381,-0.248958333333
2012-10-05 13:40:21,2862,1,13.558110119,-0.275297619048
2012-10-05 13:40:22,2863,1,13.2909970238,-0.267113095238
2012-10-05 13:40:23,2864,1,13.1287202381,-0.162276785714
2012-10-05 13:40:24,2865,1,13.1589285714,0.0302083333334
2012-10-05 13:40:25,2866,1,13.3728422619,0.213913690476
2012-10-05 13:40:26,2867,1,13.6719494048,0.299107142857
2012-10-05 13:40:27,2868,1,13.9348214286,0.262872023809
2012-10-05 13:40:28,2869,1,14.0845238095,0.149702380952
2012-10-05 13:40:29,2870,1,14.1292410714,0.0447172619048
2012-10-05 13:40:30,2871,1,14.1485119048,0.0192708333333
2012-10-05 13:40:31,2872,1,14.2292410714,0.0807291666667
2012-10-05 13:40:32,2873,1,14.3920386905,0.162797619048
2012-10-05 13:40:33,2874,1,14.5563988095,0.164360119048
2012-10-05 13:40:34,2875,1,14.5710565476,0.0146577380952
2012-10-05 13:40:35,2876,1,14.3072916667,-0.263764880952
2012-10-05 13:40:36,2877,1,13.7705357143,-0.536755952381
2012-10-05 13:40:37,2878,1,13.125,-0.645535714286
2012-10-05 13:40:38,2879,1,12.5857886905,-0.539211309524
2012-10-05 13:40:39,2880,1,12.2813988095,-0.304389880952
2012-10-05 13:40:40,2881,1,12.1947172619,-0.086681547619
2012-10-05 13:40:41,2882,1,12.2,0.0052827380952
2012-10-05 13:40:42,2883,1,12.1744047619,-0.0255952380952
2012-10-05 13:40:43,2884,1,12.1104910714,-0.0639136904762
2012-10-05 13:40:44,2885,1,12.1193452381,0.0088541666666
2012-10-05 13:40:45,2886,1,12.2976934524,0.178348214286
2012-10-05 13:40:46,2887,1,12.5756696429,0.277976190476
2012-10-05 13:40:47,2888,1,12.7354166667,0.15974702381
2012-10-05 13:40:48,2889,1,12.6188988095,-0.116517857143
2012-10-05 13:40:49,2890,1,12.2758184524,-0.343080357143
2012-10-05 13:40:50,2891,1,11.896875,-0.378943452381
2012-10-05 13:40:51,2892,1,11.647172619,-0.249702380952
2012-10-05 13:40:52,2893,1,11.5529761905,-0.0941964285714
2012-10-05 13:40:53,2894,1,11.5365327381,-0.016443452381
2012-10-05 13:40:54,2895,1,11.550297619,0.0137648809524
2012-10-05 13:40:55,2896,1,11.6183779762,0.0680803571429
2012-10-05 13:40:56,2897,1,11.7574404762,0.1390625
2012-10-05 13:40:57,2898,1,11.9234375,0.16599702381
2012-10-05 13:40:58,2899,1,12.0392113095,0.115773809524
2012-10-05 13:40:59,2900,1,12.0619791667,0.0227678571429
2012-10-05 13:41:00,2901,1,12.0134672619,-0.0485119047619
2012-10-05 13:41:01,2902,1,11.9210565476,-0.0924107142858
2012-10-05 13:41:02,2903,1,11.7526785714,-0.16837797619
2012-10-05 13:41:03,2904,1,11.4524553571,-0.300223214286
2012-10-05 13:41:04,2905,1,11.0384672619,-0.413988095238
2012-10-05 13:41:05,2906,1,10.6227678571,-0.415699404762
2012-10-05 13:41:06,2907,1,10.2953125,-0.327455357143
2012-10-05 13:41:07,2908,1,10.0095238095,-0.285788690476
2012-10-05 13:41:08,2909,1,9.63571428571,-0.37380952381
2012-10-05 13:41:09,2910,1,9.13883928571,-0.496875
2012-10-05 13:41:10,2911,1,8.65639880952,-0.48244047619
2012-10-05 13:41:11,2912,1,8.33608630952,-0.3203125
2012-10-05 13:41:12,2913,1,8.1421875,-0.193898809524
2012-10-05 13:41:13,2914,1,7.91711309524,-0.225074404762
2012-10-05 13:41:14,2915,1,7.55907738095,-0.358035714286
2012-10-05 13:41:15,2916,1,7.06168154762,-0.497395833333
2012-10-05 13:41:16,2917,1,6.46941964286,-0.592261904762
2012-10-05 13:41:17,2918,1,5.83549107143,-0.633928571429
2012-10-05 13:41:18,2919,1,5.18943452381,-0.646056547619
2012-10-05 13:41:19,2920,1,4.53132440476,-0.658110119048
2012-10-05 13:41:20,2921,1,3.8015625,-0.729761904762
2012-10-05 13:41:21,2922,1,2.88541666667,-0.916145833333
2012-10-05 13:41:22,2923,1,1.79799107143,-1.08742559524
2012-10-05 13:41:23,2924,1,0.0,-1.79799107143
2012-10-05 13:41:24,2925,1,0.0,0.0
2012-10-05 13:41:25,2926,1,0.0,0.0
2012-10-05 13:41:26,2927,1,0.0,0.0
2012-10-05 13:41:27,2928,1,0.0,0.0
2012-10-05 13:41:28,2929,1,0.0,0.0
