timestamp,cycle_sec,timestep,speed_mph,accel_meters_ps
2012-07-07 07:52:30,0,45521,0.0,0.0
2012-07-07 07:52:31,1,1,2.17533482143,2.17533482143
2012-07-07 07:52:32,2,1,3.12767857143,0.95234375
2012-07-07 07:52:33,3,1,3.53898809524,0.41130952381
2012-07-07 07:52:34,4,1,3.40049603175,-0.138492063492
2012-07-07 07:52:35,5,1,3.05701884921,-0.34347718254
2012-07-07 07:52:36,6,1,2.74233630952,-0.314682539683
2012-07-07 07:52:37,7,1,2.49211309524,-0.250223214286
2012-07-07 07:52:38,8,1,2.29263392857,-0.199479166667
2012-07-07 07:52:39,9,1,2.17611607143,-0.116517857143
2012-07-07 07:52:40,10,1,2.24112103175,0.0650049603175
2012-07-07 07:52:41,11,1,2.63294890873,0.391827876984
2012-07-07 07:52:42,12,1,3.45394345238,0.820994543651
2012-07-07 07:52:43,13,1,4.67094494048,1.2170014881
2012-07-07 07:52:44,14,1,6.11130952381,1.44036458333
2012-07-07 07:52:45,15,1,7.54642857143,1.43511904762
2012-07-07 07:52:46,16,1,8.81314484127,1.26671626984
2012-07-07 07:52:47,17,1,9.87666170635,1.06351686508
2012-07-07 07:52:48,18,1,10.7743303571,0.897668650794
2012-07-07 07:52:49,19,1,11.5311755952,0.756845238095
2012-07-07 07:52:50,20,1,12.130952381,0.599776785714
2012-07-07 07:52:51,21,1,12.4885416667,0.357589285714
2012-07-07 07:52:52,22,1,12.4239583333,-0.0645833333334
2012-07-07 07:52:53,23,1,11.7601190476,-0.663839285714
2012-07-07 07:52:54,24,1,10.5282738095,-1.2318452381
2012-07-07 07:52:55,25,1,9.05401785714,-1.47425595238
2012-07-07 07:52:56,26,1,7.79092261905,-1.2630952381
2012-07-07 07:52:57,27,1,7.04598214286,-0.74494047619
2012-07-07 07:52:58,28,1,6.83132440476,-0.214657738095
2012-07-07 07:52:59,29,1,6.94657738095,0.11525297619
2012-07-07 07:53:00,30,1,7.20275297619,0.256175595238
2012-07-07 07:53:01,31,1,7.56242559524,0.359672619048
2012-07-07 07:53:02,32,1,8.08444940476,0.522023809524
2012-07-07 07:53:03,33,1,8.8240327381,0.739583333333
2012-07-07 07:53:04,34,1,9.81517857143,0.991145833333
2012-07-07 07:53:05,35,1,11.0556547619,1.24047619048
2012-07-07 07:53:06,36,1,12.4517113095,1.39605654762
2012-07-07 07:53:07,37,1,13.7845982143,1.33288690476
2012-07-07 07:53:08,38,1,14.7226934524,0.938095238095
2012-07-07 07:53:09,39,1,14.9162202381,0.193526785714
2012-07-07 07:53:10,40,1,14.19375,-0.722470238095
2012-07-07 07:53:11,41,1,12.721875,-1.471875
2012-07-07 07:53:12,42,1,10.9511904762,-1.77068452381
2012-07-07 07:53:13,43,1,9.3322172619,-1.61897321429
2012-07-07 07:53:14,44,1,8.01688988095,-1.31532738095
2012-07-07 07:53:15,45,1,6.84962797619,-1.16726190476
2012-07-07 07:53:16,46,1,5.65617559524,-1.19345238095
2012-07-07 07:53:17,47,1,4.49494047619,-1.16123511905
2012-07-07 07:53:18,48,1,3.62782738095,-0.867113095238
2012-07-07 07:53:19,49,1,3.28311011905,-0.344717261905
2012-07-07 07:53:20,50,1,3.44761904762,0.164508928571
2012-07-07 07:53:21,51,1,3.8584077381,0.410788690476
2012-07-07 07:53:22,52,1,4.14136904762,0.282961309524
2012-07-07 07:53:23,53,1,3.9546875,-0.186681547619
2012-07-07 07:53:24,54,1,3.1490327381,-0.805654761905
2012-07-07 07:53:25,55,1,1.97807185374,-1.17096088435
2012-07-07 07:53:26,56,1,0.0,-1.97807185374
