timestamp,cycle_sec,timestep,speed_mph,accel_meters_ps
2012-07-04 10:37:22,0,48461,0.0,0.0
2012-07-04 10:37:23,1,1,1.60305044792,1.60305044792
2012-07-04 10:37:24,2,1,2.45617533011,0.853124882192
2012-07-04 10:37:25,3,1,3.0276037815,0.571428451389
2012-07-04 10:37:26,4,1,3.28154718452,0.253943403026
2012-07-04 10:37:27,5,1,3.37083294568,0.0892857611607
2012-07-04 10:37:28,6,1,3.39680028571,0.0259673400298
2012-07-04 10:37:29,7,1,3.42685981845,0.0300595327381
2012-07-04 10:37:30,8,1,3.66897280109,0.242112982639
2012-07-04 10:37:31,9,1,4.48229104861,0.81331824752
2012-07-04 10:37:32,10,1,6.09293072842,1.61063967981
2012-07-04 10:37:33,11,1,8.32648717857,2.23355645015
2012-07-04 10:37:34,12,1,10.6898800722,2.3633928936
2012-07-04 10:37:35,13,1,12.7109367411,2.0210566689
2012-07-04 10:37:36,14,1,14.2341511567,1.52321441567
2012-07-04 10:37:37,15,1,15.4309518455,1.19680068874
2012-07-04 10:37:38,16,1,16.5186007254,1.08764887996
2012-07-04 10:37:39,17,1,17.5186752225,1.00007449702
2012-07-04 10:37:40,18,1,18.3054313058,0.786756083333
2012-07-04 10:37:41,19,1,18.7819195298,0.476488223958
2012-07-04 10:37:42,20,1,18.9529761324,0.171056602679
2012-07-04 10:37:43,21,1,18.8933778616,-0.0595982708334
2012-07-04 10:37:44,22,1,18.6970979643,-0.196279897321
2012-07-04 10:37:45,23,1,18.4424103289,-0.254687635417
2012-07-04 10:37:46,24,1,18.179687058,-0.262723270833
2012-07-04 10:37:47,25,1,17.9392109226,-0.240476135417
2012-07-04 10:37:48,26,1,17.7423360528,-0.196874869792
2012-07-04 10:37:49,27,1,17.6047617842,-0.137574268601
2012-07-04 10:37:50,28,1,17.5368303281,-0.0679314561012
2012-07-04 10:37:51,29,1,17.5367559598,-7.43683036006e-05
2012-07-04 10:37:52,30,1,17.5572916815,0.0205357217262
2012-07-04 10:37:53,31,1,17.4547619174,-0.102529764137
2012-07-04 10:37:54,32,1,16.9670386592,-0.487723258184
2012-07-04 10:37:55,33,1,15.7895087679,-1.17752989137
2012-07-04 10:37:56,34,1,13.8093002493,-1.9802085186
2012-07-04 10:37:57,35,1,11.3735858266,-2.43571442262
2012-07-04 10:37:58,36,1,9.27529713616,-2.09828869048
2012-07-04 10:37:59,37,1,8.36130917783,-0.913987958333
2012-07-04 10:38:00,38,1,9.04888376786,0.68757459003
2012-07-04 10:38:01,39,1,11.0844493735,2.03556560565
2012-07-04 10:38:02,40,1,13.7121279888,2.62767861533
2012-07-04 10:38:03,41,1,16.1426339435,2.43050595461
2012-07-04 10:38:04,42,1,17.9314732202,1.78883927679
2012-07-04 10:38:05,43,1,19.0175594881,1.08608626786
2012-07-04 10:38:06,44,1,19.5577379702,0.540178482143
2012-07-04 10:38:07,45,1,19.7576634695,0.199925499256
2012-07-04 10:38:08,46,1,19.7758925952,0.0182291257441
2012-07-04 10:38:09,47,1,19.717187279,-0.0587053162202
2012-07-04 10:38:10,48,1,19.6578867812,-0.0593004977679
2012-07-04 10:38:11,49,1,19.6410713996,-0.0168153816964
2012-07-04 10:38:12,50,1,19.6581845327,0.0171131331845
2012-07-04 10:38:13,51,1,19.6341517567,-0.0240327760417
2012-07-04 10:38:14,52,1,19.4169641637,-0.217187593006
2012-07-04 10:38:15,53,1,18.7897133287,-0.627250835008
2012-07-04 10:38:16,54,1,17.5017017585,-1.28801157022
2012-07-04 10:38:17,55,1,15.369810021,-2.13189173744
2012-07-04 10:38:18,56,1,12.4979628967,-2.87184712435
2012-07-04 10:38:19,57,1,9.3906990186,-3.10726387807
2012-07-04 10:38:20,58,1,6.72611550967,-2.66458350893
2012-07-04 10:38:21,59,1,4.97410644122,-1.75200906845
2012-07-04 10:38:22,60,1,4.17296244429,-0.801143996931
2012-07-04 10:38:23,61,1,3.98136096689,-0.1916014774
2012-07-04 10:38:24,62,1,3.97157687426,-0.00978409263393
2012-07-04 10:38:25,63,1,3.93880171763,-0.032775156622
2012-07-04 10:38:26,64,1,3.98789968815,0.0490979705171
2012-07-04 10:38:27,65,1,4.40647304613,0.41857335798
2012-07-04 10:38:28,66,1,5.45952358854,1.05305054241
2012-07-04 10:38:29,67,1,7.22842221875,1.76889863021
2012-07-04 10:38:30,68,1,9.57725943815,2.3488372194
2012-07-04 10:38:31,69,1,12.2458884425,2.66862900437
2012-07-04 10:38:32,70,1,14.9873598889,2.74147144634
2012-07-04 10:38:33,71,1,17.626729495,2.63936960612
2012-07-04 10:38:34,72,1,20.0228419888,2.39611249386
2012-07-04 10:38:35,73,1,22.0595235766,2.0366815878
2012-07-04 10:38:36,74,1,23.7085562738,1.64903269717
2012-07-04 10:38:37,75,1,25.0526037976,1.34404752381
2012-07-04 10:38:38,76,1,26.2078863996,1.15528260193
2012-07-04 10:38:39,77,1,27.2298356659,1.02194926637
2012-07-04 10:38:40,78,1,28.1012641815,0.871428515625
2012-07-04 10:38:41,79,1,28.7947166607,0.693452479167
2012-07-04 10:38:42,80,1,29.3165918832,0.52187522247
2012-07-04 10:38:43,81,1,29.6760415171,0.359449633929
2012-07-04 10:38:44,82,1,29.8294642656,0.153422748512
2012-07-04 10:38:45,83,1,29.6734374769,-0.156026788691
2012-07-04 10:38:46,84,1,29.0719492879,-0.601488188988
2012-07-04 10:38:47,85,1,27.8802825201,-1.19166676786
2012-07-04 10:38:48,86,1,25.9856396257,-1.89464289435
2012-07-04 10:38:49,87,1,23.3982140707,-2.58742555506
2012-07-04 10:38:50,88,1,20.3536456793,-3.04456839137
2012-07-04 10:38:51,89,1,17.2836307961,-3.07001488318
2012-07-04 10:38:52,90,1,14.581175343,-2.70245545312
2012-07-04 10:38:53,91,1,12.3362347388,-2.24494060417
2012-07-04 10:38:54,92,1,10.2908477746,-2.04538696429
2012-07-04 10:38:55,93,1,8.07537163988,-2.21547613467
2012-07-04 10:38:56,94,1,5.57239557887,-2.50297606101
2012-07-04 10:38:57,95,1,3.1492558151,-2.42313976376
2012-07-04 10:38:58,96,1,0.0,-3.1492558151
2012-07-04 10:40:11,169,73,0.0,0.0
2012-07-04 10:40:12,170,1,2.7380948058,2.7380948058
2012-07-04 10:40:13,171,1,5.20215712798,2.46406232217
2012-07-04 10:40:14,172,1,8.12782672024,2.92566959226
2012-07-04 10:40:15,173,1,10.9831839449,2.8553572247
2012-07-04 10:40:16,174,1,13.4799846711,2.49680072619
2012-07-04 10:40:17,175,1,15.5957585658,2.11577389472
2012-07-04 10:40:18,176,1,17.4789430871,1.88318452121
2012-07-04 10:40:19,177,1,19.2811751466,1.80223205952
2012-07-04 10:40:20,178,1,21.0402524234,1.75907727679
2012-07-04 10:40:21,179,1,22.6999250067,1.65967258333
2012-07-04 10:40:22,180,1,24.2012643408,1.50133933408
2012-07-04 10:40:23,181,1,25.5248507009,1.32358636012
2012-07-04 10:40:24,182,1,26.6740322135,1.14918151265
2012-07-04 10:40:25,183,1,27.6507433787,0.976711165179
2012-07-04 10:40:26,184,1,28.4456836704,0.794940291667
2012-07-04 10:40:27,185,1,29.0608621496,0.615178479167
2012-07-04 10:40:28,186,1,29.5523800878,0.491517938244
2012-07-04 10:40:29,187,1,30.0364576905,0.484077602679
2012-07-04 10:40:30,188,1,30.6324401146,0.595982424107
2012-07-04 10:40:31,189,1,31.3764135885,0.743973473958
2012-07-04 10:40:32,190,1,32.1758928943,0.799479305804
2012-07-04 10:40:33,191,1,32.8566220119,0.68072911756
2012-07-04 10:40:34,192,1,33.2579611034,0.401339091518
2012-07-04 10:40:35,193,1,33.2660710104,0.0081099069941
2012-07-04 10:40:36,194,1,32.7552822128,-0.510788797619
2012-07-04 10:40:37,195,1,31.5555798579,-1.19970235491
2012-07-04 10:40:38,196,1,29.5343745551,-2.02120530283
2012-07-04 10:40:39,197,1,26.7026036749,-2.83177088021
2012-07-04 10:40:40,198,1,23.2234368438,-3.4791668311
2012-07-04 10:40:41,199,1,19.3313235521,-3.89211329167
2012-07-04 10:40:42,200,1,15.2701627091,-4.06116084301
2012-07-04 10:40:43,201,1,11.3309513996,-3.93921130952
2012-07-04 10:40:44,202,1,7.89709735863,-3.43385404092
2012-07-04 10:40:45,203,1,5.33973147619,-2.55736588244
2012-07-04 10:40:46,204,1,3.81755903795,-1.52217243824
2012-07-04 10:40:47,205,1,3.18705321354,-0.630505824405
2012-07-04 10:40:48,206,1,3.10758896949,-0.0794642440476
2012-07-04 10:40:49,207,1,3.24300558482,0.135416615327
2012-07-04 10:40:50,208,1,3.37834775818,0.135342173363
2012-07-04 10:40:51,209,1,3.39062448735,0.0122767291667
2012-07-04 10:40:52,210,1,3.23764829539,-0.152976191964
2012-07-04 10:40:53,211,1,3.04360072619,-0.194047569196
2012-07-04 10:40:54,212,1,3.05848176414,0.0148810379464
2012-07-04 10:40:55,213,1,3.39196399926,0.333482235119
2012-07-04 10:40:56,214,1,3.83995515327,0.447991154018
2012-07-04 10:40:57,215,1,4.07261890179,0.232663748512
2012-07-04 10:40:58,216,1,3.99464270238,-0.0779761994048
2012-07-04 10:40:59,217,1,3.87790153348,-0.116741168899
2012-07-04 10:41:00,218,1,4.09739545461,0.219493921131
2012-07-04 10:41:01,219,1,4.73251444717,0.63511899256
2012-07-04 10:41:02,220,1,5.47492521429,0.742410767113
2012-07-04 10:41:03,221,1,5.92113066815,0.446205453869
2012-07-04 10:41:04,222,1,5.87481375521,-0.0463169129464
2012-07-04 10:41:05,223,1,5.37633901265,-0.49847474256
2012-07-04 10:41:06,224,1,4.59084780878,-0.785491203869
2012-07-04 10:41:07,225,1,3.73973155283,-0.851116255952
2012-07-04 10:41:08,226,1,3.03761084673,-0.702120706101
2012-07-04 10:41:09,227,1,2.61309437798,-0.42451646875
2012-07-04 10:41:10,228,1,2.48203039137,-0.131063986607
2012-07-04 10:41:11,229,1,2.57537127009,0.0933408787202
2012-07-04 10:41:12,230,1,2.80654703348,0.231175763393
2012-07-04 10:41:13,231,1,3.13571384301,0.329166809524
2012-07-04 10:41:14,232,1,3.54534929911,0.409635456101
2012-07-04 10:41:15,233,1,3.98177038318,0.436421084077
2012-07-04 10:41:16,234,1,4.37269295461,0.390922571429
2012-07-04 10:41:17,235,1,4.67916616518,0.306473210565
2012-07-04 10:41:18,236,1,4.91182986161,0.232663696429
2012-07-04 10:41:19,237,1,5.11034172247,0.198511860863
2012-07-04 10:41:20,238,1,5.28787139137,0.177529668899
2012-07-04 10:41:21,239,1,5.3819189561,0.0940475647321
2012-07-04 10:41:22,240,1,5.29568389658,-0.0862350595238
2012-07-04 10:41:23,241,1,5.03169593452,-0.263987962054
2012-07-04 10:41:24,242,1,4.78392816295,-0.247767771577
2012-07-04 10:41:25,243,1,4.84427038616,0.0603422232143
2012-07-04 10:41:26,244,1,5.36488039807,0.520610011905
2012-07-04 10:41:27,245,1,6.19560951935,0.83072912128
2012-07-04 10:41:28,246,1,6.94739531622,0.751785796875
2012-07-04 10:41:29,247,1,7.23727644568,0.289881129464
2012-07-04 10:41:30,248,1,6.94717247173,-0.290103973958
2012-07-04 10:41:31,249,1,6.27894342708,-0.668229044643
2012-07-04 10:41:32,250,1,5.50781247545,-0.771130951637
2012-07-04 10:41:33,251,1,4.66964274479,-0.838169730655
2012-07-04 10:41:34,252,1,3.58318433333,-1.08645841146
2012-07-04 10:41:35,253,1,2.28113821131,-1.30204612202
2012-07-04 10:41:36,254,1,0.0,-2.28113821131
2012-07-04 10:51:19,837,583,0.0,0.0
2012-07-04 10:51:20,838,1,2.08980657664,2.08980657664
2012-07-04 10:51:21,839,1,2.9238467128,0.834040136161
2012-07-04 10:51:22,840,1,3.2395088125,0.315662099702
2012-07-04 10:51:23,841,1,3.15896555432,-0.0805432581845
2012-07-04 10:51:24,842,1,3.09427057292,-0.0646949813988
2012-07-04 10:51:25,843,1,3.26458312054,0.170312547619
2012-07-04 10:51:26,844,1,3.62864571949,0.364062598958
2012-07-04 10:51:27,845,1,4.06618297024,0.437537250744
2012-07-04 10:51:28,846,1,4.48519330283,0.419010332589
2012-07-04 10:51:29,847,1,4.83080323661,0.34560993378
2012-07-04 10:51:30,848,1,5.12299055432,0.292187317708
2012-07-04 10:51:31,849,1,5.48020772545,0.357217171131
2012-07-04 10:51:32,850,1,6.0156988378,0.535491112351
2012-07-04 10:51:33,851,1,6.6794638631,0.663765025298
2012-07-04 10:51:34,852,1,7.23883903348,0.559375170387
2012-07-04 10:51:35,853,1,7.42968738765,0.190848354167
2012-07-04 10:51:36,854,1,7.10796129018,-0.32172609747
2012-07-04 10:51:37,855,1,6.29925597098,-0.808705319196
2012-07-04 10:51:38,856,1,5.22180057887,-1.07745539211
2012-07-04 10:51:39,857,1,4.3119790186,-0.909821560268
2012-07-04 10:51:40,858,1,4.12477640997,-0.187202608631
2012-07-04 10:51:41,859,1,5.07261841071,0.947842000744
2012-07-04 10:51:42,860,1,7.2091509628,2.13653255208
2012-07-04 10:51:43,861,1,10.2413681897,3.03221722693
2012-07-04 10:51:44,862,1,13.7191956644,3.4778274747
2012-07-04 10:51:45,863,1,17.2331094851,3.51391382068
2012-07-04 10:51:46,864,1,20.4860857746,3.25297628943
2012-07-04 10:51:47,865,1,23.2710560893,2.78497031473
2012-07-04 10:51:48,866,1,25.4965770112,2.22552092187
2012-07-04 10:51:49,867,1,27.229464003,1.73288699182
2012-07-04 10:51:50,868,1,28.6088539308,1.37938992783
2012-07-04 10:51:51,869,1,29.6985860707,1.08973213988
2012-07-04 10:51:52,870,1,30.4607139985,0.762127927827
2012-07-04 10:51:53,871,1,30.8548359345,0.394121936012
2012-07-04 10:51:54,872,1,30.9241810781,0.0693451436012
2012-07-04 10:51:55,873,1,30.7725441257,-0.151636952381
2012-07-04 10:51:56,874,1,30.4572167902,-0.315327335565
2012-07-04 10:51:57,875,1,29.9165919271,-0.540624863095
2012-07-04 10:51:58,876,1,29.0175593304,-0.899032596726
2012-07-04 10:51:59,877,1,27.6739581853,-1.34360114509
2012-07-04 10:52:00,878,1,25.9243301585,-1.74962802679
2012-07-04 10:52:01,879,1,23.906100907,-2.01822925149
2012-07-04 10:52:02,880,1,21.7530502217,-2.15305068527
2012-07-04 10:52:03,881,1,19.5156245335,-2.23742568824
2012-07-04 10:52:04,882,1,17.1812494457,-2.3343750878
2012-07-04 10:52:05,883,1,14.7781988028,-2.40305064286
2012-07-04 10:52:06,884,1,12.4751482574,-2.30305054539
2012-07-04 10:52:07,885,1,10.563764471,-1.91138378646
2012-07-04 10:52:08,886,1,9.27961281176,-1.28415165923
2012-07-04 10:52:09,887,1,8.58139853646,-0.698214275298
2012-07-04 10:52:10,888,1,8.11555022991,-0.465848306548
2012-07-04 10:52:11,889,1,7.45736560714,-0.658184622768
2012-07-04 10:52:12,890,1,6.42036514679,-1.03700046035
2012-07-04 10:52:13,891,1,5.14770358769,-1.2726615591
2012-07-04 10:52:14,892,1,3.94335618474,-1.20434740295
2012-07-04 10:52:15,893,1,3.03066472906,-0.912691455676
2012-07-04 10:52:16,894,1,2.4472887213,-0.583376007759
2012-07-04 10:52:17,895,1,2.11937623108,-0.327912490221
2012-07-04 10:52:18,896,1,1.96611309853,-0.153263132547
2012-07-04 10:52:19,897,1,1.92071568941,-0.0453974091199
2012-07-04 10:52:20,898,1,1.91440206282,-0.00631362659439
2012-07-04 10:52:21,899,1,1.89779932632,-0.0166027365009
2012-07-04 10:52:22,900,1,1.9188666469,0.0210673205782
2012-07-04 10:52:23,901,1,2.20352871769,0.284662070791
2012-07-04 10:52:24,902,1,3.11477443187,0.911245714179
2012-07-04 10:52:25,903,1,4.95211485831,1.83734042645
2012-07-04 10:52:26,904,1,7.73495909162,2.78284423331
2012-07-04 10:52:27,905,1,11.1347676858,3.39980859418
2012-07-04 10:52:28,906,1,14.5976822702,3.4629145844
2012-07-04 10:52:29,907,1,17.565199383,2.96751711278
2012-07-04 10:52:30,908,1,19.6156989978,2.0504996148
2012-07-04 10:52:31,909,1,20.4699399874,0.854240989583
2012-07-04 10:52:32,910,1,20.0298356786,-0.44010430878
2012-07-04 10:52:33,911,1,18.5261897426,-1.50364593601
2012-07-04 10:52:34,912,1,16.5636897515,-1.96249999107
2012-07-04 10:52:35,913,1,14.9200142865,-1.64367546503
2012-07-04 10:52:36,914,1,14.2328864911,-0.687127795387
2012-07-04 10:52:37,915,1,14.7646574568,0.531770965774
2012-07-04 10:52:38,916,1,16.3687497626,1.6040923058
2012-07-04 10:52:39,917,1,18.651413442,2.28266367932
2012-07-04 10:52:40,918,1,21.1510414122,2.49962797024
2012-07-04 10:52:41,919,1,23.4375741972,2.28653278497
2012-07-04 10:52:42,920,1,25.2012647619,1.76369056473
2012-07-04 10:52:43,921,1,26.323288619,1.12202385714
2012-07-04 10:52:44,922,1,26.8374998795,0.514211260417
2012-07-04 10:52:45,923,1,26.7930057381,-0.0444941413691
2012-07-04 10:52:46,924,1,26.138764622,-0.654241116071
2012-07-04 10:52:47,925,1,24.7462795476,-1.3924850744
2012-07-04 10:52:48,926,1,22.5644344033,-2.18184514435
2012-07-04 10:52:49,927,1,19.7711308824,-2.79330352083
2012-07-04 10:52:50,928,1,16.79144334,-2.97968754241
2012-07-04 10:52:51,929,1,14.1676337254,-2.62380961458
2012-07-04 10:52:52,930,1,12.3599699464,-1.80766377902
2012-07-04 10:52:53,931,1,11.5863091421,-0.773660804316
2012-07-04 10:52:54,932,1,11.7732882195,0.186979077381
2012-07-04 10:52:55,933,1,12.6045381719,0.831249952381
2012-07-04 10:52:56,934,1,13.6134667835,1.00892861161
2012-07-04 10:52:57,935,1,14.3049847813,0.691517997768
2012-07-04 10:52:58,936,1,14.3016367522,-0.0033480290179
2012-07-04 10:52:59,937,1,13.4683779494,-0.833258802827
2012-07-04 10:53:00,938,1,11.947470215,-1.52090773438
2012-07-04 10:53:01,939,1,10.0812498899,-1.86622032515
2012-07-04 10:53:02,940,1,8.26175573735,-1.81949415253
2012-07-04 10:53:03,941,1,6.77916636905,-1.4825893683
2012-07-04 10:53:04,942,1,5.7486603683,-1.03050600074
2012-07-04 10:53:05,943,1,5.11517822545,-0.633482142857
2012-07-04 10:53:06,944,1,4.6669639881,-0.448214237351
2012-07-04 10:53:07,945,1,4.08809502158,-0.578868966518
2012-07-04 10:53:08,946,1,3.14642845312,-0.941666568452
2012-07-04 10:53:09,947,1,1.95870531622,-1.1877231369
2012-07-04 10:53:10,948,1,0.0,-1.95870531622
