timestamp,cycle_sec,timestep,speed_mph,accel_meters_ps
2012-06-02 20:39:15,0,74808,0.0,0.0
2012-06-02 20:39:16,1,1,2.09660197545,2.09660197545
2012-06-02 20:39:17,2,1,3.14914813889,1.05254616344
2012-06-02 20:39:18,3,1,3.71421910367,0.565070964782
2012-06-02 20:39:19,4,1,3.69469185119,-0.0195272524802
2012-06-02 20:39:20,5,1,3.38324167436,-0.311450176835
2012-06-02 20:39:21,6,1,3.09515467535,-0.288086999008
2012-06-02 20:39:22,7,1,2.95337233557,-0.141782339782
2012-06-02 20:39:23,8,1,2.90257053472,-0.0508018008433
2012-06-02 20:39:24,9,1,2.84058322718,-0.0619873075397
2012-06-02 20:39:25,10,1,2.72088261682,-0.119700610367
2012-06-02 20:39:26,11,1,2.68475503745,-0.0361275793651
2012-06-02 20:39:27,12,1,3.22285850942,0.538103471974
2012-06-02 20:39:28,13,1,5.01624464286,1.79338613343
2012-06-02 20:39:29,14,1,8.37886028547,3.36261564261
2012-06-02 20:39:30,15,1,12.8686337406,4.48977345511
2012-06-02 20:39:31,16,1,17.5142604457,4.64562670511
2012-06-02 20:39:32,17,1,21.4369953286,3.92273488294
2012-06-02 20:39:33,18,1,24.3070764377,2.87008110913
2012-06-02 20:39:34,19,1,26.254984878,1.94790844023
2012-06-02 20:39:35,20,1,27.4198657939,1.16488091592
2012-06-02 20:39:36,21,1,27.7061008103,0.286235016369
2012-06-02 20:39:37,22,1,26.9358626183,-0.770238191964
2012-06-02 20:39:38,23,1,25.0400292939,-1.8958333244
2012-06-02 20:39:39,24,1,22.090847881,-2.94918141295
2012-06-02 20:39:40,25,1,18.3200146905,-3.77083319048
2012-06-02 20:39:41,26,1,14.1654760067,-4.15453868378
2012-06-02 20:39:42,27,1,10.2701633683,-3.89531263839
2012-06-02 20:39:43,28,1,7.37388342932,-2.89627993899
2012-06-02 20:39:44,29,1,6.07804995759,-1.29583347173
2012-06-02 20:39:45,30,1,6.63705284524,0.559002887649
2012-06-02 20:39:46,31,1,8.90163614286,2.26458329762
2012-06-02 20:39:47,32,1,12.3395081979,3.43787205506
2012-06-02 20:39:48,33,1,16.191591631,3.85208343304
2012-06-02 20:39:49,34,1,19.8243298638,3.63273823289
2012-06-02 20:39:50,35,1,22.9930055744,3.16867571057
2012-06-02 20:39:51,36,1,25.785118721,2.79211314658
2012-06-02 20:39:52,37,1,28.3542407723,2.56912205134
2012-06-02 20:39:53,38,1,30.6602676376,2.30602686533
2012-06-02 20:39:54,39,1,32.4421130186,1.78184538095
2012-06-02 20:39:55,40,1,33.4794643802,1.03735136161
2012-06-02 20:39:56,41,1,33.8325895208,0.353125140625
2012-06-02 20:39:57,42,1,33.7799109479,-0.0526785729166
2012-06-02 20:39:58,43,1,33.5930804048,-0.186830543155
2012-06-02 20:39:59,44,1,33.3891367217,-0.203943683036
2012-06-02 20:40:00,45,1,33.0642110305,-0.32492569122
2012-06-02 20:40:01,46,1,32.29523791,-0.768973120536
2012-06-02 20:40:02,47,1,30.7243303713,-1.57090753869
2012-06-02 20:40:03,48,1,28.2904763393,-2.43385403199
2012-06-02 20:40:04,49,1,25.438244151,-2.85223218824
2012-06-02 20:40:05,50,1,22.9988838571,-2.4393602939
2012-06-02 20:40:06,51,1,21.7720235513,-1.2268603058
2012-06-02 20:40:07,52,1,22.0660710365,0.294047485119
2012-06-02 20:40:08,53,1,23.5881692061,1.52209816964
2012-06-02 20:40:09,54,1,25.7690472396,2.18087803348
2012-06-02 20:40:10,55,1,28.1369044814,2.36785724182
2012-06-02 20:40:11,56,1,30.4472467835,2.31034230208
2012-06-02 20:40:12,57,1,32.6281990952,2.18095231176
2012-06-02 20:40:13,58,1,34.661755506,2.03355641071
2012-06-02 20:40:14,59,1,36.5148803638,1.85312485789
2012-06-02 20:40:15,60,1,38.176412939,1.66153257515
2012-06-02 20:40:16,61,1,39.6921865484,1.51577360937
2012-06-02 20:40:17,62,1,41.1190465469,1.42685999851
2012-06-02 20:40:18,63,1,42.4401032031,1.32105665625
2012-06-02 20:40:19,64,1,43.5167404338,1.07663723065
2012-06-02 20:40:20,65,1,44.1657735432,0.649033109375
2012-06-02 20:40:21,66,1,44.3368303251,0.171056781994
2012-06-02 20:40:22,67,1,44.2049107411,-0.131919584077
2012-06-02 20:40:23,68,1,44.0678571935,-0.137053547619
2012-06-02 20:40:24,69,1,44.1378721696,0.0700149761905
2012-06-02 20:40:25,70,1,44.400000192,0.262128022321
2012-06-02 20:40:26,71,1,44.6656250417,0.265624849702
2012-06-02 20:40:27,72,1,44.7737349025,0.108109860863
2012-06-02 20:40:28,73,1,44.7147317842,-0.0590031183036
2012-06-02 20:40:29,74,1,44.5703122269,-0.144419557292
2012-06-02 20:40:30,75,1,44.4043898095,-0.165922417411
2012-06-02 20:40:31,76,1,44.2034970454,-0.200892764137
2012-06-02 20:40:32,77,1,43.8844493348,-0.319047710565
2012-06-02 20:40:33,78,1,43.4103420446,-0.474107290178
2012-06-02 20:40:34,79,1,42.8951633929,-0.515178651786
2012-06-02 20:40:35,80,1,42.5359372054,-0.3592261875
2012-06-02 20:40:36,81,1,42.4715027269,-0.0644344784226
2012-06-02 20:40:37,82,1,42.6911456064,0.219642879464
2012-06-02 20:40:38,83,1,43.009746747,0.318601140625
2012-06-02 20:40:39,84,1,43.1776037351,0.167856988095
2012-06-02 20:40:40,85,1,43.0563236875,-0.121280047619
2012-06-02 20:40:41,86,1,42.6667400253,-0.389583662202
2012-06-02 20:40:42,87,1,42.1125732068,-0.554166818452
2012-06-02 20:40:43,88,1,41.4742549077,-0.638318299107
2012-06-02 20:40:44,89,1,40.704984407,-0.769270500744
2012-06-02 20:40:45,90,1,39.6084817091,-1.09650269792
2012-06-02 20:40:46,91,1,37.9524550402,-1.6560266689
2012-06-02 20:40:47,92,1,35.6465026615,-2.30595237872
2012-06-02 20:40:48,93,1,32.8421871615,-2.8043155
2012-06-02 20:40:49,94,1,29.8250740737,-3.0171130878
2012-06-02 20:40:50,95,1,26.7612348251,-3.06383924851
2012-06-02 20:40:51,96,1,23.5623509375,-3.19888388765
2012-06-02 20:40:52,97,1,20.0097468192,-3.5526041183
2012-06-02 20:40:53,98,1,15.9959819851,-4.01376483408
2012-06-02 20:40:54,99,1,11.6694194866,-4.32656249851
2012-06-02 20:40:55,100,1,7.43578850298,-4.23363098363
2012-06-02 20:40:56,101,1,3.94241053869,-3.49337796429
2012-06-02 20:40:57,102,1,0.0,-3.94241053869
2012-06-02 20:41:16,121,19,0.0,0.0
2012-06-02 20:41:17,122,1,4.94188972842,4.94188972842
2012-06-02 20:41:18,123,1,8.77738059226,3.83549086384
2012-06-02 20:41:19,124,1,12.7723952455,3.99501465327
2012-06-02 20:41:20,125,1,16.235490346,3.46309510045
2012-06-02 20:41:21,126,1,18.9715022202,2.73601187426
2012-06-02 20:41:22,127,1,20.9202373445,1.94873512426
2012-06-02 20:41:23,128,1,21.8281986161,0.907961271577
2012-06-02 20:41:24,129,1,21.3347461391,-0.493452476935
2012-06-02 20:41:25,130,1,19.3933769993,-1.94136913988
2012-06-02 20:41:26,131,1,16.4988829472,-2.89449405208
2012-06-02 20:41:27,132,1,13.4688979509,-3.02998499628
2012-06-02 20:41:28,133,1,11.0830350818,-2.38586286905
2012-06-02 20:41:29,134,1,9.82715736905,-1.2558777128
2012-06-02 20:41:30,135,1,9.74308021057,-0.0840771584821
2012-06-02 20:41:31,136,1,10.4531993884,0.710119177827
2012-06-02 20:41:32,137,1,11.3692708519,0.916071463542
2012-06-02 20:41:33,138,1,11.9490327173,0.579761865327
2012-06-02 20:41:34,139,1,11.9101189286,-0.0389137886905
2012-06-02 20:41:35,140,1,11.2880205781,-0.622098350446
2012-06-02 20:41:36,141,1,10.2802079546,-1.00781262351
2012-06-02 20:41:37,142,1,9.06175552307,-1.21845243155
2012-06-02 20:41:38,143,1,7.7500739933,-1.31168152976
2012-06-02 20:41:39,144,1,6.46383887277,-1.28623512054
2012-06-02 20:41:40,145,1,5.34441914211,-1.11941973065
2012-06-02 20:41:41,146,1,4.51629401265,-0.828125129464
2012-06-02 20:41:42,147,1,4.04732073661,-0.468973276042
2012-06-02 20:41:43,148,1,3.92499936979,-0.122321366815
2012-06-02 20:41:44,149,1,4.05513342783,0.130134058036
2012-06-02 20:41:45,150,1,4.32663649182,0.271503063988
2012-06-02 20:41:46,151,1,4.67187458854,0.345238096726
2012-06-02 20:41:47,152,1,5.02120492783,0.349330339286
2012-06-02 20:41:48,153,1,5.26569902604,0.244494098214
2012-06-02 20:41:49,154,1,5.34196403051,0.0762650044643
2012-06-02 20:41:50,155,1,5.31019333333,-0.0317706971726
2012-06-02 20:41:51,156,1,5.30580354911,-0.00438978422619
2012-06-02 20:41:52,157,1,5.40171131994,0.0959077708333
2012-06-02 20:41:53,158,1,5.45880453497,0.0570932150298
2012-06-02 20:41:54,159,1,5.12284214583,-0.335962389137
2012-06-02 20:41:55,160,1,4.11093731548,-1.01190483036
2012-06-02 20:41:56,161,1,2.6385414881,-1.47239582738
2012-06-02 20:41:57,162,1,0.0,-2.6385414881
2012-06-02 21:09:37,1822,1660,0.0,0.0
2012-06-02 21:09:38,1823,1,3.32814949405,3.32814949405
2012-06-02 21:09:39,1824,1,5.51123468527,2.18308519122
2012-06-02 21:09:40,1825,1,7.26912154762,1.75788686235
2012-06-02 21:09:41,1826,1,8.10744003795,0.838318490327
2012-06-02 21:09:42,1827,1,8.15394309077,0.0465030528274
2012-06-02 21:09:43,1828,1,7.83422590253,-0.319717188244
2012-06-02 21:09:44,1829,1,7.49317931771,-0.341046584821
2012-06-02 21:09:45,1830,1,7.24149281994,-0.251686497768
2012-06-02 21:09:46,1831,1,7.06168129688,-0.179811523065
2012-06-02 21:09:47,1832,1,6.95840744643,-0.103273850446
2012-06-02 21:09:48,1833,1,6.98184490551,0.0234374590774
2012-06-02 21:09:49,1834,1,7.14188954092,0.160044635417
2012-06-02 21:09:50,1835,1,7.35996990476,0.218080363839
2012-06-02 21:09:51,1836,1,7.55744013467,0.197470229911
2012-06-02 21:09:52,1837,1,7.7680056131,0.210565478423
2012-06-02 21:09:53,1838,1,8.10781220387,0.339806590774
2012-06-02 21:09:54,1839,1,8.62187478348,0.514062579613
2012-06-02 21:09:55,1840,1,9.18623500223,0.56436021875
2012-06-02 21:09:56,1841,1,9.59642854539,0.410193543155
2012-06-02 21:09:57,1842,1,9.74010418378,0.143675638393
2012-06-02 21:09:58,1843,1,9.6348214122,-0.105282771577
2012-06-02 21:09:59,1844,1,9.31249985193,-0.322321560268
2012-06-02 21:10:00,1845,1,8.75223176711,-0.560268084821
2012-06-02 21:10:01,1846,1,7.96108567411,-0.791146093006
2012-06-02 21:10:02,1847,1,7.06547537426,-0.895610299851
2012-06-02 21:10:03,1848,1,6.27380867039,-0.791666703869
2012-06-02 21:10:04,1849,1,5.74761824777,-0.526190422619
2012-06-02 21:10:05,1850,1,5.51629388542,-0.231324362351
2012-06-02 21:10:06,1851,1,5.50662127455,-0.0096726108631
2012-06-02 21:10:07,1852,1,5.61421059524,0.107589320685
2012-06-02 21:10:08,1853,1,5.74605592783,0.131845332589
2012-06-02 21:10:09,1854,1,5.87901732887,0.132961401042
2012-06-02 21:10:10,1855,1,6.09918101786,0.220163688988
2012-06-02 21:10:11,1856,1,6.50967199107,0.410490973214
2012-06-02 21:10:12,1857,1,7.09858558259,0.588913591518
2012-06-02 21:10:13,1858,1,7.73303498958,0.634449406994
2012-06-02 21:10:14,1859,1,8.24032678125,0.507291791667
2012-06-02 21:10:15,1860,1,8.46815435193,0.227827570685
2012-06-02 21:10:16,1861,1,8.30967238467,-0.158481967262
2012-06-02 21:10:17,1862,1,7.75505938021,-0.554613004464
2012-06-02 21:10:18,1863,1,7.00558017039,-0.749479209821
2012-06-02 21:10:19,1864,1,6.51145800149,-0.494122168899
2012-06-02 21:10:20,1865,1,6.78824358259,0.276785581101
2012-06-02 21:10:21,1866,1,8.12395782068,1.3357142381
2012-06-02 21:10:22,1867,1,10.3846721124,2.26071429167
2012-06-02 21:10:23,1868,1,13.0409965186,2.65632440625
2012-06-02 21:10:24,1869,1,15.4313238973,2.39032737872
2012-06-02 21:10:25,1870,1,17.0542406042,1.62291670685
2012-06-02 21:10:26,1871,1,17.6443448661,0.590104261905
2012-06-02 21:10:27,1872,1,17.0915919844,-0.552752881696
2012-06-02 21:10:28,1873,1,15.3883182046,-1.70327377976
2012-06-02 21:10:29,1874,1,12.6574401897,-2.73087801488
2012-06-02 21:10:30,1875,1,9.2442705,-3.41316968973
2012-06-02 21:10:31,1876,1,5.75558004167,-3.48869045833
2012-06-02 21:10:32,1877,1,2.92090752083,-2.83467252083
2012-06-02 21:10:33,1878,1,0.0,-2.92090752083
2012-06-02 21:10:53,1898,20,0.0,0.0
2012-06-02 21:10:54,1899,1,3.31421133557,3.31421133557
2012-06-02 21:10:55,1900,1,6.31361609524,2.99940475967
2012-06-02 21:10:56,1901,1,9.70580358854,3.3921874933
2012-06-02 21:10:57,1902,1,12.7641369174,3.05833332887
2012-06-02 21:10:58,1903,1,15.1709821116,2.4068451942
2012-06-02 21:10:59,1904,1,17.0776040074,1.90662189583
2012-06-02 21:11:00,1905,1,18.8400294226,1.76242541518
2012-06-02 21:11:01,1906,1,20.6473209501,1.80729152753
2012-06-02 21:11:02,1907,1,22.4235113862,1.77619043601
2012-06-02 21:11:03,1908,1,24.024999529,1.60148814286
2012-06-02 21:11:04,1909,1,25.4098954531,1.38489592411
2012-06-02 21:11:05,1910,1,26.6369788817,1.22708342857
2012-06-02 21:11:06,1911,1,27.8002974219,1.16331854018
2012-06-02 21:11:07,1912,1,28.9766367664,1.17633934449
2012-06-02 21:11:08,1913,1,30.1821426815,1.20550591518
2012-06-02 21:11:09,1914,1,31.3763389226,1.19419624107
2012-06-02 21:11:10,1915,1,32.519270157,1.14293123437
2012-06-02 21:11:11,1916,1,33.5918888832,1.07261872619
2012-06-02 21:11:12,1917,1,34.5740315997,0.982142716518
2012-06-02 21:11:13,1918,1,35.4436002225,0.869568622768
2012-06-02 21:11:14,1919,1,36.1988089695,0.755208747024
2012-06-02 21:11:15,1920,1,36.8755207314,0.676711761905
2012-06-02 21:11:16,1921,1,37.5046877031,0.629166971726
2012-06-02 21:11:17,1922,1,38.0403276689,0.535639965774
2012-06-02 21:11:18,1923,1,38.396949631,0.356621962054
2012-06-02 21:11:19,1924,1,38.5647322805,0.167782649554
2012-06-02 21:11:20,1925,1,38.6493304129,0.0845981324404
2012-06-02 21:11:21,1926,1,38.8077380603,0.158407647322
2012-06-02 21:11:22,1927,1,39.1268599628,0.31912190253
2012-06-02 21:11:23,1928,1,39.5539430915,0.42708312872
2012-06-02 21:11:24,1929,1,39.9905499457,0.436606854167
2012-06-02 21:11:25,1930,1,40.4255199211,0.434969975446
2012-06-02 21:11:26,1931,1,40.9023799479,0.476860026786
2012-06-02 21:11:27,1932,1,41.4008920283,0.498512080357
2012-06-02 21:11:28,1933,1,41.8276781265,0.426786098214
2012-06-02 21:11:29,1934,1,42.0985862121,0.270908085565
2012-06-02 21:11:30,1935,1,42.2083333371,0.109747125
2012-06-02 21:11:31,1936,1,42.2429314077,0.0345980706845
2012-06-02 21:11:32,1937,1,42.2970234234,0.054092015625
2012-06-02 21:11:33,1938,1,42.3683774107,0.0713539873512
2012-06-02 21:11:34,1939,1,42.3608625253,-0.0075148854167
2012-06-02 21:11:35,1940,1,42.1487346897,-0.212127835565
2012-06-02 21:11:36,1941,1,41.6466515305,-0.502083159226
2012-06-02 21:11:37,1942,1,40.9052826176,-0.741368912946
2012-06-02 21:11:38,1943,1,40.0937499695,-0.811532648066
2012-06-02 21:11:39,1944,1,39.3127976674,-0.780952302083
2012-06-02 21:11:40,1945,1,38.4524554933,-0.860342174107
2012-06-02 21:11:41,1946,1,37.2136906629,-1.23876483036
2012-06-02 21:11:42,1947,1,35.2702382321,-1.9434524308
2012-06-02 21:11:43,1948,1,32.4985119048,-2.77172632738
2012-06-02 21:11:44,1949,1,29.0474701012,-3.45104180357
2012-06-02 21:11:45,1950,1,25.1496392379,-3.89783086327
2012-06-02 21:11:46,1951,1,20.9366814189,-4.21295781902
2012-06-02 21:11:47,1952,1,16.5043383293,-4.43234308963
2012-06-02 21:11:48,1953,1,12.1211996366,-4.38313869265
2012-06-02 21:11:49,1954,1,8.28248625899,-3.83871337763
2012-06-02 21:11:50,1955,1,5.48671584993,-2.79577040905
2012-06-02 21:11:51,1956,1,3.92271053434,-1.56400531559
2012-06-02 21:11:52,1957,1,3.34837438822,-0.57433614612
2012-06-02 21:11:53,1958,1,3.28193086069,-0.0664435275298
2012-06-02 21:11:54,1959,1,3.33329296228,0.0513621015911
2012-06-02 21:11:55,1960,1,3.35649000011,0.023197037832
2012-06-02 21:11:56,1961,1,3.35384569231,-0.00264430780678
2012-06-02 21:11:57,1962,1,3.34615330769,-0.00769238461538
2012-06-02 21:11:58,1963,1,3.32922328411,-0.0169300235806
2012-06-02 21:11:59,1964,1,3.27236079144,-0.056862492674
2012-06-02 21:12:00,1965,1,3.19530026952,-0.0770605219208
2012-06-02 21:12:01,1966,1,3.34969011252,0.154389843006
2012-06-02 21:12:02,1967,1,4.25801778858,0.908327676053
2012-06-02 21:12:03,1968,1,6.40085793802,2.14284014944
2012-06-02 21:12:04,1969,1,9.81290025887,3.41204232086
2012-06-02 21:12:05,1970,1,14.0032048239,4.19030456508
2012-06-02 21:12:06,1971,1,18.2542177727,4.25101294872
2012-06-02 21:12:07,1972,1,22.0091511979,3.75493342525
2012-06-02 21:12:08,1973,1,25.0378598923,3.02870869437
2012-06-02 21:12:09,1974,1,27.3298356734,2.29197578108
2012-06-02 21:12:10,1975,1,28.94196375,1.61212807664
2012-06-02 21:12:11,1976,1,29.9621274784,1.02016372842
2012-06-02 21:12:12,1977,1,30.4456839807,0.483556502232
2012-06-02 21:12:13,1978,1,30.247097619,-0.198586361607
2012-06-02 21:12:14,1979,1,28.9977672984,-1.24933032068
2012-06-02 21:12:15,1980,1,26.3873507693,-2.61041652902
2012-06-02 21:12:16,1981,1,22.5369045112,-3.85044625818
2012-06-02 21:12:17,1982,1,18.1123510848,-4.42455342634
2012-06-02 21:12:18,1983,1,14.0268601027,-4.08549098214
2012-06-02 21:12:19,1984,1,10.9854910461,-3.04136905655
2012-06-02 21:12:20,1985,1,9.22849686979,-1.75699417634
2012-06-02 21:12:21,1986,1,8.5474698936,-0.68102697619
2012-06-02 21:12:22,1987,1,8.47671082664,-0.0707590669643
2012-06-02 21:12:23,1988,1,8.53288642336,0.0561755967262
2012-06-02 21:12:24,1989,1,8.38973180506,-0.143154618304
2012-06-02 21:12:25,1990,1,7.95632425521,-0.433407549851
2012-06-02 21:12:26,1991,1,7.34583327083,-0.610490984375
2012-06-02 21:12:27,1992,1,6.73102663616,-0.614806634673
2012-06-02 21:12:28,1993,1,6.14665144792,-0.584375188244
2012-06-02 21:12:29,1994,1,5.38229118601,-0.764360261905
2012-06-02 21:12:30,1995,1,4.1685263058,-1.21376488021
2012-06-02 21:12:31,1996,1,2.61383894345,-1.55468736235
2012-06-02 21:12:32,1997,1,0.0,-2.61383894345
