timestamp,cycle_sec,timestep,speed_mph,accel_meters_ps
2012-07-18 08:07:51,0,52928,0.0,0.0
2012-07-18 08:07:52,1,1,3.94833829067,3.94833829067
2012-07-18 08:07:53,2,1,6.83831835417,2.88998006349
2012-07-18 08:07:54,3,1,9.60996999033,2.77165163616
2012-07-18 08:07:55,4,1,11.7329609256,2.12299093527
2012-07-18 08:07:56,5,1,13.1701632552,1.43720232961
2012-07-18 08:07:57,6,1,14.1306543795,0.960491124256
2012-07-18 08:07:58,7,1,14.8275790727,0.696924693204
2012-07-18 08:07:59,8,1,15.3846227718,0.557043699157
2012-07-18 08:08:00,9,1,15.8780503534,0.493427581597
2012-07-18 08:08:01,10,1,16.4046128504,0.526562497024
2012-07-18 08:08:02,11,1,17.0518598735,0.647247023065
2012-07-18 08:08:03,12,1,17.8056544792,0.753794605655
2012-07-18 08:08:04,13,1,18.5783478408,0.772693361607
2012-07-18 08:08:05,14,1,19.3383923914,0.760044550595
2012-07-18 08:08:06,15,1,20.1290917626,0.79069937128
2012-07-18 08:08:07,16,1,20.9843745074,0.855282744792
2012-07-18 08:08:08,17,1,21.8619786354,0.877604127976
2012-07-18 08:08:09,18,1,22.6082582582,0.746279622768
2012-07-18 08:08:10,19,1,23.0196420052,0.411383747024
2012-07-18 08:08:11,20,1,22.9865318006,-0.0331102046131
2012-07-18 08:08:12,21,1,22.547990221,-0.438541579613
2012-07-18 08:08:13,22,1,21.8501481473,-0.697842073661
2012-07-18 08:08:14,23,1,21.1106393624,-0.73950878497
2012-07-18 08:08:15,24,1,20.5603417448,-0.55029761756
2012-07-18 08:08:16,25,1,20.3460558936,-0.21428585119
2012-07-18 08:08:17,26,1,20.4745527321,0.128496838542
2012-07-18 08:08:18,27,1,20.833034744,0.358482011905
2012-07-18 08:08:19,28,1,21.2526031473,0.419568403274
2012-07-18 08:08:20,29,1,21.5779751711,0.325372023809
2012-07-18 08:08:21,30,1,21.7146567664,0.136681595238
2012-07-18 08:08:22,31,1,21.6418146287,-0.0728421376488
2012-07-18 08:08:23,32,1,21.4021570714,-0.239657557292
2012-07-18 08:08:24,33,1,21.0761899836,-0.325967087798
2012-07-18 08:08:25,34,1,20.7268597582,-0.349330225447
2012-07-18 08:08:26,35,1,20.319419369,-0.407440389137
2012-07-18 08:08:27,36,1,19.6895830937,-0.629836275298
2012-07-18 08:08:28,37,1,18.6334074606,-1.05617563318
2012-07-18 08:08:29,38,1,17.0819192626,-1.55148819792
2012-07-18 08:08:30,39,1,15.227380474,-1.85453878869
2012-07-18 08:08:31,40,1,13.4785709539,-1.74880952009
2012-07-18 08:08:32,41,1,12.2557288304,-1.22284212351
2012-07-18 08:08:33,42,1,11.7837052076,-0.472023622768
2012-07-18 08:08:34,43,1,12.0257439866,0.242038779018
2012-07-18 08:08:35,44,1,12.7611605714,0.735416584822
2012-07-18 08:08:36,45,1,13.7148806205,0.953720049107
2012-07-18 08:08:37,46,1,14.6520828244,0.937202203869
2012-07-18 08:08:38,47,1,15.4220232143,0.769940389881
2012-07-18 08:08:39,48,1,15.9727672671,0.550744052827
2012-07-18 08:08:40,49,1,16.3370529993,0.364285732143
2012-07-18 08:08:41,50,1,16.5897315134,0.252678514137
2012-07-18 08:08:42,51,1,16.7991063854,0.209374872024
2012-07-18 08:08:43,52,1,16.9929306912,0.193824305803
2012-07-18 08:08:44,53,1,17.1572908452,0.164360154018
2012-07-18 08:08:45,54,1,17.2791660379,0.121875192708
2012-07-18 08:08:46,55,1,17.3869043988,0.107738360863
2012-07-18 08:08:47,56,1,17.5199403036,0.133035904762
2012-07-18 08:08:48,57,1,17.6529016131,0.132961309524
2012-07-18 08:08:49,58,1,17.6603418973,0.0074402842262
2012-07-18 08:08:50,59,1,17.3595975789,-0.300744318452
2012-07-18 08:08:51,60,1,16.6186003646,-0.740997214286
2012-07-18 08:08:52,61,1,15.4617551317,-1.15684523289
2012-07-18 08:08:53,62,1,14.0863832961,-1.37537183557
2012-07-18 08:08:54,63,1,12.7848210216,-1.30156227455
2012-07-18 08:08:55,64,1,11.832961006,-0.951860015625
2012-07-18 08:08:56,65,1,11.3931543973,-0.439806608631
2012-07-18 08:08:57,66,1,11.4570679479,0.0639135505953
2012-07-18 08:08:58,67,1,11.8573654784,0.400297530506
2012-07-18 08:08:59,68,1,12.3725440818,0.515178603423
2012-07-18 08:09:00,69,1,12.8622763274,0.489732245536
2012-07-18 08:09:01,70,1,13.3171871228,0.454910795387
2012-07-18 08:09:02,71,1,13.8084074048,0.491220281994
2012-07-18 08:09:03,72,1,14.3911455506,0.582738145833
2012-07-18 08:09:04,73,1,15.0089283624,0.617782811756
2012-07-18 08:09:05,74,1,15.4835564018,0.474628039434
2012-07-18 08:09:06,75,1,15.6227677091,0.139211307292
2012-07-18 08:09:07,76,1,15.3376485618,-0.285119147321
2012-07-18 08:09:08,77,1,14.6833329189,-0.654315642857
2012-07-18 08:09:09,78,1,13.836457776,-0.846875142857
2012-07-18 08:09:10,79,1,13.0234369033,-0.813020872768
2012-07-18 08:09:11,80,1,12.425669093,-0.597767810268
2012-07-18 08:09:12,81,1,12.121800093,-0.303869
2012-07-18 08:09:13,82,1,12.085639381,-0.0361607120536
2012-07-18 08:09:14,83,1,12.2231393698,0.137499988839
2012-07-18 08:09:15,84,1,12.429687035,0.206547665179
2012-07-18 08:09:16,85,1,12.6194937158,0.189806680804
2012-07-18 08:09:17,86,1,12.6835563609,0.0640626450893
2012-07-18 08:09:18,87,1,12.431845093,-0.251711267857
2012-07-18 08:09:19,88,1,11.656696189,-0.775148904018
2012-07-18 08:09:20,89,1,10.3226930446,-1.33400314435
2012-07-18 08:09:21,90,1,8.67916610565,-1.64352693899
2012-07-18 08:09:22,91,1,7.16354102307,-1.51562508259
2012-07-18 08:09:23,92,1,6.17752911979,-0.986011903274
2012-07-18 08:09:24,93,1,5.87559468378,-0.301934436012
2012-07-18 08:09:25,94,1,6.10424066815,0.228645984375
2012-07-18 08:09:26,95,1,6.54672591518,0.442485247024
2012-07-18 08:09:27,96,1,6.93697889658,0.390252981399
2012-07-18 08:09:28,97,1,7.18995494792,0.252976051339
2012-07-18 08:09:29,98,1,7.40327320908,0.213318261161
2012-07-18 08:09:30,99,1,7.72038621577,0.317113006696
2012-07-18 08:09:31,100,1,8.14151726339,0.421131047619
2012-07-18 08:09:32,101,1,8.47425554762,0.332738284226
2012-07-18 08:09:33,102,1,8.49955326711,0.025297719494
2012-07-18 08:09:34,103,1,8.1814728192,-0.318080447917
2012-07-18 08:09:35,104,1,7.67961246875,-0.501860350446
2012-07-18 08:09:36,105,1,7.14382354836,-0.535788920387
2012-07-18 08:09:37,106,1,6.51257345387,-0.631250094494
2012-07-18 08:09:38,107,1,5.54017771652,-0.972395737351
2012-07-18 08:09:39,108,1,4.08444879092,-1.4557289256
2012-07-18 08:09:40,109,1,2.42495004861,-1.65949874231
2012-07-18 08:09:41,110,1,0.0,-2.42495004861
2012-07-18 08:13:01,310,200,0.0,0.0
2012-07-18 08:13:02,311,1,1.53759882316,1.53759882316
2012-07-18 08:13:03,312,1,2.24037654216,0.702777718998
2012-07-18 08:13:04,313,1,2.62663656548,0.386260023313
2012-07-18 08:13:05,314,1,2.70352166617,0.0768851006944
2012-07-18 08:13:06,315,1,2.69536208011,-0.0081595860615
2012-07-18 08:13:07,316,1,2.75163692708,0.0562748469742
2012-07-18 08:13:08,317,1,2.9564979943,0.204861067212
2012-07-18 08:13:09,318,1,3.43769826017,0.481200265873
2012-07-18 08:13:10,319,1,4.29419608854,0.856497828373
2012-07-18 08:13:11,320,1,5.44429512302,1.15009903447
2012-07-18 08:13:12,321,1,6.62237042981,1.1780753068
2012-07-18 08:13:13,322,1,7.54188928497,0.919518855159
2012-07-18 08:13:14,323,1,8.08402723462,0.542137949653
2012-07-18 08:13:15,324,1,8.33799552282,0.253968288194
2012-07-18 08:13:16,325,1,8.46569890402,0.1277033812
2012-07-18 08:13:17,326,1,8.56242512574,0.0967262217262
2012-07-18 08:13:18,327,1,8.62485080952,0.0624256837798
2012-07-18 08:13:19,328,1,8.56331820238,-0.0615326071429
2012-07-18 08:13:20,329,1,8.21190464286,-0.351413559524
2012-07-18 08:13:21,330,1,7.40342259003,-0.808482052827
2012-07-18 08:13:22,331,1,6.1422619122,-1.26116067783
2012-07-18 08:13:23,332,1,4.72968751339,-1.41257439881
2012-07-18 08:13:24,333,1,3.65602679167,-1.07366072173
2012-07-18 08:13:25,334,1,3.29851187054,-0.357514921131
2012-07-18 08:13:26,335,1,3.68586297693,0.387351106399
2012-07-18 08:13:27,336,1,4.54397299926,0.858110022321
2012-07-18 08:13:28,337,1,5.5563985186,1.01242551935
2012-07-18 08:13:29,338,1,6.56919608854,1.01279756994
2012-07-18 08:13:30,339,1,7.58742522173,1.01822913318
2012-07-18 08:13:31,340,1,8.64694899479,1.05952377307
2012-07-18 08:13:32,341,1,9.71242513467,1.06547613988
2012-07-18 08:13:33,342,1,10.6757435179,0.963318383184
2012-07-18 08:13:34,343,1,11.4200886533,0.744345135417
2012-07-18 08:13:35,344,1,11.8752968549,0.455208201637
2012-07-18 08:13:36,345,1,12.038168785,0.16287193006
2012-07-18 08:13:37,346,1,11.9590021533,-0.0791666316964
2012-07-18 08:13:38,347,1,11.7055053155,-0.253496837798
2012-07-18 08:13:39,348,1,11.3349698638,-0.370535451637
2012-07-18 08:13:40,349,1,10.8912200967,-0.443749767113
2012-07-18 08:13:41,350,1,10.4145089167,-0.476711180059
2012-07-18 08:13:42,351,1,9.93437498289,-0.48013393378
2012-07-18 08:13:43,352,1,9.44233616518,-0.492038817708
2012-07-18 08:13:44,353,1,8.89494014286,-0.547396022321
2012-07-18 08:13:45,354,1,8.26636853348,-0.628571609375
2012-07-18 08:13:46,355,1,7.61264816592,-0.65372036756
2012-07-18 08:13:47,356,1,7.10089216518,-0.511756000744
2012-07-18 08:13:48,357,1,6.94233566592,-0.158556499256
2012-07-18 08:13:49,358,1,7.23035662872,0.288020962798
2012-07-18 08:13:50,359,1,7.81331811756,0.582961488839
2012-07-18 08:13:51,360,1,8.31473199033,0.501413872768
2012-07-18 08:13:52,361,1,8.27931544643,-0.0354165438988
2012-07-18 08:13:53,362,1,7.36718751116,-0.912127935268
2012-07-18 08:13:54,363,1,5.56242560342,-1.80476190774
2012-07-18 08:13:55,364,1,3.36860119196,-2.19382441146
2012-07-18 08:13:56,365,1,0.0,-3.36860119196
2012-07-18 08:19:07,676,311,0.0,0.0
2012-07-18 08:19:08,677,1,2.80558036384,2.80558036384
2012-07-18 08:19:09,678,1,4.71071429167,1.90513392783
2012-07-18 08:19:10,679,1,6.4552083058,1.74449401414
2012-07-18 08:19:11,680,1,7.66770821949,1.21249991369
2012-07-18 08:19:12,681,1,8.36979141443,0.70208319494
2012-07-18 08:19:13,682,1,8.69717219792,0.327380783482
2012-07-18 08:19:14,683,1,8.74188932217,0.0447171242559
2012-07-18 08:19:15,684,1,8.56547559524,-0.176413726935
2012-07-18 08:19:16,685,1,8.24196374256,-0.323511852679
2012-07-18 08:19:17,686,1,7.84977628943,-0.392187453125
2012-07-18 08:19:18,687,1,7.45773756622,-0.392038723214
2012-07-18 08:19:19,688,1,7.12098150967,-0.336756056548
2012-07-18 08:19:20,689,1,6.86830284301,-0.252678666667
2012-07-18 08:19:21,690,1,6.71086237054,-0.15744047247
2012-07-18 08:19:22,691,1,6.66919582738,-0.0416665431548
2012-07-18 08:19:23,692,1,6.76629422619,0.0970983988095
2012-07-18 08:19:24,693,1,6.99828845313,0.231994226935
2012-07-18 08:19:25,694,1,7.31361597024,0.315327517113
2012-07-18 08:19:26,695,1,7.60982136979,0.296205399554
2012-07-18 08:19:27,696,1,7.78467246577,0.174851095982
2012-07-18 08:19:28,697,1,7.8074401436,0.0227676778274
2012-07-18 08:19:29,698,1,7.71071381027,-0.0967263333333
2012-07-18 08:19:30,699,1,7.52127925,-0.189434560268
2012-07-18 08:19:31,700,1,7.21302036682,-0.308258883185
2012-07-18 08:19:32,701,1,6.68199363021,-0.531026736607
2012-07-18 08:19:33,702,1,5.75282696577,-0.929166664435
2012-07-18 08:19:34,703,1,4.32083292262,-1.43199404315
2012-07-18 08:19:35,704,1,2.62940816164,-1.69142476097
2012-07-18 08:19:36,705,1,0.0,-2.62940816164
2012-07-18 11:25:19,11848,11143,0.0,0.0
2012-07-18 11:25:20,11849,1,1.41056545387,1.41056545387
2012-07-18 11:25:21,11850,1,1.99410330413,0.58353785026
2012-07-18 11:25:22,11851,1,2.23772292411,0.243619619978
2012-07-18 11:25:23,11852,1,2.23861560045,0.00089267633929
2012-07-18 11:25:24,11853,1,2.38418839472,0.145572794271
2012-07-18 11:25:25,11854,1,2.89547929334,0.511290898624
2012-07-18 11:25:26,11855,1,3.68880153534,0.793322242001
2012-07-18 11:25:27,11856,1,4.52003303664,0.831231501302
2012-07-18 11:25:28,11857,1,5.15613801972,0.636104983073
2012-07-18 11:25:29,11858,1,5.48435607124,0.328218051525
2012-07-18 11:25:30,11859,1,5.53969466332,0.0553385920759
2012-07-18 11:25:31,11860,1,5.42498488065,-0.114709782664
2012-07-18 11:25:32,11861,1,5.19897294598,-0.226011934673
2012-07-18 11:25:33,11862,1,4.85126447321,-0.347708472768
2012-07-18 11:25:34,11863,1,4.36767794509,-0.483586528125
2012-07-18 11:25:35,11864,1,3.79040097024,-0.577276974851
2012-07-18 11:25:36,11865,1,3.22029674747,-0.570104222768
2012-07-18 11:25:37,11866,1,2.77174029196,-0.448556455506
2012-07-18 11:25:38,11867,1,2.51304999836,-0.258690293601
2012-07-18 11:25:39,11868,1,2.46455316979,-0.0484968285714
2012-07-18 11:25:40,11869,1,2.66508901979,0.20053585
2012-07-18 11:25:41,11870,1,3.18185989836,0.516770878571
2012-07-18 11:25:42,11871,1,4.00453845238,0.822678554018
2012-07-18 11:25:43,11872,1,4.95821399911,0.953675546726
2012-07-18 11:25:44,11873,1,5.76874962872,0.810535629613
2012-07-18 11:25:45,11874,1,6.24031200193,0.471562373214
2012-07-18 11:25:46,11875,1,6.39368983735,0.153377835417
2012-07-18 11:25:47,11876,1,6.45297545685,0.059285619494
2012-07-18 11:25:48,11877,1,6.70089213914,0.247916682292
2012-07-18 11:25:49,11878,1,7.32098155432,0.620089415179
2012-07-18 11:25:50,11879,1,8.31770789211,0.996726337798
2012-07-18 11:25:51,11880,1,9.52924067634,1.21153278423
2012-07-18 11:25:52,11881,1,10.71309475,1.18385407366
2012-07-18 11:25:53,11882,1,11.6460558832,0.932961133185
2012-07-18 11:25:54,11883,1,12.1612343006,0.515178417411
2012-07-18 11:25:55,11884,1,12.1523056912,-0.008928609375
2012-07-18 11:25:56,11885,1,11.6354903125,-0.51681537872
2012-07-18 11:25:57,11886,1,10.8015619144,-0.833928398066
2012-07-18 11:25:58,11887,1,9.92033686706,-0.881225047371
2012-07-18 11:25:59,11888,1,9.14327837773,-0.777058489335
2012-07-18 11:26:00,11889,1,8.39174059003,-0.751537787698
2012-07-18 11:26:01,11890,1,7.46770767336,-0.924032916667
2012-07-18 11:26:02,11891,1,6.30178486161,-1.16592281176
2012-07-18 11:26:03,11892,1,5.08839188095,-1.21339298065
2012-07-18 11:26:04,11893,1,4.21401191319,-0.874379967758
2012-07-18 11:26:05,11894,1,4.06083739931,-0.153174513889
2012-07-18 11:26:06,11895,1,4.78950817783,0.728670778522
2012-07-18 11:26:07,11896,1,6.24575834301,1.45625016518
2012-07-18 11:26:08,11897,1,8.04203824479,1.79627990179
2012-07-18 11:26:09,11898,1,9.7321424881,1.6901042433
2012-07-18 11:26:10,11899,1,11.0253220873,1.29317959921
2012-07-18 11:26:11,11900,1,11.9183528867,0.893030799355
2012-07-18 11:26:12,11901,1,12.6023063408,0.683953454117
2012-07-18 11:26:13,11902,1,13.2665921548,0.664285813988
2012-07-18 11:26:14,11903,1,14.0322171964,0.765625041667
2012-07-18 11:26:15,11904,1,14.9882438914,0.95602669494
2012-07-18 11:26:16,11905,1,16.156472875,1.16822898363
2012-07-18 11:26:17,11906,1,17.41361559,1.25714271503
2012-07-18 11:26:18,11907,1,18.5234370171,1.10982142708
2012-07-18 11:26:19,11908,1,19.2658478683,0.74241085119
2012-07-18 11:26:20,11909,1,19.5660712679,0.300223399554
2012-07-18 11:26:21,11910,1,19.5392112798,-0.0268599880952
2012-07-18 11:26:22,11911,1,19.3761160893,-0.163095190476
2012-07-18 11:26:23,11912,1,19.185193465,-0.190922624256
2012-07-18 11:26:24,11913,1,18.9725446086,-0.212648856399
2012-07-18 11:26:25,11914,1,18.7104909464,-0.262053662202
2012-07-18 11:26:26,11915,1,18.3698658519,-0.340625094494
2012-07-18 11:26:27,11916,1,17.9082586749,-0.461607177083
2012-07-18 11:26:28,11917,1,17.2365325283,-0.671726146577
2012-07-18 11:26:29,11918,1,16.1909224628,-1.04561006548
2012-07-18 11:26:30,11919,1,14.5651039702,-1.62581849256
2012-07-18 11:26:31,11920,1,12.2270085885,-2.3380953817
2012-07-18 11:26:32,11921,1,9.26153227158,-2.96547631696
2012-07-18 11:26:33,11922,1,6.04702335342,-3.21450891815
2012-07-18 11:26:34,11923,1,3.23296099033,-2.8140623631
2012-07-18 11:26:35,11924,1,0.0,-3.23296099033
2012-07-18 11:26:50,11939,15,0.0,0.0
2012-07-18 11:26:51,11940,1,3.0434521942,3.0434521942
2012-07-18 11:26:52,11941,1,5.22648790997,2.18303571577
2012-07-18 11:26:53,11942,1,7.28229155208,2.05580364211
2012-07-18 11:26:54,11943,1,8.74270827009,1.46041671801
2012-07-18 11:26:55,11944,1,9.55372012872,0.811011858631
2012-07-18 11:26:56,11945,1,9.87514856548,0.321428436756
2012-07-18 11:26:57,11946,1,9.86837756324,-0.00677100223214
2012-07-18 11:26:58,11947,1,9.58526730134,-0.283110261905
2012-07-18 11:26:59,11948,1,8.97373447991,-0.611532821429
2012-07-18 11:27:00,11949,1,7.94895765402,-1.02477682589
2012-07-18 11:27:01,11950,1,6.45572848586,-1.49322916815
2012-07-18 11:27:02,11951,1,4.55967202307,-1.8960564628
2012-07-18 11:27:03,11952,1,2.65342220685,-1.90624981622
2012-07-18 11:27:04,11953,1,0.0,-2.65342220685
