timestamp,cycle_sec,timestep,speed_mph,accel_meters_ps
2012-10-08 11:51:19,0,67636,0.0,0.0
2012-10-08 11:51:20,1,1,4.1928422619,4.1928422619
2012-10-08 11:51:21,2,1,7.64623511905,3.45339285714
2012-10-08 11:51:22,3,1,11.4295386905,3.78330357143
2012-10-08 11:51:23,4,1,14.8579464286,3.4284077381
2012-10-08 11:51:24,5,1,17.5823809524,2.72443452381
2012-10-08 11:51:25,6,1,19.5716517857,1.98927083333
2012-10-08 11:51:26,7,1,20.9903571429,1.41870535714
2012-10-08 11:51:27,8,1,22.0404761905,1.05011904762
2012-10-08 11:51:28,9,1,22.7919494048,0.751473214286
2012-10-08 11:51:29,10,1,23.128139881,0.33619047619
2012-10-08 11:51:30,11,1,22.898139881,-0.23
2012-10-08 11:51:31,12,1,22.0837053571,-0.814434523809
2012-10-08 11:51:32,13,1,20.7872767857,-1.29642857143
2012-10-08 11:51:33,14,1,19.140327381,-1.64694940476
2012-10-08 11:51:34,15,1,17.2794642857,-1.86086309524
2012-10-08 11:51:35,16,1,15.3688988095,-1.91056547619
2012-10-08 11:51:36,17,1,13.6150297619,-1.75386904762
2012-10-08 11:51:37,18,1,12.2464285714,-1.36860119048
2012-10-08 11:51:38,19,1,11.419047619,-0.827380952381
2012-10-08 11:51:39,20,1,11.1258184524,-0.293229166667
2012-10-08 11:51:40,21,1,11.2595982143,0.133779761905
2012-10-08 11:51:41,22,1,11.7587053571,0.499107142857
2012-10-08 11:51:42,23,1,12.6436011905,0.884895833333
2012-10-08 11:51:43,24,1,13.9336309524,1.2900297619
2012-10-08 11:51:44,25,1,15.5533482143,1.6197172619
2012-10-08 11:51:45,26,1,17.3104166667,1.75706845238
2012-10-08 11:51:46,27,1,18.9711309524,1.66071428571
2012-10-08 11:51:47,28,1,20.3621279762,1.39099702381
2012-10-08 11:51:48,29,1,21.4057291667,1.04360119048
2012-10-08 11:51:49,30,1,22.0994047619,0.693675595238
2012-10-08 11:51:50,31,1,22.4946428571,0.395238095238
2012-10-08 11:51:51,32,1,22.6820684524,0.187425595238
2012-10-08 11:51:52,33,1,22.7648809524,0.0828125
2012-10-08 11:51:53,34,1,22.8250744048,0.0601934523809
2012-10-08 11:51:54,35,1,22.9026041667,0.0775297619048
2012-10-08 11:51:55,36,1,22.9924107143,0.089806547619
2012-10-08 11:51:56,37,1,23.0532738095,0.0608630952381
2012-10-08 11:51:57,38,1,23.028422619,-0.0248511904762
2012-10-08 11:51:58,39,1,22.8770833333,-0.151339285714
2012-10-08 11:51:59,40,1,22.6072916667,-0.269791666667
2012-10-08 11:52:00,41,1,22.2820684524,-0.325223214286
2012-10-08 11:52:01,42,1,21.978422619,-0.303645833333
2012-10-08 11:52:02,43,1,21.7319196429,-0.24650297619
2012-10-08 11:52:03,44,1,21.5088541667,-0.22306547619
2012-10-08 11:52:04,45,1,21.2142857143,-0.294568452381
2012-10-08 11:52:05,46,1,20.7509672619,-0.463318452381
2012-10-08 11:52:06,47,1,20.115922619,-0.635044642857
2012-10-08 11:52:07,48,1,19.4431547619,-0.672767857143
2012-10-08 11:52:08,49,1,18.9202380952,-0.522916666667
2012-10-08 11:52:09,50,1,18.6244791667,-0.295758928571
2012-10-08 11:52:10,51,1,18.4209821429,-0.20349702381
2012-10-08 11:52:11,52,1,18.0372767857,-0.383705357143
2012-10-08 11:52:12,53,1,17.2605654762,-0.776711309524
2012-10-08 11:52:13,54,1,16.0886160714,-1.17194940476
2012-10-08 11:52:14,55,1,14.7412946429,-1.34732142857
2012-10-08 11:52:15,56,1,13.5716517857,-1.16964285714
2012-10-08 11:52:16,57,1,12.9551339286,-0.616517857143
2012-10-08 11:52:17,58,1,13.1790178571,0.223883928572
2012-10-08 11:52:18,59,1,14.3305059524,1.15148809524
2012-10-08 11:52:19,60,1,16.2447172619,1.91421130952
2012-10-08 11:52:20,61,1,18.5625,2.3177827381
2012-10-08 11:52:21,62,1,20.8735863095,2.31108630952
2012-10-08 11:52:22,63,1,22.8988095238,2.02522321429
2012-10-08 11:52:23,64,1,24.6000744048,1.70126488095
2012-10-08 11:52:24,65,1,26.1029017857,1.50282738095
2012-10-08 11:52:25,66,1,27.4941964286,1.39129464286
2012-10-08 11:52:26,67,1,28.6418154762,1.14761904762
2012-10-08 11:52:27,68,1,29.1401785714,0.498363095238
2012-10-08 11:52:28,69,1,28.4848214286,-0.655357142857
2012-10-08 11:52:29,70,1,26.4409970238,-2.04382440476
2012-10-08 11:52:30,71,1,23.3277529762,-3.11324404762
2012-10-08 11:52:31,72,1,19.9709821429,-3.35677083333
2012-10-08 11:52:32,73,1,17.3636904762,-2.60729166667
2012-10-08 11:52:33,74,1,16.2412202381,-1.1224702381
2012-10-08 11:52:34,75,1,16.7834077381,0.5421875
2012-10-08 11:52:35,76,1,18.6033482143,1.81994047619
2012-10-08 11:52:36,77,1,21.0063988095,2.40305059524
2012-10-08 11:52:37,78,1,23.3412946429,2.33489583333
2012-10-08 11:52:38,79,1,25.2638392857,1.92254464286
2012-10-08 11:52:39,80,1,26.7642113095,1.50037202381
2012-10-08 11:52:40,81,1,27.9662202381,1.20200892857
2012-10-08 11:52:41,82,1,28.9264136905,0.960193452381
2012-10-08 11:52:42,83,1,29.5959821429,0.669568452381
2012-10-08 11:52:43,84,1,29.9209077381,0.324925595238
2012-10-08 11:52:44,85,1,29.9587053571,0.0377976190477
2012-10-08 11:52:45,86,1,29.8607142857,-0.0979910714286
2012-10-08 11:52:46,87,1,29.7501488095,-0.110565476191
2012-10-08 11:52:47,88,1,29.6779017857,-0.0722470238095
2012-10-08 11:52:48,89,1,29.6433035714,-0.0345982142857
2012-10-08 11:52:49,90,1,29.5554315476,-0.0878720238096
2012-10-08 11:52:50,91,1,29.1943452381,-0.361086309524
2012-10-08 11:52:51,92,1,28.2729166667,-0.921428571428
2012-10-08 11:52:52,93,1,26.5604166667,-1.7125
2012-10-08 11:52:53,94,1,23.9827380952,-2.57767857143
2012-10-08 11:52:54,95,1,20.6574404762,-3.32529761905
2012-10-08 11:52:55,96,1,16.8860119048,-3.77142857143
2012-10-08 11:52:56,97,1,13.1205357143,-3.76547619048
2012-10-08 11:52:57,98,1,9.83705357143,-3.28348214286
2012-10-08 11:52:58,99,1,7.29851190476,-2.53854166667
2012-10-08 11:52:59,100,1,5.38645833333,-1.91205357143
2012-10-08 11:53:00,101,1,3.74561011905,-1.64084821429
2012-10-08 11:53:01,102,1,2.2388764881,-1.50673363095
2012-10-08 11:53:02,103,1,0.0,-2.2388764881
2012-10-08 15:58:07,14808,14705,0.0,0.0
2012-10-08 15:58:08,14809,1,3.00193452381,3.00193452381
2012-10-08 15:58:09,14810,1,5.42180059524,2.41986607143
2012-10-08 15:58:10,14811,1,8.07976190476,2.65796130952
2012-10-08 15:58:11,14812,1,10.6338541667,2.5540922619
2012-10-08 15:58:12,14813,1,13.0680803571,2.43422619048
2012-10-08 15:58:13,14814,1,15.4420758929,2.37399553571
2012-10-08 15:58:14,14815,1,17.6782738095,2.23619791667
2012-10-08 15:58:15,14816,1,19.5438244048,1.86555059524
2012-10-08 15:58:16,14817,1,20.8233630952,1.27953869048
2012-10-08 15:58:17,14818,1,21.497172619,0.673809523809
2012-10-08 15:58:18,14819,1,21.7218005952,0.224627976191
2012-10-08 15:58:19,14820,1,21.661235119,-0.0605654761905
2012-10-08 15:58:20,14821,1,21.3735119048,-0.287723214286
2012-10-08 15:58:21,14822,1,20.8380208333,-0.535491071429
2012-10-08 15:58:22,14823,1,20.0494047619,-0.788616071428
2012-10-08 15:58:23,14824,1,19.0639136905,-0.985491071429
2012-10-08 15:58:24,14825,1,17.9671875,-1.09672619048
2012-10-08 15:58:25,14826,1,16.8363839286,-1.13080357143
2012-10-08 15:58:26,14827,1,15.7441964286,-1.0921875
2012-10-08 15:58:27,14828,1,14.7724702381,-0.971726190476
2012-10-08 15:58:28,14829,1,14.0053571429,-0.767113095238
2012-10-08 15:58:29,14830,1,13.4970982143,-0.508258928571
2012-10-08 15:58:30,14831,1,13.2379464286,-0.259151785714
2012-10-08 15:58:31,14832,1,13.1648809524,-0.0730654761904
2012-10-08 15:58:32,14833,1,13.2084821429,0.0436011904761
2012-10-08 15:58:33,14834,1,13.3327380952,0.124255952381
2012-10-08 15:58:34,14835,1,13.5509672619,0.218229166667
2012-10-08 15:58:35,14836,1,13.8951636905,0.344196428571
2012-10-08 15:58:36,14837,1,14.3530505952,0.457886904762
2012-10-08 15:58:37,14838,1,14.8470982143,0.494047619048
2012-10-08 15:58:38,14839,1,15.271875,0.424776785714
2012-10-08 15:58:39,14840,1,15.5380952381,0.266220238095
2012-10-08 15:58:40,14841,1,15.6050595238,0.0669642857143
2012-10-08 15:58:41,14842,1,15.5151785714,-0.0898809523809
2012-10-08 15:58:42,14843,1,15.4036458333,-0.111532738095
2012-10-08 15:58:43,14844,1,15.4240327381,0.0203869047619
2012-10-08 15:58:44,14845,1,15.5995535714,0.175520833333
2012-10-08 15:58:45,14846,1,15.7030505952,0.103497023809
2012-10-08 15:58:46,14847,1,15.2837797619,-0.419270833333
2012-10-08 15:58:47,14848,1,13.9216517857,-1.36212797619
2012-10-08 15:58:48,14849,1,11.6360119048,-2.28563988095
2012-10-08 15:58:49,14850,1,9.10453869048,-2.53147321429
2012-10-08 15:58:50,14851,1,7.35766369048,-1.746875
2012-10-08 15:58:51,14852,1,7.10625,-0.251413690476
2012-10-08 15:58:52,14853,1,8.27046130952,1.16421130952
2012-10-08 15:58:53,14854,1,10.0960565476,1.8255952381
2012-10-08 15:58:54,14855,1,11.7220982143,1.62604166667
2012-10-08 15:58:55,14856,1,12.7046130952,0.982514880952
2012-10-08 15:58:56,14857,1,13.0892857143,0.384672619048
2012-10-08 15:58:57,14858,1,13.0806547619,-0.0086309523809
2012-10-08 15:58:58,14859,1,12.7201636905,-0.360491071429
2012-10-08 15:58:59,14860,1,11.9046875,-0.815476190476
2012-10-08 15:59:00,14861,1,10.6613095238,-1.24337797619
2012-10-08 15:59:01,14862,1,9.31748511905,-1.34382440476
2012-10-08 15:59:02,14863,1,8.36391369048,-0.953571428571
2012-10-08 15:59:03,14864,1,8.11912202381,-0.244791666667
2012-10-08 15:59:04,14865,1,8.47038690476,0.351264880952
2012-10-08 15:59:05,14866,1,8.94561011905,0.475223214286
2012-10-08 15:59:06,14867,1,9.08005952381,0.134449404762
2012-10-08 15:59:07,14868,1,8.71733630952,-0.362723214286
2012-10-08 15:59:08,14869,1,7.97976190476,-0.737574404762
2012-10-08 15:59:09,14870,1,7.01383928571,-0.965922619048
2012-10-08 15:59:10,14871,1,5.80446428571,-1.209375
2012-10-08 15:59:11,14872,1,4.26912202381,-1.5353422619
2012-10-08 15:59:12,14873,1,2.57611607143,-1.69300595238
2012-10-08 15:59:13,14874,1,0.0,-2.57611607143
2012-10-08 16:04:23,15184,310,0.0,0.0
2012-10-08 16:04:24,15185,1,1.27135416667,1.27135416667
2012-10-08 16:04:25,15186,1,1.93802083333,0.666666666667
2012-10-08 16:04:26,15187,1,2.35848214286,0.420461309524
2012-10-08 16:04:27,15188,1,2.44806547619,0.0895833333333
2012-10-08 16:04:28,15189,1,2.48370535714,0.0356398809524
2012-10-08 16:04:29,15190,1,2.83526785714,0.3515625
2012-10-08 16:04:30,15191,1,3.68824404762,0.852976190476
2012-10-08 16:04:31,15192,1,4.93125,1.24300595238
2012-10-08 16:04:32,15193,1,6.2490327381,1.3177827381
2012-10-08 16:04:33,15194,1,7.33422619048,1.08519345238
2012-10-08 16:04:34,15195,1,8.07693452381,0.742708333333
2012-10-08 16:04:35,15196,1,8.5625,0.48556547619
2012-10-08 16:04:36,15197,1,8.89888392857,0.336383928571
2012-10-08 16:04:37,15198,1,9.10580357143,0.206919642857
2012-10-08 16:04:38,15199,1,9.14836309524,0.0425595238095
2012-10-08 16:04:39,15200,1,8.98831845238,-0.160044642857
2012-10-08 16:04:40,15201,1,8.58683035714,-0.401488095238
2012-10-08 16:04:41,15202,1,7.94486607143,-0.641964285714
2012-10-08 16:04:42,15203,1,7.23482142857,-0.710044642857
2012-10-08 16:04:43,15204,1,6.85453869048,-0.380282738095
2012-10-08 16:04:44,15205,1,7.20766369048,0.353125
2012-10-08 16:04:45,15206,1,8.34717261905,1.13950892857
2012-10-08 16:04:46,15207,1,9.85186011905,1.5046875
2012-10-08 16:04:47,15208,1,11.1009672619,1.24910714286
2012-10-08 16:04:48,15209,1,11.7188988095,0.617931547619
2012-10-08 16:04:49,15210,1,11.7894345238,0.0705357142857
2012-10-08 16:04:50,15211,1,11.665922619,-0.123511904762
2012-10-08 16:04:51,15212,1,11.6198660714,-0.046056547619
2012-10-08 16:04:52,15213,1,11.6896577381,0.0697916666666
2012-10-08 16:04:53,15214,1,11.7901785714,0.100520833333
2012-10-08 16:04:54,15215,1,11.8749255952,0.0847470238095
2012-10-08 16:04:55,15216,1,11.9915922619,0.116666666667
2012-10-08 16:04:56,15217,1,12.240922619,0.249330357143
2012-10-08 16:04:57,15218,1,12.7213541667,0.480431547619
2012-10-08 16:04:58,15219,1,13.5047619048,0.783407738095
2012-10-08 16:04:59,15220,1,14.6180059524,1.11324404762
2012-10-08 16:05:00,15221,1,16.0026785714,1.38467261905
2012-10-08 16:05:01,15222,1,17.5133184524,1.51063988095
2012-10-08 16:05:02,15223,1,19.0031994048,1.48988095238
2012-10-08 16:05:03,15224,1,20.3955357143,1.39233630952
2012-10-08 16:05:04,15225,1,21.6575892857,1.26205357143
2012-10-08 16:05:05,15226,1,22.7524553571,1.09486607143
2012-10-08 16:05:06,15227,1,23.6301339286,0.877678571429
2012-10-08 16:05:07,15228,1,24.2552827381,0.625148809524
2012-10-08 16:05:08,15229,1,24.6558035714,0.400520833333
2012-10-08 16:05:09,15230,1,24.9188244048,0.263020833333
2012-10-08 16:05:10,15231,1,25.112797619,0.193973214286
2012-10-08 16:05:11,15232,1,25.2476934524,0.134895833333
2012-10-08 16:05:12,15233,1,25.319047619,0.0713541666666
2012-10-08 16:05:13,15234,1,25.3442708333,0.0252232142857
2012-10-08 16:05:14,15235,1,25.3458333333,0.0015625
2012-10-08 16:05:15,15236,1,25.3247767857,-0.021056547619
2012-10-08 16:05:16,15237,1,25.2504464286,-0.0743303571429
2012-10-08 16:05:17,15238,1,25.0623511905,-0.188095238095
2012-10-08 16:05:18,15239,1,24.6816220238,-0.380729166667
2012-10-08 16:05:19,15240,1,24.0389136905,-0.642708333333
2012-10-08 16:05:20,15241,1,23.1308779762,-0.908035714286
2012-10-08 16:05:21,15242,1,22.0779761905,-1.05290178571
2012-10-08 16:05:22,15243,1,21.1151785714,-0.962797619048
2012-10-08 16:05:23,15244,1,20.4744791667,-0.640699404762
2012-10-08 16:05:24,15245,1,20.2026785714,-0.271800595238
2012-10-08 16:05:25,15246,1,20.0636904762,-0.138988095238
2012-10-08 16:05:26,15247,1,19.6661458333,-0.397544642857
2012-10-08 16:05:27,15248,1,18.7526785714,-0.913467261905
2012-10-08 16:05:28,15249,1,17.4060267857,-1.34665178571
2012-10-08 16:05:29,15250,1,15.9875744048,-1.41845238095
2012-10-08 16:05:30,15251,1,14.8776785714,-1.10989583333
2012-10-08 16:05:31,15252,1,14.2699404762,-0.607738095238
2012-10-08 16:05:32,15253,1,14.1450892857,-0.124851190476
2012-10-08 16:05:33,15254,1,14.3431547619,0.198065476191
2012-10-08 16:05:34,15255,1,14.6780505952,0.334895833333
2012-10-08 16:05:35,15256,1,15.0741815476,0.396130952381
2012-10-08 16:05:36,15257,1,15.6299107143,0.555729166667
2012-10-08 16:05:37,15258,1,16.5532738095,0.923363095238
2012-10-08 16:05:38,15259,1,18.0029761905,1.44970238095
2012-10-08 16:05:39,15260,1,19.9116071429,1.90863095238
2012-10-08 16:05:40,15261,1,21.9412202381,2.02961309524
2012-10-08 16:05:41,15262,1,23.6468005952,1.70558035714
2012-10-08 16:05:42,15263,1,24.6964285714,1.04962797619
2012-10-08 16:05:43,15264,1,24.9645089286,0.268080357143
2012-10-08 16:05:44,15265,1,24.4811755952,-0.483333333333
2012-10-08 16:05:45,15266,1,23.3321428571,-1.1490327381
2012-10-08 16:05:46,15267,1,21.6255952381,-1.70654761905
2012-10-08 16:05:47,15268,1,19.5889880952,-2.03660714286
2012-10-08 16:05:48,15269,1,17.6894345238,-1.89955357143
2012-10-08 16:05:49,15270,1,16.5558035714,-1.13363095238
2012-10-08 16:05:50,15271,1,16.6486607143,0.0928571428571
2012-10-08 16:05:51,15272,1,17.9246279762,1.2759672619
2012-10-08 16:05:52,15273,1,19.8242559524,1.89962797619
2012-10-08 16:05:53,15274,1,21.6508184524,1.8265625
2012-10-08 16:05:54,15275,1,23.0000744048,1.34925595238
2012-10-08 16:05:55,15276,1,23.8587053571,0.858630952381
2012-10-08 16:05:56,15277,1,24.4058779762,0.547172619048
2012-10-08 16:05:57,15278,1,24.7930059524,0.387127976191
2012-10-08 16:05:58,15279,1,25.0563244048,0.263318452381
2012-10-08 16:05:59,15280,1,25.1688988095,0.112574404762
2012-10-08 16:06:00,15281,1,25.1167410714,-0.0521577380952
2012-10-08 16:06:01,15282,1,24.9016369048,-0.215104166667
2012-10-08 16:06:02,15283,1,24.5367559524,-0.364880952381
2012-10-08 16:06:03,15284,1,24.0800595238,-0.456696428572
2012-10-08 16:06:04,15285,1,23.6345982143,-0.445461309524
2012-10-08 16:06:05,15286,1,23.2932291667,-0.341369047619
2012-10-08 16:06:06,15287,1,23.0779761905,-0.21525297619
2012-10-08 16:06:07,15288,1,22.9244047619,-0.153571428571
2012-10-08 16:06:08,15289,1,22.7335565476,-0.190848214286
2012-10-08 16:06:09,15290,1,22.4318452381,-0.301711309524
2012-10-08 16:06:10,15291,1,21.9486607143,-0.483184523809
2012-10-08 16:06:11,15292,1,21.1468005952,-0.801860119048
2012-10-08 16:06:12,15293,1,19.830952381,-1.31584821429
2012-10-08 16:06:13,15294,1,17.8750744048,-1.95587797619
2012-10-08 16:06:14,15295,1,15.3707589286,-2.50431547619
2012-10-08 16:06:15,15296,1,12.6235863095,-2.74717261905
2012-10-08 16:06:16,15297,1,9.93928571429,-2.68430059524
2012-10-08 16:06:17,15298,1,7.41428571429,-2.525
2012-10-08 16:06:18,15299,1,5.00401785714,-2.41026785714
2012-10-08 16:06:19,15300,1,2.83482142857,-2.16919642857
2012-10-08 16:06:20,15301,1,0.0,-2.83482142857
