timestamp,cycle_sec,timestep,speed_mph,accel_meters_ps
2012-08-25 09:54:22,0,63328,0.0,0.0
2012-08-25 09:54:23,1,1,4.64166666667,4.64166666667
2012-08-25 09:54:24,2,1,8.45452008929,3.81285342262
2012-08-25 09:54:25,3,1,12.8037016369,4.34918154762
2012-08-25 09:54:26,4,1,17.2459821429,4.44228050595
2012-08-25 09:54:27,5,1,21.656733631,4.4107514881
2012-08-25 09:54:28,6,1,25.8854817708,4.22874813988
2012-08-25 09:54:29,7,1,29.5520089286,3.66652715774
2012-08-25 09:54:30,8,1,32.2046130952,2.65260416667
2012-08-25 09:54:31,9,1,33.6394345238,1.43482142857
2012-08-25 09:54:32,10,1,34.047609747,0.408175223214
2012-08-25 09:54:33,11,1,33.8787760417,-0.168833705357
2012-08-25 09:54:34,12,1,33.5480375744,-0.330738467262
2012-08-25 09:54:35,13,1,33.2398995536,-0.308138020833
2012-08-25 09:54:36,14,1,32.9482142857,-0.291685267857
2012-08-25 09:54:37,15,1,32.6136904762,-0.334523809524
2012-08-25 09:54:38,16,1,32.1798363095,-0.433854166667
2012-08-25 09:54:39,17,1,31.5833333333,-0.596502976191
2012-08-25 09:54:40,18,1,30.7801339286,-0.803199404762
2012-08-25 09:54:41,19,1,29.8052827381,-0.974851190476
2012-08-25 09:54:42,20,1,28.7686755952,-1.03660714286
2012-08-25 09:54:43,21,1,27.7511160714,-1.01755952381
2012-08-25 09:54:44,22,1,26.6941220238,-1.05699404762
2012-08-25 09:54:45,23,1,25.3920386905,-1.30208333333
2012-08-25 09:54:46,24,1,23.589360119,-1.80267857143
2012-08-25 09:54:47,25,1,21.1243303571,-2.4650297619
2012-08-25 09:54:48,26,1,18.0755952381,-3.04873511905
2012-08-25 09:54:49,27,1,14.8220982143,-3.25349702381
2012-08-25 09:54:50,28,1,11.9361607143,-2.8859375
2012-08-25 09:54:51,29,1,9.98318452381,-1.95297619048
2012-08-25 09:54:52,30,1,9.31138392857,-0.671800595238
2012-08-25 09:54:53,31,1,9.88035714286,0.568973214286
2012-08-25 09:54:54,32,1,11.2993303571,1.41897321429
2012-08-25 09:54:55,33,1,13.1014880952,1.8021577381
2012-08-25 09:54:56,34,1,14.9647321429,1.86324404762
2012-08-25 09:54:57,35,1,16.7337053571,1.76897321429
2012-08-25 09:54:58,36,1,18.3654017857,1.63169642857
2012-08-25 09:54:59,37,1,19.8534970238,1.4880952381
2012-08-25 09:55:00,38,1,21.159375,1.30587797619
2012-08-25 09:55:01,39,1,22.2042410714,1.04486607143
2012-08-25 09:55:02,40,1,22.8709077381,0.666666666667
2012-08-25 09:55:03,41,1,23.0134672619,0.14255952381
2012-08-25 09:55:04,42,1,22.5513392857,-0.462127976191
2012-08-25 09:55:05,43,1,21.5735119048,-0.977827380952
2012-08-25 09:55:06,44,1,20.3188988095,-1.25461309524
2012-08-25 09:55:07,45,1,19.0389136905,-1.27998511905
2012-08-25 09:55:08,46,1,17.8439732143,-1.19494047619
2012-08-25 09:55:09,47,1,16.6495535714,-1.19441964286
2012-08-25 09:55:10,48,1,15.3104166667,-1.33913690476
2012-08-25 09:55:11,49,1,13.8847470238,-1.42566964286
2012-08-25 09:55:12,50,1,12.7627232143,-1.12202380952
2012-08-25 09:55:13,51,1,12.4488095238,-0.313913690476
2012-08-25 09:55:14,52,1,13.1311011905,0.682291666667
2012-08-25 09:55:15,53,1,14.3973214286,1.2662202381
2012-08-25 09:55:16,54,1,15.38125,0.983928571429
2012-08-25 09:55:17,55,1,15.3227678571,-0.0584821428571
2012-08-25 09:55:18,56,1,14.1451636905,-1.17760416667
2012-08-25 09:55:19,57,1,12.5681547619,-1.57700892857
2012-08-25 09:55:20,58,1,11.6555059524,-0.912648809524
2012-08-25 09:55:21,59,1,12.1335565476,0.478050595238
2012-08-25 09:55:22,60,1,13.9373511905,1.80379464286
2012-08-25 09:55:23,61,1,16.2790922619,2.34174107143
2012-08-25 09:55:24,62,1,18.1636160714,1.88452380952
2012-08-25 09:55:25,63,1,18.9161458333,0.752529761905
2012-08-25 09:55:26,64,1,18.3710565476,-0.545089285714
2012-08-25 09:55:27,65,1,16.762202381,-1.60885416667
2012-08-25 09:55:28,66,1,14.5183035714,-2.24389880952
2012-08-25 09:55:29,67,1,12.0962797619,-2.42202380952
2012-08-25 09:55:30,68,1,9.8755952381,-2.22068452381
2012-08-25 09:55:31,69,1,8.0615327381,-1.8140625
2012-08-25 09:55:32,70,1,6.6462797619,-1.41525297619
2012-08-25 09:55:33,71,1,5.5302827381,-1.11599702381
2012-08-25 09:55:34,72,1,4.70223214286,-0.828050595238
2012-08-25 09:55:35,73,1,4.27767857143,-0.424553571429
2012-08-25 09:55:36,74,1,4.35691964286,0.0792410714286
2012-08-25 09:55:37,75,1,4.86116071429,0.504241071429
2012-08-25 09:55:38,76,1,5.55081845238,0.689657738095
2012-08-25 09:55:39,77,1,6.19181547619,0.64099702381
2012-08-25 09:55:40,78,1,6.62209821429,0.430282738095
2012-08-25 09:55:41,79,1,6.65550595238,0.0334077380952
2012-08-25 09:55:42,80,1,6.04144345238,-0.6140625
2012-08-25 09:55:43,81,1,4.66450892857,-1.37693452381
2012-08-25 09:55:44,82,1,2.86949404762,-1.79501488095
2012-08-25 09:55:45,83,1,0.0,-2.86949404762
2012-08-25 09:56:04,102,19,0.0,0.0
2012-08-25 09:56:05,103,1,1.99330357143,1.99330357143
2012-08-25 09:56:06,104,1,3.25959821429,1.26629464286
2012-08-25 09:56:07,105,1,4.44166666667,1.18206845238
2012-08-25 09:56:08,106,1,5.38541666667,0.94375
2012-08-25 09:56:09,107,1,6.15200892857,0.766592261905
2012-08-25 09:56:10,108,1,6.76041666667,0.608407738095
2012-08-25 09:56:11,109,1,7.12738095238,0.366964285714
2012-08-25 09:56:12,110,1,7.1552827381,0.0279017857143
2012-08-25 09:56:13,111,1,6.81651785714,-0.338764880952
2012-08-25 09:56:14,112,1,6.21331845238,-0.603199404762
2012-08-25 09:56:15,113,1,5.63511904762,-0.578199404762
2012-08-25 09:56:16,114,1,5.49084821429,-0.144270833333
2012-08-25 09:56:17,115,1,6.03630952381,0.545461309524
2012-08-25 09:56:18,116,1,7.12410714286,1.08779761905
2012-08-25 09:56:19,117,1,8.25714285714,1.13303571429
2012-08-25 09:56:20,118,1,8.90758928571,0.650446428571
2012-08-25 09:56:21,119,1,8.84464285714,-0.0629464285714
2012-08-25 09:56:22,120,1,8.22194940476,-0.622693452381
2012-08-25 09:56:23,121,1,7.3646577381,-0.857291666667
2012-08-25 09:56:24,122,1,6.51540178571,-0.849255952381
2012-08-25 09:56:25,123,1,5.79084821429,-0.724553571429
2012-08-25 09:56:26,124,1,5.24419642857,-0.546651785714
2012-08-25 09:56:27,125,1,4.85461309524,-0.389583333333
2012-08-25 09:56:28,126,1,4.5037202381,-0.350892857143
2012-08-25 09:56:29,127,1,4.04947916667,-0.454241071429
2012-08-25 09:56:30,128,1,3.45171130952,-0.597767857143
2012-08-25 09:56:31,129,1,2.83995535714,-0.611755952381
2012-08-25 09:56:32,130,1,2.45892857143,-0.381026785714
2012-08-25 09:56:33,131,1,2.51026785714,0.0513392857143
2012-08-25 09:56:34,132,1,3.02648809524,0.516220238095
2012-08-25 09:56:35,133,1,3.88236607143,0.85587797619
2012-08-25 09:56:36,134,1,4.8759672619,0.993601190476
2012-08-25 09:56:37,135,1,5.80186011905,0.925892857143
2012-08-25 09:56:38,136,1,6.51912202381,0.717261904762
2012-08-25 09:56:39,137,1,6.97686011905,0.457738095238
2012-08-25 09:56:40,138,1,7.17165178571,0.194791666667
2012-08-25 09:56:41,139,1,7.09717261905,-0.0744791666667
2012-08-25 09:56:42,140,1,6.72492559524,-0.37224702381
2012-08-25 09:56:43,141,1,6.02864583333,-0.696279761905
2012-08-25 09:56:44,142,1,5.06584821429,-0.962797619048
2012-08-25 09:56:45,143,1,4.02537202381,-1.04047619048
2012-08-25 09:56:46,144,1,3.14955357143,-0.875818452381
2012-08-25 09:56:47,145,1,2.61904761905,-0.530505952381
2012-08-25 09:56:48,146,1,2.49464285714,-0.124404761905
2012-08-25 09:56:49,147,1,2.70699404762,0.212351190476
2012-08-25 09:56:50,148,1,3.11242559524,0.405431547619
2012-08-25 09:56:51,149,1,3.5755952381,0.463169642857
2012-08-25 09:56:52,150,1,3.96800595238,0.392410714286
2012-08-25 09:56:53,151,1,4.13950892857,0.17150297619
2012-08-25 09:56:54,152,1,3.96540178571,-0.174107142857
2012-08-25 09:56:55,153,1,3.39300595238,-0.572395833333
2012-08-25 09:56:56,154,1,2.47165178571,-0.921354166667
2012-08-25 09:56:57,155,1,1.47578125,-0.995870535714
2012-08-25 09:56:58,156,1,0.0,-1.47578125
