timestamp,cycle_sec,timestep,speed_mph,accel_meters_ps
2012-07-29 12:56:12,0,78245,0.0,0.0
2012-07-29 12:56:13,1,1,1.35751488095,1.35751488095
2012-07-29 12:56:14,2,1,2.1271577381,0.769642857143
2012-07-29 12:56:15,3,1,2.79583333333,0.668675595238
2012-07-29 12:56:16,4,1,3.37380952381,0.577976190476
2012-07-29 12:56:17,5,1,4.03303571429,0.659226190476
2012-07-29 12:56:18,6,1,4.85513392857,0.822098214286
2012-07-29 12:56:19,7,1,5.80959821429,0.954464285714
2012-07-29 12:56:20,8,1,6.84642857143,1.03683035714
2012-07-29 12:56:21,9,1,7.93831845238,1.09188988095
2012-07-29 12:56:22,10,1,9.07328869048,1.1349702381
2012-07-29 12:56:23,11,1,10.2326636905,1.159375
2012-07-29 12:56:24,12,1,11.3373511905,1.1046875
2012-07-29 12:56:25,13,1,12.1915178571,0.854166666667
2012-07-29 12:56:26,14,1,12.5185267857,0.327008928571
2012-07-29 12:56:27,15,1,12.1121279762,-0.406398809524
2012-07-29 12:56:28,16,1,10.986235119,-1.12589285714
2012-07-29 12:56:29,17,1,9.38876488095,-1.5974702381
2012-07-29 12:56:30,18,1,7.66238839286,-1.7263764881
2012-07-29 12:56:31,19,1,6.06607142857,-1.59631696429
2012-07-29 12:56:32,20,1,4.71279761905,-1.35327380952
2012-07-29 12:56:33,21,1,3.65089285714,-1.0619047619
2012-07-29 12:56:34,22,1,2.94929315476,-0.701599702381
2012-07-29 12:56:35,23,1,2.67544642857,-0.27384672619
2012-07-29 12:56:36,24,1,2.79631696429,0.120870535714
2012-07-29 12:56:37,25,1,3.11852678571,0.322209821429
2012-07-29 12:56:38,26,1,3.37261904762,0.254092261905
2012-07-29 12:56:39,27,1,3.42008928571,0.0474702380952
2012-07-29 12:56:40,28,1,3.42756696429,0.00747767857142
2012-07-29 12:56:41,29,1,3.82023809524,0.392671130952
2012-07-29 12:56:42,30,1,4.98147321429,1.16123511905
2012-07-29 12:56:43,31,1,6.94613095238,1.9646577381
2012-07-29 12:56:44,32,1,9.3484375,2.40230654762
2012-07-29 12:56:45,33,1,11.6245535714,2.27611607143
2012-07-29 12:56:46,34,1,13.3031994048,1.67864583333
2012-07-29 12:56:47,35,1,14.170014881,0.86681547619
2012-07-29 12:56:48,36,1,14.2100446429,0.0400297619047
2012-07-29 12:56:49,37,1,13.4895833333,-0.720461309524
2012-07-29 12:56:50,38,1,12.1348958333,-1.3546875
2012-07-29 12:56:51,39,1,10.3527529762,-1.78214285714
2012-07-29 12:56:52,40,1,8.40647321429,-1.9462797619
2012-07-29 12:56:53,41,1,6.55491071429,-1.8515625
2012-07-29 12:56:54,42,1,4.9984375,-1.55647321429
2012-07-29 12:56:55,43,1,3.85989583333,-1.13854166667
2012-07-29 12:56:56,44,1,3.1744047619,-0.685491071429
2012-07-29 12:56:57,45,1,2.84456845238,-0.329836309524
2012-07-29 12:56:58,46,1,2.60944940476,-0.235119047619
2012-07-29 12:56:59,47,1,2.16324404762,-0.446205357143
2012-07-29 12:57:00,48,1,1.45037202381,-0.71287202381
2012-07-29 12:57:01,49,1,0.0,-1.45037202381
