timestamp,cycle_sec,timestep,speed_mph,accel_meters_ps
2012-07-28 16:14:40,0,70433,0.0,0.0
2012-07-28 16:14:41,1,1,2.40133909896,2.40133909896
2012-07-28 16:14:42,2,1,4.07574381027,1.67440471131
2012-07-28 16:14:43,3,1,5.82730630432,1.75156249405
2012-07-28 16:14:44,4,1,7.63988067113,1.81257436682
2012-07-28 16:14:45,5,1,9.65617517783,2.0162945067
2012-07-28 16:14:46,6,1,11.8540172537,2.19784207589
2012-07-28 16:14:47,7,1,14.0517850171,2.19776776339
2012-07-28 16:14:48,8,1,16.0972464174,2.0454614003
2012-07-28 16:14:49,9,1,17.9274549754,1.83020855804
2012-07-28 16:14:50,10,1,19.5123510357,1.58489606027
2012-07-28 16:14:51,11,1,20.796279744,1.28392870833
2012-07-28 16:14:52,12,1,21.6580357329,0.861755988839
2012-07-28 16:14:53,13,1,21.9392856949,0.281249962054
2012-07-28 16:14:54,14,1,21.5560266749,-0.383259020089
2012-07-28 16:14:55,15,1,20.5710563021,-0.984970372768
2012-07-28 16:14:56,16,1,19.124627558,-1.44642874405
2012-07-28 16:14:57,17,1,17.335564875,-1.78906268304
2012-07-28 16:14:58,18,1,15.3494784405,-1.98608643452
2012-07-28 16:14:59,19,1,13.4659218854,-1.88355655506
2012-07-28 16:15:00,20,1,12.1314725818,-1.33444930357
2012-07-28 16:15:01,21,1,11.7478417664,-0.383630815476
2012-07-28 16:15:02,22,1,12.4371275662,0.689285799851
2012-07-28 16:15:03,23,1,13.9660710238,1.52894345759
2012-07-28 16:15:04,24,1,15.8998507656,1.93377974182
2012-07-28 16:15:05,25,1,17.8194936332,1.91964286756
2012-07-28 16:15:06,26,1,19.4286454531,1.60915181994
2012-07-28 16:15:07,27,1,20.5620532299,1.13340777679
2012-07-28 16:15:08,28,1,21.1720235201,0.609970290179
2012-07-28 16:15:09,29,1,21.3135414598,0.141517939732
2012-07-28 16:15:10,30,1,21.1005207262,-0.213020733631
2012-07-28 16:15:11,31,1,20.6247023155,-0.475818410714
2012-07-28 16:15:12,32,1,19.9080355595,-0.716666755952
2012-07-28 16:15:13,33,1,18.9625740737,-0.945461485863
2012-07-28 16:15:14,34,1,17.9079608393,-1.05461323438
2012-07-28 16:15:15,35,1,17.0027524635,-0.905208375744
2012-07-28 16:15:16,36,1,16.5219489062,-0.480803557292
2012-07-28 16:15:17,37,1,16.5506691473,0.0287202410714
2012-07-28 16:15:18,38,1,16.8575143371,0.306845189732
2012-07-28 16:15:19,39,1,17.0153267552,0.157812418155
2012-07-28 16:15:20,40,1,16.6814725365,-0.33385421875
2012-07-28 16:15:21,41,1,15.730430878,-0.951041658482
2012-07-28 16:15:22,42,1,14.1710559196,-1.55937495833
2012-07-28 16:15:23,43,1,12.0700142939,-2.10104162574
2012-07-28 16:15:24,44,1,9.63668097396,-2.43333331994
2012-07-28 16:15:25,45,1,7.36227619568,-2.27440477827
2012-07-28 16:15:26,46,1,5.92492500298,-1.43735119271
2012-07-28 16:15:27,47,1,5.79724647917,-0.12767852381
2012-07-28 16:15:28,48,1,6.93482097024,1.13757449107
2012-07-28 16:15:29,49,1,8.89464248661,1.95982151637
2012-07-28 16:15:30,50,1,11.2304312217,2.33578873512
2012-07-28 16:15:31,51,1,13.7428568147,2.51242559301
2012-07-28 16:15:32,52,1,16.3987347857,2.65587797098
2012-07-28 16:15:33,53,1,19.0890621696,2.69032738393
2012-07-28 16:15:34,54,1,21.5313984747,2.44233630506
2012-07-28 16:15:35,55,1,23.4354163333,1.90401785863
2012-07-28 16:15:36,56,1,24.7215770558,1.28616072247
2012-07-28 16:15:37,57,1,25.5544639501,0.832886894345
2012-07-28 16:15:38,58,1,26.1999252284,0.645461278274
2012-07-28 16:15:39,59,1,26.8453864948,0.645461266369
2012-07-28 16:15:40,60,1,27.5023060804,0.656919585565
2012-07-28 16:15:41,61,1,28.0383923244,0.536086244048
2012-07-28 16:15:42,62,1,28.29107084,0.252678515625
2012-07-28 16:15:43,63,1,28.1577374673,-0.133333372768
2012-07-28 16:15:44,64,1,27.5807285,-0.577008967262
2012-07-28 16:15:45,65,1,26.4572909531,-1.12343754687
2012-07-28 16:15:46,66,1,24.6147313936,-1.84255955952
2012-07-28 16:15:47,67,1,21.9241063847,-2.69062500893
2012-07-28 16:15:48,68,1,18.4334813914,-3.4906249933
2012-07-28 16:15:49,69,1,14.4226927039,-4.0107886875
2012-07-28 16:15:50,70,1,10.4654754323,-3.95721727158
2012-07-28 16:15:51,71,1,7.41889804539,-3.0465773869
2012-07-28 16:15:52,72,1,6.08876416071,-1.33013388467
2012-07-28 16:15:53,73,1,6.78310952604,0.694345365327
2012-07-28 16:15:54,74,1,9.22715732812,2.44404780208
2012-07-28 16:15:55,75,1,12.8032735685,3.57611624033
2012-07-28 16:15:56,76,1,16.8207587805,4.01748521205
2012-07-28 16:15:57,77,1,20.703571276,3.88281249554
2012-07-28 16:15:58,78,1,24.0286456198,3.32507434375
2012-07-28 16:15:59,79,1,26.5281991548,2.49955353497
2012-07-28 16:16:00,80,1,28.2340771622,1.70587800744
2012-07-28 16:16:01,81,1,29.5025296116,1.2684524494
2012-07-28 16:16:02,82,1,30.6877231064,1.18519349479
2012-07-28 16:16:03,83,1,31.8282736592,1.14055055283
2012-07-28 16:16:04,84,1,32.6787199308,0.850446271577
2012-07-28 16:16:05,85,1,32.9328119524,0.254092021577
2012-07-28 16:16:06,86,1,32.4017105112,-0.53110144122
2012-07-28 16:16:07,87,1,31.0603412716,-1.34136923958
2012-07-28 16:16:08,88,1,28.9875733385,-2.07276793304
2012-07-28 16:16:09,89,1,26.324106131,-2.66346720759
2012-07-28 16:16:10,90,1,23.2927818475,-3.03132428348
2012-07-28 16:16:11,91,1,20.1720230298,-3.12075881771
2012-07-28 16:16:12,92,1,17.1954606086,-2.97656242113
2012-07-28 16:16:13,93,1,14.4726927969,-2.72276781176
2012-07-28 16:16:14,94,1,11.9651035045,-2.50758929241
2012-07-28 16:16:15,95,1,9.52693380878,-2.43816969568
2012-07-28 16:16:16,96,1,7.03898734003,-2.48794646875
2012-07-28 16:16:17,97,1,4.56986536979,-2.46912197024
2012-07-28 16:16:18,98,1,2.4662569256,-2.1036084442
2012-07-28 16:16:19,99,1,0.0,-2.4662569256
2012-07-28 16:17:02,142,43,0.0,0.0
2012-07-28 16:17:03,143,1,3.92388377009,3.92388377009
2012-07-28 16:17:04,144,1,7.54888360045,3.62499983036
2012-07-28 16:17:05,145,1,11.8253715141,4.27648791369
2012-07-28 16:17:06,146,1,15.9629458289,4.13757431473
2012-07-28 16:17:07,147,1,19.4957583661,3.5328125372
2012-07-28 16:17:08,148,1,22.3675218631,2.87176349702
2012-07-28 16:17:09,149,1,24.7816216451,2.41409978199
2012-07-28 16:17:10,150,1,26.9725442999,2.19092265476
2012-07-28 16:17:11,151,1,29.0717258914,2.09918159152
2012-07-28 16:17:12,152,1,31.1279016116,2.05617572024
2012-07-28 16:17:13,153,1,33.1576637507,2.02976213914
2012-07-28 16:17:14,154,1,35.1046133787,1.94694962798
2012-07-28 16:17:15,155,1,36.8088544509,1.70424107217
2012-07-28 16:17:16,156,1,38.1148065603,1.30595210937
2012-07-28 16:17:17,157,1,39.0030502664,0.888243706101
2012-07-28 16:17:18,158,1,39.5796870313,0.576636764881
2012-07-28 16:17:19,159,1,39.9755949628,0.395907931548
2012-07-28 16:17:20,160,1,40.2965775164,0.320982553571
2012-07-28 16:17:21,161,1,40.6356403363,0.339062819941
2012-07-28 16:17:22,162,1,41.0730659427,0.437425606399
2012-07-28 16:17:23,163,1,41.6369794107,0.563913468006
2012-07-28 16:17:24,164,1,42.2741815238,0.637202113095
2012-07-28 16:17:25,165,1,42.8839282894,0.609746765625
2012-07-28 16:17:26,166,1,43.3933029821,0.509374692708
2012-07-28 16:17:27,167,1,43.8116061615,0.418303179316
2012-07-28 16:17:28,168,1,44.2193438876,0.40773772619
2012-07-28 16:17:29,169,1,44.6938973571,0.474553469494
2012-07-28 16:17:30,170,1,45.2420375357,0.548140178571
2012-07-28 16:17:31,171,1,45.7994785484,0.557441012649
2012-07-28 16:17:32,172,1,46.275074247,0.475595698661
2012-07-28 16:17:33,173,1,46.6043154665,0.329241219494
2012-07-28 16:17:34,174,1,46.786458125,0.182142658482
2012-07-28 16:17:35,175,1,46.8671868899,0.080728764881
2012-07-28 16:17:36,176,1,46.8873501622,0.0201632723214
2012-07-28 16:17:37,177,1,46.8604897619,-0.0268604002976
2012-07-28 16:17:38,178,1,46.7828855618,-0.0776042001488
2012-07-28 16:17:39,179,1,46.6483619866,-0.134523575149
2012-07-28 16:17:40,180,1,46.4519337999,-0.196428186756
2012-07-28 16:17:41,181,1,46.1737347269,-0.278199072917
2012-07-28 16:17:42,182,1,45.7799104829,-0.393824244048
2012-07-28 16:17:43,183,1,45.2697170915,-0.510193391369
2012-07-28 16:17:44,184,1,44.71726184,-0.552455251488
2012-07-28 16:17:45,185,1,44.2580358415,-0.459225998512
2012-07-28 16:17:46,186,1,44.0145836168,-0.243452224702
2012-07-28 16:17:47,187,1,43.9989585759,-0.0156250409226
2012-07-28 16:17:48,188,1,44.0959077664,0.0969491904762
2012-07-28 16:17:49,189,1,44.1559522121,0.0600444456845
2012-07-28 16:17:50,190,1,44.0991069137,-0.0568452983631
2012-07-28 16:17:51,191,1,43.9608629152,-0.138243998512
2012-07-28 16:17:52,192,1,43.8475445327,-0.113318382441
2012-07-28 16:17:53,193,1,43.8189731332,-0.0285713995536
2012-07-28 16:17:54,194,1,43.8428570409,0.0238839077381
2012-07-28 16:17:55,195,1,43.8790920699,0.0362350290179
2012-07-28 16:17:56,196,1,43.9614579561,0.0823658861607
2012-07-28 16:17:57,197,1,44.1811005938,0.219642637649
2012-07-28 16:17:58,198,1,44.5937492686,0.412648674851
2012-07-28 16:17:59,199,1,45.1399546272,0.546205358631
2012-07-28 16:18:00,200,1,45.6839279263,0.543973299107
2012-07-28 16:18:01,201,1,46.1349696905,0.451041764137
2012-07-28 16:18:02,202,1,46.4904757626,0.355506072173
2012-07-28 16:18:03,203,1,46.7639878624,0.273512099702
2012-07-28 16:18:04,204,1,46.92336309,0.159375227679
2012-07-28 16:18:05,205,1,46.919494131,-0.0038689590774
2012-07-28 16:18:06,206,1,46.7530504792,-0.166443651786
2012-07-28 16:18:07,207,1,46.4878714702,-0.265179008929
2012-07-28 16:18:08,208,1,46.1906984063,-0.297173063988
2012-07-28 16:18:09,209,1,45.8713529568,-0.319345449405
2012-07-28 16:18:10,210,1,45.496873904,-0.374479052827
2012-07-28 16:18:11,211,1,45.0472462307,-0.449627673363
2012-07-28 16:18:12,212,1,44.5151036332,-0.53214259747
2012-07-28 16:18:13,213,1,43.8145829271,-0.700520706101
2012-07-28 16:18:14,214,1,42.6735115536,-1.14107137351
2012-07-28 16:18:15,215,1,40.6362348185,-2.03727673512
2012-07-28 16:18:16,216,1,37.2832586935,-3.352976125
2012-07-28 16:18:17,217,1,32.6170384993,-4.6662201942
2012-07-28 16:18:18,218,1,27.2949402619,-5.32209823735
2012-07-28 16:18:19,219,1,22.3997020967,-4.89523816518
2012-07-28 16:18:20,220,1,18.8787199018,-3.52098219494
2012-07-28 16:18:21,221,1,17.1100443013,-1.76867560045
2012-07-28 16:18:22,222,1,16.8808032396,-0.229241061756
2012-07-28 16:18:23,223,1,17.6856395461,0.804836306548
2012-07-28 16:18:24,224,1,19.0526782366,1.36703869048
2012-07-28 16:18:25,225,1,20.6635413348,1.61086309821
2012-07-28 16:18:26,226,1,22.2566960871,1.59315475223
2012-07-28 16:18:27,227,1,23.515847875,1.25915178795
2012-07-28 16:18:28,228,1,24.1204610134,0.604613138393
2012-07-28 16:18:29,229,1,23.9043896644,-0.216071348958
2012-07-28 16:18:30,230,1,22.9651784546,-0.939211209821
2012-07-28 16:18:31,231,1,21.6474702106,-1.31770824405
2012-07-28 16:18:32,232,1,20.3878720327,-1.25959817783
2012-07-28 16:18:33,233,1,19.5011160439,-0.886755988839
2012-07-28 16:18:34,234,1,19.0932290499,-0.407886994048
2012-07-28 16:18:35,235,1,19.1485116897,0.0552826398809
2012-07-28 16:18:36,236,1,19.6162199472,0.46770825744
2012-07-28 16:18:37,237,1,20.406398468,0.790178520833
2012-07-28 16:18:38,238,1,21.3725442612,0.966145793155
2012-07-28 16:18:39,239,1,22.3187495789,0.946205317708
2012-07-28 16:18:40,240,1,23.0240323088,0.705282729911
2012-07-28 16:18:41,241,1,23.2934520119,0.269419703125
2012-07-28 16:18:42,242,1,23.0095979278,-0.283854084077
2012-07-28 16:18:43,243,1,22.1558776949,-0.853720232887
2012-07-28 16:18:44,244,1,20.827827006,-1.32805068899
2012-07-28 16:18:45,245,1,19.232216785,-1.59561022098
2012-07-28 16:18:46,246,1,17.617112619,-1.61510416592
2012-07-28 16:18:47,247,1,16.1200145379,-1.4970980811
2012-07-28 16:18:48,248,1,14.6814730618,-1.43854147619
2012-07-28 16:18:49,249,1,13.1686755751,-1.51279748661
2012-07-28 16:18:50,250,1,11.5873511719,-1.58132440327
2012-07-28 16:18:51,251,1,10.1127974747,-1.47455369717
2012-07-28 16:18:52,252,1,8.90342228571,-1.20937518899
2012-07-28 16:18:53,253,1,7.94025246205,-0.963169823661
2012-07-28 16:18:54,254,1,7.0283227691,-0.911929692956
2012-07-28 16:18:55,255,1,5.88735050521,-1.14097226389
2012-07-28 16:18:56,256,1,4.34330296875,-1.54404753646
2012-07-28 16:18:57,257,1,2.62790137798,-1.71540159077
2012-07-28 16:18:58,258,1,0.0,-2.62790137798
