timestamp,cycle_sec,timestep,speed_mph,accel_meters_ps
2012-03-18 10:39:23,0,2997,0.0,0.0
2012-03-18 10:39:24,1,1,3.75081845238,3.75081845238
2012-03-18 10:39:25,2,1,6.88816964286,3.13735119048
2012-03-18 10:39:26,3,1,10.4337053571,3.54553571429
2012-03-18 10:39:27,4,1,13.7601934524,3.32648809524
2012-03-18 10:39:28,5,1,16.4084077381,2.64821428571
2012-03-18 10:39:29,6,1,18.1261160714,1.71770833333
2012-03-18 10:39:30,7,1,18.9724702381,0.846354166667
2012-03-18 10:39:31,8,1,19.3104166667,0.337946428571
2012-03-18 10:39:32,9,1,19.6077380952,0.297321428571
2012-03-18 10:39:33,10,1,20.1898065476,0.582068452381
2012-03-18 10:39:34,11,1,21.1276041667,0.937797619048
2012-03-18 10:39:35,12,1,22.3145089286,1.1869047619
2012-03-18 10:39:36,13,1,23.6248511905,1.3103422619
2012-03-18 10:39:37,14,1,25.0056547619,1.38080357143
2012-03-18 10:39:38,15,1,26.4701636905,1.46450892857
2012-03-18 10:39:39,16,1,28.0508928571,1.58072916667
2012-03-18 10:39:40,17,1,29.7543154762,1.70342261905
2012-03-18 10:39:41,18,1,31.5366071429,1.78229166667
2012-03-18 10:39:42,19,1,33.3020089286,1.76540178571
2012-03-18 10:39:43,20,1,34.9327380952,1.63072916667
2012-03-18 10:39:44,21,1,36.359672619,1.42693452381
2012-03-18 10:39:45,22,1,37.6118303571,1.2521577381
2012-03-18 10:39:46,23,1,38.7890625,1.17723214286
2012-03-18 10:39:47,24,1,39.9814732143,1.19241071429
2012-03-18 10:39:48,25,1,41.1642113095,1.18273809524
2012-03-18 10:39:49,26,1,42.15625,0.992038690476
2012-03-18 10:39:50,27,1,42.7415178571,0.585267857143
2012-03-18 10:39:51,28,1,42.8311011905,0.0895833333333
2012-03-18 10:39:52,29,1,42.4950892857,-0.336011904762
2012-03-18 10:39:53,30,1,41.8985863095,-0.596502976191
2012-03-18 10:39:54,31,1,41.2213541667,-0.677232142857
2012-03-18 10:39:55,32,1,40.5941964286,-0.627157738095
2012-03-18 10:39:56,33,1,40.0979910714,-0.496205357143
2012-03-18 10:39:57,34,1,39.7965029762,-0.301488095238
2012-03-18 10:39:58,35,1,39.7345238095,-0.0619791666667
2012-03-18 10:39:59,36,1,39.9225446429,0.188020833333
2012-03-18 10:40:00,37,1,40.3435267857,0.420982142857
2012-03-18 10:40:01,38,1,40.9672619048,0.623735119048
2012-03-18 10:40:02,39,1,41.7619047619,0.794642857143
2012-03-18 10:40:03,40,1,42.6929315476,0.931026785714
2012-03-18 10:40:04,41,1,43.7066220238,1.01369047619
2012-03-18 10:40:05,42,1,44.728422619,1.02180059524
2012-03-18 10:40:06,43,1,45.695610119,0.9671875
2012-03-18 10:40:07,44,1,46.5972470238,0.901636904762
2012-03-18 10:40:08,45,1,47.4702380952,0.872991071429
2012-03-18 10:40:09,46,1,48.3468005952,0.8765625
2012-03-18 10:40:10,47,1,49.2142113095,0.867410714286
2012-03-18 10:40:11,48,1,50.0209077381,0.806696428571
2012-03-18 10:40:12,49,1,50.7148065476,0.693898809524
2012-03-18 10:40:13,50,1,51.2858630952,0.571056547619
2012-03-18 10:40:14,51,1,51.7654761905,0.479613095238
2012-03-18 10:40:15,52,1,52.183110119,0.417633928571
2012-03-18 10:40:16,53,1,52.5466517857,0.363541666667
2012-03-18 10:40:17,54,1,52.8720238095,0.325372023809
2012-03-18 10:40:18,55,1,53.2115327381,0.339508928571
2012-03-18 10:40:19,56,1,53.6180803571,0.406547619048
2012-03-18 10:40:20,57,1,54.0696428571,0.4515625
2012-03-18 10:40:21,58,1,54.4601934524,0.390550595238
2012-03-18 10:40:22,59,1,54.6886160714,0.228422619048
2012-03-18 10:40:23,60,1,54.7608630952,0.0722470238095
2012-03-18 10:40:24,61,1,54.7956845238,0.0348214285714
2012-03-18 10:40:25,62,1,54.901264881,0.105580357143
2012-03-18 10:40:26,63,1,55.0525297619,0.151264880952
2012-03-18 10:40:27,64,1,55.1182291667,0.0656994047619
2012-03-18 10:40:28,65,1,54.990327381,-0.127901785714
2012-03-18 10:40:29,66,1,54.6747767857,-0.315550595238
2012-03-18 10:40:30,67,1,54.2872767857,-0.3875
2012-03-18 10:40:31,68,1,53.9649553571,-0.322321428571
2012-03-18 10:40:32,69,1,53.7417410714,-0.223214285714
2012-03-18 10:40:33,70,1,53.4640625,-0.277678571429
2012-03-18 10:40:34,71,1,52.8181547619,-0.645907738095
2012-03-18 10:40:35,72,1,51.5132440476,-1.30491071429
2012-03-18 10:40:36,73,1,49.5392857143,-1.97395833333
2012-03-18 10:40:37,74,1,47.2619791667,-2.27730654762
2012-03-18 10:40:38,75,1,45.2365327381,-2.02544642857
2012-03-18 10:40:39,76,1,43.905952381,-1.33058035714
2012-03-18 10:40:40,77,1,43.4035714286,-0.502380952381
2012-03-18 10:40:41,78,1,43.5558779762,0.152306547619
2012-03-18 10:40:42,79,1,44.0439732143,0.488095238095
2012-03-18 10:40:43,80,1,44.5694940476,0.525520833333
2012-03-18 10:40:44,81,1,44.953422619,0.383928571429
2012-03-18 10:40:45,82,1,45.2122767857,0.258854166667
2012-03-18 10:40:46,83,1,45.5435267857,0.33125
2012-03-18 10:40:47,84,1,46.1445684524,0.601041666667
2012-03-18 10:40:48,85,1,47.0198660714,0.875297619048
2012-03-18 10:40:49,86,1,47.9691220238,0.949255952381
2012-03-18 10:40:50,87,1,48.7448660714,0.775744047619
2012-03-18 10:40:51,88,1,49.2274553571,0.482589285714
2012-03-18 10:40:52,89,1,49.478422619,0.250967261905
2012-03-18 10:40:53,90,1,49.645610119,0.1671875
2012-03-18 10:40:54,91,1,49.8220982143,0.176488095238
2012-03-18 10:40:55,92,1,49.9938988095,0.171800595238
2012-03-18 10:40:56,93,1,50.103125,0.109226190476
2012-03-18 10:40:57,94,1,50.1254464286,0.0223214285714
2012-03-18 10:40:58,95,1,50.0836309524,-0.0418154761904
2012-03-18 10:40:59,96,1,50.0173363095,-0.0662946428572
2012-03-18 10:41:00,97,1,49.9450892857,-0.0722470238095
2012-03-18 10:41:01,98,1,49.8461309524,-0.0989583333334
2012-03-18 10:41:02,99,1,49.6892857143,-0.156845238095
2012-03-18 10:41:03,100,1,49.4773809524,-0.211904761905
2012-03-18 10:41:04,101,1,49.2468005952,-0.230580357143
2012-03-18 10:41:05,102,1,49.0296130952,-0.2171875
2012-03-18 10:41:06,103,1,48.8322172619,-0.197395833333
2012-03-18 10:41:07,104,1,48.6483630952,-0.183854166667
2012-03-18 10:41:08,105,1,48.4776785714,-0.17068452381
2012-03-18 10:41:09,106,1,48.3264880952,-0.151190476191
2012-03-18 10:41:10,107,1,48.2040178571,-0.122470238095
2012-03-18 10:41:11,108,1,48.1349702381,-0.0690476190477
2012-03-18 10:41:12,109,1,48.1878720238,0.0529017857143
2012-03-18 10:41:13,110,1,48.479985119,0.292113095238
2012-03-18 10:41:14,111,1,49.104985119,0.625
2012-03-18 10:41:15,112,1,50.0189732143,0.913988095238
2012-03-18 10:41:16,113,1,51.006547619,0.987574404762
2012-03-18 10:41:17,114,1,51.7764136905,0.769866071429
2012-03-18 10:41:18,115,1,52.1132440476,0.336830357143
2012-03-18 10:41:19,116,1,51.9767113095,-0.136532738095
2012-03-18 10:41:20,117,1,51.497172619,-0.479538690476
2012-03-18 10:41:21,118,1,50.9082589286,-0.588913690476
2012-03-18 10:41:22,119,1,50.4546130952,-0.453645833333
2012-03-18 10:41:23,120,1,50.284375,-0.170238095238
2012-03-18 10:41:24,121,1,50.387202381,0.102827380952
2012-03-18 10:41:25,122,1,50.6203869048,0.233184523809
2012-03-18 10:41:26,123,1,50.7966517857,0.176264880952
2012-03-18 10:41:27,124,1,50.7949404762,-0.00171130952381
2012-03-18 10:41:28,125,1,50.606547619,-0.188392857143
2012-03-18 10:41:29,126,1,50.2747767857,-0.331770833333
2012-03-18 10:41:30,127,1,49.8373511905,-0.437425595238
2012-03-18 10:41:31,128,1,49.3191964286,-0.518154761905
2012-03-18 10:41:32,129,1,48.7165178571,-0.602678571429
2012-03-18 10:41:33,130,1,47.9880208333,-0.72849702381
2012-03-18 10:41:34,131,1,47.0723958333,-0.915625
2012-03-18 10:41:35,132,1,45.8947172619,-1.17767857143
2012-03-18 10:41:36,133,1,44.3607886905,-1.53392857143
2012-03-18 10:41:37,134,1,42.3555803571,-2.00520833333
2012-03-18 10:41:38,135,1,39.7647321429,-2.59084821429
2012-03-18 10:41:39,136,1,36.5430803571,-3.22165178571
2012-03-18 10:41:40,137,1,32.7911458333,-3.75193452381
2012-03-18 10:41:41,138,1,28.7610119048,-4.03013392857
2012-03-18 10:41:42,139,1,24.7711309524,-3.98988095238
2012-03-18 10:41:43,140,1,21.0759672619,-3.69516369048
2012-03-18 10:41:44,141,1,17.7635416667,-3.31242559524
2012-03-18 10:41:45,142,1,14.7663690476,-2.99717261905
2012-03-18 10:41:46,143,1,11.992485119,-2.77388392857
2012-03-18 10:41:47,144,1,9.43943452381,-2.55305059524
2012-03-18 10:41:48,145,1,7.16845238095,-2.27098214286
2012-03-18 10:41:49,146,1,5.18697916667,-1.98147321429
2012-03-18 10:41:50,147,1,3.42537202381,-1.76160714286
2012-03-18 10:41:51,148,1,1.9513764881,-1.47399553571
2012-03-18 10:41:52,149,1,0.0,-1.9513764881
2012-03-18 10:44:24,301,152,0.0,0.0
2012-03-18 10:44:25,302,1,4.090625,4.090625
2012-03-18 10:44:26,303,1,7.36904761905,3.27842261905
2012-03-18 10:44:27,304,1,10.8908482143,3.52180059524
2012-03-18 10:44:28,305,1,14.0973214286,3.20647321429
2012-03-18 10:44:29,306,1,16.8763392857,2.77901785714
2012-03-18 10:44:30,307,1,19.4716145833,2.59527529762
2012-03-18 10:44:31,308,1,22.2251488095,2.75353422619
2012-03-18 10:44:32,309,1,25.2818452381,3.05669642857
2012-03-18 10:44:33,310,1,28.463764881,3.18191964286
2012-03-18 10:44:34,311,1,31.4027529762,2.93898809524
2012-03-18 10:44:35,312,1,33.8246279762,2.421875
2012-03-18 10:44:36,313,1,35.7543154762,1.9296875
2012-03-18 10:44:37,314,1,37.4554315476,1.70111607143
2012-03-18 10:44:38,315,1,39.1616071429,1.70617559524
2012-03-18 10:44:39,316,1,40.8738095238,1.71220238095
2012-03-18 10:44:40,317,1,42.4300595238,1.55625
2012-03-18 10:44:41,318,1,43.7305059524,1.30044642857
2012-03-18 10:44:42,319,1,44.8259672619,1.09546130952
2012-03-18 10:44:43,320,1,45.804985119,0.979017857143
2012-03-18 10:44:44,321,1,46.6484375,0.843452380952
2012-03-18 10:44:45,322,1,47.1878720238,0.539434523809
2012-03-18 10:44:46,323,1,47.2177827381,0.0299107142857
2012-03-18 10:44:47,324,1,46.6805059524,-0.537276785714
2012-03-18 10:44:48,325,1,45.7276041667,-0.952901785714
2012-03-18 10:44:49,326,1,44.6210565476,-1.10654761905
2012-03-18 10:44:50,327,1,43.6138392857,-1.0072172619
2012-03-18 10:44:51,328,1,42.8640625,-0.749776785714
2012-03-18 10:44:52,329,1,42.3796130952,-0.484449404762
2012-03-18 10:44:53,330,1,42.0516369048,-0.327976190476
2012-03-18 10:44:54,331,1,41.7616815476,-0.289955357143
2012-03-18 10:44:55,332,1,41.4519345238,-0.309747023809
2012-03-18 10:44:56,333,1,41.1244791667,-0.327455357143
2012-03-18 10:44:57,334,1,40.8046875,-0.319791666667
2012-03-18 10:44:58,335,1,40.49375,-0.3109375
2012-03-18 10:44:59,336,1,40.1298363095,-0.363913690476
2012-03-18 10:45:00,337,1,39.5691220238,-0.560714285714
2012-03-18 10:45:01,338,1,38.6225446429,-0.946577380952
2012-03-18 10:45:02,339,1,37.1419642857,-1.48058035714
2012-03-18 10:45:03,340,1,35.0709821429,-2.07098214286
2012-03-18 10:45:04,341,1,32.4723214286,-2.59866071429
2012-03-18 10:45:05,342,1,29.5415178571,-2.93080357143
2012-03-18 10:45:06,343,1,26.5193452381,-3.02217261905
2012-03-18 10:45:07,344,1,23.5834077381,-2.9359375
2012-03-18 10:45:08,345,1,20.8360863095,-2.74732142857
2012-03-18 10:45:09,346,1,18.3598958333,-2.47619047619
2012-03-18 10:45:10,347,1,16.3616815476,-1.99821428571
2012-03-18 10:45:11,348,1,15.2786458333,-1.08303571429
2012-03-18 10:45:12,349,1,15.5813244048,0.302678571429
2012-03-18 10:45:13,350,1,17.4060267857,1.82470238095
2012-03-18 10:45:14,351,1,20.3776041667,2.97157738095
2012-03-18 10:45:15,352,1,23.7627232143,3.38511904762
2012-03-18 10:45:16,353,1,26.8574404762,3.0947172619
2012-03-18 10:45:17,354,1,29.2898065476,2.43236607143
2012-03-18 10:45:18,355,1,31.0199404762,1.73013392857
2012-03-18 10:45:19,356,1,32.1671130952,1.14717261905
2012-03-18 10:45:20,357,1,32.7808779762,0.613764880952
2012-03-18 10:45:21,358,1,32.6584821429,-0.122395833333
2012-03-18 10:45:22,359,1,31.4212053571,-1.23727678571
2012-03-18 10:45:23,360,1,28.7999255952,-2.6212797619
2012-03-18 10:45:24,361,1,24.8932291667,-3.90669642857
2012-03-18 10:45:25,362,1,20.2802827381,-4.61294642857
2012-03-18 10:45:26,363,1,15.8719494048,-4.40833333333
2012-03-18 10:45:27,364,1,12.5269345238,-3.34501488095
2012-03-18 10:45:28,365,1,10.7040178571,-1.82291666667
2012-03-18 10:45:29,366,1,10.3020089286,-0.402008928571
2012-03-18 10:45:30,367,1,10.7046130952,0.402604166667
2012-03-18 10:45:31,368,1,11.0803571429,0.375744047619
2012-03-18 10:45:32,369,1,10.8276785714,-0.252678571429
2012-03-18 10:45:33,370,1,9.86651785714,-0.961160714286
2012-03-18 10:45:34,371,1,8.55327380952,-1.31324404762
2012-03-18 10:45:35,372,1,7.26279761905,-1.29047619048
2012-03-18 10:45:36,373,1,6.0078125,-1.25498511905
2012-03-18 10:45:37,374,1,4.52879464286,-1.47901785714
2012-03-18 10:45:38,375,1,2.82366071429,-1.70513392857
2012-03-18 10:45:39,376,1,0.0,-2.82366071429
