timestamp,cycle_sec,timestep,speed_mph,accel_meters_ps
2012-05-31 09:42:53,0,31085,0.0,0.0
2012-05-31 09:42:54,1,1,2.45361607143,2.45361607143
2012-05-31 09:42:55,2,1,3.83519345238,1.38157738095
2012-05-31 09:42:56,3,1,4.68019345238,0.845
2012-05-31 09:42:57,4,1,4.72410714286,0.0439136904762
2012-05-31 09:42:58,5,1,4.23738095238,-0.486726190476
2012-05-31 09:42:59,6,1,3.67035714286,-0.567023809524
2012-05-31 09:43:00,7,1,3.29760912698,-0.372748015873
2012-05-31 09:43:01,8,1,3.10276289683,-0.194846230159
2012-05-31 09:43:02,9,1,2.94199404762,-0.160768849206
2012-05-31 09:43:03,10,1,2.74260416667,-0.199389880952
2012-05-31 09:43:04,11,1,2.53348214286,-0.20912202381
2012-05-31 09:43:05,12,1,2.39941964286,-0.1340625
2012-05-31 09:43:06,13,1,2.47192460317,0.0725049603175
2012-05-31 09:43:07,14,1,2.88219742063,0.41027281746
2012-05-31 09:43:08,15,1,3.65398809524,0.771790674603
2012-05-31 09:43:09,16,1,4.6474702381,0.993482142857
2012-05-31 09:43:10,17,1,5.58913690476,0.941666666667
2012-05-31 09:43:11,18,1,6.16964285714,0.580505952381
2012-05-31 09:43:12,19,1,6.20324900794,0.0336061507936
2012-05-31 09:43:13,20,1,5.74801587302,-0.455233134921
2012-05-31 09:43:14,21,1,5.0765625,-0.671453373016
2012-05-31 09:43:15,22,1,4.51822916667,-0.558333333333
2012-05-31 09:43:16,23,1,4.27075892857,-0.247470238095
2012-05-31 09:43:17,24,1,4.30543154762,0.0346726190476
2012-05-31 09:43:18,25,1,4.43355654762,0.128125
2012-05-31 09:43:19,26,1,4.43191964286,-0.00163690476191
2012-05-31 09:43:20,27,1,4.09568452381,-0.336235119048
2012-05-31 09:43:21,28,1,3.28824404762,-0.80744047619
2012-05-31 09:43:22,29,1,2.11108630952,-1.1771577381
2012-05-31 09:43:23,30,1,0.0,-2.11108630952
2012-05-31 09:43:24,31,1,0.0,0.0
2012-05-31 09:43:25,32,1,0.0,0.0
2012-05-31 09:43:26,33,1,0.0,0.0
2012-05-31 09:43:27,34,1,0.0,0.0
2012-05-31 09:43:28,35,1,0.0,0.0
