timestamp,cycle_sec,timestep,speed_mph,accel_meters_ps
2012-11-25 12:28:28,0,76197,0.0,0.0
2012-11-25 12:28:29,1,1,2.18974454365,2.18974454365
2012-11-25 12:28:30,2,1,3.44896453373,1.25921999008
2012-11-25 12:28:31,3,1,4.22764136905,0.778676835317
2012-11-25 12:28:32,4,1,4.22298487103,-0.00465649801587
2012-11-25 12:28:33,5,1,3.63878968254,-0.584195188492
2012-11-25 12:28:34,6,1,2.90494791667,-0.733841765873
2012-11-25 12:28:35,7,1,2.35984623016,-0.545101686508
2012-11-25 12:28:36,8,1,2.10296999008,-0.256876240079
2012-11-25 12:28:37,9,1,2.04453125,-0.0584387400794
2012-11-25 12:28:38,10,1,2.05186631944,0.00733506944444
2012-11-25 12:28:39,11,1,2.05596478175,0.00409846230159
2012-11-25 12:28:40,12,1,2.05,-0.00596478174603
2012-11-25 12:28:41,13,1,2.03570188492,-0.0142981150794
2012-11-25 12:28:42,14,1,2.00140749008,-0.0342943948413
2012-11-25 12:28:43,15,1,1.98329613095,-0.018111359127
2012-11-25 12:28:44,16,1,2.1375062004,0.154210069444
2012-11-25 12:28:45,17,1,2.60756448413,0.47005828373
2012-11-25 12:28:46,18,1,3.27782738095,0.670262896825
2012-11-25 12:28:47,19,1,3.84841269841,0.57058531746
2012-11-25 12:28:48,20,1,4.21243179563,0.364019097222
2012-11-25 12:28:49,21,1,4.64802827381,0.435596478175
2012-11-25 12:28:50,22,1,5.62633308532,0.978304811508
2012-11-25 12:28:51,23,1,7.39723462302,1.7709015377
2012-11-25 12:28:52,24,1,9.70550595238,2.30827132937
2012-11-25 12:28:53,25,1,11.9723214286,2.26681547619
2012-11-25 12:28:54,26,1,13.726860119,1.75453869048
2012-11-25 12:28:55,27,1,14.7802827381,1.05342261905
2012-11-25 12:28:56,28,1,15.1159970238,0.335714285714
2012-11-25 12:28:57,29,1,14.7735119048,-0.342485119048
2012-11-25 12:28:58,30,1,13.7911458333,-0.982366071429
2012-11-25 12:28:59,31,1,12.1953125,-1.59583333333
2012-11-25 12:29:00,32,1,10.1189732143,-2.07633928571
2012-11-25 12:29:01,33,1,7.97180059524,-2.14717261905
2012-11-25 12:29:02,34,1,6.38608630952,-1.58571428571
2012-11-25 12:29:03,35,1,5.8921875,-0.493898809524
2012-11-25 12:29:04,36,1,6.61867559524,0.726488095238
2012-11-25 12:29:05,37,1,8.26681547619,1.64813988095
2012-11-25 12:29:06,38,1,10.3386160714,2.07180059524
2012-11-25 12:29:07,39,1,12.3854910714,2.046875
2012-11-25 12:29:08,40,1,14.0529761905,1.66748511905
2012-11-25 12:29:09,41,1,14.9957589286,0.942782738095
2012-11-25 12:29:10,42,1,14.9090029762,-0.0867559523809
2012-11-25 12:29:11,43,1,13.6819196429,-1.22708333333
2012-11-25 12:29:12,44,1,11.5015625,-2.18035714286
2012-11-25 12:29:13,45,1,8.84561011905,-2.65595238095
2012-11-25 12:29:14,46,1,6.35141369048,-2.49419642857
2012-11-25 12:29:15,47,1,4.57309027778,-1.7783234127
2012-11-25 12:29:16,48,1,3.75793650794,-0.815153769841
2012-11-25 12:29:17,49,1,3.75974702381,0.00181051587301
2012-11-25 12:29:18,50,1,4.14092261905,0.381175595238
2012-11-25 12:29:19,51,1,4.45275297619,0.311830357143
2012-11-25 12:29:20,52,1,4.50461309524,0.0518601190476
2012-11-25 12:29:21,53,1,4.40426587302,-0.100347222222
2012-11-25 12:29:22,54,1,4.35920138889,-0.045064484127
2012-11-25 12:29:23,55,1,4.44084821429,0.0816468253968
2012-11-25 12:29:24,56,1,4.54456845238,0.103720238095
2012-11-25 12:29:25,57,1,4.53400297619,-0.0105654761905
2012-11-25 12:29:26,58,1,4.37023809524,-0.163764880952
2012-11-25 12:29:27,59,1,4.11676587302,-0.253472222222
2012-11-25 12:29:28,60,1,3.89030257937,-0.226463293651
2012-11-25 12:29:29,61,1,3.91569940476,0.0253968253968
2012-11-25 12:29:30,62,1,4.59650297619,0.680803571429
2012-11-25 12:29:31,63,1,6.31949404762,1.72299107143
2012-11-25 12:29:32,64,1,9.10327380952,2.7837797619
2012-11-25 12:29:33,65,1,12.4961309524,3.39285714286
2012-11-25 12:29:34,66,1,15.8586309524,3.3625
2012-11-25 12:29:35,67,1,18.7889136905,2.9302827381
2012-11-25 12:29:36,68,1,21.2872767857,2.49836309524
2012-11-25 12:29:37,69,1,23.5354910714,2.24821428571
2012-11-25 12:29:38,70,1,25.6152529762,2.07976190476
2012-11-25 12:29:39,71,1,27.4573660714,1.84211309524
2012-11-25 12:29:40,72,1,28.9676339286,1.51026785714
2012-11-25 12:29:41,73,1,30.135639881,1.16800595238
2012-11-25 12:29:42,74,1,31.030952381,0.8953125
2012-11-25 12:29:43,75,1,31.7378720238,0.706919642857
2012-11-25 12:29:44,76,1,32.312202381,0.574330357143
2012-11-25 12:29:45,77,1,32.7785714286,0.466369047619
2012-11-25 12:29:46,78,1,33.1475446429,0.368973214286
2012-11-25 12:29:47,79,1,33.4321428571,0.284598214286
2012-11-25 12:29:48,80,1,33.6540922619,0.221949404762
2012-11-25 12:29:49,81,1,33.8395089286,0.185416666667
2012-11-25 12:29:50,82,1,34.0119791667,0.172470238095
2012-11-25 12:29:51,83,1,34.1921875,0.180208333333
2012-11-25 12:29:52,84,1,34.3962797619,0.204092261905
2012-11-25 12:29:53,85,1,34.6261904762,0.229910714286
2012-11-25 12:29:54,86,1,34.8656994048,0.239508928571
2012-11-25 12:29:55,87,1,35.087202381,0.221502976191
2012-11-25 12:29:56,88,1,35.2581845238,0.170982142857
2012-11-25 12:29:57,89,1,35.3462053571,0.0880208333334
2012-11-25 12:29:58,90,1,35.3292410714,-0.0169642857143
2012-11-25 12:29:59,91,1,35.2069196429,-0.122321428571
2012-11-25 12:30:00,92,1,34.9925595238,-0.214360119048
2012-11-25 12:30:01,93,1,34.6797619048,-0.312797619048
2012-11-25 12:30:02,94,1,34.2182291667,-0.461532738095
2012-11-25 12:30:03,95,1,33.5340029762,-0.684226190476
2012-11-25 12:30:04,96,1,32.576264881,-0.957738095238
2012-11-25 12:30:05,97,1,31.3363095238,-1.23995535714
2012-11-25 12:30:06,98,1,29.8258184524,-1.51049107143
2012-11-25 12:30:07,99,1,28.0848958333,-1.74092261905
2012-11-25 12:30:08,100,1,26.2537946429,-1.83110119048
2012-11-25 12:30:09,101,1,24.6026041667,-1.65119047619
2012-11-25 12:30:10,102,1,23.4329613095,-1.16964285714
2012-11-25 12:30:11,103,1,22.9223958333,-0.510565476191
2012-11-25 12:30:12,104,1,23.0324404762,0.110044642857
2012-11-25 12:30:13,105,1,23.5526785714,0.520238095238
2012-11-25 12:30:14,106,1,24.2552827381,0.702604166667
2012-11-25 12:30:15,107,1,25.0233630952,0.768080357143
2012-11-25 12:30:16,108,1,25.8580357143,0.834672619048
2012-11-25 12:30:17,109,1,26.8101190476,0.952083333333
2012-11-25 12:30:18,110,1,27.9050595238,1.09494047619
2012-11-25 12:30:19,111,1,29.0857886905,1.18072916667
2012-11-25 12:30:20,112,1,30.2080357143,1.12224702381
2012-11-25 12:30:21,113,1,31.1084077381,0.900372023809
2012-11-25 12:30:22,114,1,31.6917410714,0.583333333333
2012-11-25 12:30:23,115,1,31.9639136905,0.272172619048
2012-11-25 12:30:24,116,1,31.9921130952,0.0281994047619
2012-11-25 12:30:25,117,1,31.8263392857,-0.165773809524
2012-11-25 12:30:26,118,1,31.4478422619,-0.37849702381
2012-11-25 12:30:27,119,1,30.7915178571,-0.656324404762
2012-11-25 12:30:28,120,1,29.7907738095,-1.00074404762
2012-11-25 12:30:29,121,1,28.3587053571,-1.43206845238
2012-11-25 12:30:30,122,1,26.3389136905,-2.01979166667
2012-11-25 12:30:31,123,1,23.5402157738,-2.79869791667
2012-11-25 12:30:32,124,1,19.8810267857,-3.6591889881
2012-11-25 12:30:33,125,1,15.5389880952,-4.34203869048
2012-11-25 12:30:34,126,1,10.9632440476,-4.57574404762
2012-11-25 12:30:35,127,1,6.734375,-4.22886904762
2012-11-25 12:30:36,128,1,3.44880952381,-3.28556547619
2012-11-25 12:30:37,129,1,0.0,-3.44880952381
2012-11-25 12:31:29,181,52,0.0,0.0
2012-11-25 12:31:30,182,1,4.3923735119,4.3923735119
2012-11-25 12:31:31,183,1,8.27016369048,3.87779017857
2012-11-25 12:31:32,184,1,12.7438988095,4.47373511905
2012-11-25 12:31:33,185,1,17.0332589286,4.28936011905
2012-11-25 12:31:34,186,1,20.7350446429,3.70178571429
2012-11-25 12:31:35,187,1,23.7919642857,3.05691964286
2012-11-25 12:31:36,188,1,26.2770089286,2.48504464286
2012-11-25 12:31:37,189,1,28.2019345238,1.92492559524
2012-11-25 12:31:38,190,1,29.4891369048,1.28720238095
2012-11-25 12:31:39,191,1,30.0680803571,0.578943452381
2012-11-25 12:31:40,192,1,29.9886904762,-0.0793898809524
2012-11-25 12:31:41,193,1,29.4598958333,-0.528794642857
2012-11-25 12:31:42,194,1,28.7890625,-0.670833333333
2012-11-25 12:31:43,195,1,28.298139881,-0.490922619048
2012-11-25 12:31:44,196,1,28.2674107143,-0.0307291666667
2012-11-25 12:31:45,197,1,28.8658482143,0.5984375
2012-11-25 12:31:46,198,1,30.0752232143,1.209375
2012-11-25 12:31:47,199,1,31.6805059524,1.6052827381
2012-11-25 12:31:48,200,1,33.3478422619,1.66733630952
2012-11-25 12:31:49,201,1,34.7603422619,1.4125
2012-11-25 12:31:50,202,1,35.7470982143,0.986755952381
2012-11-25 12:31:51,203,1,36.320610119,0.573511904762
2012-11-25 12:31:52,204,1,36.6123511905,0.291741071429
2012-11-25 12:31:53,205,1,36.7795386905,0.1671875
2012-11-25 12:31:54,206,1,36.9383184524,0.158779761905
2012-11-25 12:31:55,207,1,37.1328869048,0.194568452381
2012-11-25 12:31:56,208,1,37.3449404762,0.212053571429
2012-11-25 12:31:57,209,1,37.5337797619,0.188839285714
2012-11-25 12:31:58,210,1,37.6688988095,0.135119047619
2012-11-25 12:31:59,211,1,37.7358630952,0.0669642857143
2012-11-25 12:32:00,212,1,37.7339285714,-0.0019345238095
2012-11-25 12:32:01,213,1,37.6761160714,-0.0578125
2012-11-25 12:32:02,214,1,37.5811011905,-0.0950148809524
2012-11-25 12:32:03,215,1,37.4583333333,-0.122767857143
2012-11-25 12:32:04,216,1,37.3071428571,-0.15119047619
2012-11-25 12:32:05,217,1,37.1343005952,-0.172842261905
2012-11-25 12:32:06,218,1,36.9661458333,-0.168154761905
2012-11-25 12:32:07,219,1,36.8375744048,-0.128571428571
2012-11-25 12:32:08,220,1,36.767485119,-0.0700892857143
2012-11-25 12:32:09,221,1,36.7454613095,-0.0220238095238
2012-11-25 12:32:10,222,1,36.7443452381,-0.0011160714286
2012-11-25 12:32:11,223,1,36.7458333333,0.0014880952381
2012-11-25 12:32:12,224,1,36.7540178571,0.0081845238096
2012-11-25 12:32:13,225,1,36.7849702381,0.0309523809523
2012-11-25 12:32:14,226,1,36.8414434524,0.0564732142858
2012-11-25 12:32:15,227,1,36.8970982143,0.0556547619047
2012-11-25 12:32:16,228,1,36.9095982143,0.0125
2012-11-25 12:32:17,229,1,36.8541666667,-0.055431547619
2012-11-25 12:32:18,230,1,36.743452381,-0.110714285714
2012-11-25 12:32:19,231,1,36.6131696429,-0.130282738095
2012-11-25 12:32:20,232,1,36.4946428571,-0.118526785714
2012-11-25 12:32:21,233,1,36.4023809524,-0.092261904762
2012-11-25 12:32:22,234,1,36.3382440476,-0.0641369047619
2012-11-25 12:32:23,235,1,36.2996279762,-0.0386160714285
2012-11-25 12:32:24,236,1,36.2759672619,-0.0236607142857
2012-11-25 12:32:25,237,1,36.2257440476,-0.0502232142858
2012-11-25 12:32:26,238,1,36.057514881,-0.168229166667
2012-11-25 12:32:27,239,1,35.6552083333,-0.402306547619
2012-11-25 12:32:28,240,1,34.9451636905,-0.710044642857
2012-11-25 12:32:29,241,1,33.9498511905,-0.9953125
2012-11-25 12:32:30,242,1,32.7729910714,-1.17686011905
2012-11-25 12:32:31,243,1,31.484672619,-1.28831845238
2012-11-25 12:32:32,244,1,29.9607886905,-1.52388392857
2012-11-25 12:32:33,245,1,27.8645833333,-2.09620535714
2012-11-25 12:32:34,246,1,24.8764136905,-2.98816964286
2012-11-25 12:32:35,247,1,20.9788690476,-3.89754464286
2012-11-25 12:32:36,248,1,16.5082589286,-4.47061011905
2012-11-25 12:32:37,249,1,11.9392113095,-4.56904761905
2012-11-25 12:32:38,250,1,7.68087797619,-4.25833333333
2012-11-25 12:32:39,251,1,4.16607142857,-3.51480654762
2012-11-25 12:32:40,252,1,0.0,-4.16607142857
2012-11-25 12:33:13,285,33,0.0,0.0
2012-11-25 12:33:14,286,1,3.72700892857,3.72700892857
2012-11-25 12:33:15,287,1,6.62745535714,2.90044642857
2012-11-25 12:33:16,288,1,9.45394345238,2.82648809524
2012-11-25 12:33:17,289,1,11.4932291667,2.03928571429
2012-11-25 12:33:18,290,1,12.8296130952,1.33638392857
2012-11-25 12:33:19,291,1,14.1009672619,1.27135416667
2012-11-25 12:33:20,292,1,15.8551339286,1.75416666667
2012-11-25 12:33:21,293,1,18.0449404762,2.18980654762
2012-11-25 12:33:22,294,1,20.0428571429,1.99791666667
2012-11-25 12:33:23,295,1,21.078422619,1.03556547619
2012-11-25 12:33:24,296,1,20.6952380952,-0.38318452381
2012-11-25 12:33:25,297,1,18.9102678571,-1.7849702381
2012-11-25 12:33:26,298,1,16.1193452381,-2.79092261905
2012-11-25 12:33:27,299,1,12.9745535714,-3.14479166667
2012-11-25 12:33:28,300,1,10.2649553571,-2.70959821429
2012-11-25 12:33:29,301,1,8.67998511905,-1.5849702381
2012-11-25 12:33:30,302,1,8.47462797619,-0.205357142857
2012-11-25 12:33:31,303,1,9.26793154762,0.793303571429
2012-11-25 12:33:32,304,1,10.2561011905,0.988169642857
2012-11-25 12:33:33,305,1,10.804985119,0.548883928571
2012-11-25 12:33:34,306,1,10.9063244048,0.101339285714
2012-11-25 12:33:35,307,1,11.0592261905,0.152901785714
2012-11-25 12:33:36,308,1,11.7482142857,0.688988095238
2012-11-25 12:33:37,309,1,13.011235119,1.26302083333
2012-11-25 12:33:38,310,1,14.4270833333,1.41584821429
2012-11-25 12:33:39,311,1,15.4732142857,1.04613095238
2012-11-25 12:33:40,312,1,15.8602678571,0.387053571429
2012-11-25 12:33:41,313,1,15.5677827381,-0.292485119048
2012-11-25 12:33:42,314,1,14.7255952381,-0.8421875
2012-11-25 12:33:43,315,1,13.5322916667,-1.19330357143
2012-11-25 12:33:44,316,1,12.1844494048,-1.3478422619
2012-11-25 12:33:45,317,1,10.790625,-1.39382440476
2012-11-25 12:33:46,318,1,9.37239583333,-1.41822916667
2012-11-25 12:33:47,319,1,8.01227678571,-1.36011904762
2012-11-25 12:33:48,320,1,6.98720238095,-1.02507440476
2012-11-25 12:33:49,321,1,6.65922619048,-0.327976190476
2012-11-25 12:33:50,322,1,7.16540178571,0.506175595238
2012-11-25 12:33:51,323,1,8.20788690476,1.04248511905
2012-11-25 12:33:52,324,1,9.18251488095,0.97462797619
2012-11-25 12:33:53,325,1,9.57686011905,0.394345238095
2012-11-25 12:33:54,326,1,9.26458333333,-0.312276785714
2012-11-25 12:33:55,327,1,8.39970238095,-0.864880952381
2012-11-25 12:33:56,328,1,7.09360119048,-1.30610119048
2012-11-25 12:33:57,329,1,5.33273809524,-1.76086309524
2012-11-25 12:33:58,330,1,3.28206845238,-2.05066964286
2012-11-25 12:33:59,331,1,0.0,-3.28206845238
2012-11-25 12:34:00,332,1,0.0,0.0
2012-11-25 12:34:01,333,1,0.0,0.0
2012-11-25 12:34:02,334,1,0.0,0.0
2012-11-25 12:34:03,335,1,0.0,0.0
2012-11-25 12:34:04,336,1,0.0,0.0
