timestamp,cycle_sec,timestep,speed_mph,accel_meters_ps
2012-10-18 14:06:55,0,1,0.0,0.0
2012-10-18 14:06:56,1,1,0.0,0.0
2012-10-18 14:06:57,2,1,0.0,0.0
2012-10-18 14:06:58,3,1,0.0,0.0
2012-10-18 14:06:59,4,1,0.0,0.0
2012-10-18 14:07:00,5,1,0.0,0.0
2012-10-18 14:07:01,6,1,3.50260416667,3.50260416667
2012-10-18 14:07:02,7,1,6.01860119048,2.51599702381
2012-10-18 14:07:03,8,1,8.45029761905,2.43169642857
2012-10-18 14:07:04,9,1,10.4656994048,2.01540178571
2012-10-18 14:07:05,10,1,12.0607142857,1.59501488095
2012-10-18 14:07:06,11,1,13.3816220238,1.3209077381
2012-10-18 14:07:07,12,1,14.5706845238,1.1890625
2012-10-18 14:07:08,13,1,15.6858630952,1.11517857143
2012-10-18 14:07:09,14,1,16.7084077381,1.02254464286
2012-10-18 14:07:10,15,1,17.6024553571,0.894047619048
2012-10-18 14:07:11,16,1,18.3686755952,0.766220238095
2012-10-18 14:07:12,17,1,19.0771577381,0.708482142857
2012-10-18 14:07:13,18,1,19.8478422619,0.77068452381
2012-10-18 14:07:14,19,1,20.7604910714,0.912648809524
2012-10-18 14:07:15,20,1,21.7819196429,1.02142857143
2012-10-18 14:07:16,21,1,22.7835565476,1.00163690476
2012-10-18 14:07:17,22,1,23.6162946429,0.832738095238
2012-10-18 14:07:18,23,1,24.1964285714,0.580133928572
2012-10-18 14:07:19,24,1,24.5611607143,0.364732142857
2012-10-18 14:07:20,25,1,24.8464285714,0.285267857143
2012-10-18 14:07:21,26,1,25.1959821429,0.349553571429
2012-10-18 14:07:22,27,1,25.6675595238,0.471577380952
2012-10-18 14:07:23,28,1,26.2048363095,0.537276785714
2012-10-18 14:07:24,29,1,26.6904761905,0.485639880952
2012-10-18 14:07:25,30,1,27.0213541667,0.330877976191
2012-10-18 14:07:26,31,1,27.1418154762,0.120461309524
2012-10-18 14:07:27,32,1,27.0272321429,-0.114583333333
2012-10-18 14:07:28,33,1,26.6575892857,-0.369642857143
2012-10-18 14:07:29,34,1,26.0142113095,-0.643377976191
2012-10-18 14:07:30,35,1,25.0641369048,-0.950074404762
2012-10-18 14:07:31,36,1,23.6952380952,-1.36889880952
2012-10-18 14:07:32,37,1,21.6810267857,-2.01421130952
2012-10-18 14:07:33,38,1,18.8125744048,-2.86845238095
2012-10-18 14:07:34,39,1,15.209077381,-3.60349702381
2012-10-18 14:07:35,40,1,11.5400297619,-3.66904761905
2012-10-18 14:07:36,41,1,8.80290178571,-2.73712797619
2012-10-18 14:07:37,42,1,7.74107142857,-1.06183035714
2012-10-18 14:07:38,43,1,8.43296130952,0.691889880952
2012-10-18 14:07:39,44,1,10.3649553571,1.93199404762
2012-10-18 14:07:40,45,1,12.8265625,2.46160714286
2012-10-18 14:07:41,46,1,15.3010416667,2.47447916667
2012-10-18 14:07:42,47,1,17.5945684524,2.29352678571
2012-10-18 14:07:43,48,1,19.7072172619,2.11264880952
2012-10-18 14:07:44,49,1,21.6932291667,1.98601190476
2012-10-18 14:07:45,50,1,23.6117559524,1.91852678571
2012-10-18 14:07:46,51,1,25.484375,1.87261904762
2012-10-18 14:07:47,52,1,27.2743303571,1.78995535714
2012-10-18 14:07:48,53,1,28.9110119048,1.63668154762
2012-10-18 14:07:49,54,1,30.3126488095,1.40163690476
2012-10-18 14:07:50,55,1,31.4263392857,1.11369047619
2012-10-18 14:07:51,56,1,32.2801339286,0.853794642857
2012-10-18 14:07:52,57,1,32.9688988095,0.688764880952
2012-10-18 14:07:53,58,1,33.5769345238,0.608035714286
2012-10-18 14:07:54,59,1,34.1066964286,0.529761904762
2012-10-18 14:07:55,60,1,34.462797619,0.356101190476
2012-10-18 14:07:56,61,1,34.5338541667,0.0710565476191
2012-10-18 14:07:57,62,1,34.3313244048,-0.202529761905
2012-10-18 14:07:58,63,1,34.0238839286,-0.307440476191
2012-10-18 14:07:59,64,1,33.8216517857,-0.202232142857
2012-10-18 14:08:00,65,1,33.8376488095,0.0159970238095
2012-10-18 14:08:01,66,1,34.0091517857,0.171502976191
2012-10-18 14:08:02,67,1,34.153422619,0.144270833333
2012-10-18 14:08:03,68,1,34.1585565476,0.0051339285714
2012-10-18 14:08:04,69,1,34.0645089286,-0.0940476190476
2012-10-18 14:08:05,70,1,33.9348958333,-0.129613095238
2012-10-18 14:08:06,71,1,33.7273065476,-0.207589285714
2012-10-18 14:08:07,72,1,33.2689732143,-0.458333333333
2012-10-18 14:08:08,73,1,32.3322172619,-0.936755952381
2012-10-18 14:08:09,74,1,30.7788690476,-1.55334821429
2012-10-18 14:08:10,75,1,28.615625,-2.16324404762
2012-10-18 14:08:11,76,1,25.8998511905,-2.71577380952
2012-10-18 14:08:12,77,1,22.6477678571,-3.25208333333
2012-10-18 14:08:13,78,1,18.8588541667,-3.78891369048
2012-10-18 14:08:14,79,1,14.6277529762,-4.23110119048
2012-10-18 14:08:15,80,1,10.2453125,-4.38244047619
2012-10-18 14:08:16,81,1,6.20267857143,-4.04263392857
2012-10-18 14:08:17,82,1,3.08913690476,-3.11354166667
2012-10-18 14:08:18,83,1,0.0,-3.08913690476
2012-10-18 14:08:37,102,19,0.0,0.0
2012-10-18 14:08:38,103,1,2.66257440476,2.66257440476
2012-10-18 14:08:39,104,1,4.49888392857,1.83630952381
2012-10-18 14:08:40,105,1,6.1984375,1.69955357143
2012-10-18 14:08:41,106,1,7.48236607143,1.28392857143
2012-10-18 14:08:42,107,1,8.46845238095,0.986086309524
2012-10-18 14:08:43,108,1,9.4084077381,0.939955357143
2012-10-18 14:08:44,109,1,10.4587053571,1.05029761905
2012-10-18 14:08:45,110,1,11.6351934524,1.17648809524
2012-10-18 14:08:46,111,1,12.9124255952,1.27723214286
2012-10-18 14:08:47,112,1,14.3123511905,1.39992559524
2012-10-18 14:08:48,113,1,15.895610119,1.58325892857
2012-10-18 14:08:49,114,1,17.6963541667,1.80074404762
2012-10-18 14:08:50,115,1,19.6781994048,1.9818452381
2012-10-18 14:08:51,116,1,21.747172619,2.06897321429
2012-10-18 14:08:52,117,1,23.8026041667,2.05543154762
2012-10-18 14:08:53,118,1,25.7789434524,1.97633928571
2012-10-18 14:08:54,119,1,27.6507440476,1.87180059524
2012-10-18 14:08:55,120,1,29.4123511905,1.76160714286
2012-10-18 14:08:56,121,1,31.0584821429,1.64613095238
2012-10-18 14:08:57,122,1,32.5819196429,1.5234375
2012-10-18 14:08:58,123,1,33.9847470238,1.40282738095
2012-10-18 14:08:59,124,1,35.2872767857,1.3025297619
2012-10-18 14:09:00,125,1,36.524702381,1.23742559524
2012-10-18 14:09:01,126,1,37.7250744048,1.20037202381
2012-10-18 14:09:02,127,1,38.8758184524,1.15074404762
2012-10-18 14:09:03,128,1,39.9111607143,1.0353422619
2012-10-18 14:09:04,129,1,40.7352678571,0.824107142857
2012-10-18 14:09:05,130,1,41.2650297619,0.529761904762
2012-10-18 14:09:06,131,1,41.4794642857,0.21443452381
2012-10-18 14:09:07,132,1,41.4489583333,-0.030505952381
2012-10-18 14:09:08,133,1,41.2860863095,-0.162872023809
2012-10-18 14:09:09,134,1,41.0015625,-0.284523809524
2012-10-18 14:09:10,135,1,40.3764880952,-0.625074404762
2012-10-18 14:09:11,136,1,38.997172619,-1.37931547619
2012-10-18 14:09:12,137,1,36.4488839286,-2.54828869048
2012-10-18 14:09:13,138,1,32.5628720238,-3.88601190476
2012-10-18 14:09:14,139,1,27.6330357143,-4.92983630952
2012-10-18 14:09:15,140,1,22.4714285714,-5.16160714286
2012-10-18 14:09:16,141,1,18.1719494048,-4.29947916667
2012-10-18 14:09:17,142,1,15.6593005952,-2.51264880952
2012-10-18 14:09:18,143,1,15.2819196429,-0.377380952381
2012-10-18 14:09:19,144,1,16.6985119048,1.4165922619
2012-10-18 14:09:20,145,1,19.1482886905,2.44977678571
2012-10-18 14:09:21,146,1,21.9130208333,2.76473214286
2012-10-18 14:09:22,147,1,24.6091517857,2.69613095238
2012-10-18 14:09:23,148,1,27.1519345238,2.5427827381
2012-10-18 14:09:24,149,1,29.5657738095,2.41383928571
2012-10-18 14:09:25,150,1,31.8587053571,2.29293154762
2012-10-18 14:09:26,151,1,34.0014136905,2.14270833333
2012-10-18 14:09:27,152,1,35.9546130952,1.95319940476
2012-10-18 14:09:28,153,1,37.6991071429,1.74449404762
2012-10-18 14:09:29,154,1,39.2400297619,1.54092261905
2012-10-18 14:09:30,155,1,40.5870535714,1.34702380952
2012-10-18 14:09:31,156,1,41.7424107143,1.15535714286
2012-10-18 14:09:32,157,1,42.7105654762,0.968154761905
2012-10-18 14:09:33,158,1,43.5107142857,0.800148809524
2012-10-18 14:09:34,159,1,44.1759672619,0.665252976191
2012-10-18 14:09:35,160,1,44.7438988095,0.567931547619
2012-10-18 14:09:36,161,1,45.2466517857,0.502752976191
2012-10-18 14:09:37,162,1,45.6986607143,0.452008928571
2012-10-18 14:09:38,163,1,46.0842261905,0.385565476191
2012-10-18 14:09:39,164,1,46.3636160714,0.279389880952
2012-10-18 14:09:40,165,1,46.5023065476,0.13869047619
2012-10-18 14:09:41,166,1,46.4900297619,-0.0122767857142
2012-10-18 14:09:42,167,1,46.3258184524,-0.164211309524
2012-10-18 14:09:43,168,1,45.9938244048,-0.331994047619
2012-10-18 14:09:44,169,1,45.4680059524,-0.525818452381
2012-10-18 14:09:45,170,1,44.7537946429,-0.714211309524
2012-10-18 14:09:46,171,1,43.9226190476,-0.831175595238
2012-10-18 14:09:47,172,1,43.0571428571,-0.865476190476
2012-10-18 14:09:48,173,1,42.1078869048,-0.949255952381
2012-10-18 14:09:49,174,1,40.8459821429,-1.2619047619
2012-10-18 14:09:50,175,1,39.0722470238,-1.77373511905
2012-10-18 14:09:51,176,1,36.9139136905,-2.15833333333
2012-10-18 14:09:52,177,1,34.878422619,-2.03549107143
2012-10-18 14:09:53,178,1,33.5845982143,-1.29382440476
2012-10-18 14:09:54,179,1,33.387797619,-0.196800595238
2012-10-18 14:09:55,180,1,34.1948660714,0.807068452381
2012-10-18 14:09:56,181,1,35.6049107143,1.41004464286
2012-10-18 14:09:57,182,1,37.1969494048,1.59203869048
2012-10-18 14:09:58,183,1,38.6901785714,1.49322916667
2012-10-18 14:09:59,184,1,39.9443452381,1.25416666667
2012-10-18 14:10:00,185,1,40.9261160714,0.981770833333
2012-10-18 14:10:01,186,1,41.6829613095,0.756845238095
2012-10-18 14:10:02,187,1,42.2958333333,0.61287202381
2012-10-18 14:10:03,188,1,42.8157738095,0.51994047619
2012-10-18 14:10:04,189,1,43.2270833333,0.411309523809
2012-10-18 14:10:05,190,1,43.4726934524,0.245610119048
2012-10-18 14:10:06,191,1,43.5235119048,0.0508184523809
2012-10-18 14:10:07,192,1,43.423735119,-0.0997767857143
2012-10-18 14:10:08,193,1,43.2736607143,-0.150074404762
2012-10-18 14:10:09,194,1,43.1758184524,-0.0978422619047
2012-10-18 14:10:10,195,1,43.1868303571,0.0110119047619
2012-10-18 14:10:11,196,1,43.3033482143,0.116517857143
2012-10-18 14:10:12,197,1,43.48125,0.177901785714
2012-10-18 14:10:13,198,1,43.6574404762,0.17619047619
2012-10-18 14:10:14,199,1,43.7638392857,0.106398809524
2012-10-18 14:10:15,200,1,43.7486607143,-0.0151785714286
2012-10-18 14:10:16,201,1,43.590922619,-0.157738095238
2012-10-18 14:10:17,202,1,43.278422619,-0.3125
2012-10-18 14:10:18,203,1,42.75625,-0.522172619048
2012-10-18 14:10:19,204,1,41.8798363095,-0.876413690476
2012-10-18 14:10:20,205,1,40.3991071429,-1.48072916667
2012-10-18 14:10:21,206,1,37.9991071429,-2.4
2012-10-18 14:10:22,207,1,34.4419642857,-3.55714285714
2012-10-18 14:10:23,208,1,29.8052827381,-4.63668154762
2012-10-18 14:10:24,209,1,24.6485119048,-5.15677083333
2012-10-18 14:10:25,210,1,19.891889881,-4.75662202381
2012-10-18 14:10:26,211,1,16.4256696429,-3.4662202381
2012-10-18 14:10:27,212,1,14.713764881,-1.7119047619
2012-10-18 14:10:28,213,1,14.6603422619,-0.0534226190476
2012-10-18 14:10:29,214,1,15.8030505952,1.14270833333
2012-10-18 14:10:30,215,1,17.6195684524,1.81651785714
2012-10-18 14:10:31,216,1,19.6813988095,2.06183035714
2012-10-18 14:10:32,217,1,21.6613095238,1.97991071429
2012-10-18 14:10:33,218,1,23.3550595238,1.69375
2012-10-18 14:10:34,219,1,24.7174107143,1.36235119048
2012-10-18 14:10:35,220,1,25.8235119048,1.10610119048
2012-10-18 14:10:36,221,1,26.7695684524,0.946056547619
2012-10-18 14:10:37,222,1,27.5854910714,0.815922619048
2012-10-18 14:10:38,223,1,28.21875,0.633258928571
2012-10-18 14:10:39,224,1,28.6034970238,0.384747023809
2012-10-18 14:10:40,225,1,28.7376488095,0.134151785714
2012-10-18 14:10:41,226,1,28.6867559524,-0.0508928571429
2012-10-18 14:10:42,227,1,28.5395833333,-0.147172619048
2012-10-18 14:10:43,228,1,28.3668154762,-0.172767857143
2012-10-18 14:10:44,229,1,28.1928571429,-0.173958333333
2012-10-18 14:10:45,230,1,28.002827381,-0.190029761905
2012-10-18 14:10:46,231,1,27.7973958333,-0.205431547619
2012-10-18 14:10:47,232,1,27.644047619,-0.153348214286
2012-10-18 14:10:48,233,1,27.6623511905,0.0183035714286
2012-10-18 14:10:49,234,1,27.9455357143,0.283184523809
2012-10-18 14:10:50,235,1,28.4880208333,0.542485119048
2012-10-18 14:10:51,236,1,29.182514881,0.694494047619
2012-10-18 14:10:52,237,1,29.8771577381,0.694642857143
2012-10-18 14:10:53,238,1,30.4223958333,0.545238095238
2012-10-18 14:10:54,239,1,30.6517113095,0.229315476191
2012-10-18 14:10:55,240,1,30.3579613095,-0.29375
2012-10-18 14:10:56,241,1,29.3884672619,-0.969494047619
2012-10-18 14:10:57,242,1,27.8116071429,-1.57686011905
2012-10-18 14:10:58,243,1,25.9525297619,-1.85907738095
2012-10-18 14:10:59,244,1,24.2138392857,-1.73869047619
2012-10-18 14:11:00,245,1,22.8144345238,-1.3994047619
2012-10-18 14:11:01,246,1,21.6793154762,-1.13511904762
2012-10-18 14:11:02,247,1,20.5943452381,-1.0849702381
2012-10-18 14:11:03,248,1,19.459672619,-1.13467261905
2012-10-18 14:11:04,249,1,18.3843005952,-1.07537202381
2012-10-18 14:11:05,250,1,17.5828125,-0.801488095238
2012-10-18 14:11:06,251,1,17.2229910714,-0.359821428571
2012-10-18 14:11:07,252,1,17.3491071429,0.126116071429
2012-10-18 14:11:08,253,1,17.9024553571,0.553348214286
2012-10-18 14:11:09,254,1,18.7817708333,0.87931547619
2012-10-18 14:11:10,255,1,19.8784970238,1.09672619048
2012-10-18 14:11:11,256,1,21.0786458333,1.20014880952
2012-10-18 14:11:12,257,1,22.2541666667,1.17552083333
2012-10-18 14:11:13,258,1,23.2610119048,1.0068452381
2012-10-18 14:11:14,259,1,23.9566220238,0.695610119048
2012-10-18 14:11:15,260,1,24.2212797619,0.264657738095
2012-10-18 14:11:16,261,1,23.9537946429,-0.267485119048
2012-10-18 14:11:17,262,1,23.0697172619,-0.884077380952
2012-10-18 14:11:18,263,1,21.5501488095,-1.51956845238
2012-10-18 14:11:19,264,1,19.484672619,-2.06547619048
2012-10-18 14:11:20,265,1,17.0151785714,-2.46949404762
2012-10-18 14:11:21,266,1,14.259672619,-2.75550595238
2012-10-18 14:11:22,267,1,11.3668154762,-2.89285714286
2012-10-18 14:11:23,268,1,8.62194940476,-2.74486607143
2012-10-18 14:11:24,269,1,6.39174107143,-2.23020833333
2012-10-18 14:11:25,270,1,4.8753968254,-1.51634424603
2012-10-18 14:11:26,271,1,3.87819940476,-0.997197420635
2012-10-18 14:11:27,272,1,2.94211309524,-0.936086309524
2012-10-18 14:11:28,273,1,1.90379464286,-1.03831845238
2012-10-18 14:11:29,274,1,0.0,-1.90379464286
