timestamp,cycle_sec,timestep,speed_mph,accel_meters_ps
2012-10-19 16:13:49,0,1,0.0,0.0
2012-10-19 16:13:50,1,1,0.0,0.0
2012-10-19 16:13:51,2,1,0.0,0.0
2012-10-19 16:13:52,3,1,0.0,0.0
2012-10-19 16:13:53,4,1,0.0,0.0
2012-10-19 16:13:54,5,1,0.0,0.0
2012-10-19 16:13:55,6,1,1.37235863095,1.37235863095
2012-10-19 16:13:56,7,1,2.02609747024,0.653738839286
2012-10-19 16:13:57,8,1,2.40338541667,0.377287946429
2012-10-19 16:13:58,9,1,2.56434151786,0.16095610119
2012-10-19 16:13:59,10,1,2.71454613095,0.150204613095
2012-10-19 16:14:00,11,1,3.08169642857,0.367150297619
2012-10-19 16:14:01,12,1,3.91633184524,0.834635416667
2012-10-19 16:14:02,13,1,5.40984002976,1.49350818452
2012-10-19 16:14:03,14,1,7.54713541667,2.1372953869
2012-10-19 16:14:04,15,1,10.0712983631,2.52416294643
2012-10-19 16:14:05,16,1,12.6119419643,2.54064360119
2012-10-19 16:14:06,17,1,14.8923921131,2.28045014881
2012-10-19 16:14:07,18,1,16.8247395833,1.93234747024
2012-10-19 16:14:08,19,1,18.4008184524,1.57607886905
2012-10-19 16:14:09,20,1,19.5657738095,1.16495535714
2012-10-19 16:14:10,21,1,20.2453125,0.679538690476
2012-10-19 16:14:11,22,1,20.4432291667,0.197916666667
2012-10-19 16:14:12,23,1,20.2752232143,-0.168005952381
2012-10-19 16:14:13,24,1,19.9109375,-0.364285714286
2012-10-19 16:14:14,25,1,19.4614583333,-0.449479166667
2012-10-19 16:14:15,26,1,18.9077380952,-0.553720238095
2012-10-19 16:14:16,27,1,18.1623511905,-0.745386904762
2012-10-19 16:14:17,28,1,17.2117559524,-0.950595238095
2012-10-19 16:14:18,29,1,16.1848214286,-1.02693452381
2012-10-19 16:14:19,30,1,15.3081845238,-0.876636904762
2012-10-19 16:14:20,31,1,14.8396577381,-0.468526785714
2012-10-19 16:14:21,32,1,15.0051339286,0.165476190476
2012-10-19 16:14:22,33,1,15.8960565476,0.890922619048
2012-10-19 16:14:23,34,1,17.368452381,1.47239583333
2012-10-19 16:14:24,35,1,19.0391369048,1.67068452381
2012-10-19 16:14:25,36,1,20.4255952381,1.38645833333
2012-10-19 16:14:26,37,1,21.1707589286,0.745163690476
2012-10-19 16:14:27,38,1,21.1810267857,0.0102678571429
2012-10-19 16:14:28,39,1,20.579389881,-0.601636904762
2012-10-19 16:14:29,40,1,19.5776785714,-1.00171130952
2012-10-19 16:14:30,41,1,18.3938988095,-1.1837797619
2012-10-19 16:14:31,42,1,17.2306547619,-1.16324404762
2012-10-19 16:14:32,43,1,16.2648809524,-0.965773809524
2012-10-19 16:14:33,44,1,15.5842261905,-0.680654761905
2012-10-19 16:14:34,45,1,15.0830357143,-0.50119047619
2012-10-19 16:14:35,46,1,14.4276785714,-0.655357142857
2012-10-19 16:14:36,47,1,13.1872767857,-1.24040178571
2012-10-19 16:14:37,48,1,11.1433779762,-2.04389880952
2012-10-19 16:14:38,49,1,8.61450892857,-2.52886904762
2012-10-19 16:14:39,50,1,6.45632440476,-2.15818452381
2012-10-19 16:14:40,51,1,5.61651785714,-0.839806547619
2012-10-19 16:14:41,52,1,6.60803571429,0.991517857143
2012-10-19 16:14:42,53,1,9.34025297619,2.7322172619
2012-10-19 16:14:43,54,1,13.3295386905,3.98928571429
2012-10-19 16:14:44,55,1,17.9816220238,4.65208333333
2012-10-19 16:14:45,56,1,22.7378720238,4.75625
2012-10-19 16:14:46,57,1,27.1438988095,4.40602678571
2012-10-19 16:14:47,58,1,30.9351934524,3.79129464286
2012-10-19 16:14:48,59,1,34.0907738095,3.15558035714
2012-10-19 16:14:49,60,1,36.7591517857,2.66837797619
2012-10-19 16:14:50,61,1,39.0657738095,2.30662202381
2012-10-19 16:14:51,62,1,40.971577381,1.90580357143
2012-10-19 16:14:52,63,1,42.3368303571,1.36525297619
2012-10-19 16:14:53,64,1,43.0866071429,0.749776785714
2012-10-19 16:14:54,65,1,43.2777529762,0.191145833333
2012-10-19 16:14:55,66,1,43.057514881,-0.220238095238
2012-10-19 16:14:56,67,1,42.6000744048,-0.45744047619
2012-10-19 16:14:57,68,1,42.0469494048,-0.553125
2012-10-19 16:14:58,69,1,41.4695684524,-0.577380952381
2012-10-19 16:14:59,70,1,40.881547619,-0.588020833333
2012-10-19 16:15:00,71,1,40.2733630952,-0.608184523809
2012-10-19 16:15:01,72,1,39.6114583333,-0.661904761905
2012-10-19 16:15:02,73,1,38.8035714286,-0.807886904762
2012-10-19 16:15:03,74,1,37.6885416667,-1.1150297619
2012-10-19 16:15:04,75,1,36.0769345238,-1.61160714286
2012-10-19 16:15:05,76,1,33.8193452381,-2.25758928571
2012-10-19 16:15:06,77,1,30.8740327381,-2.9453125
2012-10-19 16:15:07,78,1,27.3546130952,-3.51941964286
2012-10-19 16:15:08,79,1,23.5369791667,-3.81763392857
2012-10-19 16:15:09,80,1,19.784077381,-3.75290178571
2012-10-19 16:15:10,81,1,16.3984375,-3.38563988095
2012-10-19 16:15:11,82,1,13.5378720238,-2.86056547619
2012-10-19 16:15:12,83,1,11.2634672619,-2.2744047619
2012-10-19 16:15:13,84,1,9.61592261905,-1.64754464286
2012-10-19 16:15:14,85,1,8.65275297619,-0.963169642857
2012-10-19 16:15:15,86,1,8.4234375,-0.22931547619
2012-10-19 16:15:16,87,1,8.85305059524,0.429613095238
2012-10-19 16:15:17,88,1,9.66354166667,0.810491071429
2012-10-19 16:15:18,89,1,10.4779017857,0.814360119048
2012-10-19 16:15:19,90,1,11.0127232143,0.534821428571
2012-10-19 16:15:20,91,1,11.1835565476,0.170833333333
2012-10-19 16:15:21,92,1,11.0636904762,-0.119866071429
2012-10-19 16:15:22,93,1,10.740922619,-0.322767857143
2012-10-19 16:15:23,94,1,10.1736979167,-0.567224702381
2012-10-19 16:15:24,95,1,9.18995535714,-0.983742559524
2012-10-19 16:15:25,96,1,7.69858630952,-1.49136904762
2012-10-19 16:15:26,97,1,5.89851190476,-1.80007440476
2012-10-19 16:15:27,98,1,4.23240327381,-1.66610863095
2012-10-19 16:15:28,99,1,3.19464285714,-1.03776041667
2012-10-19 16:15:29,100,1,3.14624255952,-0.048400297619
2012-10-19 16:15:30,101,1,4.11614583333,0.96990327381
2012-10-19 16:15:31,102,1,5.73638392857,1.62023809524
2012-10-19 16:15:32,103,1,7.44813988095,1.71175595238
2012-10-19 16:15:33,104,1,8.78843005952,1.34029017857
2012-10-19 16:15:34,105,1,9.54962797619,0.761197916667
2012-10-19 16:15:35,106,1,9.77351190476,0.223883928571
2012-10-19 16:15:36,107,1,9.61726190476,-0.15625
2012-10-19 16:15:37,108,1,9.2271577381,-0.390104166667
2012-10-19 16:15:38,109,1,8.7271577381,-0.5
2012-10-19 16:15:39,110,1,8.23839285714,-0.488764880952
2012-10-19 16:15:40,111,1,7.82165178571,-0.416741071429
2012-10-19 16:15:41,112,1,7.41212797619,-0.409523809524
2012-10-19 16:15:42,113,1,6.87976190476,-0.532366071429
2012-10-19 16:15:43,114,1,6.18630952381,-0.693452380952
2012-10-19 16:15:44,115,1,5.47150297619,-0.714806547619
2012-10-19 16:15:45,116,1,4.96889880952,-0.502604166667
2012-10-19 16:15:46,117,1,4.81331845238,-0.155580357143
2012-10-19 16:15:47,118,1,4.90803571429,0.0947172619048
2012-10-19 16:15:48,119,1,4.97276785714,0.0647321428572
2012-10-19 16:15:49,120,1,4.71510416667,-0.257663690476
2012-10-19 16:15:50,121,1,3.98444940476,-0.730654761905
2012-10-19 16:15:51,122,1,2.8546875,-1.12976190476
2012-10-19 16:15:52,123,1,1.66212797619,-1.19255952381
2012-10-19 16:15:53,124,1,0.0,-1.66212797619
2012-10-19 16:28:30,881,757,0.0,0.0
2012-10-19 16:28:31,882,1,2.27083333333,2.27083333333
2012-10-19 16:28:32,883,1,3.671875,1.40104166667
2012-10-19 16:28:33,884,1,4.83318452381,1.16130952381
2012-10-19 16:28:34,885,1,5.57760416667,0.744419642857
2012-10-19 16:28:35,886,1,5.92884424603,0.351240079365
2012-10-19 16:28:36,887,1,5.84801587302,-0.0808283730159
2012-10-19 16:28:37,888,1,5.26800595238,-0.580009920635
2012-10-19 16:28:38,889,1,4.29360119048,-0.974404761905
2012-10-19 16:28:39,890,1,3.24174107143,-1.05186011905
2012-10-19 16:28:40,891,1,2.4771577381,-0.764583333333
2012-10-19 16:28:41,892,1,2.26091269841,-0.216245039683
2012-10-19 16:28:42,893,1,2.73492063492,0.474007936508
2012-10-19 16:28:43,894,1,3.93288690476,1.19796626984
2012-10-19 16:28:44,895,1,5.69270833333,1.75982142857
2012-10-19 16:28:45,896,1,7.56413690476,1.87142857143
2012-10-19 16:28:46,897,1,8.9421875,1.37805059524
2012-10-19 16:28:47,898,1,9.43792162698,0.495734126984
2012-10-19 16:28:48,899,1,9.13893849206,-0.298983134921
2012-10-19 16:28:49,900,1,8.49032738095,-0.648611111111
2012-10-19 16:28:50,901,1,7.97924107143,-0.511086309524
2012-10-19 16:28:51,902,1,7.91361607143,-0.065625
2012-10-19 16:28:52,903,1,8.35029761905,0.436681547619
2012-10-19 16:28:53,904,1,9.15796130952,0.807663690476
2012-10-19 16:28:54,905,1,10.1611607143,1.00319940476
2012-10-19 16:28:55,906,1,11.2131696429,1.05200892857
2012-10-19 16:28:56,907,1,12.1825892857,0.969419642857
2012-10-19 16:28:57,908,1,12.9496279762,0.767038690476
2012-10-19 16:28:58,909,1,13.3800595238,0.430431547619
2012-10-19 16:28:59,910,1,13.2891369048,-0.0909226190476
2012-10-19 16:29:00,911,1,12.511264881,-0.77787202381
2012-10-19 16:29:01,912,1,11.0220684524,-1.48919642857
2012-10-19 16:29:02,913,1,8.99382440476,-2.02824404762
2012-10-19 16:29:03,914,1,6.7850297619,-2.20879464286
2012-10-19 16:29:04,915,1,4.83407738095,-1.95095238095
2012-10-19 16:29:05,916,1,3.44802083333,-1.38605654762
2012-10-19 16:29:06,917,1,2.65927083333,-0.78875
2012-10-19 16:29:07,918,1,2.30447916667,-0.354791666667
2012-10-19 16:29:08,919,1,2.23569940476,-0.0687797619048
2012-10-19 16:29:09,920,1,2.42614583333,0.190446428571
2012-10-19 16:29:10,921,1,2.87668154762,0.450535714286
2012-10-19 16:29:11,922,1,3.5046875,0.628005952381
2012-10-19 16:29:12,923,1,4.22516369048,0.720476190476
2012-10-19 16:29:13,924,1,5.16428571429,0.93912202381
2012-10-19 16:29:14,925,1,6.71238095238,1.5480952381
2012-10-19 16:29:15,926,1,9.2487797619,2.53639880952
2012-10-19 16:29:16,927,1,12.7585565476,3.50977678571
2012-10-19 16:29:17,928,1,16.7159970238,3.95744047619
2012-10-19 16:29:18,929,1,20.3912202381,3.67522321429
2012-10-19 16:29:19,930,1,23.3693452381,2.978125
2012-10-19 16:29:20,931,1,25.809077381,2.43973214286
2012-10-19 16:29:21,932,1,28.2147321429,2.4056547619
2012-10-19 16:29:22,933,1,31.0180059524,2.80327380952
2012-10-19 16:29:23,934,1,34.3228422619,3.30483630952
2012-10-19 16:29:24,935,1,37.8946428571,3.57180059524
2012-10-19 16:29:25,936,1,41.3165178571,3.421875
2012-10-19 16:29:26,937,1,44.1679315476,2.85141369048
2012-10-19 16:29:27,938,1,46.1399553571,1.97202380952
2012-10-19 16:29:28,939,1,47.1199404762,0.979985119048
2012-10-19 16:29:29,940,1,47.2423363095,0.122395833333
2012-10-19 16:29:30,941,1,46.8258184524,-0.416517857143
2012-10-19 16:29:31,942,1,46.1932291667,-0.632589285714
2012-10-19 16:29:32,943,1,45.5005208333,-0.692708333333
2012-10-19 16:29:33,944,1,44.6870535714,-0.813467261905
2012-10-19 16:29:34,945,1,43.5416666667,-1.14538690476
2012-10-19 16:29:35,946,1,41.8229910714,-1.71867559524
2012-10-19 16:29:36,947,1,39.3717261905,-2.45126488095
2012-10-19 16:29:37,948,1,36.1658482143,-3.20587797619
2012-10-19 16:29:38,949,1,32.3110119048,-3.85483630952
2012-10-19 16:29:39,950,1,27.9794642857,-4.33154761905
2012-10-19 16:29:40,951,1,23.3373511905,-4.64211309524
2012-10-19 16:29:41,952,1,18.5658482143,-4.77150297619
2012-10-19 16:29:42,953,1,14.0069196429,-4.55892857143
2012-10-19 16:29:43,954,1,10.2406994048,-3.7662202381
2012-10-19 16:29:44,955,1,7.90572916667,-2.3349702381
2012-10-19 16:29:45,956,1,7.35133928571,-0.554389880952
2012-10-19 16:29:46,957,1,8.37366071429,1.02232142857
2012-10-19 16:29:47,958,1,10.2476190476,1.87395833333
2012-10-19 16:29:48,959,1,12.0759672619,1.82834821429
2012-10-19 16:29:49,960,1,13.1801339286,1.10416666667
2012-10-19 16:29:50,961,1,13.2602678571,0.0801339285715
2012-10-19 16:29:51,962,1,12.3796130952,-0.880654761905
2012-10-19 16:29:52,963,1,10.9230654762,-1.45654761905
2012-10-19 16:29:53,964,1,9.49925595238,-1.42380952381
2012-10-19 16:29:54,965,1,8.721875,-0.777380952381
2012-10-19 16:29:55,966,1,8.95766369048,0.235788690476
2012-10-19 16:29:56,967,1,10.2011160714,1.24345238095
2012-10-19 16:29:57,968,1,12.143452381,1.94233630952
2012-10-19 16:29:58,969,1,14.3585565476,2.21510416667
2012-10-19 16:29:59,970,1,16.4602678571,2.10171130952
2012-10-19 16:30:00,971,1,18.1696428571,1.709375
2012-10-19 16:30:01,972,1,19.3415922619,1.17194940476
2012-10-19 16:30:02,973,1,19.9586309524,0.617038690476
2012-10-19 16:30:03,974,1,20.053125,0.094494047619
2012-10-19 16:30:04,975,1,19.6295386905,-0.423586309524
2012-10-19 16:30:05,976,1,18.7015625,-0.927976190476
2012-10-19 16:30:06,977,1,17.3958333333,-1.30572916667
2012-10-19 16:30:07,978,1,15.9883184524,-1.40751488095
2012-10-19 16:30:08,979,1,14.8415922619,-1.14672619048
2012-10-19 16:30:09,980,1,14.2683035714,-0.573288690476
2012-10-19 16:30:10,981,1,14.3889136905,0.120610119048
2012-10-19 16:30:11,982,1,15.1045386905,0.715625
2012-10-19 16:30:12,983,1,16.1802827381,1.07574404762
2012-10-19 16:30:13,984,1,17.339360119,1.15907738095
2012-10-19 16:30:14,985,1,18.3511904762,1.01183035714
2012-10-19 16:30:15,986,1,19.0950892857,0.743898809524
2012-10-19 16:30:16,987,1,19.5459821429,0.450892857143
2012-10-19 16:30:17,988,1,19.7066220238,0.160639880952
2012-10-19 16:30:18,989,1,19.5599702381,-0.146651785714
2012-10-19 16:30:19,990,1,19.0898809524,-0.470089285714
2012-10-19 16:30:20,991,1,18.338764881,-0.751116071429
2012-10-19 16:30:21,992,1,17.3950892857,-0.943675595238
2012-10-19 16:30:22,993,1,16.2968005952,-1.09828869048
2012-10-19 16:30:23,994,1,14.992485119,-1.30431547619
2012-10-19 16:30:24,995,1,13.4505952381,-1.54188988095
2012-10-19 16:30:25,996,1,11.791889881,-1.65870535714
2012-10-19 16:30:26,997,1,10.2316964286,-1.56019345238
2012-10-19 16:30:27,998,1,8.86197916667,-1.3697172619
2012-10-19 16:30:28,999,1,7.57961309524,-1.28236607143
2012-10-19 16:30:29,1000,1,6.26889880952,-1.31071428571
2012-10-19 16:30:30,1001,1,4.99129464286,-1.27760416667
2012-10-19 16:30:31,1002,1,3.96674107143,-1.02455357143
2012-10-19 16:30:32,1003,1,3.32938988095,-0.637351190476
2012-10-19 16:30:33,1004,1,2.88854166667,-0.440848214286
2012-10-19 16:30:34,1005,1,2.28303571429,-0.605505952381
2012-10-19 16:30:35,1006,1,1.48720238095,-0.795833333333
2012-10-19 16:30:36,1007,1,0.0,-1.48720238095
