timestamp,cycle_sec,timestep,speed_mph,accel_meters_ps
2013-01-23 14:08:37,0,66555,0.0,0.0
2013-01-23 14:08:38,1,1,3.04300595238,3.04300595238
2013-01-23 14:08:39,2,1,5.63407738095,2.59107142857
2013-01-23 14:08:40,3,1,8.64717261905,3.0130952381
2013-01-23 14:08:41,4,1,11.6246279762,2.97745535714
2013-01-23 14:08:42,5,1,14.3302083333,2.70558035714
2013-01-23 14:08:43,6,1,16.671391369,2.34118303571
2013-01-23 14:08:44,7,1,18.6042410714,1.93284970238
2013-01-23 14:08:45,8,1,20.0776041667,1.47336309524
2013-01-23 14:08:46,9,1,21.0532738095,0.975669642857
2013-01-23 14:08:47,10,1,21.5795386905,0.526264880952
2013-01-23 14:08:48,11,1,21.8117559524,0.232217261905
2013-01-23 14:08:49,12,1,21.9008184524,0.0890625000001
2013-01-23 14:08:50,13,1,21.8391369048,-0.0616815476191
2013-01-23 14:08:51,14,1,21.470610119,-0.368526785714
2013-01-23 14:08:52,15,1,20.7157738095,-0.754836309524
2013-01-23 14:08:53,16,1,19.7864583333,-0.92931547619
2013-01-23 14:08:54,17,1,19.1685267857,-0.617931547619
2013-01-23 14:08:55,18,1,19.350297619,0.181770833333
2013-01-23 14:08:56,19,1,20.4365327381,1.08623511905
2013-01-23 14:08:57,20,1,21.9504464286,1.51391369048
2013-01-23 14:08:58,21,1,23.0617559524,1.11130952381
2013-01-23 14:08:59,22,1,23.1381696429,0.0764136904761
2013-01-23 14:09:00,23,1,22.2407738095,-0.897395833333
2013-01-23 14:09:01,24,1,21.1466517857,-1.09412202381
2013-01-23 14:09:02,25,1,20.8287202381,-0.317931547619
2013-01-23 14:09:03,26,1,21.7938244048,0.965104166667
2013-01-23 14:09:04,27,1,23.7391369048,1.9453125
2013-01-23 14:09:05,28,1,25.7290922619,1.98995535714
2013-01-23 14:09:06,29,1,26.7504464286,1.02135416667
2013-01-23 14:09:07,30,1,26.2392857143,-0.511160714286
2013-01-23 14:09:08,31,1,24.2936755952,-1.94561011905
2013-01-23 14:09:09,32,1,21.5741071429,-2.71956845238
2013-01-23 14:09:10,33,1,19.0244791667,-2.54962797619
2013-01-23 14:09:11,34,1,17.545014881,-1.47946428571
2013-01-23 14:09:12,35,1,17.6826636905,0.137648809524
2013-01-23 14:09:13,36,1,19.4446428571,1.76197916667
2013-01-23 14:09:14,37,1,22.3519345238,2.90729166667
2013-01-23 14:09:15,38,1,25.6584077381,3.30647321429
2013-01-23 14:09:16,39,1,28.6133928571,2.95498511905
2013-01-23 14:09:17,40,1,30.6767113095,2.06331845238
2013-01-23 14:09:18,41,1,31.5389880952,0.862276785714
2013-01-23 14:09:19,42,1,30.9904761905,-0.548511904762
2013-01-23 14:09:20,43,1,28.8700892857,-2.12038690476
2013-01-23 14:09:21,44,1,25.1951636905,-3.67492559524
2013-01-23 14:09:22,45,1,20.4323660714,-4.76279761905
2013-01-23 14:09:23,46,1,15.6869791667,-4.74538690476
2013-01-23 14:09:24,47,1,12.4337053571,-3.25327380952
2013-01-23 14:09:25,48,1,11.7831845238,-0.650520833333
2013-01-23 14:09:26,49,1,13.8444940476,2.06130952381
2013-01-23 14:09:27,50,1,17.7330357143,3.88854166667
2013-01-23 14:09:28,51,1,22.1988839286,4.46584821429
2013-01-23 14:09:29,52,1,26.3179315476,4.11904761905
2013-01-23 14:09:30,53,1,29.7306547619,3.41272321429
2013-01-23 14:09:31,54,1,32.433110119,2.70245535714
2013-01-23 14:09:32,55,1,34.4920386905,2.05892857143
2013-01-23 14:09:33,56,1,35.966889881,1.47485119048
2013-01-23 14:09:34,57,1,36.9741815476,1.00729166667
2013-01-23 14:09:35,58,1,37.6649553571,0.690773809524
2013-01-23 14:09:36,59,1,38.1134672619,0.448511904762
2013-01-23 14:09:37,60,1,38.2699404762,0.156473214286
2013-01-23 14:09:38,61,1,38.0134672619,-0.256473214286
2013-01-23 14:09:39,62,1,37.2805803571,-0.732886904762
2013-01-23 14:09:40,63,1,36.1798363095,-1.10074404762
2013-01-23 14:09:41,64,1,34.9566220238,-1.22321428571
2013-01-23 14:09:42,65,1,33.8492559524,-1.10736607143
2013-01-23 14:09:43,66,1,32.9811755952,-0.868080357143
2013-01-23 14:09:44,67,1,32.3351934524,-0.645982142857
2013-01-23 14:09:45,68,1,31.803125,-0.532068452381
2013-01-23 14:09:46,69,1,31.2886160714,-0.514508928571
2013-01-23 14:09:47,70,1,30.7912202381,-0.497395833333
2013-01-23 14:09:48,71,1,30.393452381,-0.397767857143
2013-01-23 14:09:49,72,1,30.1577380952,-0.235714285714
2013-01-23 14:09:50,73,1,30.0443452381,-0.113392857143
2013-01-23 14:09:51,74,1,29.9250744048,-0.119270833333
2013-01-23 14:09:52,75,1,29.6384672619,-0.286607142857
2013-01-23 14:09:53,76,1,29.0317708333,-0.606696428571
2013-01-23 14:09:54,77,1,28.0015625,-1.03020833333
2013-01-23 14:09:55,78,1,26.5061011905,-1.49546130952
2013-01-23 14:09:56,79,1,24.532514881,-1.97358630952
2013-01-23 14:09:57,80,1,22.1242559524,-2.40825892857
2013-01-23 14:09:58,81,1,19.4843005952,-2.63995535714
2013-01-23 14:09:59,82,1,16.9535714286,-2.53072916667
2013-01-23 14:10:00,83,1,14.7994047619,-2.15416666667
2013-01-23 14:10:01,84,1,13.0161458333,-1.78325892857
2013-01-23 14:10:02,85,1,11.3138392857,-1.70230654762
2013-01-23 14:10:03,86,1,9.33162202381,-1.9822172619
2013-01-23 14:10:04,87,1,6.94918154762,-2.38244047619
2013-01-23 14:10:05,88,1,4.42961309524,-2.51956845238
2013-01-23 14:10:06,89,1,2.3515625,-2.07805059524
2013-01-23 14:10:07,90,1,0.0,-2.3515625
2013-01-23 14:10:54,137,47,0.0,0.0
2013-01-23 14:10:55,138,1,5.88102678571,5.88102678571
2013-01-23 14:10:56,139,1,10.1072916667,4.22626488095
2013-01-23 14:10:57,140,1,14.0758184524,3.96852678571
2013-01-23 14:10:58,141,1,17.070014881,2.99419642857
2013-01-23 14:10:59,142,1,19.1694940476,2.09947916667
2013-01-23 14:11:00,143,1,20.834077381,1.66458333333
2013-01-23 14:11:01,144,1,22.3911458333,1.55706845238
2013-01-23 14:11:02,145,1,23.8949404762,1.50379464286
2013-01-23 14:11:03,146,1,25.2921875,1.39724702381
2013-01-23 14:11:04,147,1,26.5459077381,1.2537202381
2013-01-23 14:11:05,148,1,27.6332589286,1.08735119048
2013-01-23 14:11:06,149,1,28.5114583333,0.878199404762
2013-01-23 14:11:07,150,1,29.1162202381,0.604761904762
2013-01-23 14:11:08,151,1,29.4114583333,0.295238095238
2013-01-23 14:11:09,152,1,29.449702381,0.0382440476191
2013-01-23 14:11:10,153,1,29.3704613095,-0.0792410714286
2013-01-23 14:11:11,154,1,29.3194196429,-0.0510416666667
2013-01-23 14:11:12,155,1,29.3656994048,0.0462797619048
2013-01-23 14:11:13,156,1,29.4939732143,0.128273809524
2013-01-23 14:11:14,157,1,29.6564732143,0.1625
2013-01-23 14:11:15,158,1,29.8174107143,0.1609375
2013-01-23 14:11:16,159,1,29.9583333333,0.140922619048
2013-01-23 14:11:17,160,1,30.0697916667,0.111458333333
2013-01-23 14:11:18,161,1,30.1494047619,0.0796130952381
2013-01-23 14:11:19,162,1,30.2047619048,0.0553571428571
2013-01-23 14:11:20,163,1,30.2604910714,0.0557291666667
2013-01-23 14:11:21,164,1,30.3483630952,0.0878720238095
2013-01-23 14:11:22,165,1,30.478125,0.129761904762
2013-01-23 14:11:23,166,1,30.6249255952,0.146800595238
2013-01-23 14:11:24,167,1,30.7384672619,0.113541666667
2013-01-23 14:11:25,168,1,30.7421875,0.0037202380952
2013-01-23 14:11:26,169,1,30.4569196429,-0.285267857143
2013-01-23 14:11:27,170,1,29.4671875,-0.989732142857
2013-01-23 14:11:28,171,1,27.2014136905,-2.26577380952
2013-01-23 14:11:29,172,1,23.4148065476,-3.78660714286
2013-01-23 14:11:30,173,1,18.7149553571,-4.69985119048
2013-01-23 14:11:31,174,1,14.5009672619,-4.21398809524
2013-01-23 14:11:32,175,1,12.1813988095,-2.31956845238
2013-01-23 14:11:33,176,1,12.3154017857,0.13400297619
2013-01-23 14:11:34,177,1,14.4191964286,2.10379464286
2013-01-23 14:11:35,178,1,17.4790922619,3.05989583333
2013-01-23 14:11:36,179,1,20.6340029762,3.15491071429
2013-01-23 14:11:37,180,1,23.5087053571,2.87470238095
2013-01-23 14:11:38,181,1,26.1040178571,2.5953125
2013-01-23 14:11:39,182,1,28.5540178571,2.45
2013-01-23 14:11:40,183,1,30.9500744048,2.39605654762
2013-01-23 14:11:41,184,1,33.1898809524,2.23980654762
2013-01-23 14:11:42,185,1,34.9701636905,1.7802827381
2013-01-23 14:11:43,186,1,36.0273065476,1.05714285714
2013-01-23 14:11:44,187,1,36.3709821429,0.343675595238
2013-01-23 14:11:45,188,1,36.287202381,-0.0837797619047
2013-01-23 14:11:46,189,1,36.1770833333,-0.110119047619
2013-01-23 14:11:47,190,1,36.3189732143,0.141889880952
2013-01-23 14:11:48,191,1,36.6635416667,0.344568452381
2013-01-23 14:11:49,192,1,36.8303571429,0.16681547619
2013-01-23 14:11:50,193,1,36.2876488095,-0.542708333333
2013-01-23 14:11:51,194,1,34.5818452381,-1.70580357143
2013-01-23 14:11:52,195,1,31.5552083333,-3.02663690476
2013-01-23 14:11:53,196,1,27.4193452381,-4.13586309524
2013-01-23 14:11:54,197,1,22.582514881,-4.83683035714
2013-01-23 14:11:55,198,1,17.4680059524,-5.11450892857
2013-01-23 14:11:56,199,1,12.5668154762,-4.90119047619
2013-01-23 14:11:57,200,1,8.51904761905,-4.04776785714
2013-01-23 14:11:58,201,1,5.97120535714,-2.5478422619
2013-01-23 14:11:59,202,1,5.30141369048,-0.669791666667
2013-01-23 14:12:00,203,1,6.38876488095,1.08735119048
2013-01-23 14:12:01,204,1,8.59806547619,2.20930059524
2013-01-23 14:12:02,205,1,11.0923363095,2.49427083333
2013-01-23 14:12:03,206,1,13.2520089286,2.15967261905
2013-01-23 14:12:04,207,1,14.8917410714,1.63973214286
2013-01-23 14:12:05,208,1,16.2467261905,1.35498511905
2013-01-23 14:12:06,209,1,17.7950892857,1.54836309524
2013-01-23 14:12:07,210,1,19.9401785714,2.14508928571
2013-01-23 14:12:08,211,1,22.6947172619,2.75453869048
2013-01-23 14:12:09,212,1,25.5883928571,2.89367559524
2013-01-23 14:12:10,213,1,27.8366815476,2.24828869048
2013-01-23 14:12:11,214,1,28.6160714286,0.779389880952
2013-01-23 14:12:12,215,1,27.3670386905,-1.2490327381
2013-01-23 14:12:13,216,1,24.0840029762,-3.28303571429
2013-01-23 14:12:14,217,1,19.4042410714,-4.67976190476
2013-01-23 14:12:15,218,1,14.3989583333,-5.0052827381
2013-01-23 14:12:16,219,1,10.1922619048,-4.20669642857
2013-01-23 14:12:17,220,1,7.55654761905,-2.63571428571
2013-01-23 14:12:18,221,1,6.65558035714,-0.900967261905
2013-01-23 14:12:19,222,1,7.04129464286,0.385714285714
2013-01-23 14:12:20,223,1,7.8568452381,0.815550595238
2013-01-23 14:12:21,224,1,8.25952380952,0.402678571429
2013-01-23 14:12:22,225,1,7.92194940476,-0.337574404762
2013-01-23 14:12:23,226,1,7.13831845238,-0.783630952381
2013-01-23 14:12:24,227,1,6.39151785714,-0.746800595238
2013-01-23 14:12:25,228,1,5.85572916667,-0.535788690476
2013-01-23 14:12:26,229,1,5.33876488095,-0.516964285714
2013-01-23 14:12:27,230,1,4.66361607143,-0.675148809524
2013-01-23 14:12:28,231,1,3.98333333333,-0.680282738095
2013-01-23 14:12:29,232,1,3.66994047619,-0.313392857143
2013-01-23 14:12:30,233,1,4.03601190476,0.366071428571
2013-01-23 14:12:31,234,1,5.21101190476,1.175
2013-01-23 14:12:32,235,1,7.10885416667,1.8978422619
2013-01-23 14:12:33,236,1,9.38675595238,2.27790178571
2013-01-23 14:12:34,237,1,11.4720238095,2.08526785714
2013-01-23 14:12:35,238,1,12.7613095238,1.28928571429
2013-01-23 14:12:36,239,1,12.9246279762,0.163318452381
2013-01-23 14:12:37,240,1,12.0477678571,-0.876860119048
2013-01-23 14:12:38,241,1,10.512202381,-1.53556547619
2013-01-23 14:12:39,242,1,8.80305059524,-1.70915178571
2013-01-23 14:12:40,243,1,7.35625,-1.44680059524
2013-01-23 14:12:41,244,1,6.38891369048,-0.967336309524
2013-01-23 14:12:42,245,1,5.75669642857,-0.632217261905
2013-01-23 14:12:43,246,1,5.03400297619,-0.722693452381
2013-01-23 14:12:44,247,1,3.87708333333,-1.15691964286
2013-01-23 14:12:45,248,1,2.38727678571,-1.48980654762
2013-01-23 14:12:46,249,1,0.0,-2.38727678571
2013-01-23 14:12:47,250,1,0.0,0.0
2013-01-23 14:12:48,251,1,0.0,0.0
2013-01-23 14:12:49,252,1,0.0,0.0
2013-01-23 14:12:50,253,1,0.0,0.0
2013-01-23 14:12:51,254,1,0.0,0.0
