timestamp,cycle_sec,timestep,speed_mph,accel_meters_ps
2012-04-08 09:55:04,0,54327,0.0,0.0
2012-04-08 09:55:05,1,1,4.49720982143,4.49720982143
2012-04-08 09:55:06,2,1,7.88498883929,3.38777901786
2012-04-08 09:55:07,3,1,10.8386160714,2.95362723214
2012-04-08 09:55:08,4,1,12.2709635417,1.43234747024
2012-04-08 09:55:09,5,1,11.795796131,-0.475167410714
2012-04-08 09:55:10,6,1,9.70027901786,-2.0955171131
2012-04-08 09:55:11,7,1,6.71209077381,-2.98818824405
2012-04-08 09:55:12,8,1,3.75530133929,-2.95678943452
2012-04-08 09:55:13,9,1,0.0,-3.75530133929
2012-04-08 09:55:41,37,28,0.0,0.0
2012-04-08 09:55:42,38,1,1.45491071429,1.45491071429
2012-04-08 09:55:43,39,1,2.33214285714,0.877232142857
2012-04-08 09:55:44,40,1,3.03869047619,0.706547619048
2012-04-08 09:55:45,41,1,3.37819940476,0.339508928571
2012-04-08 09:55:46,42,1,3.47983630952,0.101636904762
2012-04-08 09:55:47,43,1,3.56374007937,0.0839037698413
2012-04-08 09:55:48,44,1,3.73618551587,0.172445436508
2012-04-08 09:55:49,45,1,3.92276785714,0.18658234127
2012-04-08 09:55:50,46,1,3.97217261905,0.0494047619048
2012-04-08 09:55:51,47,1,3.81763392857,-0.154538690476
2012-04-08 09:55:52,48,1,3.59680059524,-0.220833333333
2012-04-08 09:55:53,49,1,3.69781746032,0.101016865079
2012-04-08 09:55:54,50,1,4.6050843254,0.907266865079
2012-04-08 09:55:55,51,1,6.55595238095,1.95086805556
2012-04-08 09:55:56,52,1,9.3140625,2.75811011905
2012-04-08 09:55:57,53,1,12.2354910714,2.92142857143
2012-04-08 09:55:58,54,1,14.55,2.31450892857
2012-04-08 09:55:59,55,1,15.701984127,1.15198412698
2012-04-08 09:56:00,56,1,15.5219742063,-0.180009920635
2012-04-08 09:56:01,57,1,14.1621279762,-1.35984623016
2012-04-08 09:56:02,58,1,11.9939732143,-2.1681547619
2012-04-08 09:56:03,59,1,9.5568452381,-2.43712797619
2012-04-08 09:56:04,60,1,7.4453125,-2.1115327381
2012-04-08 09:56:05,61,1,6.10357142857,-1.34174107143
2012-04-08 09:56:06,62,1,5.66339285714,-0.440178571429
2012-04-08 09:56:07,63,1,5.9587797619,0.295386904762
2012-04-08 09:56:08,64,1,6.66867559524,0.709895833333
2012-04-08 09:56:09,65,1,7.44025297619,0.771577380952
2012-04-08 09:56:10,66,1,7.98385416667,0.543601190476
2012-04-08 09:56:11,67,1,8.19799107143,0.214136904762
2012-04-08 09:56:12,68,1,8.20706845238,0.00907738095238
2012-04-08 09:56:13,69,1,8.21912202381,0.0120535714286
2012-04-08 09:56:14,70,1,8.36287202381,0.14375
2012-04-08 09:56:15,71,1,8.62276785714,0.259895833333
2012-04-08 09:56:16,72,1,8.85520833333,0.23244047619
2012-04-08 09:56:17,73,1,8.8896577381,0.0344494047619
2012-04-08 09:56:18,74,1,8.61703869048,-0.272619047619
2012-04-08 09:56:19,75,1,7.97380952381,-0.643229166667
2012-04-08 09:56:20,76,1,6.92648809524,-1.04732142857
2012-04-08 09:56:21,77,1,5.50327380952,-1.42321428571
2012-04-08 09:56:22,78,1,3.82700892857,-1.67626488095
2012-04-08 09:56:23,79,1,2.19114583333,-1.63586309524
2012-04-08 09:56:24,80,1,0.0,-2.19114583333
2012-04-08 10:04:46,582,502,0.0,0.0
2012-04-08 10:04:47,583,1,1.14360119048,1.14360119048
2012-04-08 10:04:48,584,1,1.97161458333,0.828013392857
2012-04-08 10:04:49,585,1,3.2209077381,1.24929315476
2012-04-08 10:04:50,586,1,5.04300595238,1.82209821429
2012-04-08 10:04:51,587,1,7.30870535714,2.26569940476
2012-04-08 10:04:52,588,1,9.43389136905,2.1251860119
2012-04-08 10:04:53,589,1,10.6436755952,1.20978422619
2012-04-08 10:04:54,590,1,10.4832465278,-0.16042906746
2012-04-08 10:04:55,591,1,9.11882440476,-1.36442212302
2012-04-08 10:04:56,592,1,7.15376984127,-1.96505456349
2012-04-08 10:04:57,593,1,5.25483630952,-1.89893353175
2012-04-08 10:04:58,594,1,3.89172867063,-1.36310763889
2012-04-08 10:04:59,595,1,3.19461805556,-0.697110615079
2012-04-08 10:05:00,596,1,2.99151785714,-0.203100198413
2012-04-08 10:05:01,597,1,3.02532242063,0.0338045634921
2012-04-08 10:05:02,598,1,3.1189484127,0.0936259920635
2012-04-08 10:05:03,599,1,3.21711309524,0.0981646825397
2012-04-08 10:05:04,600,1,3.44109623016,0.223983134921
2012-04-08 10:05:05,601,1,4.10205853175,0.660962301587
2012-04-08 10:05:06,602,1,5.52053571429,1.41847718254
2012-04-08 10:05:07,603,1,7.7269593254,2.20642361111
2012-04-08 10:05:08,604,1,10.2559275794,2.52896825397
2012-04-08 10:05:09,605,1,12.246875,1.99094742063
2012-04-08 10:05:10,606,1,12.9025545635,0.655679563492
2012-04-08 10:05:11,607,1,11.9631448413,-0.939409722222
2012-04-08 10:05:12,608,1,9.81666666667,-2.1464781746
2012-04-08 10:05:13,609,1,7.2865327381,-2.53013392857
2012-04-08 10:05:14,610,1,5.30885416667,-1.97767857143
2012-04-08 10:05:15,611,1,4.63288690476,-0.675967261905
2012-04-08 10:05:16,612,1,5.63816964286,1.0052827381
2012-04-08 10:05:17,613,1,8.27395833333,2.63578869048
2012-04-08 10:05:18,614,1,12.1148809524,3.84092261905
2012-04-08 10:05:19,615,1,16.5630952381,4.44821428571
2012-04-08 10:05:20,616,1,21.0838541667,4.52075892857
2012-04-08 10:05:21,617,1,25.2947172619,4.21086309524
2012-04-08 10:05:22,618,1,28.9241815476,3.62946428571
2012-04-08 10:05:23,619,1,31.7723958333,2.84821428571
2012-04-08 10:05:24,620,1,33.6994047619,1.92700892857
2012-04-08 10:05:25,621,1,34.5927827381,0.89337797619
2012-04-08 10:05:26,622,1,34.3243303571,-0.268452380952
2012-04-08 10:05:27,623,1,32.75625,-1.56808035714
2012-04-08 10:05:28,624,1,29.8388392857,-2.91741071429
2012-04-08 10:05:29,625,1,25.7461681548,-4.09267113095
2012-04-08 10:05:30,626,1,20.8977864583,-4.84838169643
2012-04-08 10:05:31,627,1,15.8357514881,-5.06203497024
2012-04-08 10:05:32,628,1,11.1161272321,-4.71962425595
2012-04-08 10:05:33,629,1,7.24479166667,-3.87133556548
2012-04-08 10:05:34,630,1,4.54702380952,-2.69776785714
2012-04-08 10:05:35,631,1,3.03943452381,-1.50758928571
2012-04-08 10:05:36,632,1,2.44306175595,-0.596372767857
2012-04-08 10:05:37,633,1,2.33493303571,-0.108128720238
2012-04-08 10:05:38,634,1,2.36155133929,0.0266183035714
2012-04-08 10:05:39,635,1,2.36908482143,0.00753348214286
2012-04-08 10:05:40,636,1,2.35,-0.0190848214286
2012-04-08 10:05:41,637,1,2.3248139881,-0.0251860119048
2012-04-08 10:05:42,638,1,2.30236235119,-0.0224516369048
2012-04-08 10:05:43,639,1,2.2920014881,-0.0103608630952
2012-04-08 10:05:44,640,1,2.27501860119,-0.0169828869048
2012-04-08 10:05:45,641,1,2.14021577381,-0.134802827381
2012-04-08 10:05:46,642,1,1.74025297619,-0.399962797619
2012-04-08 10:05:47,643,1,1.1654389881,-0.574813988095
2012-04-08 10:05:48,644,1,0.0,-1.1654389881
2012-04-08 10:06:12,668,24,0.0,0.0
2012-04-08 10:06:13,669,1,4.25965401786,4.25965401786
2012-04-08 10:06:14,670,1,7.41480654762,3.15515252976
2012-04-08 10:06:15,671,1,10.690922619,3.27611607143
2012-04-08 10:06:16,672,1,13.8186755952,3.12775297619
2012-04-08 10:06:17,673,1,16.9258928571,3.1072172619
2012-04-08 10:06:18,674,1,20.1747767857,3.24888392857
2012-04-08 10:06:19,675,1,23.5415178571,3.36674107143
2012-04-08 10:06:20,676,1,26.833110119,3.2915922619
2012-04-08 10:06:21,677,1,29.8004464286,2.96733630952
2012-04-08 10:06:22,678,1,32.2080357143,2.40758928571
2012-04-08 10:06:23,679,1,33.8511904762,1.6431547619
2012-04-08 10:06:24,680,1,34.5686755952,0.717485119048
2012-04-08 10:06:25,681,1,34.2392113095,-0.329464285714
2012-04-08 10:06:26,682,1,32.7388392857,-1.50037202381
2012-04-08 10:06:27,683,1,29.9328125,-2.80602678571
2012-04-08 10:06:28,684,1,25.7758184524,-4.15699404762
2012-04-08 10:06:29,685,1,20.487797619,-5.28802083333
2012-04-08 10:06:30,686,1,14.722172619,-5.765625
2012-04-08 10:06:31,687,1,9.56852678571,-5.15364583333
2012-04-08 10:06:32,688,1,6.23422619048,-3.33430059524
2012-04-08 10:06:33,689,1,5.52790178571,-0.706324404762
2012-04-08 10:06:34,690,1,7.48541666667,1.95751488095
2012-04-08 10:06:35,691,1,11.3739583333,3.88854166667
2012-04-08 10:06:36,692,1,16.0765625,4.70260416667
2012-04-08 10:06:37,693,1,20.6069196429,4.53035714286
2012-04-08 10:06:38,694,1,24.4130952381,3.80617559524
2012-04-08 10:06:39,695,1,27.3770833333,2.96398809524
2012-04-08 10:06:40,696,1,29.6611607143,2.28407738095
2012-04-08 10:06:41,697,1,31.5183779762,1.8572172619
2012-04-08 10:06:42,698,1,33.1020089286,1.58363095238
2012-04-08 10:06:43,699,1,34.3274553571,1.22544642857
2012-04-08 10:06:44,700,1,34.8892857143,0.561830357143
2012-04-08 10:06:45,701,1,34.4633184524,-0.425967261905
2012-04-08 10:06:46,702,1,32.9030505952,-1.56026785714
2012-04-08 10:06:47,703,1,30.2741071429,-2.62894345238
2012-04-08 10:06:48,704,1,26.8452380952,-3.42886904762
2012-04-08 10:06:49,705,1,23.0860863095,-3.75915178571
2012-04-08 10:06:50,706,1,19.5805059524,-3.50558035714
2012-04-08 10:06:51,707,1,16.901860119,-2.67864583333
2012-04-08 10:06:52,708,1,15.4372767857,-1.46458333333
2012-04-08 10:06:53,709,1,15.1313244048,-0.305952380952
2012-04-08 10:06:54,710,1,15.4150297619,0.283705357143
2012-04-08 10:06:55,711,1,15.4715029762,0.0564732142857
2012-04-08 10:06:56,712,1,14.6311755952,-0.840327380952
2012-04-08 10:06:57,713,1,12.6997767857,-1.93139880952
2012-04-08 10:06:58,714,1,10.0529761905,-2.64680059524
2012-04-08 10:06:59,715,1,7.3796875,-2.67328869048
2012-04-08 10:07:00,716,1,5.25595238095,-2.12373511905
2012-04-08 10:07:01,717,1,3.85384424603,-1.40210813492
2012-04-08 10:07:02,718,1,2.93474702381,-0.919097222222
2012-04-08 10:07:03,719,1,2.1259672619,-0.808779761905
2012-04-08 10:07:04,720,1,1.32619047619,-0.799776785714
2012-04-08 10:07:05,721,1,0.0,-1.32619047619
