timestamp,cycle_sec,timestep,speed_mph,accel_meters_ps
2012-12-10 10:53:32,0,52714,0.0,0.0
2012-12-10 10:53:33,1,1,3.5285218254,3.5285218254
2012-12-10 10:53:34,2,1,6.36339285714,2.83487103175
2012-12-10 10:53:35,3,1,9.4802827381,3.11688988095
2012-12-10 10:53:36,4,1,12.3632440476,2.88296130952
2012-12-10 10:53:37,5,1,14.8636160714,2.50037202381
2012-12-10 10:53:38,6,1,17.1367559524,2.27313988095
2012-12-10 10:53:39,7,1,19.5150545635,2.37829861111
2012-12-10 10:53:40,8,1,22.3070436508,2.7919890873
2012-12-10 10:53:41,9,1,25.5939732143,3.28692956349
2012-12-10 10:53:42,10,1,29.1642857143,3.5703125
2012-12-10 10:53:43,11,1,32.6483630952,3.48407738095
2012-12-10 10:53:44,12,1,35.7484375,3.10007440476
2012-12-10 10:53:45,13,1,38.3765625,2.628125
2012-12-10 10:53:46,14,1,40.6177083333,2.24114583333
2012-12-10 10:53:47,15,1,42.6034970238,1.98578869048
2012-12-10 10:53:48,16,1,44.4129464286,1.80944940476
2012-12-10 10:53:49,17,1,46.0514136905,1.6384672619
2012-12-10 10:53:50,18,1,47.5042410714,1.45282738095
2012-12-10 10:53:51,19,1,48.796577381,1.29233630952
2012-12-10 10:53:52,20,1,49.9880952381,1.19151785714
2012-12-10 10:53:53,21,1,51.124702381,1.13660714286
2012-12-10 10:53:54,22,1,52.2063244048,1.08162202381
2012-12-10 10:53:55,23,1,53.1877232143,0.981398809524
2012-12-10 10:53:56,24,1,54.0125744048,0.824851190476
2012-12-10 10:53:57,25,1,54.6669642857,0.654389880952
2012-12-10 10:53:58,26,1,55.2020833333,0.535119047619
2012-12-10 10:53:59,27,1,55.6942708333,0.4921875
2012-12-10 10:54:00,28,1,56.1827380952,0.488467261905
2012-12-10 10:54:01,29,1,56.6467261905,0.463988095238
2012-12-10 10:54:02,30,1,57.0341517857,0.387425595238
2012-12-10 10:54:03,31,1,57.3104166667,0.276264880952
2012-12-10 10:54:04,32,1,57.4885416667,0.178125
2012-12-10 10:54:05,33,1,57.6185267857,0.129985119048
2012-12-10 10:54:06,34,1,57.7532738095,0.134747023809
2012-12-10 10:54:07,35,1,57.9291666667,0.175892857143
2012-12-10 10:54:08,36,1,58.1693452381,0.240178571428
2012-12-10 10:54:09,37,1,58.4875744048,0.318229166667
2012-12-10 10:54:10,38,1,58.8773809524,0.389806547619
2012-12-10 10:54:11,39,1,59.2905505952,0.413169642857
2012-12-10 10:54:12,40,1,59.6333333333,0.342782738095
2012-12-10 10:54:13,41,1,59.8148065476,0.181473214286
2012-12-10 10:54:14,42,1,59.8212797619,0.0064732142858
2012-12-10 10:54:15,43,1,59.7357142857,-0.0855654761905
2012-12-10 10:54:16,44,1,59.6765625,-0.0591517857143
2012-12-10 10:54:17,45,1,59.7145089286,0.0379464285714
2012-12-10 10:54:18,46,1,59.8331845238,0.118675595238
2012-12-10 10:54:19,47,1,59.9540922619,0.120907738095
2012-12-10 10:54:20,48,1,59.9919642857,0.0378720238095
2012-12-10 10:54:21,49,1,59.8994791667,-0.0924851190476
2012-12-10 10:54:22,50,1,59.6927827381,-0.206696428572
2012-12-10 10:54:23,51,1,59.4492559524,-0.243526785714
2012-12-10 10:54:24,52,1,59.2616815476,-0.187574404762
2012-12-10 10:54:25,53,1,59.1583333333,-0.103348214286
2012-12-10 10:54:26,54,1,59.0492559524,-0.109077380952
2012-12-10 10:54:27,55,1,58.7845982143,-0.264657738095
2012-12-10 10:54:28,56,1,58.2994047619,-0.485193452381
2012-12-10 10:54:29,57,1,57.6847470238,-0.614657738095
2012-12-10 10:54:30,58,1,57.0965029762,-0.588244047619
2012-12-10 10:54:31,59,1,56.5919642857,-0.504538690476
2012-12-10 10:54:32,60,1,56.0682291667,-0.523735119048
2012-12-10 10:54:33,61,1,55.3842261905,-0.68400297619
2012-12-10 10:54:34,62,1,54.5305059524,-0.853720238095
2012-12-10 10:54:35,63,1,53.6535714286,-0.87693452381
2012-12-10 10:54:36,64,1,52.9274553571,-0.726116071428
2012-12-10 10:54:37,65,1,52.4024553571,-0.525
2012-12-10 10:54:38,66,1,51.9550595238,-0.447395833333
2012-12-10 10:54:39,67,1,51.394047619,-0.561011904762
2012-12-10 10:54:40,68,1,50.6405505952,-0.753497023809
2012-12-10 10:54:41,69,1,49.8192708333,-0.821279761905
2012-12-10 10:54:42,70,1,49.1844494048,-0.634821428571
2012-12-10 10:54:43,71,1,48.9282738095,-0.256175595238
2012-12-10 10:54:44,72,1,49.001264881,0.0729910714286
2012-12-10 10:54:45,73,1,49.1089285714,0.107663690476
2012-12-10 10:54:46,74,1,48.9146577381,-0.194270833333
2012-12-10 10:54:47,75,1,48.2544642857,-0.660193452381
2012-12-10 10:54:48,76,1,47.1729910714,-1.08147321429
2012-12-10 10:54:49,77,1,45.8035714286,-1.36941964286
2012-12-10 10:54:50,78,1,44.2395833333,-1.56398809524
2012-12-10 10:54:51,79,1,42.5017113095,-1.73787202381
2012-12-10 10:54:52,80,1,40.590625,-1.91108630952
2012-12-10 10:54:53,81,1,38.5380952381,-2.0525297619
2012-12-10 10:54:54,82,1,36.4107142857,-2.12738095238
2012-12-10 10:54:55,83,1,34.2872767857,-2.1234375
2012-12-10 10:54:56,84,1,32.2034970238,-2.0837797619
2012-12-10 10:54:57,85,1,30.057514881,-2.14598214286
2012-12-10 10:54:58,86,1,27.5957589286,-2.46175595238
2012-12-10 10:54:59,87,1,24.5729166667,-3.0228422619
2012-12-10 10:55:00,88,1,20.9343377976,-3.63857886905
2012-12-10 10:55:01,89,1,16.858110119,-4.07622767857
2012-12-10 10:55:02,90,1,12.6970238095,-4.16108630952
2012-12-10 10:55:03,91,1,8.9087797619,-3.78824404762
2012-12-10 10:55:04,92,1,6.04334077381,-2.8654389881
2012-12-10 10:55:05,93,1,4.71941964286,-1.32392113095
2012-12-10 10:55:06,94,1,5.38850446429,0.669084821429
2012-12-10 10:55:07,95,1,8.01056547619,2.6220610119
2012-12-10 10:55:08,96,1,12.0074404762,3.996875
2012-12-10 10:55:09,97,1,16.5253720238,4.51793154762
2012-12-10 10:55:10,98,1,20.7672247024,4.24185267857
2012-12-10 10:55:11,99,1,24.1870535714,3.41982886905
2012-12-10 10:55:12,100,1,26.4927083333,2.3056547619
2012-12-10 10:55:13,101,1,27.6094494048,1.11674107143
2012-12-10 10:55:14,102,1,27.6947172619,0.0852678571429
2012-12-10 10:55:15,103,1,27.0829613095,-0.611755952381
2012-12-10 10:55:16,104,1,26.1063988095,-0.9765625
2012-12-10 10:55:17,105,1,24.9183779762,-1.18802083333
2012-12-10 10:55:18,106,1,23.4519345238,-1.46644345238
2012-12-10 10:55:19,107,1,21.5060267857,-1.9459077381
2012-12-10 10:55:20,108,1,18.8757440476,-2.6302827381
2012-12-10 10:55:21,109,1,15.4913690476,-3.384375
2012-12-10 10:55:22,110,1,11.5253720238,-3.96599702381
2012-12-10 10:55:23,111,1,7.43087797619,-4.09449404762
2012-12-10 10:55:24,112,1,3.94888392857,-3.48199404762
2012-12-10 10:55:25,113,1,0.0,-3.94888392857
2012-12-10 10:55:41,129,16,0.0,0.0
2012-12-10 10:55:42,130,1,5.04375,5.04375
2012-12-10 10:55:43,131,1,9.27470238095,4.23095238095
2012-12-10 10:55:44,132,1,14.0270089286,4.75230654762
2012-12-10 10:55:45,133,1,18.5314732143,4.50446428571
2012-12-10 10:55:46,134,1,22.4311755952,3.89970238095
2012-12-10 10:55:47,135,1,25.6523809524,3.22120535714
2012-12-10 10:55:48,136,1,28.2533482143,2.6009672619
2012-12-10 10:55:49,137,1,30.3510416667,2.09769345238
2012-12-10 10:55:50,138,1,32.0961309524,1.74508928571
2012-12-10 10:55:51,139,1,33.6430803571,1.54694940476
2012-12-10 10:55:52,140,1,35.0985863095,1.45550595238
2012-12-10 10:55:53,141,1,36.4806547619,1.38206845238
2012-12-10 10:55:54,142,1,37.7476934524,1.26703869048
2012-12-10 10:55:55,143,1,38.8883184524,1.140625
2012-12-10 10:55:56,144,1,39.9618303571,1.07351190476
2012-12-10 10:55:57,145,1,41.0159970238,1.05416666667
2012-12-10 10:55:58,146,1,41.9723958333,0.956398809524
2012-12-10 10:55:59,147,1,42.6311755952,0.658779761905
2012-12-10 10:56:00,148,1,42.806547619,0.17537202381
2012-12-10 10:56:01,149,1,42.4686755952,-0.337872023809
2012-12-10 10:56:02,150,1,41.7751488095,-0.693526785714
2012-12-10 10:56:03,151,1,40.9451636905,-0.829985119048
2012-12-10 10:56:04,152,1,40.0424107143,-0.90275297619
2012-12-10 10:56:05,153,1,38.8564732143,-1.1859375
2012-12-10 10:56:06,154,1,37.0433779762,-1.8130952381
2012-12-10 10:56:07,155,1,34.4624255952,-2.58095238095
2012-12-10 10:56:08,156,1,31.4244047619,-3.03802083333
2012-12-10 10:56:09,157,1,28.5985119048,-2.82589285714
2012-12-10 10:56:10,158,1,26.6282738095,-1.97023809524
2012-12-10 10:56:11,159,1,25.7868303571,-0.841443452381
2012-12-10 10:56:12,160,1,25.9660714286,0.179241071428
2012-12-10 10:56:13,161,1,26.9449404762,0.978869047619
2012-12-10 10:56:14,162,1,28.5936011905,1.64866071429
2012-12-10 10:56:15,163,1,30.8130952381,2.21949404762
2012-12-10 10:56:16,164,1,33.3741815476,2.56108630952
2012-12-10 10:56:17,165,1,35.9072916667,2.53311011905
2012-12-10 10:56:18,166,1,38.0715029762,2.16421130952
2012-12-10 10:56:19,167,1,39.729389881,1.65788690476
2012-12-10 10:56:20,168,1,40.9689732143,1.23958333333
2012-12-10 10:56:21,169,1,41.9761160714,1.00714285714
2012-12-10 10:56:22,170,1,42.890625,0.914508928571
2012-12-10 10:56:23,171,1,43.7595982143,0.868973214286
2012-12-10 10:56:24,172,1,44.5837797619,0.824181547619
2012-12-10 10:56:25,173,1,45.3738839286,0.790104166667
2012-12-10 10:56:26,174,1,46.1554315476,0.781547619048
2012-12-10 10:56:27,175,1,46.928125,0.772693452381
2012-12-10 10:56:28,176,1,47.6212053571,0.693080357143
2012-12-10 10:56:29,177,1,48.0897321429,0.468526785714
2012-12-10 10:56:30,178,1,48.1751488095,0.0854166666667
2012-12-10 10:56:31,179,1,47.7897321429,-0.385416666667
2012-12-10 10:56:32,180,1,46.9667410714,-0.822991071428
2012-12-10 10:56:33,181,1,45.8729166667,-1.09382440476
2012-12-10 10:56:34,182,1,44.7795386905,-1.09337797619
2012-12-10 10:56:35,183,1,43.9683035714,-0.811235119048
2012-12-10 10:56:36,184,1,43.6110119048,-0.357291666667
2012-12-10 10:56:37,185,1,43.703422619,0.0924107142857
2012-12-10 10:56:38,186,1,44.0919642857,0.388541666667
2012-12-10 10:56:39,187,1,44.5819196429,0.489955357143
2012-12-10 10:56:40,188,1,45.0584077381,0.476488095238
2012-12-10 10:56:41,189,1,45.5140625,0.455654761905
2012-12-10 10:56:42,190,1,45.9630208333,0.448958333333
2012-12-10 10:56:43,191,1,46.3485119048,0.385491071429
2012-12-10 10:56:44,192,1,46.549702381,0.20119047619
2012-12-10 10:56:45,193,1,46.4824404762,-0.0672619047619
2012-12-10 10:56:46,194,1,46.1817708333,-0.300669642857
2012-12-10 10:56:47,195,1,45.7699404762,-0.411830357143
2012-12-10 10:56:48,196,1,45.3552083333,-0.414732142857
2012-12-10 10:56:49,197,1,44.9672619048,-0.387946428571
2012-12-10 10:56:50,198,1,44.5680803571,-0.399181547619
2012-12-10 10:56:51,199,1,44.1194196429,-0.448660714286
2012-12-10 10:56:52,200,1,43.6490327381,-0.470386904762
2012-12-10 10:56:53,201,1,43.2630952381,-0.3859375
2012-12-10 10:56:54,202,1,43.1083333333,-0.154761904762
2012-12-10 10:56:55,203,1,43.2896577381,0.181324404762
2012-12-10 10:56:56,204,1,43.7623511905,0.472693452381
2012-12-10 10:56:57,205,1,44.3046130952,0.542261904762
2012-12-10 10:56:58,206,1,44.6516369048,0.347023809524
2012-12-10 10:56:59,207,1,44.6988839286,0.0472470238095
2012-12-10 10:57:00,208,1,44.5907738095,-0.108110119048
2012-12-10 10:57:01,209,1,44.6050595238,0.0142857142857
2012-12-10 10:57:02,210,1,44.9304315476,0.32537202381
2012-12-10 10:57:03,211,1,45.5441964286,0.613764880952
2012-12-10 10:57:04,212,1,46.2701636905,0.725967261905
2012-12-10 10:57:05,213,1,46.8977678571,0.627604166667
2012-12-10 10:57:06,214,1,47.2640625,0.366294642857
2012-12-10 10:57:07,215,1,47.3148809524,0.050818452381
2012-12-10 10:57:08,216,1,47.1366071429,-0.178273809524
2012-12-10 10:57:09,217,1,46.8927083333,-0.243898809524
2012-12-10 10:57:10,218,1,46.6674107143,-0.225297619048
2012-12-10 10:57:11,219,1,46.3459821429,-0.321428571429
2012-12-10 10:57:12,220,1,45.6647321429,-0.68125
2012-12-10 10:57:13,221,1,44.4098958333,-1.25483630952
2012-12-10 10:57:14,222,1,42.6109375,-1.79895833333
2012-12-10 10:57:15,223,1,40.5814732143,-2.02946428571
2012-12-10 10:57:16,224,1,38.7830357143,-1.7984375
2012-12-10 10:57:17,225,1,37.6196428571,-1.16339285714
2012-12-10 10:57:18,226,1,37.2738839286,-0.345758928571
2012-12-10 10:57:19,227,1,37.6183779762,0.344494047619
2012-12-10 10:57:20,228,1,38.2464285714,0.628050595238
2012-12-10 10:57:21,229,1,38.6720982143,0.425669642857
2012-12-10 10:57:22,230,1,38.6087053571,-0.0633928571428
2012-12-10 10:57:23,231,1,38.1055059524,-0.503199404762
2012-12-10 10:57:24,232,1,37.4193452381,-0.686160714286
2012-12-10 10:57:25,233,1,36.7332589286,-0.686086309524
2012-12-10 10:57:26,234,1,35.9499255952,-0.783333333333
2012-12-10 10:57:27,235,1,34.7146577381,-1.23526785714
2012-12-10 10:57:28,236,1,32.6567708333,-2.05788690476
2012-12-10 10:57:29,237,1,29.670610119,-2.98616071429
2012-12-10 10:57:30,238,1,26.0398809524,-3.63072916667
2012-12-10 10:57:31,239,1,22.3619791667,-3.67790178571
2012-12-10 10:57:32,240,1,19.318452381,-3.04352678571
2012-12-10 10:57:33,241,1,17.353422619,-1.9650297619
2012-12-10 10:57:34,242,1,16.4345982143,-0.918824404762
2012-12-10 10:57:35,243,1,16.1016369048,-0.332961309524
2012-12-10 10:57:36,244,1,15.7781994048,-0.3234375
2012-12-10 10:57:37,245,1,15.0941964286,-0.68400297619
2012-12-10 10:57:38,246,1,13.9763392857,-1.11785714286
2012-12-10 10:57:39,247,1,12.4838541667,-1.49248511905
2012-12-10 10:57:40,248,1,10.6116815476,-1.87217261905
2012-12-10 10:57:41,249,1,8.29895833333,-2.31272321429
2012-12-10 10:57:42,250,1,5.64836309524,-2.6505952381
2012-12-10 10:57:43,251,1,3.16614583333,-2.4822172619
2012-12-10 10:57:44,252,1,0.0,-3.16614583333
2012-12-10 10:58:58,326,74,0.0,0.0
2012-12-10 10:58:59,327,1,4.9552827381,4.9552827381
2012-12-10 10:59:00,328,1,9.09665178571,4.14136904762
2012-12-10 10:59:01,329,1,13.7973958333,4.70074404762
2012-12-10 10:59:02,330,1,18.2732886905,4.47589285714
2012-12-10 10:59:03,331,1,21.9466517857,3.67336309524
2012-12-10 10:59:04,332,1,24.4566220238,2.5099702381
2012-12-10 10:59:05,333,1,25.7602678571,1.30364583333
2012-12-10 10:59:06,334,1,26.15625,0.395982142857
2012-12-10 10:59:07,335,1,26.091889881,-0.0643601190476
2012-12-10 10:59:08,336,1,25.8578125,-0.234077380952
2012-12-10 10:59:09,337,1,25.4619791667,-0.395833333333
2012-12-10 10:59:10,338,1,24.783110119,-0.678869047619
2012-12-10 10:59:11,339,1,23.7427083333,-1.04040178571
2012-12-10 10:59:12,340,1,22.2603422619,-1.48236607143
2012-12-10 10:59:13,341,1,20.1421130952,-2.11822916667
2012-12-10 10:59:14,342,1,17.221875,-2.92023809524
2012-12-10 10:59:15,343,1,13.7133928571,-3.50848214286
2012-12-10 10:59:16,344,1,10.3369047619,-3.37648809524
2012-12-10 10:59:17,345,1,7.97738095238,-2.35952380952
2012-12-10 10:59:18,346,1,7.12604166667,-0.851339285714
2012-12-10 10:59:19,347,1,7.58668154762,0.460639880952
2012-12-10 10:59:20,348,1,8.72373511905,1.13705357143
2012-12-10 10:59:21,349,1,9.97217261905,1.2484375
2012-12-10 10:59:22,350,1,11.0738095238,1.10163690476
2012-12-10 10:59:23,351,1,11.9657738095,0.891964285714
2012-12-10 10:59:24,352,1,12.6456845238,0.679910714286
2012-12-10 10:59:25,353,1,13.1550595238,0.509375
2012-12-10 10:59:26,354,1,13.5875,0.432440476191
2012-12-10 10:59:27,355,1,14.0464285714,0.458928571429
2012-12-10 10:59:28,356,1,14.5677827381,0.521354166667
2012-12-10 10:59:29,357,1,15.0909970238,0.523214285714
2012-12-10 10:59:30,358,1,15.5188988095,0.427901785714
2012-12-10 10:59:31,359,1,15.771875,0.252976190476
2012-12-10 10:59:32,360,1,15.7773809524,0.005505952381
2012-12-10 10:59:33,361,1,15.5161458333,-0.261235119048
2012-12-10 10:59:34,362,1,15.1558779762,-0.360267857143
2012-12-10 10:59:35,363,1,15.0271577381,-0.128720238095
2012-12-10 10:59:36,364,1,15.3389136905,0.311755952381
2012-12-10 10:59:37,365,1,15.9410714286,0.602157738095
2012-12-10 10:59:38,366,1,16.4151785714,0.474107142857
2012-12-10 10:59:39,367,1,16.4128720238,-0.0023065476191
2012-12-10 10:59:40,368,1,15.9430059524,-0.469866071428
2012-12-10 10:59:41,369,1,15.331547619,-0.611458333333
2012-12-10 10:59:42,370,1,14.885639881,-0.445907738095
2012-12-10 10:59:43,371,1,14.6238839286,-0.261755952381
2012-12-10 10:59:44,372,1,14.3191220238,-0.304761904762
2012-12-10 10:59:45,373,1,13.7323660714,-0.586755952381
2012-12-10 10:59:46,374,1,12.809672619,-0.922693452381
2012-12-10 10:59:47,375,1,11.7308779762,-1.07879464286
2012-12-10 10:59:48,376,1,10.782514881,-0.948363095238
2012-12-10 10:59:49,377,1,10.1145833333,-0.667931547619
2012-12-10 10:59:50,378,1,9.57418154762,-0.540401785714
2012-12-10 10:59:51,379,1,8.80729166667,-0.766889880952
2012-12-10 10:59:52,380,1,7.57834821429,-1.22894345238
2012-12-10 10:59:53,381,1,5.99888392857,-1.57946428571
2012-12-10 10:59:54,382,1,4.42068452381,-1.57819940476
2012-12-10 10:59:55,383,1,3.109375,-1.31130952381
2012-12-10 10:59:56,384,1,2.06666666667,-1.04270833333
2012-12-10 10:59:57,385,1,1.21450892857,-0.852157738095
2012-12-10 10:59:58,386,1,0.0,-1.21450892857
2012-12-10 11:00:15,403,17,0.0,0.0
2012-12-10 11:00:16,404,1,0.688020833333,0.688020833333
2012-12-10 11:00:17,405,1,0.710863095238,0.0228422619048
2012-12-10 11:00:18,406,1,0.0,-0.710863095238
