timestamp,cycle_sec,timestep,speed_mph,accel_meters_ps
2012-07-08 19:14:36,0,32785,0.0,0.0
2012-07-08 19:14:37,1,1,1.34464285714,1.34464285714
2012-07-08 19:14:38,2,1,2.016015625,0.671372767857
2012-07-08 19:14:39,3,1,2.47760416667,0.461588541667
2012-07-08 19:14:40,4,1,2.7443452381,0.266741071429
2012-07-08 19:14:41,5,1,3.09170386905,0.347358630952
2012-07-08 19:14:42,6,1,3.59380580357,0.502101934524
2012-07-08 19:14:43,7,1,4.03790922619,0.444103422619
2012-07-08 19:14:44,8,1,4.20950520833,0.171595982143
2012-07-08 19:14:45,9,1,4.15613839286,-0.0533668154762
2012-07-08 19:14:46,10,1,4.20425967262,0.0481212797619
2012-07-08 19:14:47,11,1,4.70167410714,0.497414434524
2012-07-08 19:14:48,12,1,5.6765625,0.974888392857
2012-07-08 19:14:49,13,1,6.79196428571,1.11540178571
2012-07-08 19:14:50,14,1,7.63839285714,0.846428571429
2012-07-08 19:14:51,15,1,7.98266369048,0.344270833333
2012-07-08 19:14:52,16,1,7.76733630952,-0.215327380952
2012-07-08 19:14:53,17,1,7.04188988095,-0.725446428571
2012-07-08 19:14:54,18,1,5.99263392857,-1.04925595238
2012-07-08 19:14:55,19,1,4.97418154762,-1.01845238095
2012-07-08 19:14:56,20,1,4.40052083333,-0.573660714286
2012-07-08 19:14:57,21,1,4.54322916667,0.142708333333
2012-07-08 19:14:58,22,1,5.39568452381,0.852455357143
2012-07-08 19:14:59,23,1,6.71011904762,1.31443452381
2012-07-08 19:15:00,24,1,8.18385416667,1.47373511905
2012-07-08 19:15:01,25,1,9.62938988095,1.44553571429
2012-07-08 19:15:02,26,1,10.9811011905,1.35171130952
2012-07-08 19:15:03,27,1,12.2151785714,1.23407738095
2012-07-08 19:15:04,28,1,13.3287202381,1.11354166667
2012-07-08 19:15:05,29,1,14.3357886905,1.00706845238
2012-07-08 19:15:06,30,1,15.2295386905,0.89375
2012-07-08 19:15:07,31,1,15.9875744048,0.758035714286
2012-07-08 19:15:08,32,1,16.5927083333,0.605133928571
2012-07-08 19:15:09,33,1,16.9724702381,0.379761904762
2012-07-08 19:15:10,34,1,16.9343005952,-0.0381696428571
2012-07-08 19:15:11,35,1,16.2410714286,-0.693229166667
2012-07-08 19:15:12,36,1,14.8165178571,-1.42455357143
2012-07-08 19:15:13,37,1,12.9039434524,-1.91257440476
2012-07-08 19:15:14,38,1,11.0009672619,-1.90297619048
2012-07-08 19:15:15,39,1,9.60394345238,-1.39702380952
2012-07-08 19:15:16,40,1,8.98325892857,-0.62068452381
2012-07-08 19:15:17,41,1,9.12537202381,0.142113095238
2012-07-08 19:15:18,42,1,9.78162202381,0.65625
2012-07-08 19:15:19,43,1,10.5207589286,0.739136904762
2012-07-08 19:15:20,44,1,10.797172619,0.276413690476
2012-07-08 19:15:21,45,1,10.1661458333,-0.631026785714
2012-07-08 19:15:22,46,1,8.63549107143,-1.5306547619
2012-07-08 19:15:23,47,1,6.8177827381,-1.81770833333
2012-07-08 19:15:24,48,1,5.62700892857,-1.19077380952
2012-07-08 19:15:25,49,1,5.74181547619,0.114806547619
2012-07-08 19:15:26,50,1,7.25900297619,1.5171875
2012-07-08 19:15:27,51,1,9.74441964286,2.48541666667
2012-07-08 19:15:28,52,1,12.5723958333,2.82797619048
2012-07-08 19:15:29,53,1,15.2578125,2.68541666667
2012-07-08 19:15:30,54,1,17.5789434524,2.32113095238
2012-07-08 19:15:31,55,1,19.5270833333,1.94813988095
2012-07-08 19:15:32,56,1,21.204985119,1.67790178571
2012-07-08 19:15:33,57,1,22.7305059524,1.52552083333
2012-07-08 19:15:34,58,1,24.1580357143,1.4275297619
2012-07-08 19:15:35,59,1,25.4490327381,1.29099702381
2012-07-08 19:15:36,60,1,26.5150297619,1.06599702381
2012-07-08 19:15:37,61,1,27.29375,0.778720238095
2012-07-08 19:15:38,62,1,27.7927827381,0.499032738095
2012-07-08 19:15:39,63,1,28.0798363095,0.287053571429
2012-07-08 19:15:40,64,1,28.2462797619,0.166443452381
2012-07-08 19:15:41,65,1,28.373139881,0.126860119048
2012-07-08 19:15:42,66,1,28.5004464286,0.127306547619
2012-07-08 19:15:43,67,1,28.6033482143,0.102901785714
2012-07-08 19:15:44,68,1,28.6037202381,0.000372023809501
2012-07-08 19:15:45,69,1,28.4151785714,-0.188541666667
2012-07-08 19:15:46,70,1,27.9897321429,-0.425446428572
2012-07-08 19:15:47,71,1,27.3450892857,-0.644642857143
2012-07-08 19:15:48,72,1,26.5386160714,-0.806473214286
2012-07-08 19:15:49,73,1,25.607514881,-0.931101190476
2012-07-08 19:15:50,74,1,24.566889881,-1.040625
2012-07-08 19:15:51,75,1,23.456547619,-1.1103422619
2012-07-08 19:15:52,76,1,22.3558779762,-1.10066964286
2012-07-08 19:15:53,77,1,21.3681547619,-0.987723214286
2012-07-08 19:15:54,78,1,20.5740327381,-0.79412202381
2012-07-08 19:15:55,79,1,19.9677083333,-0.606324404762
2012-07-08 19:15:56,80,1,19.485639881,-0.482068452381
2012-07-08 19:15:57,81,1,19.086235119,-0.399404761905
2012-07-08 19:15:58,82,1,18.6828125,-0.403422619048
2012-07-08 19:15:59,83,1,17.9898809524,-0.692931547619
2012-07-08 19:16:00,84,1,16.5495535714,-1.44032738095
2012-07-08 19:16:01,85,1,14.0104166667,-2.53913690476
2012-07-08 19:16:02,86,1,10.4712797619,-3.53913690476
2012-07-08 19:16:03,87,1,6.59397321429,-3.87730654762
2012-07-08 19:16:04,88,1,3.33474702381,-3.25922619048
2012-07-08 19:16:05,89,1,0.0,-3.33474702381
2012-07-08 19:16:31,115,26,0.0,0.0
2012-07-08 19:16:32,116,1,2.71324404762,2.71324404762
2012-07-08 19:16:33,117,1,4.96026785714,2.24702380952
2012-07-08 19:16:34,118,1,7.6115327381,2.65126488095
2012-07-08 19:16:35,119,1,10.3993303571,2.78779761905
2012-07-08 19:16:36,120,1,13.1675595238,2.76822916667
2012-07-08 19:16:37,121,1,15.8296875,2.66212797619
2012-07-08 19:16:38,122,1,18.4525297619,2.6228422619
2012-07-08 19:16:39,123,1,21.1962053571,2.74367559524
2012-07-08 19:16:40,124,1,24.1183035714,2.92209821429
2012-07-08 19:16:41,125,1,27.0927827381,2.97447916667
2012-07-08 19:16:42,126,1,29.9305059524,2.83772321429
2012-07-08 19:16:43,127,1,32.5845982143,2.6540922619
2012-07-08 19:16:44,128,1,35.2320684524,2.6474702381
2012-07-08 19:16:45,129,1,38.0828869048,2.85081845238
2012-07-08 19:16:46,130,1,41.0965029762,3.01361607143
2012-07-08 19:16:47,131,1,43.9805803571,2.88407738095
2012-07-08 19:16:48,132,1,46.4634672619,2.48288690476
2012-07-08 19:16:49,133,1,48.4788690476,2.01540178571
2012-07-08 19:16:50,134,1,50.15,1.67113095238
2012-07-08 19:16:51,135,1,51.6866815476,1.53668154762
2012-07-08 19:16:52,136,1,53.237202381,1.55052083333
2012-07-08 19:16:53,137,1,54.8052083333,1.56800595238
2012-07-08 19:16:54,138,1,56.3230654762,1.51785714286
2012-07-08 19:16:55,139,1,57.7328125,1.40974702381
2012-07-08 19:16:56,140,1,58.9578125,1.225
2012-07-08 19:16:57,141,1,59.8645089286,0.906696428571
2012-07-08 19:16:58,142,1,60.3072916667,0.442782738095
2012-07-08 19:16:59,143,1,60.2279017857,-0.0793898809524
2012-07-08 19:17:00,144,1,59.7275297619,-0.50037202381
2012-07-08 19:17:01,145,1,59.034077381,-0.693452380952
2012-07-08 19:17:02,146,1,58.3665922619,-0.667485119048
2012-07-08 19:17:03,147,1,57.8236607143,-0.542931547619
2012-07-08 19:17:04,148,1,57.4024553571,-0.421205357143
2012-07-08 19:17:05,149,1,57.0743303571,-0.328125
2012-07-08 19:17:06,150,1,56.8140625,-0.260267857143
2012-07-08 19:17:07,151,1,56.6129464286,-0.201116071429
2012-07-08 19:17:08,152,1,56.479389881,-0.133556547619
2012-07-08 19:17:09,153,1,56.3906994048,-0.0886904761905
2012-07-08 19:17:10,154,1,56.2840029762,-0.106696428571
2012-07-08 19:17:11,155,1,56.1222470238,-0.161755952381
2012-07-08 19:17:12,156,1,55.9209821429,-0.201264880952
2012-07-08 19:17:13,157,1,55.7186011905,-0.202380952381
2012-07-08 19:17:14,158,1,55.5485119048,-0.170089285714
2012-07-08 19:17:15,159,1,55.4174107143,-0.131101190476
2012-07-08 19:17:16,160,1,55.3202380952,-0.0971726190476
2012-07-08 19:17:17,161,1,55.2853422619,-0.0348958333333
2012-07-08 19:17:18,162,1,55.3677827381,0.0824404761904
2012-07-08 19:17:19,163,1,55.594047619,0.226264880952
2012-07-08 19:17:20,164,1,55.9316964286,0.337648809524
2012-07-08 19:17:21,165,1,56.3008184524,0.36912202381
2012-07-08 19:17:22,166,1,56.5974702381,0.296651785714
2012-07-08 19:17:23,167,1,56.7102678571,0.112797619048
2012-07-08 19:17:24,168,1,56.5396577381,-0.170610119048
2012-07-08 19:17:25,169,1,56.0290178571,-0.510639880952
2012-07-08 19:17:26,170,1,55.1886160714,-0.840401785714
2012-07-08 19:17:27,171,1,54.0902529762,-1.09836309524
2012-07-08 19:17:28,172,1,52.835639881,-1.25461309524
2012-07-08 19:17:29,173,1,51.5200892857,-1.31555059524
2012-07-08 19:17:30,174,1,50.210639881,-1.30944940476
2012-07-08 19:17:31,175,1,48.9411458333,-1.26949404762
2012-07-08 19:17:32,176,1,47.7201636905,-1.22098214286
2012-07-08 19:17:33,177,1,46.5497767857,-1.17038690476
2012-07-08 19:17:34,178,1,45.4427083333,-1.10706845238
2012-07-08 19:17:35,179,1,44.4161458333,-1.0265625
2012-07-08 19:17:36,180,1,43.4624255952,-0.953720238095
2012-07-08 19:17:37,181,1,42.5363095238,-0.926116071429
2012-07-08 19:17:38,182,1,41.5929315476,-0.94337797619
2012-07-08 19:17:39,183,1,40.6495535714,-0.94337797619
2012-07-08 19:17:40,184,1,39.8109375,-0.838616071429
2012-07-08 19:17:41,185,1,39.2097470238,-0.601190476191
2012-07-08 19:17:42,186,1,38.8772321429,-0.332514880952
2012-07-08 19:17:43,187,1,38.6797619048,-0.197470238095
2012-07-08 19:17:44,188,1,38.4226934524,-0.257068452381
2012-07-08 19:17:45,189,1,38.0093005952,-0.413392857143
2012-07-08 19:17:46,190,1,37.4860119048,-0.523288690476
2012-07-08 19:17:47,191,1,36.9453125,-0.540699404762
2012-07-08 19:17:48,192,1,36.3948660714,-0.550446428571
2012-07-08 19:17:49,193,1,35.7544642857,-0.640401785714
2012-07-08 19:17:50,194,1,34.9961309524,-0.758333333333
2012-07-08 19:17:51,195,1,34.2328125,-0.763318452381
2012-07-08 19:17:52,196,1,33.6334077381,-0.599404761905
2012-07-08 19:17:53,197,1,33.2760416667,-0.357366071429
2012-07-08 19:17:54,198,1,33.0938988095,-0.182142857143
2012-07-08 19:17:55,199,1,32.9386160714,-0.155282738095
2012-07-08 19:17:56,200,1,32.6756696429,-0.262946428571
2012-07-08 19:17:57,201,1,32.2060267857,-0.469642857143
2012-07-08 19:17:58,202,1,31.4,-0.806026785714
2012-07-08 19:17:59,203,1,30.0502232143,-1.34977678571
2012-07-08 19:18:00,204,1,27.9319196429,-2.11830357143
2012-07-08 19:18:01,205,1,24.9281994048,-3.0037202381
2012-07-08 19:18:02,206,1,21.1126488095,-3.81555059524
2012-07-08 19:18:03,207,1,16.7319196429,-4.38072916667
2012-07-08 19:18:04,208,1,12.1328125,-4.59910714286
2012-07-08 19:18:05,209,1,7.73705357143,-4.39575892857
2012-07-08 19:18:06,210,1,4.13861607143,-3.5984375
2012-07-08 19:18:07,211,1,0.0,-4.13861607143
2012-07-08 19:19:04,268,57,0.0,0.0
2012-07-08 19:19:05,269,1,5.54933035714,5.54933035714
2012-07-08 19:19:06,270,1,9.84538690476,4.29605654762
2012-07-08 19:19:07,271,1,14.1207589286,4.27537202381
2012-07-08 19:19:08,272,1,17.3141369048,3.19337797619
2012-07-08 19:19:09,273,1,19.1072172619,1.79308035714
2012-07-08 19:19:10,274,1,19.7874255952,0.680208333333
2012-07-08 19:19:11,275,1,19.834077381,0.0466517857143
2012-07-08 19:19:12,276,1,19.651264881,-0.1828125
2012-07-08 19:19:13,277,1,19.5072172619,-0.144047619048
2012-07-08 19:19:14,278,1,19.5139880952,0.0067708333333
2012-07-08 19:19:15,279,1,19.6696428571,0.155654761905
2012-07-08 19:19:16,280,1,19.9422619048,0.272619047619
2012-07-08 19:19:17,281,1,20.2869047619,0.344642857143
2012-07-08 19:19:18,282,1,20.6289434524,0.342038690476
2012-07-08 19:19:19,283,1,20.8906994048,0.261755952381
2012-07-08 19:19:20,284,1,21.0199404762,0.129241071429
2012-07-08 19:19:21,285,1,20.9477678571,-0.0721726190476
2012-07-08 19:19:22,286,1,20.5087053571,-0.4390625
2012-07-08 19:19:23,287,1,19.4476190476,-1.06108630952
2012-07-08 19:19:24,288,1,17.6045386905,-1.84308035714
2012-07-08 19:19:25,289,1,15.184077381,-2.42046130952
2012-07-08 19:19:26,290,1,12.8266369048,-2.35744047619
2012-07-08 19:19:27,291,1,11.3123511905,-1.51428571429
2012-07-08 19:19:28,292,1,11.1072172619,-0.205133928571
2012-07-08 19:19:29,293,1,12.125297619,1.01808035714
2012-07-08 19:19:30,294,1,13.857514881,1.7322172619
2012-07-08 19:19:31,295,1,15.7043154762,1.84680059524
2012-07-08 19:19:32,296,1,17.2157738095,1.51145833333
2012-07-08 19:19:33,297,1,18.0975446429,0.881770833333
2012-07-08 19:19:34,298,1,18.1446428571,0.0470982142858
2012-07-08 19:19:35,299,1,17.317485119,-0.827157738095
2012-07-08 19:19:36,300,1,15.897172619,-1.4203125
2012-07-08 19:19:37,301,1,14.465922619,-1.43125
2012-07-08 19:19:38,302,1,13.6026785714,-0.863244047619
2012-07-08 19:19:39,303,1,13.4915178571,-0.111160714286
2012-07-08 19:19:40,304,1,13.8021577381,0.310639880952
2012-07-08 19:19:41,305,1,13.9912202381,0.1890625
2012-07-08 19:19:42,306,1,13.7686755952,-0.222544642857
2012-07-08 19:19:43,307,1,13.3236607143,-0.445014880952
2012-07-08 19:19:44,308,1,13.1230654762,-0.200595238095
2012-07-08 19:19:45,309,1,13.4890625,0.365997023809
2012-07-08 19:19:46,310,1,14.3717261905,0.882663690476
2012-07-08 19:19:47,311,1,15.4709077381,1.09918154762
2012-07-08 19:19:48,312,1,16.4923363095,1.02142857143
2012-07-08 19:19:49,313,1,17.3056547619,0.813318452381
2012-07-08 19:19:50,314,1,17.9354166667,0.629761904762
2012-07-08 19:19:51,315,1,18.445014881,0.509598214286
2012-07-08 19:19:52,316,1,18.8089285714,0.363913690476
2012-07-08 19:19:53,317,1,18.8194196429,0.0104910714285
2012-07-08 19:19:54,318,1,18.1173363095,-0.702083333333
2012-07-08 19:19:55,319,1,16.4295386905,-1.68779761905
2012-07-08 19:19:56,320,1,13.8587797619,-2.57075892857
2012-07-08 19:19:57,321,1,10.9379464286,-2.92083333333
2012-07-08 19:19:58,322,1,8.33563988095,-2.60230654762
2012-07-08 19:19:59,323,1,6.42819940476,-1.90744047619
2012-07-08 19:20:00,324,1,5.13601190476,-1.2921875
2012-07-08 19:20:01,325,1,4.15952380952,-0.976488095238
2012-07-08 19:20:02,326,1,3.32425595238,-0.835267857143
2012-07-08 19:20:03,327,1,2.70572916667,-0.618526785714
2012-07-08 19:20:04,328,1,2.47767857143,-0.228050595238
2012-07-08 19:20:05,329,1,2.67410714286,0.196428571429
2012-07-08 19:20:06,330,1,3.14441964286,0.4703125
2012-07-08 19:20:07,331,1,3.76741071429,0.622991071429
2012-07-08 19:20:08,332,1,4.64456845238,0.877157738095
2012-07-08 19:20:09,333,1,6.01004464286,1.36547619048
2012-07-08 19:20:10,334,1,7.9255952381,1.91555059524
2012-07-08 19:20:11,335,1,10.0504464286,2.12485119048
2012-07-08 19:20:12,336,1,11.7568452381,1.70639880952
2012-07-08 19:20:13,337,1,12.5359375,0.779092261905
2012-07-08 19:20:14,338,1,12.2569940476,-0.278943452381
2012-07-08 19:20:15,339,1,11.0398809524,-1.21711309524
2012-07-08 19:20:16,340,1,9.03757440476,-2.00230654762
2012-07-08 19:20:17,341,1,6.45736607143,-2.58020833333
2012-07-08 19:20:18,342,1,3.75587797619,-2.70148809524
2012-07-08 19:20:19,343,1,0.0,-3.75587797619
2012-07-08 19:20:20,344,1,0.0,0.0
2012-07-08 19:20:21,345,1,0.0,0.0
2012-07-08 19:20:22,346,1,0.0,0.0
2012-07-08 19:20:23,347,1,0.0,0.0
2012-07-08 19:20:24,348,1,0.0,0.0
