timestamp,cycle_sec,timestep,speed_mph,accel_meters_ps
2012-09-29 13:23:05,0,72044,0.0,0.0
2012-09-29 13:23:06,1,1,1.18005952381,1.18005952381
2012-09-29 13:23:07,2,1,1.88244047619,0.702380952381
2012-09-29 13:23:08,3,1,2.49270833333,0.610267857143
2012-09-29 13:23:09,4,1,2.94906994048,0.456361607143
2012-09-29 13:23:10,5,1,3.29254092262,0.343470982143
2012-09-29 13:23:11,6,1,3.46171875,0.169177827381
2012-09-29 13:23:12,7,1,3.36884300595,-0.0928757440476
2012-09-29 13:23:13,8,1,3.07131696429,-0.297526041667
2012-09-29 13:23:14,9,1,2.77390252976,-0.297414434524
2012-09-29 13:23:15,10,1,2.71409970238,-0.059802827381
2012-09-29 13:23:16,11,1,3.05729166667,0.343191964286
2012-09-29 13:23:17,12,1,3.79869791667,0.74140625
2012-09-29 13:23:18,13,1,4.74142485119,0.942726934524
2012-09-29 13:23:19,14,1,5.62399553571,0.882570684524
2012-09-29 13:23:20,15,1,6.28048735119,0.656491815476
2012-09-29 13:23:21,16,1,6.7216889881,0.441201636905
2012-09-29 13:23:22,17,1,7.10083705357,0.379148065476
2012-09-29 13:23:23,18,1,7.53314732143,0.432310267857
2012-09-29 13:23:24,19,1,7.94248511905,0.409337797619
2012-09-29 13:23:25,20,1,8.14828869048,0.205803571429
2012-09-29 13:23:26,21,1,8.0365327381,-0.111755952381
2012-09-29 13:23:27,22,1,7.57581845238,-0.460714285714
2012-09-29 13:23:28,23,1,6.75967261905,-0.816145833333
2012-09-29 13:23:29,24,1,5.63660714286,-1.12306547619
2012-09-29 13:23:30,25,1,4.4068452381,-1.22976190476
2012-09-29 13:23:31,26,1,3.44642857143,-0.960416666667
2012-09-29 13:23:32,27,1,3.13363095238,-0.312797619048
2012-09-29 13:23:33,28,1,3.59144345238,0.4578125
2012-09-29 13:23:34,29,1,4.67276785714,1.08132440476
2012-09-29 13:23:35,30,1,6.20788690476,1.53511904762
2012-09-29 13:23:36,31,1,8.17165178571,1.96376488095
2012-09-29 13:23:37,32,1,10.6229166667,2.45126488095
2012-09-29 13:23:38,33,1,13.5222470238,2.89933035714
2012-09-29 13:23:39,34,1,16.5834077381,3.06116071429
2012-09-29 13:23:40,35,1,19.3449404762,2.7615327381
2012-09-29 13:23:41,36,1,21.4186011905,2.07366071429
2012-09-29 13:23:42,37,1,22.6709821429,1.25238095238
2012-09-29 13:23:43,38,1,23.2625,0.591517857143
2012-09-29 13:23:44,39,1,23.5439732143,0.281473214286
2012-09-29 13:23:45,40,1,23.8226934524,0.278720238095
2012-09-29 13:23:46,41,1,24.1771577381,0.354464285714
2012-09-29 13:23:47,42,1,24.4742559524,0.297098214286
2012-09-29 13:23:48,43,1,24.5276041667,0.0533482142857
2012-09-29 13:23:49,44,1,24.225297619,-0.302306547619
2012-09-29 13:23:50,45,1,23.5214285714,-0.703869047619
2012-09-29 13:23:51,46,1,22.3583333333,-1.1630952381
2012-09-29 13:23:52,47,1,20.6391121032,-1.71922123016
2012-09-29 13:23:53,48,1,18.2688492063,-2.37026289683
2012-09-29 13:23:54,49,1,15.259672619,-3.0091765873
2012-09-29 13:23:55,50,1,11.8766369048,-3.38303571429
2012-09-29 13:23:56,51,1,8.65915178571,-3.21748511905
2012-09-29 13:23:57,52,1,6.23630952381,-2.4228422619
2012-09-29 13:23:58,53,1,5.10749007937,-1.12881944444
2012-09-29 13:23:59,54,1,5.48038194444,0.372891865079
2012-09-29 13:24:00,55,1,7.17760416667,1.69722222222
2012-09-29 13:24:01,56,1,9.71532738095,2.53772321429
2012-09-29 13:24:02,57,1,12.4759672619,2.76063988095
2012-09-29 13:24:03,58,1,14.8258184524,2.34985119048
2012-09-29 13:24:04,59,1,16.2404513889,1.41463293651
2012-09-29 13:24:05,60,1,16.4428075397,0.202356150794
2012-09-29 13:24:06,61,1,15.4598214286,-0.982986111111
2012-09-29 13:24:07,62,1,13.61875,-1.84107142857
2012-09-29 13:24:08,63,1,11.4931547619,-2.1255952381
2012-09-29 13:24:09,64,1,9.71644345238,-1.77671130952
2012-09-29 13:24:10,65,1,8.68571428571,-1.03072916667
2012-09-29 13:24:11,66,1,8.37663690476,-0.309077380952
2012-09-29 13:24:12,67,1,8.43645833333,0.0598214285714
2012-09-29 13:24:13,68,1,8.47842261905,0.0419642857143
2012-09-29 13:24:14,69,1,8.37723214286,-0.10119047619
2012-09-29 13:24:15,70,1,8.31376488095,-0.0634672619048
2012-09-29 13:24:16,71,1,8.49285714286,0.179092261905
2012-09-29 13:24:17,72,1,8.88816964286,0.3953125
2012-09-29 13:24:18,73,1,9.31495535714,0.426785714286
2012-09-29 13:24:19,74,1,9.63400297619,0.319047619048
2012-09-29 13:24:20,75,1,9.82455357143,0.190550595238
2012-09-29 13:24:21,76,1,9.91086309524,0.0863095238095
2012-09-29 13:24:22,77,1,9.83072916667,-0.0801339285714
2012-09-29 13:24:23,78,1,9.42678571429,-0.403943452381
2012-09-29 13:24:24,79,1,8.63623511905,-0.790550595238
2012-09-29 13:24:25,80,1,7.62611607143,-1.01011904762
2012-09-29 13:24:26,81,1,6.68928571429,-0.936830357143
2012-09-29 13:24:27,82,1,6.05974702381,-0.629538690476
2012-09-29 13:24:28,83,1,5.80944940476,-0.250297619048
2012-09-29 13:24:29,84,1,5.83668154762,0.0272321428571
2012-09-29 13:24:30,85,1,5.93645833333,0.0997767857143
2012-09-29 13:24:31,86,1,5.90714285714,-0.0293154761905
2012-09-29 13:24:32,87,1,5.61607142857,-0.291071428571
2012-09-29 13:24:33,88,1,5.00148809524,-0.614583333333
2012-09-29 13:24:34,89,1,4.04955357143,-0.95193452381
2012-09-29 13:24:35,90,1,2.83005952381,-1.21949404762
2012-09-29 13:24:36,91,1,1.6240327381,-1.20602678571
2012-09-29 13:24:37,92,1,0.0,-1.6240327381
2012-09-29 14:33:31,4226,4134,0.0,0.0
2012-09-29 14:33:32,4227,1,2.453125,2.453125
2012-09-29 14:33:33,4228,1,3.82581845238,1.37269345238
2012-09-29 14:33:34,4229,1,4.81160714286,0.985788690476
2012-09-29 14:33:35,4230,1,5.3609375,0.549330357143
2012-09-29 14:33:36,4231,1,5.78162202381,0.42068452381
2012-09-29 14:33:37,4232,1,6.33251488095,0.550892857143
2012-09-29 14:33:38,4233,1,7.04270833333,0.710193452381
2012-09-29 14:33:39,4234,1,7.78139880952,0.73869047619
2012-09-29 14:33:40,4235,1,8.40148809524,0.620089285714
2012-09-29 14:33:41,4236,1,8.84322916667,0.441741071429
2012-09-29 14:33:42,4237,1,9.1462797619,0.303050595238
2012-09-29 14:33:43,4238,1,9.3865327381,0.24025297619
2012-09-29 14:33:44,4239,1,9.61555059524,0.229017857143
2012-09-29 14:33:45,4240,1,9.82790178571,0.212351190476
2012-09-29 14:33:46,4241,1,9.94910714286,0.121205357143
2012-09-29 14:33:47,4242,1,9.86889880952,-0.0802083333333
2012-09-29 14:33:48,4243,1,9.51227678571,-0.35662202381
2012-09-29 14:33:49,4244,1,8.90230654762,-0.609970238095
2012-09-29 14:33:50,4245,1,8.17075892857,-0.731547619048
2012-09-29 14:33:51,4246,1,7.48095238095,-0.689806547619
2012-09-29 14:33:52,4247,1,6.92061011905,-0.560342261905
2012-09-29 14:33:53,4248,1,6.50126488095,-0.419345238095
2012-09-29 14:33:54,4249,1,6.26138392857,-0.239880952381
2012-09-29 14:33:55,4250,1,6.30855654762,0.0471726190476
2012-09-29 14:33:56,4251,1,6.73236607143,0.42380952381
2012-09-29 14:33:57,4252,1,7.50729166667,0.774925595238
2012-09-29 14:33:58,4253,1,8.4822172619,0.974925595238
2012-09-29 14:33:59,4254,1,9.4224702381,0.94025297619
2012-09-29 14:34:00,4255,1,10.0732142857,0.650744047619
2012-09-29 14:34:01,4256,1,10.2420386905,0.168824404762
2012-09-29 14:34:02,4257,1,9.86651785714,-0.375520833333
2012-09-29 14:34:03,4258,1,9.05193452381,-0.814583333333
2012-09-29 14:34:04,4259,1,8.05081845238,-1.00111607143
2012-09-29 14:34:05,4260,1,7.1193452381,-0.931473214286
2012-09-29 14:34:06,4261,1,6.32991071429,-0.78943452381
2012-09-29 14:34:07,4262,1,5.53586309524,-0.794047619048
2012-09-29 14:34:08,4263,1,4.52120535714,-1.0146577381
2012-09-29 14:34:09,4264,1,3.21473214286,-1.30647321429
2012-09-29 14:34:10,4265,1,1.88363095238,-1.33110119048
2012-09-29 14:34:11,4266,1,0.0,-1.88363095238
2012-09-29 14:34:37,4292,26,0.0,0.0
2012-09-29 14:34:38,4293,1,3.81376488095,3.81376488095
2012-09-29 14:34:39,4294,1,6.78169642857,2.96793154762
2012-09-29 14:34:40,4295,1,9.98727678571,3.20558035714
2012-09-29 14:34:41,4296,1,13.0535714286,3.06629464286
2012-09-29 14:34:42,4297,1,15.878125,2.82455357143
2012-09-29 14:34:43,4298,1,18.3523065476,2.47418154762
2012-09-29 14:34:44,4299,1,20.2369047619,1.88459821429
2012-09-29 14:34:45,4300,1,21.2973958333,1.06049107143
2012-09-29 14:34:46,4301,1,21.48125,0.183854166667
2012-09-29 14:34:47,4302,1,20.9256696429,-0.555580357143
2012-09-29 14:34:48,4303,1,19.8549107143,-1.07075892857
2012-09-29 14:34:49,4304,1,18.5186011905,-1.33630952381
2012-09-29 14:34:50,4305,1,17.1852678571,-1.33333333333
2012-09-29 14:34:51,4306,1,16.1136904762,-1.07157738095
2012-09-29 14:34:52,4307,1,15.471875,-0.64181547619
2012-09-29 14:34:53,4308,1,15.2666666667,-0.205208333333
2012-09-29 14:34:54,4309,1,15.3808779762,0.114211309524
2012-09-29 14:34:55,4310,1,15.694047619,0.313169642857
2012-09-29 14:34:56,4311,1,16.1223214286,0.428273809524
2012-09-29 14:34:57,4312,1,16.5432291667,0.420907738095
2012-09-29 14:34:58,4313,1,16.7668154762,0.223586309524
2012-09-29 14:34:59,4314,1,16.6159970238,-0.150818452381
2012-09-29 14:35:00,4315,1,16.0201636905,-0.595833333333
2012-09-29 14:35:01,4316,1,15.0363095238,-0.983854166667
2012-09-29 14:35:02,4317,1,13.7779761905,-1.25833333333
2012-09-29 14:35:03,4318,1,12.3206597222,-1.45731646825
2012-09-29 14:35:04,4319,1,10.6754712302,-1.64518849206
2012-09-29 14:35:05,4320,1,8.84427083333,-1.83120039683
2012-09-29 14:35:06,4321,1,6.92046130952,-1.92380952381
2012-09-29 14:35:07,4322,1,5.14174107143,-1.7787202381
2012-09-29 14:35:08,4323,1,3.80796130952,-1.3337797619
2012-09-29 14:35:09,4324,1,3.13338293651,-0.674578373016
2012-09-29 14:35:10,4325,1,3.13678075397,0.00339781746031
2012-09-29 14:35:11,4326,1,3.60591517857,0.469134424603
2012-09-29 14:35:12,4327,1,4.18601190476,0.58009672619
2012-09-29 14:35:13,4328,1,4.55844494048,0.372433035714
2012-09-29 14:35:14,4329,1,4.56986607143,0.0114211309524
2012-09-29 14:35:15,4330,1,4.25447668651,-0.315389384921
2012-09-29 14:35:16,4331,1,3.78544146825,-0.469035218254
2012-09-29 14:35:17,4332,1,3.37693452381,-0.408506944444
2012-09-29 14:35:18,4333,1,3.15706845238,-0.219866071429
2012-09-29 14:35:19,4334,1,3.07340029762,-0.0836681547619
2012-09-29 14:35:20,4335,1,2.89858630952,-0.174813988095
2012-09-29 14:35:21,4336,1,2.38835565476,-0.510230654762
2012-09-29 14:35:22,4337,1,1.57953869048,-0.808816964286
2012-09-29 14:35:23,4338,1,0.0,-1.57953869048
2012-09-29 14:37:46,4481,143,0.0,0.0
2012-09-29 14:37:47,4482,1,1.72035714286,1.72035714286
2012-09-29 14:37:48,4483,1,2.50553571429,0.785178571429
2012-09-29 14:37:49,4484,1,2.83720238095,0.331666666667
2012-09-29 14:37:50,4485,1,2.70075892857,-0.136443452381
2012-09-29 14:37:51,4486,1,2.38869047619,-0.312068452381
2012-09-29 14:37:52,4487,1,2.14074404762,-0.247946428571
2012-09-29 14:37:53,4488,1,2.02517857143,-0.11556547619
2012-09-29 14:37:54,4489,1,2.00303571429,-0.0221428571429
2012-09-29 14:37:55,4490,1,2.03133928571,0.0283035714286
2012-09-29 14:37:56,4491,1,2.14513392857,0.113794642857
2012-09-29 14:37:57,4492,1,2.4615625,0.316428571429
2012-09-29 14:37:58,4493,1,3.13080357143,0.669241071429
2012-09-29 14:37:59,4494,1,4.28941964286,1.15861607143
2012-09-29 14:38:00,4495,1,5.98608630952,1.69666666667
2012-09-29 14:38:01,4496,1,8.0937202381,2.10763392857
2012-09-29 14:38:02,4497,1,10.3053869048,2.21166666667
2012-09-29 14:38:03,4498,1,12.2532738095,1.94788690476
2012-09-29 14:38:04,4499,1,13.6917410714,1.4384672619
2012-09-29 14:38:05,4500,1,14.6156994048,0.923958333333
2012-09-29 14:38:06,4501,1,15.1983630952,0.582663690476
2012-09-29 14:38:07,4502,1,15.5902529762,0.391889880952
2012-09-29 14:38:08,4503,1,15.765922619,0.175669642857
2012-09-29 14:38:09,4504,1,15.5452380952,-0.22068452381
2012-09-29 14:38:10,4505,1,14.740327381,-0.804910714286
2012-09-29 14:38:11,4506,1,13.3042410714,-1.43608630952
2012-09-29 14:38:12,4507,1,11.4150297619,-1.88921130952
2012-09-29 14:38:13,4508,1,9.49895833333,-1.91607142857
2012-09-29 14:38:14,4509,1,8.115625,-1.38333333333
2012-09-29 14:38:15,4510,1,7.59389880952,-0.521726190476
2012-09-29 14:38:16,4511,1,7.71272321429,0.118824404762
2012-09-29 14:38:17,4512,1,7.87068452381,0.157961309524
2012-09-29 14:38:18,4513,1,7.5869047619,-0.283779761905
2012-09-29 14:38:19,4514,1,6.87961309524,-0.707291666667
2012-09-29 14:38:20,4515,1,6.24114583333,-0.638467261905
2012-09-29 14:38:21,4516,1,6.13407738095,-0.107068452381
2012-09-29 14:38:22,4517,1,6.50736607143,0.373288690476
2012-09-29 14:38:23,4518,1,6.9072172619,0.399851190476
2012-09-29 14:38:24,4519,1,6.92611607143,0.0188988095238
2012-09-29 14:38:25,4520,1,6.49092261905,-0.435193452381
2012-09-29 14:38:26,4521,1,5.87083333333,-0.620089285714
2012-09-29 14:38:27,4522,1,5.43705357143,-0.433779761905
2012-09-29 14:38:28,4523,1,5.38489583333,-0.0521577380952
2012-09-29 14:38:29,4524,1,5.6525297619,0.267633928571
2012-09-29 14:38:30,4525,1,5.98050595238,0.327976190476
2012-09-29 14:38:31,4526,1,6.0505952381,0.0700892857143
2012-09-29 14:38:32,4527,1,5.71674107143,-0.333854166667
2012-09-29 14:38:33,4528,1,5.10364583333,-0.613095238095
2012-09-29 14:38:34,4529,1,4.40811011905,-0.695535714286
2012-09-29 14:38:35,4530,1,3.66547619048,-0.742633928571
2012-09-29 14:38:36,4531,1,2.77291666667,-0.89255952381
2012-09-29 14:38:37,4532,1,1.75133928571,-1.02157738095
2012-09-29 14:38:38,4533,1,0.0,-1.75133928571
