timestamp,cycle_sec,timestep,speed_mph,accel_meters_ps
2012-06-09 16:41:15,0,59780,0.0,0.0
2012-06-09 16:41:16,1,1,1.32589285714,1.32589285714
2012-06-09 16:41:17,2,1,2.09895833333,0.77306547619
2012-06-09 16:41:18,3,1,2.71770833333,0.61875
2012-06-09 16:41:19,4,1,3.11770833333,0.4
2012-06-09 16:41:20,5,1,3.41168154762,0.293973214286
2012-06-09 16:41:21,6,1,3.68132440476,0.269642857143
2012-06-09 16:41:22,7,1,3.95691964286,0.275595238095
2012-06-09 16:41:23,8,1,4.3349702381,0.378050595238
2012-06-09 16:41:24,9,1,4.99300595238,0.658035714286
2012-06-09 16:41:25,10,1,6.01726190476,1.02425595238
2012-06-09 16:41:26,11,1,7.2509672619,1.23370535714
2012-06-09 16:41:27,12,1,8.35044642857,1.09947916667
2012-06-09 16:41:28,13,1,8.99379464286,0.643348214286
2012-06-09 16:41:29,14,1,9.07302083333,0.0792261904762
2012-06-09 16:41:30,15,1,8.71294642857,-0.360074404762
2012-06-09 16:41:31,16,1,8.11355654762,-0.599389880952
2012-06-09 16:41:32,17,1,7.41316964286,-0.700386904762
2012-06-09 16:41:33,18,1,6.68754464286,-0.725625
2012-06-09 16:41:34,19,1,5.98916666667,-0.69837797619
2012-06-09 16:41:35,20,1,5.34425595238,-0.644910714286
2012-06-09 16:41:36,21,1,4.74361607143,-0.600639880952
2012-06-09 16:41:37,22,1,4.17727678571,-0.566339285714
2012-06-09 16:41:38,23,1,3.67741071429,-0.499866071429
2012-06-09 16:41:39,24,1,3.29107142857,-0.386339285714
2012-06-09 16:41:40,25,1,3.0178422619,-0.273229166667
2012-06-09 16:41:41,26,1,2.8224702381,-0.19537202381
2012-06-09 16:41:42,27,1,2.70212797619,-0.120342261905
2012-06-09 16:41:43,28,1,2.71163690476,0.00950892857142
2012-06-09 16:41:44,29,1,2.93080357143,0.219166666667
2012-06-09 16:41:45,30,1,3.37105654762,0.44025297619
2012-06-09 16:41:46,31,1,3.84598214286,0.474925595238
2012-06-09 16:41:47,32,1,3.96867559524,0.122693452381
2012-06-09 16:41:48,33,1,3.40788690476,-0.560788690476
2012-06-09 16:41:49,34,1,2.27522321429,-1.13266369048
2012-06-09 16:41:50,35,1,0.0,-2.27522321429
