timestamp,cycle_sec,timestep,speed_mph,accel_meters_ps
2013-01-17 18:04:45,0,82401,0.0,0.0
2013-01-17 18:04:46,1,1,1.29027777778,1.29027777778
2013-01-17 18:04:47,2,1,1.93080357143,0.640525793651
2013-01-17 18:04:48,3,1,2.33333333333,0.402529761905
2013-01-17 18:04:49,4,1,2.47375992063,0.140426587302
2013-01-17 18:04:50,5,1,2.51830357143,0.0445436507937
2013-01-17 18:04:51,6,1,2.56440972222,0.0461061507936
2013-01-17 18:04:52,7,1,2.60791170635,0.043501984127
2013-01-17 18:04:53,8,1,2.62857142857,0.0206597222222
2013-01-17 18:04:54,9,1,2.62683531746,-0.00173611111111
2013-01-17 18:04:55,10,1,2.61304563492,-0.0137896825397
2013-01-17 18:04:56,11,1,2.59791666667,-0.015128968254
2013-01-17 18:04:57,12,1,2.59594671202,-0.00196995464853
2013-01-17 18:04:58,13,1,2.63183815193,0.0358914399093
2013-01-17 18:04:59,14,1,2.72417091837,0.0923327664399
2013-01-17 18:05:00,15,1,2.85480442177,0.130633503401
2013-01-17 18:05:01,16,1,2.96869685374,0.113892431973
2013-01-17 18:05:02,17,1,3.00868409864,0.039987244898
2013-01-17 18:05:03,18,1,2.95292304422,-0.0557610544218
2013-01-17 18:05:04,19,1,2.82669005102,-0.126232993197
2013-01-17 18:05:05,20,1,2.67293792517,-0.15375212585
2013-01-17 18:05:06,21,1,2.51649659864,-0.156441326531
2013-01-17 18:05:07,22,1,2.37911352041,-0.137383078231
2013-01-17 18:05:08,23,1,2.31600056689,-0.0631129535147
2013-01-17 18:05:09,24,1,2.3861571712,0.0701566043084
2013-01-17 18:05:10,25,1,2.57006802721,0.183910856009
2013-01-17 18:05:11,26,1,2.75055272109,0.180484693878
2013-01-17 18:05:12,27,1,2.7940582483,0.0435055272109
2013-01-17 18:05:13,28,1,2.66208545918,-0.131972789116
2013-01-17 18:05:14,29,1,2.46997590703,-0.192109552154
2013-01-17 18:05:15,30,1,2.41121031746,-0.0587655895692
2013-01-17 18:05:16,31,1,2.58400297619,0.17279265873
2013-01-17 18:05:17,32,1,2.9134672619,0.329464285714
2013-01-17 18:05:18,33,1,3.23363095238,0.320163690476
2013-01-17 18:05:19,34,1,3.40930059524,0.175669642857
2013-01-17 18:05:20,35,1,3.41661706349,0.00731646825396
2013-01-17 18:05:21,36,1,3.33955853175,-0.077058531746
2013-01-17 18:05:22,37,1,3.27594246032,-0.0636160714286
2013-01-17 18:05:23,38,1,3.25627480159,-0.0196676587302
2013-01-17 18:05:24,39,1,3.24739583333,-0.00887896825397
2013-01-17 18:05:25,40,1,3.19479166667,-0.0526041666667
2013-01-17 18:05:26,41,1,3.05944940476,-0.135342261905
2013-01-17 18:05:27,42,1,2.8552827381,-0.204166666667
2013-01-17 18:05:28,43,1,2.68115079365,-0.174131944444
2013-01-17 18:05:29,44,1,2.69489087302,0.0137400793651
2013-01-17 18:05:30,45,1,3.00729166667,0.312400793651
2013-01-17 18:05:31,46,1,3.58660714286,0.57931547619
2013-01-17 18:05:32,47,1,4.27462797619,0.688020833333
2013-01-17 18:05:33,48,1,4.90223214286,0.627604166667
2013-01-17 18:05:34,49,1,5.40830853175,0.506076388889
2013-01-17 18:05:35,50,1,5.8472718254,0.438963293651
2013-01-17 18:05:36,51,1,6.2693452381,0.422073412698
2013-01-17 18:05:37,52,1,6.62611607143,0.356770833333
2013-01-17 18:05:38,53,1,6.81830357143,0.1921875
2013-01-17 18:05:39,54,1,6.80915178571,-0.00915178571429
2013-01-17 18:05:40,55,1,6.68154761905,-0.127604166667
2013-01-17 18:05:41,56,1,6.60944940476,-0.0720982142857
2013-01-17 18:05:42,57,1,6.78467261905,0.175223214286
2013-01-17 18:05:43,58,1,7.34724702381,0.562574404762
2013-01-17 18:05:44,59,1,8.33623511905,0.988988095238
2013-01-17 18:05:45,60,1,9.66793154762,1.33169642857
2013-01-17 18:05:46,61,1,11.1599702381,1.49203869048
2013-01-17 18:05:47,62,1,12.6052827381,1.4453125
2013-01-17 18:05:48,63,1,13.860639881,1.25535714286
2013-01-17 18:05:49,64,1,14.8880208333,1.02738095238
2013-01-17 18:05:50,65,1,15.726264881,0.838244047619
2013-01-17 18:05:51,66,1,16.4488095238,0.722544642857
2013-01-17 18:05:52,67,1,17.1447916667,0.695982142857
2013-01-17 18:05:53,68,1,17.8854910714,0.740699404762
2013-01-17 18:05:54,69,1,18.6807291667,0.795238095238
2013-01-17 18:05:55,70,1,19.4772321429,0.79650297619
2013-01-17 18:05:56,71,1,20.191889881,0.714657738095
2013-01-17 18:05:57,72,1,20.7604166667,0.568526785714
2013-01-17 18:05:58,73,1,21.1819940476,0.421577380952
2013-01-17 18:05:59,74,1,21.509375,0.327380952381
2013-01-17 18:06:00,75,1,21.8022321429,0.292857142857
2013-01-17 18:06:01,76,1,22.1034970238,0.301264880952
2013-01-17 18:06:02,77,1,22.4276785714,0.324181547619
2013-01-17 18:06:03,78,1,22.7532738095,0.325595238095
2013-01-17 18:06:04,79,1,23.0538690476,0.300595238095
2013-01-17 18:06:05,80,1,23.3388392857,0.284970238095
2013-01-17 18:06:06,81,1,23.6361607143,0.297321428571
2013-01-17 18:06:07,82,1,23.9384672619,0.302306547619
2013-01-17 18:06:08,83,1,24.1907738095,0.252306547619
2013-01-17 18:06:09,84,1,24.3368303571,0.146056547619
2013-01-17 18:06:10,85,1,24.3607142857,0.0238839285714
2013-01-17 18:06:11,86,1,24.2797619048,-0.0809523809524
2013-01-17 18:06:12,87,1,24.1371279762,-0.142633928571
2013-01-17 18:06:13,88,1,24.0074404762,-0.1296875
2013-01-17 18:06:14,89,1,23.937797619,-0.0696428571429
2013-01-17 18:06:15,90,1,23.8497767857,-0.0880208333333
2013-01-17 18:06:16,91,1,23.5416666667,-0.308110119048
2013-01-17 18:06:17,92,1,22.8417410714,-0.699925595238
2013-01-17 18:06:18,93,1,21.8055059524,-1.03623511905
2013-01-17 18:06:19,94,1,20.7450892857,-1.06041666667
2013-01-17 18:06:20,95,1,19.9824404762,-0.762648809524
2013-01-17 18:06:21,96,1,19.551860119,-0.430580357143
2013-01-17 18:06:22,97,1,19.2025297619,-0.349330357143
2013-01-17 18:06:23,98,1,18.6952380952,-0.507291666667
2013-01-17 18:06:24,99,1,18.0364583333,-0.658779761905
2013-01-17 18:06:25,100,1,17.4404017857,-0.596056547619
2013-01-17 18:06:26,101,1,17.1310267857,-0.309375
2013-01-17 18:06:27,102,1,17.1713541667,0.0403273809524
2013-01-17 18:06:28,103,1,17.4504464286,0.279092261905
2013-01-17 18:06:29,104,1,17.8136160714,0.363169642857
2013-01-17 18:06:30,105,1,18.1563988095,0.342782738095
2013-01-17 18:06:31,106,1,18.4109375,0.254538690476
2013-01-17 18:06:32,107,1,18.5197916667,0.108854166667
2013-01-17 18:06:33,108,1,18.4159970238,-0.103794642857
2013-01-17 18:06:34,109,1,17.9838541667,-0.432142857143
2013-01-17 18:06:35,110,1,17.0554315476,-0.928422619048
2013-01-17 18:06:36,111,1,15.5126488095,-1.5427827381
2013-01-17 18:06:37,112,1,13.4842261905,-2.02842261905
2013-01-17 18:06:38,113,1,11.4566964286,-2.0275297619
2013-01-17 18:06:39,114,1,10.0942708333,-1.36242559524
2013-01-17 18:06:40,115,1,9.86272321429,-0.231547619048
2013-01-17 18:06:41,116,1,10.7741071429,0.911383928571
2013-01-17 18:06:42,117,1,12.4438988095,1.66979166667
2013-01-17 18:06:43,118,1,14.3875,1.94360119048
2013-01-17 18:06:44,119,1,16.2823660714,1.89486607143
2013-01-17 18:06:45,120,1,17.9967261905,1.71436011905
2013-01-17 18:06:46,121,1,19.4850446429,1.48831845238
2013-01-17 18:06:47,122,1,20.7318452381,1.24680059524
2013-01-17 18:06:48,123,1,21.7535714286,1.02172619048
2013-01-17 18:06:49,124,1,22.5953869048,0.84181547619
2013-01-17 18:06:50,125,1,23.3090029762,0.713616071429
2013-01-17 18:06:51,126,1,23.930952381,0.621949404762
2013-01-17 18:06:52,127,1,24.4824404762,0.551488095238
2013-01-17 18:06:53,128,1,24.9787946429,0.496354166667
2013-01-17 18:06:54,129,1,25.4286458333,0.449851190476
2013-01-17 18:06:55,130,1,25.8389136905,0.410267857143
2013-01-17 18:06:56,131,1,26.2261904762,0.387276785714
2013-01-17 18:06:57,132,1,26.6072916667,0.381101190476
2013-01-17 18:06:58,133,1,26.9755952381,0.368303571428
2013-01-17 18:06:59,134,1,27.2883184524,0.312723214286
2013-01-17 18:07:00,135,1,27.4691964286,0.18087797619
2013-01-17 18:07:01,136,1,27.4115327381,-0.0576636904762
2013-01-17 18:07:02,137,1,26.9645833333,-0.446949404762
2013-01-17 18:07:03,138,1,25.9319940476,-1.03258928571
2013-01-17 18:07:04,139,1,24.1226934524,-1.80930059524
2013-01-17 18:07:05,140,1,21.4350446429,-2.68764880952
2013-01-17 18:07:06,141,1,17.9749255952,-3.46011904762
2013-01-17 18:07:07,142,1,14.2017857143,-3.77313988095
2013-01-17 18:07:08,143,1,10.9195684524,-3.2822172619
2013-01-17 18:07:09,144,1,8.95989583333,-1.95967261905
2013-01-17 18:07:10,145,1,8.75424107143,-0.205654761905
2013-01-17 18:07:11,146,1,10.1297619048,1.37552083333
2013-01-17 18:07:12,147,1,12.4656994048,2.3359375
2013-01-17 18:07:13,148,1,15.0942708333,2.62857142857
2013-01-17 18:07:14,149,1,17.6226190476,2.52834821429
2013-01-17 18:07:15,150,1,19.9271577381,2.30453869048
2013-01-17 18:07:16,151,1,21.9630208333,2.03586309524
2013-01-17 18:07:17,152,1,23.6803571429,1.71733630952
2013-01-17 18:07:18,153,1,25.0776041667,1.39724702381
2013-01-17 18:07:19,154,1,26.2390625,1.16145833333
2013-01-17 18:07:20,155,1,27.2978422619,1.0587797619
2013-01-17 18:07:21,156,1,28.3728422619,1.075
2013-01-17 18:07:22,157,1,29.4610119048,1.08816964286
2013-01-17 18:07:23,158,1,30.230952381,0.76994047619
2013-01-17 18:07:24,159,1,29.9261904762,-0.304761904762
2013-01-17 18:07:25,160,1,27.7260416667,-2.20014880952
2013-01-17 18:07:26,161,1,23.4426339286,-4.2834077381
2013-01-17 18:07:27,162,1,17.929985119,-5.51264880952
2013-01-17 18:07:28,163,1,12.743452381,-5.1865327381
2013-01-17 18:07:29,164,1,9.22038690476,-3.52306547619
2013-01-17 18:07:30,165,1,7.71086309524,-1.50952380952
2013-01-17 18:07:31,166,1,7.59360119048,-0.117261904762
2013-01-17 18:07:32,167,1,7.92514880952,0.331547619048
2013-01-17 18:07:33,168,1,8.02552083333,0.10037202381
2013-01-17 18:07:34,169,1,7.58794642857,-0.437574404762
2013-01-17 18:07:35,170,1,6.50141369048,-1.0865327381
2013-01-17 18:07:36,171,1,4.8046875,-1.69672619048
2013-01-17 18:07:37,172,1,2.8712797619,-1.9334077381
2013-01-17 18:07:38,173,1,0.0,-2.8712797619
2013-01-17 18:17:58,793,620,0.0,0.0
2013-01-17 18:17:59,794,1,1.65052083333,1.65052083333
2013-01-17 18:18:00,795,1,2.55416666667,0.903645833333
2013-01-17 18:18:01,796,1,3.32101934524,0.766852678571
2013-01-17 18:18:02,797,1,4.01651785714,0.695498511905
2013-01-17 18:18:03,798,1,4.89066220238,0.874144345238
2013-01-17 18:18:04,799,1,5.96160714286,1.07094494048
2013-01-17 18:18:05,800,1,6.97436755952,1.01276041667
2013-01-17 18:18:06,801,1,7.67194940476,0.697581845238
2013-01-17 18:18:07,802,1,8.06625744048,0.394308035714
2013-01-17 18:18:08,803,1,8.47767857143,0.411421130952
2013-01-17 18:18:09,804,1,9.3375,0.859821428571
2013-01-17 18:18:10,805,1,10.9213541667,1.58385416667
2013-01-17 18:18:11,806,1,13.2052083333,2.28385416667
2013-01-17 18:18:12,807,1,15.9191220238,2.71391369048
2013-01-17 18:18:13,808,1,18.7130952381,2.79397321429
2013-01-17 18:18:14,809,1,21.3138392857,2.60074404762
2013-01-17 18:18:15,810,1,23.6064732143,2.29263392857
2013-01-17 18:18:16,811,1,25.5989583333,1.99248511905
2013-01-17 18:18:17,812,1,27.2786458333,1.6796875
2013-01-17 18:18:18,813,1,28.4488095238,1.17016369048
2013-01-17 18:18:19,814,1,28.7148809524,0.266071428571
2013-01-17 18:18:20,815,1,27.7680803571,-0.946800595238
2013-01-17 18:18:21,816,1,25.7886160714,-1.97946428571
2013-01-17 18:18:22,817,1,23.5354910714,-2.253125
2013-01-17 18:18:23,818,1,21.9716517857,-1.56383928571
2013-01-17 18:18:24,819,1,21.7119791667,-0.259672619048
2013-01-17 18:18:25,820,1,22.7145089286,1.0025297619
2013-01-17 18:18:26,821,1,24.4430059524,1.72849702381
2013-01-17 18:18:27,822,1,26.3066220238,1.86361607143
2013-01-17 18:18:28,823,1,27.9618303571,1.65520833333
2013-01-17 18:18:29,824,1,29.3351190476,1.37328869048
2013-01-17 18:18:30,825,1,30.5130208333,1.17790178571
2013-01-17 18:18:31,826,1,31.6134672619,1.10044642857
2013-01-17 18:18:32,827,1,32.6734375,1.0599702381
2013-01-17 18:18:33,828,1,33.6066964286,0.933258928571
2013-01-17 18:18:34,829,1,34.2685267857,0.661830357143
2013-01-17 18:18:35,830,1,34.5639880952,0.295461309524
2013-01-17 18:18:36,831,1,34.4785714286,-0.0854166666667
2013-01-17 18:18:37,832,1,34.0116815476,-0.466889880952
2013-01-17 18:18:38,833,1,33.1191964286,-0.892485119048
2013-01-17 18:18:39,834,1,31.7328125,-1.38638392857
2013-01-17 18:18:40,835,1,29.8124255952,-1.92038690476
2013-01-17 18:18:41,836,1,27.3676339286,-2.44479166667
2013-01-17 18:18:42,837,1,24.4592261905,-2.9084077381
2013-01-17 18:18:43,838,1,21.2425595238,-3.21666666667
2013-01-17 18:18:44,839,1,18.0296130952,-3.21294642857
2013-01-17 18:18:45,840,1,15.2566964286,-2.77291666667
2013-01-17 18:18:46,841,1,13.3224702381,-1.93422619048
2013-01-17 18:18:47,842,1,12.4039434524,-0.918526785714
2013-01-17 18:18:48,843,1,12.4116815476,0.007738095238
2013-01-17 18:18:49,844,1,13.1230654762,0.711383928572
2013-01-17 18:18:50,845,1,14.3300595238,1.20699404762
2013-01-17 18:18:51,846,1,15.8641369048,1.53407738095
2013-01-17 18:18:52,847,1,17.5539434524,1.68980654762
2013-01-17 18:18:53,848,1,19.1930803571,1.63913690476
2013-01-17 18:18:54,849,1,20.5281994048,1.33511904762
2013-01-17 18:18:55,850,1,21.3051339286,0.77693452381
2013-01-17 18:18:56,851,1,21.3930803571,0.0879464285715
2013-01-17 18:18:57,852,1,20.8896577381,-0.503422619048
2013-01-17 18:18:58,853,1,20.1011160714,-0.788541666667
2013-01-17 18:18:59,854,1,19.4192708333,-0.681845238095
2013-01-17 18:19:00,855,1,19.165327381,-0.253943452381
2013-01-17 18:19:01,856,1,19.4561011905,0.290773809524
2013-01-17 18:19:02,857,1,20.1650297619,0.708928571429
2013-01-17 18:19:03,858,1,20.9984375,0.833407738095
2013-01-17 18:19:04,859,1,21.6511160714,0.652678571429
2013-01-17 18:19:05,860,1,21.9941220238,0.343005952381
2013-01-17 18:19:06,861,1,22.1564732143,0.162351190476
2013-01-17 18:19:07,862,1,22.3896577381,0.233184523809
2013-01-17 18:19:08,863,1,22.8515625,0.461904761905
2013-01-17 18:19:09,864,1,23.519047619,0.667485119048
2013-01-17 18:19:10,865,1,24.2531994048,0.734151785714
2013-01-17 18:19:11,866,1,24.9177827381,0.664583333333
2013-01-17 18:19:12,867,1,25.467485119,0.549702380952
2013-01-17 18:19:13,868,1,25.976860119,0.509375
2013-01-17 18:19:14,869,1,26.5864583333,0.609598214286
2013-01-17 18:19:15,870,1,27.3599702381,0.773511904762
2013-01-17 18:19:16,871,1,28.1952380952,0.835267857143
2013-01-17 18:19:17,872,1,28.9171130952,0.721875
2013-01-17 18:19:18,873,1,29.4138392857,0.496726190476
2013-01-17 18:19:19,874,1,29.6716517857,0.2578125
2013-01-17 18:19:20,875,1,29.75,0.0783482142857
2013-01-17 18:19:21,876,1,29.7522321429,0.0022321428571
2013-01-17 18:19:22,877,1,29.8195684524,0.0673363095239
2013-01-17 18:19:23,878,1,30.1053571429,0.285788690476
2013-01-17 18:19:24,879,1,30.6540178571,0.548660714286
2013-01-17 18:19:25,880,1,31.2885416667,0.634523809524
2013-01-17 18:19:26,881,1,31.6494047619,0.360863095238
2013-01-17 18:19:27,882,1,31.3489583333,-0.300446428572
2013-01-17 18:19:28,883,1,30.0895833333,-1.259375
2013-01-17 18:19:29,884,1,27.6692708333,-2.4203125
2013-01-17 18:19:30,885,1,24.0354166667,-3.63385416667
2013-01-17 18:19:31,886,1,19.479389881,-4.55602678571
2013-01-17 18:19:32,887,1,14.7124255952,-4.76696428571
2013-01-17 18:19:33,888,1,10.6279761905,-4.08444940476
2013-01-17 18:19:34,889,1,7.89032738095,-2.73764880952
2013-01-17 18:19:35,890,1,6.60825892857,-1.28206845238
2013-01-17 18:19:36,891,1,6.34255952381,-0.265699404762
2013-01-17 18:19:37,892,1,6.49293154762,0.15037202381
2013-01-17 18:19:38,893,1,6.72105654762,0.228125
2013-01-17 18:19:39,894,1,7.03735119048,0.316294642857
2013-01-17 18:19:40,895,1,7.58459821429,0.54724702381
2013-01-17 18:19:41,896,1,8.3890625,0.804464285714
2013-01-17 18:19:42,897,1,9.28392857143,0.894866071429
2013-01-17 18:19:43,898,1,10.0376488095,0.753720238095
2013-01-17 18:19:44,899,1,10.4929315476,0.455282738095
2013-01-17 18:19:45,900,1,10.5674107143,0.0744791666667
2013-01-17 18:19:46,901,1,10.2212797619,-0.346130952381
2013-01-17 18:19:47,902,1,9.4505952381,-0.77068452381
2013-01-17 18:19:48,903,1,8.25111607143,-1.19947916667
2013-01-17 18:19:49,904,1,6.61108630952,-1.6400297619
2013-01-17 18:19:50,905,1,4.62083333333,-1.99025297619
2013-01-17 18:19:51,906,1,2.65870535714,-1.96212797619
2013-01-17 18:19:52,907,1,0.0,-2.65870535714
