timestamp,cycle_sec,timestep,speed_mph,accel_meters_ps
2012-08-22 18:31:26,0,80305,0.0,0.0
2012-08-22 18:31:27,1,1,3.57057291667,3.57057291667
2012-08-22 18:31:28,2,1,6.5982328869,3.02765997024
2012-08-22 18:31:29,3,1,10.0866071429,3.48837425595
2012-08-22 18:31:30,4,1,13.4823474702,3.39574032738
2012-08-22 18:31:31,5,1,16.4035342262,2.92118675595
2012-08-22 18:31:32,6,1,18.6319754464,2.22844122024
2012-08-22 18:31:33,7,1,20.1237723214,1.491796875
2012-08-22 18:31:34,8,1,21.0197358631,0.895963541667
2012-08-22 18:31:35,9,1,21.4876860119,0.46795014881
2012-08-22 18:31:36,10,1,21.5130952381,0.0254092261904
2012-08-22 18:31:37,11,1,20.96875,-0.544345238095
2012-08-22 18:31:38,12,1,19.8520833333,-1.11666666667
2012-08-22 18:31:39,13,1,18.3618303571,-1.49025297619
2012-08-22 18:31:40,14,1,16.7959821429,-1.56584821429
2012-08-22 18:31:41,15,1,15.3889880952,-1.40699404762
2012-08-22 18:31:42,16,1,14.2022321429,-1.18675595238
2012-08-22 18:31:43,17,1,13.1773065476,-1.02492559524
2012-08-22 18:31:44,18,1,12.2711309524,-0.906175595238
2012-08-22 18:31:45,19,1,11.4947916667,-0.776339285714
2012-08-22 18:31:46,20,1,10.8705357143,-0.624255952381
2012-08-22 18:31:47,21,1,10.4260416667,-0.444494047619
2012-08-22 18:31:48,22,1,10.1945684524,-0.231473214286
2012-08-22 18:31:49,23,1,10.143452381,-0.0511160714286
2012-08-22 18:31:50,24,1,10.1222470238,-0.0212053571429
2012-08-22 18:31:51,25,1,9.94389880952,-0.178348214286
2012-08-22 18:31:52,26,1,9.53824404762,-0.405654761905
2012-08-22 18:31:53,27,1,9.0334077381,-0.504836309524
2012-08-22 18:31:54,28,1,8.67574404762,-0.357663690476
2012-08-22 18:31:55,29,1,8.64010416667,-0.0356398809524
2012-08-22 18:31:56,30,1,8.91919642857,0.279092261905
2012-08-22 18:31:57,31,1,9.39330357143,0.474107142857
2012-08-22 18:31:58,32,1,9.95706845238,0.563764880952
2012-08-22 18:31:59,33,1,10.5462053571,0.589136904762
2012-08-22 18:32:00,34,1,11.057514881,0.511309523809
2012-08-22 18:32:01,35,1,11.2924107143,0.234895833333
2012-08-22 18:32:02,36,1,11.0511904762,-0.241220238095
2012-08-22 18:32:03,37,1,10.2876488095,-0.763541666667
2012-08-22 18:32:04,38,1,9.08630952381,-1.20133928571
2012-08-22 18:32:05,39,1,7.48802083333,-1.59828869048
2012-08-22 18:32:06,40,1,5.48459821429,-2.00342261905
2012-08-22 18:32:07,41,1,3.30513392857,-2.17946428571
2012-08-22 18:32:08,42,1,0.0,-3.30513392857
2012-08-22 20:06:41,5715,5673,0.0,0.0
2012-08-22 20:06:42,5716,1,1.06834077381,1.06834077381
2012-08-22 20:06:43,5717,1,1.63831845238,0.569977678571
2012-08-22 20:06:44,5718,1,2.05926339286,0.420944940476
2012-08-22 20:06:45,5719,1,2.2162202381,0.156956845238
2012-08-22 20:06:46,5720,1,2.26101190476,0.0447916666667
2012-08-22 20:06:47,5721,1,2.46555059524,0.204538690476
2012-08-22 20:06:48,5722,1,3.15718005952,0.691629464286
2012-08-22 20:06:49,5723,1,4.60104166667,1.44386160714
2012-08-22 20:06:50,5724,1,6.8298735119,2.22883184524
2012-08-22 20:06:51,5725,1,9.55498511905,2.72511160714
2012-08-22 20:06:52,5726,1,12.2390997024,2.68411458333
2012-08-22 20:06:53,5727,1,14.3203869048,2.08128720238
2012-08-22 20:06:54,5728,1,15.4328125,1.11242559524
2012-08-22 20:06:55,5729,1,15.4693452381,0.0365327380952
2012-08-22 20:06:56,5730,1,14.5433779762,-0.925967261905
2012-08-22 20:06:57,5731,1,12.9462053571,-1.59717261905
2012-08-22 20:06:58,5732,1,11.1303571429,-1.81584821429
2012-08-22 20:06:59,5733,1,9.69412202381,-1.43623511905
2012-08-22 20:07:00,5734,1,9.21532738095,-0.478794642857
2012-08-22 20:07:01,5735,1,9.9255952381,0.710267857143
2012-08-22 20:07:02,5736,1,11.540327381,1.61473214286
2012-08-22 20:07:03,5737,1,13.4517857143,1.91145833333
2012-08-22 20:07:04,5738,1,15.1203125,1.66852678571
2012-08-22 20:07:05,5739,1,16.323139881,1.20282738095
2012-08-22 20:07:06,5740,1,17.0667410714,0.743601190476
2012-08-22 20:07:07,5741,1,17.3788690476,0.31212797619
2012-08-22 20:07:08,5742,1,17.3085565476,-0.0703125
2012-08-22 20:07:09,5743,1,17.0587053571,-0.249851190476
2012-08-22 20:07:10,5744,1,16.9638392857,-0.0948660714286
2012-08-22 20:07:11,5745,1,17.2629464286,0.299107142857
2012-08-22 20:07:12,5746,1,17.8857142857,0.622767857143
2012-08-22 20:07:13,5747,1,18.5020089286,0.616294642857
2012-08-22 20:07:14,5748,1,18.7994047619,0.297395833333
2012-08-22 20:07:15,5749,1,18.6819196429,-0.117485119048
2012-08-22 20:07:16,5750,1,18.2389136905,-0.443005952381
2012-08-22 20:07:17,5751,1,17.6107142857,-0.628199404762
2012-08-22 20:07:18,5752,1,16.8845982143,-0.726116071429
2012-08-22 20:07:19,5753,1,16.0391369048,-0.845461309524
2012-08-22 20:07:20,5754,1,14.9255952381,-1.11354166667
2012-08-22 20:07:21,5755,1,13.3395089286,-1.58608630952
2012-08-22 20:07:22,5756,1,11.2186755952,-2.12083333333
2012-08-22 20:07:23,5757,1,8.82946428571,-2.38921130952
2012-08-22 20:07:24,5758,1,6.74233630952,-2.08712797619
2012-08-22 20:07:25,5759,1,5.57522321429,-1.16711309524
2012-08-22 20:07:26,5760,1,5.67916666667,0.103943452381
2012-08-22 20:07:27,5761,1,6.98616071429,1.30699404762
2012-08-22 20:07:28,5762,1,9.11279761905,2.12663690476
2012-08-22 20:07:29,5763,1,11.5992559524,2.48645833333
2012-08-22 20:07:30,5764,1,14.0700892857,2.47083333333
2012-08-22 20:07:31,5765,1,16.2636904762,2.19360119048
2012-08-22 20:07:32,5766,1,18.0421875,1.77849702381
2012-08-22 20:07:33,5767,1,19.3991815476,1.35699404762
2012-08-22 20:07:34,5768,1,20.4123511905,1.01316964286
2012-08-22 20:07:35,5769,1,21.1897321429,0.777380952381
2012-08-22 20:07:36,5770,1,21.8377232143,0.647991071429
2012-08-22 20:07:37,5771,1,22.4257440476,0.588020833333
2012-08-22 20:07:38,5772,1,22.9820684524,0.556324404762
2012-08-22 20:07:39,5773,1,23.5189732143,0.536904761905
2012-08-22 20:07:40,5774,1,24.0342261905,0.51525297619
2012-08-22 20:07:41,5775,1,24.5105654762,0.476339285714
2012-08-22 20:07:42,5776,1,24.9444940476,0.433928571428
2012-08-22 20:07:43,5777,1,25.3601190476,0.415625
2012-08-22 20:07:44,5778,1,25.7788690476,0.41875
2012-08-22 20:07:45,5779,1,26.1930059524,0.414136904762
2012-08-22 20:07:46,5780,1,26.5816964286,0.38869047619
2012-08-22 20:07:47,5781,1,26.9134672619,0.331770833333
2012-08-22 20:07:48,5782,1,27.0729166667,0.159449404762
2012-08-22 20:07:49,5783,1,26.7954613095,-0.277455357143
2012-08-22 20:07:50,5784,1,25.7548363095,-1.040625
2012-08-22 20:07:51,5785,1,23.7789434524,-1.97589285714
2012-08-22 20:07:52,5786,1,20.9759672619,-2.80297619048
2012-08-22 20:07:53,5787,1,17.621875,-3.3540922619
2012-08-22 20:07:54,5788,1,13.9952380952,-3.62663690476
2012-08-22 20:07:55,5789,1,10.4171875,-3.57805059524
2012-08-22 20:07:56,5790,1,7.34761904762,-3.06956845238
2012-08-22 20:07:57,5791,1,5.26666666667,-2.08095238095
2012-08-22 20:07:58,5792,1,4.42708333333,-0.839583333333
2012-08-22 20:07:59,5793,1,4.70022321429,0.273139880952
2012-08-22 20:08:00,5794,1,5.65178571429,0.9515625
2012-08-22 20:08:01,5795,1,6.82038690476,1.16860119048
2012-08-22 20:08:02,5796,1,7.90007440476,1.0796875
2012-08-22 20:08:03,5797,1,8.70364583333,0.803571428571
2012-08-22 20:08:04,5798,1,9.16049107143,0.456845238095
2012-08-22 20:08:05,5799,1,9.37842261905,0.217931547619
2012-08-22 20:08:06,5800,1,9.58072916667,0.202306547619
2012-08-22 20:08:07,5801,1,9.96964285714,0.388913690476
2012-08-22 20:08:08,5802,1,10.6203869048,0.650744047619
2012-08-22 20:08:09,5803,1,11.4406994048,0.8203125
2012-08-22 20:08:10,5804,1,12.2694196429,0.828720238095
2012-08-22 20:08:11,5805,1,13.0121279762,0.742708333333
2012-08-22 20:08:12,5806,1,13.6439732143,0.631845238095
2012-08-22 20:08:13,5807,1,14.1590029762,0.515029761905
2012-08-22 20:08:14,5808,1,14.5529017857,0.393898809524
2012-08-22 20:08:15,5809,1,14.8140625,0.261160714286
2012-08-22 20:08:16,5810,1,14.9676339286,0.153571428571
2012-08-22 20:08:17,5811,1,15.1166666667,0.149032738095
2012-08-22 20:08:18,5812,1,15.3800595238,0.263392857143
2012-08-22 20:08:19,5813,1,15.8532738095,0.473214285714
2012-08-22 20:08:20,5814,1,16.6297619048,0.776488095238
2012-08-22 20:08:21,5815,1,17.7249255952,1.09516369048
2012-08-22 20:08:22,5816,1,18.9728422619,1.24791666667
2012-08-22 20:08:23,5817,1,20.0961309524,1.12328869048
2012-08-22 20:08:24,5818,1,20.8959821429,0.799851190476
2012-08-22 20:08:25,5819,1,21.3379464286,0.441964285714
2012-08-22 20:08:26,5820,1,21.4316220238,0.0936755952381
2012-08-22 20:08:27,5821,1,21.0728422619,-0.358779761905
2012-08-22 20:08:28,5822,1,20.1055059524,-0.967336309524
2012-08-22 20:08:29,5823,1,18.6037202381,-1.50178571429
2012-08-22 20:08:30,5824,1,17.0683035714,-1.53541666667
2012-08-22 20:08:31,5825,1,16.2375,-0.830803571429
2012-08-22 20:08:32,5826,1,16.6098214286,0.372321428571
2012-08-22 20:08:33,5827,1,18.1135416667,1.5037202381
2012-08-22 20:08:34,5828,1,20.1671875,2.05364583333
2012-08-22 20:08:35,5829,1,22.0150297619,1.8478422619
2012-08-22 20:08:36,5830,1,23.115327381,1.10029761905
2012-08-22 20:08:37,5831,1,23.3722470238,0.256919642857
2012-08-22 20:08:38,5832,1,23.054985119,-0.317261904762
2012-08-22 20:08:39,5833,1,22.4519345238,-0.603050595238
2012-08-22 20:08:40,5834,1,21.5821428571,-0.869791666667
2012-08-22 20:08:41,5835,1,20.2279761905,-1.35416666667
2012-08-22 20:08:42,5836,1,18.1696428571,-2.05833333333
2012-08-22 20:08:43,5837,1,15.4155505952,-2.7540922619
2012-08-22 20:08:44,5838,1,12.3303571429,-3.08519345238
2012-08-22 20:08:45,5839,1,9.50625,-2.82410714286
2012-08-22 20:08:46,5840,1,7.4459077381,-2.0603422619
2012-08-22 20:08:47,5841,1,6.38311011905,-1.06279761905
2012-08-22 20:08:48,5842,1,6.29635416667,-0.086755952381
2012-08-22 20:08:49,5843,1,6.99032738095,0.693973214286
2012-08-22 20:08:50,5844,1,8.21160714286,1.2212797619
2012-08-22 20:08:51,5845,1,9.70044642857,1.48883928571
2012-08-22 20:08:52,5846,1,11.173139881,1.47269345238
2012-08-22 20:08:53,5847,1,12.3964285714,1.22328869048
2012-08-22 20:08:54,5848,1,13.2969494048,0.900520833333
2012-08-22 20:08:55,5849,1,13.8967261905,0.599776785714
2012-08-22 20:08:56,5850,1,14.1274404762,0.230714285714
2012-08-22 20:08:57,5851,1,13.7788467262,-0.34859375
2012-08-22 20:08:58,5852,1,12.6840029762,-1.09484375
2012-08-22 20:08:59,5853,1,10.9616145833,-1.72238839286
2012-08-22 20:09:00,5854,1,9.03861607143,-1.9229985119
2012-08-22 20:09:01,5855,1,7.39431547619,-1.64430059524
2012-08-22 20:09:02,5856,1,6.27175595238,-1.12255952381
2012-08-22 20:09:03,5857,1,5.60869791667,-0.663058035714
2012-08-22 20:09:04,5858,1,5.18691964286,-0.42177827381
2012-08-22 20:09:05,5859,1,4.82323660714,-0.363683035714
2012-08-22 20:09:06,5860,1,4.44568452381,-0.377552083333
2012-08-22 20:09:07,5861,1,4.04841517857,-0.397269345238
2012-08-22 20:09:08,5862,1,3.64834821429,-0.400066964286
2012-08-22 20:09:09,5863,1,3.3011235119,-0.347224702381
2012-08-22 20:09:10,5864,1,3.0915625,-0.209561011905
2012-08-22 20:09:11,5865,1,3.06426587302,-0.0272966269841
2012-08-22 20:09:12,5866,1,3.17817460317,0.113908730159
2012-08-22 20:09:13,5867,1,3.3191889881,0.141014384921
2012-08-22 20:09:14,5868,1,3.36086309524,0.0416741071429
2012-08-22 20:09:15,5869,1,3.2545610119,-0.106302083333
2012-08-22 20:09:16,5870,1,3.0225843254,-0.231976686508
2012-08-22 20:09:17,5871,1,2.63407738095,-0.388506944444
2012-08-22 20:09:18,5872,1,2.01116071429,-0.622916666667
2012-08-22 20:09:19,5873,1,1.28311011905,-0.728050595238
2012-08-22 20:09:20,5874,1,0.0,-1.28311011905
