timestamp,cycle_sec,timestep,speed_mph,accel_meters_ps
2012-10-06 15:40:17,0,80370,0.0,0.0
2012-10-06 15:40:18,1,1,2.76889880952,2.76889880952
2012-10-06 15:40:19,2,1,4.64404761905,1.87514880952
2012-10-06 15:40:20,3,1,6.39419642857,1.75014880952
2012-10-06 15:40:21,4,1,7.78616071429,1.39196428571
2012-10-06 15:40:22,5,1,8.94739583333,1.16123511905
2012-10-06 15:40:23,6,1,10.1054315476,1.15803571429
2012-10-06 15:40:24,7,1,11.4254464286,1.32001488095
2012-10-06 15:40:25,8,1,12.9275297619,1.50208333333
2012-10-06 15:40:26,9,1,14.4415178571,1.51398809524
2012-10-06 15:40:27,10,1,15.7132440476,1.27172619048
2012-10-06 15:40:28,11,1,16.6145089286,0.901264880952
2012-10-06 15:40:29,12,1,17.2102678571,0.595758928571
2012-10-06 15:40:30,13,1,17.6654761905,0.455208333333
2012-10-06 15:40:31,14,1,18.1310267857,0.465550595238
2012-10-06 15:40:32,15,1,18.6402529762,0.509226190476
2012-10-06 15:40:33,16,1,19.087202381,0.446949404762
2012-10-06 15:40:34,17,1,19.3378720238,0.250669642857
2012-10-06 15:40:35,18,1,19.345014881,0.0071428571429
2012-10-06 15:40:36,19,1,19.1620535714,-0.182961309524
2012-10-06 15:40:37,20,1,18.8852678571,-0.276785714286
2012-10-06 15:40:38,21,1,18.5884672619,-0.296800595238
2012-10-06 15:40:39,22,1,18.3073660714,-0.281101190476
2012-10-06 15:40:40,23,1,18.0799107143,-0.227455357143
2012-10-06 15:40:41,24,1,17.9706845238,-0.109226190476
2012-10-06 15:40:42,25,1,18.0133928571,0.0427083333334
2012-10-06 15:40:43,26,1,18.1381696429,0.124776785714
2012-10-06 15:40:44,27,1,18.2123511905,0.0741815476191
2012-10-06 15:40:45,28,1,18.1552827381,-0.057068452381
2012-10-06 15:40:46,29,1,17.981547619,-0.173735119048
2012-10-06 15:40:47,30,1,17.7692708333,-0.212276785714
2012-10-06 15:40:48,31,1,17.629389881,-0.139880952381
2012-10-06 15:40:49,32,1,17.676860119,0.0474702380952
2012-10-06 15:40:50,33,1,17.9859375,0.309077380952
2012-10-06 15:40:51,34,1,18.5319940476,0.546056547619
2012-10-06 15:40:52,35,1,19.1605654762,0.628571428571
2012-10-06 15:40:53,36,1,19.6688244048,0.508258928571
2012-10-06 15:40:54,37,1,19.9552083333,0.286383928571
2012-10-06 15:40:55,38,1,20.0567708333,0.1015625
2012-10-06 15:40:56,39,1,20.0354166667,-0.0213541666666
2012-10-06 15:40:57,40,1,19.8520833333,-0.183333333333
2012-10-06 15:40:58,41,1,19.3598958333,-0.4921875
2012-10-06 15:40:59,42,1,18.4368303571,-0.92306547619
2012-10-06 15:41:00,43,1,17.1203869048,-1.31644345238
2012-10-06 15:41:01,44,1,15.5947916667,-1.5255952381
2012-10-06 15:41:02,45,1,14.0918154762,-1.50297619048
2012-10-06 15:41:03,46,1,12.8380208333,-1.25379464286
2012-10-06 15:41:04,47,1,12.0329613095,-0.805059523809
2012-10-06 15:41:05,48,1,11.8041666667,-0.228794642857
2012-10-06 15:41:06,49,1,12.1595982143,0.355431547619
2012-10-06 15:41:07,50,1,12.9703869048,0.810788690476
2012-10-06 15:41:08,51,1,14.0014880952,1.03110119048
2012-10-06 15:41:09,52,1,14.9864583333,0.984970238095
2012-10-06 15:41:10,53,1,15.6979910714,0.711532738095
2012-10-06 15:41:11,54,1,15.9594494048,0.261458333333
2012-10-06 15:41:12,55,1,15.6046130952,-0.354836309524
2012-10-06 15:41:13,56,1,14.4822916667,-1.12232142857
2012-10-06 15:41:14,57,1,12.6020833333,-1.88020833333
2012-10-06 15:41:15,58,1,10.3290922619,-2.27299107143
2012-10-06 15:41:16,59,1,8.3681547619,-1.9609375
2012-10-06 15:41:17,60,1,7.43936011905,-0.928794642857
2012-10-06 15:41:18,61,1,7.87105654762,0.431696428571
2012-10-06 15:41:19,62,1,9.43571428571,1.5646577381
2012-10-06 15:41:20,63,1,11.5494791667,2.11376488095
2012-10-06 15:41:21,64,1,13.6251488095,2.07566964286
2012-10-06 15:41:22,65,1,15.259077381,1.63392857143
2012-10-06 15:41:23,66,1,16.212202381,0.953125
2012-10-06 15:41:24,67,1,16.3879464286,0.175744047619
2012-10-06 15:41:25,68,1,15.8639880952,-0.523958333333
2012-10-06 15:41:26,69,1,14.8492559524,-1.01473214286
2012-10-06 15:41:27,70,1,13.5584821429,-1.29077380952
2012-10-06 15:41:28,71,1,12.15625,-1.40223214286
2012-10-06 15:41:29,72,1,10.8276785714,-1.32857142857
2012-10-06 15:41:30,73,1,9.85520833333,-0.972470238095
2012-10-06 15:41:31,74,1,9.56525297619,-0.289955357143
2012-10-06 15:41:32,75,1,10.1520089286,0.586755952381
2012-10-06 15:41:33,76,1,11.5145089286,1.3625
2012-10-06 15:41:34,77,1,13.2614583333,1.74694940476
2012-10-06 15:41:35,78,1,14.928422619,1.66696428571
2012-10-06 15:41:36,79,1,16.2107886905,1.28236607143
2012-10-06 15:41:37,80,1,17.0055059524,0.794717261905
2012-10-06 15:41:38,81,1,17.3560267857,0.350520833333
2012-10-06 15:41:39,82,1,17.4081845238,0.0521577380952
2012-10-06 15:41:40,83,1,17.3165178571,-0.0916666666666
2012-10-06 15:41:41,84,1,17.1515625,-0.164955357143
2012-10-06 15:41:42,85,1,16.888764881,-0.262797619048
2012-10-06 15:41:43,86,1,16.4350446429,-0.453720238095
2012-10-06 15:41:44,87,1,15.7079613095,-0.727083333333
2012-10-06 15:41:45,88,1,14.7833333333,-0.924627976191
2012-10-06 15:41:46,89,1,13.9503720238,-0.832961309524
2012-10-06 15:41:47,90,1,13.5557291667,-0.394642857143
2012-10-06 15:41:48,91,1,13.7902529762,0.234523809524
2012-10-06 15:41:49,92,1,14.6025297619,0.812276785714
2012-10-06 15:41:50,93,1,15.7175595238,1.1150297619
2012-10-06 15:41:51,94,1,16.7480654762,1.03050595238
2012-10-06 15:41:52,95,1,17.4089285714,0.660863095238
2012-10-06 15:41:53,96,1,17.6542410714,0.2453125
2012-10-06 15:41:54,97,1,17.6552827381,0.0010416666666
2012-10-06 15:41:55,98,1,17.7203125,0.0650297619048
2012-10-06 15:41:56,99,1,18.0919642857,0.371651785714
2012-10-06 15:41:57,100,1,18.6864583333,0.594494047619
2012-10-06 15:41:58,101,1,19.1048363095,0.418377976191
2012-10-06 15:41:59,102,1,18.9197916667,-0.185044642857
2012-10-06 15:42:00,103,1,17.9630952381,-0.956696428572
2012-10-06 15:42:01,104,1,16.45,-1.5130952381
2012-10-06 15:42:02,105,1,14.8374255952,-1.61257440476
2012-10-06 15:42:03,106,1,13.5064732143,-1.33095238095
2012-10-06 15:42:04,107,1,12.5480654762,-0.958407738095
2012-10-06 15:42:05,108,1,11.762202381,-0.785863095238
2012-10-06 15:42:06,109,1,10.839360119,-0.922842261905
2012-10-06 15:42:07,110,1,9.63273809524,-1.20662202381
2012-10-06 15:42:08,111,1,8.28660714286,-1.34613095238
2012-10-06 15:42:09,112,1,7.07894345238,-1.20766369048
2012-10-06 15:42:10,113,1,6.12046130952,-0.958482142857
2012-10-06 15:42:11,114,1,5.19255952381,-0.927901785714
2012-10-06 15:42:12,115,1,3.96108630952,-1.23147321429
2012-10-06 15:42:13,116,1,2.46128472222,-1.4998015873
2012-10-06 15:42:14,117,1,0.0,-2.46128472222
2012-10-06 15:55:19,902,785,0.0,0.0
2012-10-06 15:55:20,903,1,1.52395833333,1.52395833333
2012-10-06 15:55:21,904,1,2.38467261905,0.860714285714
2012-10-06 15:55:22,905,1,3.18385416667,0.799181547619
2012-10-06 15:55:23,906,1,3.97110615079,0.787251984127
2012-10-06 15:55:24,907,1,4.90617559524,0.935069444444
2012-10-06 15:55:25,908,1,6.00610119048,1.09992559524
2012-10-06 15:55:26,909,1,7.215625,1.20952380952
2012-10-06 15:55:27,910,1,8.54709821429,1.33147321429
2012-10-06 15:55:28,911,1,10.0754712302,1.52837301587
2012-10-06 15:55:29,912,1,11.8107638889,1.73529265873
2012-10-06 15:55:30,913,1,13.612202381,1.80143849206
2012-10-06 15:55:31,914,1,15.2654761905,1.65327380952
2012-10-06 15:55:32,915,1,16.6258184524,1.3603422619
2012-10-06 15:55:33,916,1,17.6656994048,1.03988095238
2012-10-06 15:55:34,917,1,18.4200892857,0.754389880952
2012-10-06 15:55:35,918,1,18.9273065476,0.507217261905
2012-10-06 15:55:36,919,1,19.2290922619,0.301785714286
2012-10-06 15:55:37,920,1,19.3926339286,0.163541666667
2012-10-06 15:55:38,921,1,19.4879464286,0.0953125
2012-10-06 15:55:39,922,1,19.5214285714,0.0334821428572
2012-10-06 15:55:40,923,1,19.3912202381,-0.130208333333
2012-10-06 15:55:41,924,1,18.96875,-0.422470238095
2012-10-06 15:55:42,925,1,18.3015625,-0.6671875
2012-10-06 15:55:43,926,1,17.6942708333,-0.607291666667
2012-10-06 15:55:44,927,1,17.5046130952,-0.189657738095
2012-10-06 15:55:45,928,1,17.8601934524,0.355580357143
2012-10-06 15:55:46,929,1,18.5780505952,0.717857142857
2012-10-06 15:55:47,930,1,19.3371279762,0.759077380952
2012-10-06 15:55:48,931,1,19.9345238095,0.597395833333
2012-10-06 15:55:49,932,1,20.3901041667,0.455580357143
2012-10-06 15:55:50,933,1,20.8402529762,0.450148809524
2012-10-06 15:55:51,934,1,21.362202381,0.521949404762
2012-10-06 15:55:52,935,1,21.8666666667,0.504464285714
2012-10-06 15:55:53,936,1,22.1295386905,0.262872023809
2012-10-06 15:55:54,937,1,21.9498511905,-0.1796875
2012-10-06 15:55:55,938,1,21.323139881,-0.626711309524
2012-10-06 15:55:56,939,1,20.5054315476,-0.817708333333
2012-10-06 15:55:57,940,1,19.8882440476,-0.6171875
2012-10-06 15:55:58,941,1,19.7441220238,-0.14412202381
2012-10-06 15:55:59,942,1,20.0652529762,0.321130952381
2012-10-06 15:56:00,943,1,20.6191964286,0.553943452381
2012-10-06 15:56:01,944,1,21.0976934524,0.47849702381
2012-10-06 15:56:02,945,1,21.2259672619,0.128273809524
2012-10-06 15:56:03,946,1,20.8537946429,-0.372172619048
2012-10-06 15:56:04,947,1,20.0305803571,-0.823214285714
2012-10-06 15:56:05,948,1,18.9627232143,-1.06785714286
2012-10-06 15:56:06,949,1,17.8439732143,-1.11875
2012-10-06 15:56:07,950,1,16.7148809524,-1.1290922619
2012-10-06 15:56:08,951,1,15.4872767857,-1.22760416667
2012-10-06 15:56:09,952,1,14.0928571429,-1.39441964286
2012-10-06 15:56:10,953,1,12.5767113095,-1.51614583333
2012-10-06 15:56:11,954,1,11.0347916667,-1.54191964286
2012-10-06 15:56:12,955,1,9.49876488095,-1.53602678571
2012-10-06 15:56:13,956,1,7.93050595238,-1.56825892857
2012-10-06 15:56:14,957,1,6.34674107143,-1.58376488095
2012-10-06 15:56:15,958,1,4.90788690476,-1.43885416667
2012-10-06 15:56:16,959,1,3.82720238095,-1.08068452381
2012-10-06 15:56:17,960,1,3.2074702381,-0.619732142857
2012-10-06 15:56:18,961,1,3.01397321429,-0.19349702381
2012-10-06 15:56:19,962,1,3.19101190476,0.177038690476
2012-10-06 15:56:20,963,1,3.7206547619,0.529642857143
2012-10-06 15:56:21,964,1,4.50248511905,0.781830357143
2012-10-06 15:56:22,965,1,5.1994047619,0.696919642857
2012-10-06 15:56:23,966,1,5.28614583333,0.0867410714286
2012-10-06 15:56:24,967,1,4.40431547619,-0.881830357143
2012-10-06 15:56:25,968,1,2.8437202381,-1.5605952381
2012-10-06 15:56:26,969,1,0.0,-2.8437202381
2012-10-06 16:00:02,1185,216,0.0,0.0
2012-10-06 16:00:03,1186,1,2.7353422619,2.7353422619
2012-10-06 16:00:04,1187,1,4.32730654762,1.59196428571
2012-10-06 16:00:05,1188,1,5.67663690476,1.34933035714
2012-10-06 16:00:06,1189,1,6.76510416667,1.0884672619
2012-10-06 16:00:07,1190,1,7.91369047619,1.14858630952
2012-10-06 16:00:08,1191,1,9.32351190476,1.40982142857
2012-10-06 16:00:09,1192,1,10.9395089286,1.61599702381
2012-10-06 16:00:10,1193,1,12.5625744048,1.62306547619
2012-10-06 16:00:11,1194,1,13.9389880952,1.37641369048
2012-10-06 16:00:12,1195,1,14.7590029762,0.820014880952
2012-10-06 16:00:13,1196,1,14.7212053571,-0.0377976190476
2012-10-06 16:00:14,1197,1,13.7358630952,-0.985342261905
2012-10-06 16:00:15,1198,1,12.1088541667,-1.62700892857
2012-10-06 16:00:16,1199,1,10.494047619,-1.61480654762
2012-10-06 16:00:17,1200,1,9.57574404762,-0.918303571429
2012-10-06 16:00:18,1201,1,9.69486607143,0.11912202381
2012-10-06 16:00:19,1202,1,10.7099702381,1.01510416667
2012-10-06 16:00:20,1203,1,12.1722470238,1.46227678571
2012-10-06 16:00:21,1204,1,13.639360119,1.46711309524
2012-10-06 16:00:22,1205,1,14.8896577381,1.25029761905
2012-10-06 16:00:23,1206,1,15.9161458333,1.02648809524
2012-10-06 16:00:24,1207,1,16.770014881,0.853869047619
2012-10-06 16:00:25,1208,1,17.4226190476,0.652604166667
2012-10-06 16:00:26,1209,1,17.7584821429,0.335863095238
2012-10-06 16:00:27,1210,1,17.6932291667,-0.0652529761904
2012-10-06 16:00:28,1211,1,17.3084077381,-0.384821428571
2012-10-06 16:00:29,1212,1,16.8663690476,-0.442038690476
2012-10-06 16:00:30,1213,1,16.6581845238,-0.208184523809
2012-10-06 16:00:31,1214,1,16.7938988095,0.135714285714
2012-10-06 16:00:32,1215,1,17.1242559524,0.330357142857
2012-10-06 16:00:33,1216,1,17.376860119,0.252604166667
2012-10-06 16:00:34,1217,1,17.3822172619,0.0053571428572
2012-10-06 16:00:35,1218,1,17.1877232143,-0.194494047619
2012-10-06 16:00:36,1219,1,16.9948660714,-0.192857142857
2012-10-06 16:00:37,1220,1,17.0207589286,0.0258928571428
2012-10-06 16:00:38,1221,1,17.3929315476,0.372172619048
2012-10-06 16:00:39,1222,1,18.1240327381,0.731101190476
2012-10-06 16:00:40,1223,1,19.1671130952,1.04308035714
2012-10-06 16:00:41,1224,1,20.4412946429,1.27418154762
2012-10-06 16:00:42,1225,1,21.7472470238,1.30595238095
2012-10-06 16:00:43,1226,1,22.7328125,0.985565476191
2012-10-06 16:00:44,1227,1,23.0389136905,0.306101190476
2012-10-06 16:00:45,1228,1,22.5078125,-0.531101190476
2012-10-06 16:00:46,1229,1,21.2901785714,-1.21763392857
2012-10-06 16:00:47,1230,1,19.7426339286,-1.54754464286
2012-10-06 16:00:48,1231,1,18.1967261905,-1.5459077381
2012-10-06 16:00:49,1232,1,16.866889881,-1.32983630952
2012-10-06 16:00:50,1233,1,15.9152529762,-0.951636904762
2012-10-06 16:00:51,1234,1,15.4530505952,-0.462202380952
2012-10-06 16:00:52,1235,1,15.4348958333,-0.0181547619048
2012-10-06 16:00:53,1236,1,15.5892857143,0.154389880952
2012-10-06 16:00:54,1237,1,15.5392113095,-0.0500744047619
2012-10-06 16:00:55,1238,1,15.0710565476,-0.468154761905
2012-10-06 16:00:56,1239,1,14.2824404762,-0.788616071428
2012-10-06 16:00:57,1240,1,13.4898065476,-0.792633928571
2012-10-06 16:00:58,1241,1,13.0229166667,-0.466889880952
2012-10-06 16:00:59,1242,1,13.0327380952,0.0098214285714
2012-10-06 16:01:00,1243,1,13.4426339286,0.409895833333
2012-10-06 16:01:01,1244,1,14.09375,0.651116071429
2012-10-06 16:01:02,1245,1,14.8886160714,0.794866071429
2012-10-06 16:01:03,1246,1,15.7736607143,0.885044642857
2012-10-06 16:01:04,1247,1,16.6536458333,0.879985119048
2012-10-06 16:01:05,1248,1,17.3551339286,0.701488095238
2012-10-06 16:01:06,1249,1,17.6752232143,0.320089285714
2012-10-06 16:01:07,1250,1,17.4911458333,-0.184077380952
2012-10-06 16:01:08,1251,1,16.8075892857,-0.683556547619
2012-10-06 16:01:09,1252,1,15.7023809524,-1.10520833333
2012-10-06 16:01:10,1253,1,14.3031994048,-1.39918154762
2012-10-06 16:01:11,1254,1,12.8167410714,-1.48645833333
2012-10-06 16:01:12,1255,1,11.4765625,-1.34017857143
2012-10-06 16:01:13,1256,1,10.4057291667,-1.07083333333
2012-10-06 16:01:14,1257,1,9.52194940476,-0.883779761905
2012-10-06 16:01:15,1258,1,8.55119047619,-0.970758928571
2012-10-06 16:01:16,1259,1,7.1650297619,-1.38616071429
2012-10-06 16:01:17,1260,1,5.2380952381,-1.92693452381
2012-10-06 16:01:18,1261,1,3.10811011905,-2.12998511905
2012-10-06 16:01:19,1262,1,0.0,-3.10811011905
2012-10-06 16:02:18,1321,59,0.0,0.0
2012-10-06 16:02:19,1322,1,1.62105654762,1.62105654762
2012-10-06 16:02:20,1323,1,2.376875,0.755818452381
2012-10-06 16:02:21,1324,1,2.651875,0.275
2012-10-06 16:02:22,1325,1,2.23854166667,-0.413333333333
2012-10-06 16:02:23,1326,1,1.45461309524,-0.783928571429
2012-10-06 16:02:24,1327,1,0.0,-1.45461309524
