timestamp,cycle_sec,timestep,speed_mph,accel_meters_ps
2012-06-14 07:58:02,0,1,0.0,0.0
2012-06-14 07:58:03,1,1,0.0,0.0
2012-06-14 07:58:04,2,1,0.0,0.0
2012-06-14 07:58:05,3,1,0.0,0.0
2012-06-14 07:58:06,4,1,0.0,0.0
2012-06-14 07:58:07,5,1,0.0,0.0
2012-06-14 07:58:08,6,1,2.07741815476,2.07741815476
2012-06-14 07:58:09,7,1,3.04216889881,0.964750744048
2012-06-14 07:58:10,8,1,3.42526041667,0.383091517857
2012-06-14 07:58:11,9,1,3.20600818452,-0.219252232143
2012-06-14 07:58:12,10,1,2.71722470238,-0.488783482143
2012-06-14 07:58:13,11,1,2.30639880952,-0.410825892857
2012-06-14 07:58:14,12,1,2.11402529762,-0.192373511905
2012-06-14 07:58:15,13,1,2.10887276786,-0.00515252976191
2012-06-14 07:58:16,14,1,2.30970982143,0.200837053571
2012-06-14 07:58:17,15,1,2.98714657738,0.677436755952
2012-06-14 07:58:18,16,1,4.60130208333,1.61415550595
2012-06-14 07:58:19,17,1,7.43190104167,2.83059895833
2012-06-14 07:58:20,18,1,11.227641369,3.79574032738
2012-06-14 07:58:21,19,1,15.1985863095,3.97094494048
2012-06-14 07:58:22,20,1,18.3792410714,3.1806547619
2012-06-14 07:58:23,21,1,20.1336309524,1.75438988095
2012-06-14 07:58:24,22,1,20.3544642857,0.220833333333
2012-06-14 07:58:25,23,1,19.2021577381,-1.15230654762
2012-06-14 07:58:26,24,1,16.8637992216,-2.33835851648
2012-06-14 07:58:27,25,1,13.6656994048,-3.19809981685
2012-06-14 07:58:28,26,1,10.2144288004,-3.4512706044
2012-06-14 07:58:29,27,1,7.2307864011,-2.98364239927
2012-06-14 07:58:30,28,1,5.20244391026,-2.02834249084
2012-06-14 07:58:31,29,1,4.16037087912,-1.04207303114
2012-06-14 07:58:32,30,1,3.7638907967,-0.396480082418
2012-06-14 07:58:33,31,1,3.61915636447,-0.144734432234
2012-06-14 07:58:34,32,1,3.51491529304,-0.104241071429
2012-06-14 07:58:35,33,1,3.40270718864,-0.112208104396
2012-06-14 07:58:36,34,1,3.28375686813,-0.118950320513
2012-06-14 07:58:37,35,1,3.16153846154,-0.122218406593
2012-06-14 07:58:38,36,1,3.03846153846,-0.123076923077
2012-06-14 07:58:39,37,1,2.90939789377,-0.129063644689
2012-06-14 07:58:40,38,1,2.75101304945,-0.158384844322
2012-06-14 07:58:41,39,1,2.56559065934,-0.18542239011
2012-06-14 07:58:42,40,1,2.52734661172,-0.0382440476191
2012-06-14 07:58:43,41,1,3.06490384615,0.537557234432
2012-06-14 07:58:44,42,1,4.64803685897,1.58313301282
2012-06-14 07:58:45,43,1,7.42582989927,2.77779304029
2012-06-14 07:58:46,44,1,11.0959993132,3.67016941392
2012-06-14 07:58:47,45,1,15.0927140568,3.99671474359
2012-06-14 07:58:48,46,1,18.9113095238,3.81859546703
2012-06-14 07:58:49,47,1,22.3421531593,3.43084363553
2012-06-14 07:58:50,48,1,25.4142113095,3.07205815018
2012-06-14 07:58:51,49,1,28.143452381,2.72924107143
2012-06-14 07:58:52,50,1,30.4105654762,2.26711309524
2012-06-14 07:58:53,51,1,32.0263392857,1.61577380952
2012-06-14 07:58:54,52,1,32.8284970238,0.802157738095
2012-06-14 07:58:55,53,1,32.7615327381,-0.0669642857143
2012-06-14 07:58:56,54,1,31.9003720238,-0.861160714286
2012-06-14 07:58:57,55,1,30.3834077381,-1.51696428571
2012-06-14 07:58:58,56,1,28.3304315476,-2.05297619048
2012-06-14 07:58:59,57,1,25.7734375,-2.55699404762
2012-06-14 07:59:00,58,1,22.6358630952,-3.13757440476
2012-06-14 07:59:01,59,1,18.925297619,-3.71056547619
2012-06-14 07:59:02,60,1,15.0638392857,-3.86145833333
2012-06-14 07:59:03,61,1,11.9465029762,-3.11733630952
2012-06-14 07:59:04,62,1,10.558110119,-1.38839285714
2012-06-14 07:59:05,63,1,11.421577381,0.863467261905
2012-06-14 07:59:06,64,1,14.2766369048,2.85505952381
2012-06-14 07:59:07,65,1,18.2470238095,3.97038690476
2012-06-14 07:59:08,66,1,22.3453125,4.09828869048
2012-06-14 07:59:09,67,1,25.8670386905,3.52172619048
2012-06-14 07:59:10,68,1,28.4861607143,2.61912202381
2012-06-14 07:59:11,69,1,30.1813988095,1.69523809524
2012-06-14 07:59:12,70,1,31.100297619,0.918898809524
2012-06-14 07:59:13,71,1,31.4161458333,0.315848214286
2012-06-14 07:59:14,72,1,31.2467261905,-0.169419642857
2012-06-14 07:59:15,73,1,30.6582589286,-0.588467261905
2012-06-14 07:59:16,74,1,29.6816964286,-0.9765625
2012-06-14 07:59:17,75,1,28.2763392857,-1.40535714286
2012-06-14 07:59:18,76,1,26.3218005952,-1.95453869048
2012-06-14 07:59:19,77,1,23.6961309524,-2.62566964286
2012-06-14 07:59:20,78,1,20.3483630952,-3.34776785714
2012-06-14 07:59:21,79,1,16.3397321429,-4.00863095238
2012-06-14 07:59:22,80,1,11.9102678571,-4.42946428571
2012-06-14 07:59:23,81,1,7.53883928571,-4.37142857143
2012-06-14 07:59:24,82,1,3.94739583333,-3.59144345238
2012-06-14 07:59:25,83,1,0.0,-3.94739583333
2012-06-14 07:59:52,110,27,0.0,0.0
2012-06-14 07:59:53,111,1,5.20915178571,5.20915178571
2012-06-14 07:59:54,112,1,9.66889880952,4.45974702381
2012-06-14 07:59:55,113,1,14.7363839286,5.06748511905
2012-06-14 07:59:56,114,1,19.5797619048,4.84337797619
2012-06-14 07:59:57,115,1,23.8532738095,4.27351190476
2012-06-14 07:59:58,116,1,27.5619047619,3.70863095238
2012-06-14 07:59:59,117,1,30.7017857143,3.13988095238
2012-06-14 08:00:00,118,1,33.1017857143,2.4
2012-06-14 08:00:01,119,1,34.5677827381,1.46599702381
2012-06-14 08:00:02,120,1,35.0061755952,0.438392857143
2012-06-14 08:00:03,121,1,34.4154017857,-0.590773809524
2012-06-14 08:00:04,122,1,32.869047619,-1.54635416667
2012-06-14 08:00:05,123,1,30.5002232143,-2.36882440476
2012-06-14 08:00:06,124,1,27.4508928571,-3.04933035714
2012-06-14 08:00:07,125,1,23.8176339286,-3.63325892857
2012-06-14 08:00:08,126,1,19.7008184524,-4.11681547619
2012-06-14 08:00:09,127,1,15.4303571429,-4.27046130952
2012-06-14 08:00:10,128,1,11.7438244048,-3.6865327381
2012-06-14 08:00:11,129,1,9.59583333333,-2.14799107143
2012-06-14 08:00:12,130,1,9.65959821429,0.0637648809524
2012-06-14 08:00:13,131,1,11.8986607143,2.2390625
2012-06-14 08:00:14,132,1,15.5681547619,3.66949404762
2012-06-14 08:00:15,133,1,19.6689732143,4.10081845238
2012-06-14 08:00:16,134,1,23.4271577381,3.75818452381
2012-06-14 08:00:17,135,1,26.4581845238,3.03102678571
2012-06-14 08:00:18,136,1,28.7152529762,2.25706845238
2012-06-14 08:00:19,137,1,30.3504464286,1.63519345238
2012-06-14 08:00:20,138,1,31.523139881,1.17269345238
2012-06-14 08:00:21,139,1,32.284672619,0.761532738095
2012-06-14 08:00:22,140,1,32.5880952381,0.303422619048
2012-06-14 08:00:23,141,1,32.3210565476,-0.267038690476
2012-06-14 08:00:24,142,1,31.3044642857,-1.0165922619
2012-06-14 08:00:25,143,1,29.2853422619,-2.01912202381
2012-06-14 08:00:26,144,1,26.0037202381,-3.28162202381
2012-06-14 08:00:27,145,1,21.4118303571,-4.59188988095
2012-06-14 08:00:28,146,1,15.9513392857,-5.46049107143
2012-06-14 08:00:29,147,1,10.6225446429,-5.32879464286
2012-06-14 08:00:30,148,1,6.71316964286,-3.909375
2012-06-14 08:00:31,149,1,5.28913690476,-1.4240327381
2012-06-14 08:00:32,150,1,6.67425595238,1.38511904762
2012-06-14 08:00:33,151,1,10.2841517857,3.60989583333
2012-06-14 08:00:34,152,1,14.9974702381,4.71331845238
2012-06-14 08:00:35,153,1,19.7394345238,4.74196428571
2012-06-14 08:00:36,154,1,23.8639136905,4.12447916667
2012-06-14 08:00:37,155,1,27.1665922619,3.30267857143
2012-06-14 08:00:38,156,1,29.6037202381,2.43712797619
2012-06-14 08:00:39,157,1,31.0999255952,1.49620535714
2012-06-14 08:00:40,158,1,31.6680059524,0.568080357143
2012-06-14 08:00:41,159,1,31.5431547619,-0.124851190476
2012-06-14 08:00:42,160,1,31.0860863095,-0.457068452381
2012-06-14 08:00:43,161,1,30.545014881,-0.541071428571
2012-06-14 08:00:44,162,1,29.8572172619,-0.687797619048
2012-06-14 08:00:45,163,1,28.6758928571,-1.18132440476
2012-06-14 08:00:46,164,1,26.5938244048,-2.08206845238
2012-06-14 08:00:47,165,1,23.3430803571,-3.25074404762
2012-06-14 08:00:48,166,1,18.9796875,-4.36339285714
2012-06-14 08:00:49,167,1,14.111235119,-4.86845238095
2012-06-14 08:00:50,168,1,9.88943452381,-4.22180059524
2012-06-14 08:00:51,169,1,7.5384672619,-2.3509672619
2012-06-14 08:00:52,170,1,7.67686011905,0.138392857143
2012-06-14 08:00:53,171,1,9.96860119048,2.29174107143
2012-06-14 08:00:54,172,1,13.4338541667,3.46525297619
2012-06-14 08:00:55,173,1,17.1622767857,3.72842261905
2012-06-14 08:00:56,174,1,20.7389880952,3.57671130952
2012-06-14 08:00:57,175,1,24.0344494048,3.29546130952
2012-06-14 08:00:58,176,1,26.7510416667,2.7165922619
2012-06-14 08:00:59,177,1,28.3392113095,1.58816964286
2012-06-14 08:01:00,178,1,28.4036458333,0.0644345238095
2012-06-14 08:01:01,179,1,27.1301339286,-1.27351190476
2012-06-14 08:01:02,180,1,25.2843005952,-1.84583333333
2012-06-14 08:01:03,181,1,23.8256696429,-1.45863095238
2012-06-14 08:01:04,182,1,23.4241071429,-0.4015625
2012-06-14 08:01:05,183,1,24.1133184524,0.689211309524
2012-06-14 08:01:06,184,1,25.237202381,1.12388392857
2012-06-14 08:01:07,185,1,25.7093005952,0.472098214286
2012-06-14 08:01:08,186,1,24.4883184524,-1.22098214286
2012-06-14 08:01:09,187,1,21.1215029762,-3.36681547619
2012-06-14 08:01:10,188,1,16.1424107143,-4.9790922619
2012-06-14 08:01:11,189,1,11.025297619,-5.11711309524
2012-06-14 08:01:12,190,1,7.52767857143,-3.49761904762
2012-06-14 08:01:13,191,1,6.80267857143,-0.725
2012-06-14 08:01:14,192,1,8.9453125,2.14263392857
2012-06-14 08:01:15,193,1,13.1569196429,4.21160714286
2012-06-14 08:01:16,194,1,18.2786458333,5.12172619048
2012-06-14 08:01:17,195,1,23.3657738095,5.08712797619
2012-06-14 08:01:18,196,1,27.9450892857,4.57931547619
2012-06-14 08:01:19,197,1,31.8968005952,3.95171130952
2012-06-14 08:01:20,198,1,35.268452381,3.37165178571
2012-06-14 08:01:21,199,1,38.1766369048,2.90818452381
2012-06-14 08:01:22,200,1,40.7037202381,2.52708333333
2012-06-14 08:01:23,201,1,42.7963541667,2.09263392857
2012-06-14 08:01:24,202,1,44.3023065476,1.50595238095
2012-06-14 08:01:25,203,1,45.1504464286,0.848139880952
2012-06-14 08:01:26,204,1,45.4924107143,0.341964285714
2012-06-14 08:01:27,205,1,45.6570684524,0.164657738095
2012-06-14 08:01:28,206,1,45.9453869048,0.288318452381
2012-06-14 08:01:29,207,1,46.4332589286,0.48787202381
2012-06-14 08:01:30,208,1,46.9619047619,0.528645833333
2012-06-14 08:01:31,209,1,47.3251488095,0.363244047619
2012-06-14 08:01:32,210,1,47.4535714286,0.128422619048
2012-06-14 08:01:33,211,1,47.4162946429,-0.0372767857143
2012-06-14 08:01:34,212,1,47.2932291667,-0.12306547619
2012-06-14 08:01:35,213,1,47.0901785714,-0.203050595238
2012-06-14 08:01:36,214,1,46.7587797619,-0.331398809524
2012-06-14 08:01:37,215,1,46.2700892857,-0.48869047619
2012-06-14 08:01:38,216,1,45.6581845238,-0.611904761905
2012-06-14 08:01:39,217,1,44.9540178571,-0.704166666667
2012-06-14 08:01:40,218,1,44.0670386905,-0.886979166667
2012-06-14 08:01:41,219,1,42.7854910714,-1.28154761905
2012-06-14 08:01:42,220,1,40.909672619,-1.87581845238
2012-06-14 08:01:43,221,1,38.3607142857,-2.54895833333
2012-06-14 08:01:44,222,1,35.1603422619,-3.20037202381
2012-06-14 08:01:45,223,1,31.3303571429,-3.82998511905
2012-06-14 08:01:46,224,1,26.9188988095,-4.41145833333
2012-06-14 08:01:47,225,1,22.2772321429,-4.64166666667
2012-06-14 08:01:48,226,1,18.262797619,-4.01443452381
2012-06-14 08:01:49,227,1,15.9375,-2.32529761905
2012-06-14 08:01:50,228,1,15.9301339286,-0.0073660714286
2012-06-14 08:01:51,229,1,18.048139881,2.11800595238
2012-06-14 08:01:52,230,1,21.4516369048,3.40349702381
2012-06-14 08:01:53,231,1,25.2246279762,3.77299107143
2012-06-14 08:01:54,232,1,28.8561755952,3.63154761905
2012-06-14 08:01:55,233,1,32.2508928571,3.3947172619
2012-06-14 08:01:56,234,1,35.4375,3.18660714286
2012-06-14 08:01:57,235,1,38.3960565476,2.95855654762
2012-06-14 08:01:58,236,1,41.0798363095,2.6837797619
2012-06-14 08:01:59,237,1,43.4482142857,2.36837797619
2012-06-14 08:02:00,238,1,45.4505952381,2.00238095238
2012-06-14 08:02:01,239,1,47.0257440476,1.57514880952
2012-06-14 08:02:02,240,1,48.1493303571,1.12358630952
2012-06-14 08:02:03,241,1,48.8880208333,0.73869047619
2012-06-14 08:02:04,242,1,49.3819940476,0.493973214286
2012-06-14 08:02:05,243,1,49.7520833333,0.370089285714
2012-06-14 08:02:06,244,1,50.0313244048,0.279241071429
2012-06-14 08:02:07,245,1,50.193452381,0.162127976191
2012-06-14 08:02:08,246,1,50.2305059524,0.0370535714286
2012-06-14 08:02:09,247,1,50.1747767857,-0.0557291666667
2012-06-14 08:02:10,248,1,50.0530505952,-0.121726190476
2012-06-14 08:02:11,249,1,49.8680059524,-0.185044642857
2012-06-14 08:02:12,250,1,49.6363839286,-0.23162202381
2012-06-14 08:02:13,251,1,49.4019345238,-0.234449404762
2012-06-14 08:02:14,252,1,49.1767113095,-0.225223214286
2012-06-14 08:02:15,253,1,48.8775297619,-0.299181547619
2012-06-14 08:02:16,254,1,48.3607142857,-0.516815476191
2012-06-14 08:02:17,255,1,47.5482142857,-0.8125
2012-06-14 08:02:18,256,1,46.4988095238,-1.0494047619
2012-06-14 08:02:19,257,1,45.3305059524,-1.16830357143
2012-06-14 08:02:20,258,1,44.087202381,-1.24330357143
2012-06-14 08:02:21,259,1,42.7067708333,-1.38043154762
2012-06-14 08:02:22,260,1,41.1223214286,-1.58444940476
2012-06-14 08:02:23,261,1,39.3617559524,-1.76056547619
2012-06-14 08:02:24,262,1,37.5163690476,-1.84538690476
2012-06-14 08:02:25,263,1,35.6191964286,-1.89717261905
2012-06-14 08:02:26,264,1,33.5668154762,-2.05238095238
2012-06-14 08:02:27,265,1,31.1746279762,-2.3921875
2012-06-14 08:02:28,266,1,28.3428571429,-2.83177083333
2012-06-14 08:02:29,267,1,25.178125,-3.16473214286
2012-06-14 08:02:30,268,1,21.9348958333,-3.24322916667
2012-06-14 08:02:31,269,1,18.8283482143,-3.10654761905
2012-06-14 08:02:32,270,1,15.882514881,-2.94583333333
2012-06-14 08:02:33,271,1,12.9327380952,-2.94977678571
2012-06-14 08:02:34,272,1,9.79821428571,-3.13452380952
2012-06-14 08:02:35,273,1,6.53273809524,-3.26547619048
2012-06-14 08:02:36,274,1,3.61197916667,-2.92075892857
2012-06-14 08:02:37,275,1,0.0,-3.61197916667
2012-06-14 08:03:01,299,24,0.0,0.0
2012-06-14 08:03:02,300,1,5.00736607143,5.00736607143
2012-06-14 08:03:03,301,1,9.50111607143,4.49375
2012-06-14 08:03:04,302,1,14.6326636905,5.13154761905
2012-06-14 08:03:05,303,1,19.3145833333,4.68191964286
2012-06-14 08:03:06,304,1,22.9575892857,3.64300595238
2012-06-14 08:03:07,305,1,25.5962053571,2.63861607143
2012-06-14 08:03:08,306,1,27.6049107143,2.00870535714
2012-06-14 08:03:09,307,1,29.2734375,1.66852678571
2012-06-14 08:03:10,308,1,30.6210565476,1.34761904762
2012-06-14 08:03:11,309,1,31.501860119,0.880803571429
2012-06-14 08:03:12,310,1,31.815625,0.313764880952
2012-06-14 08:03:13,311,1,31.637797619,-0.177827380952
2012-06-14 08:03:14,312,1,31.1864583333,-0.451339285714
2012-06-14 08:03:15,313,1,30.7075892857,-0.478869047619
2012-06-14 08:03:16,314,1,30.396875,-0.310714285714
2012-06-14 08:03:17,315,1,30.3747767857,-0.0220982142857
2012-06-14 08:03:18,316,1,30.6837797619,0.30900297619
2012-06-14 08:03:19,317,1,31.3026785714,0.618898809524
2012-06-14 08:03:20,318,1,32.1750744048,0.872395833333
2012-06-14 08:03:21,319,1,33.2294642857,1.05438988095
2012-06-14 08:03:22,320,1,34.3994047619,1.16994047619
2012-06-14 08:03:23,321,1,35.6602678571,1.26086309524
2012-06-14 08:03:24,322,1,37.0305803571,1.3703125
2012-06-14 08:03:25,323,1,38.510639881,1.48005952381
2012-06-14 08:03:26,324,1,40.0170386905,1.50639880952
2012-06-14 08:03:27,325,1,41.3602678571,1.34322916667
2012-06-14 08:03:28,326,1,42.3133928571,0.953125
2012-06-14 08:03:29,327,1,42.7713541667,0.457961309524
2012-06-14 08:03:30,328,1,42.8256696429,0.0543154761904
2012-06-14 08:03:31,329,1,42.6460565476,-0.179613095238
2012-06-14 08:03:32,330,1,42.3308779762,-0.315178571428
2012-06-14 08:03:33,331,1,41.8745535714,-0.456324404762
2012-06-14 08:03:34,332,1,41.2045386905,-0.670014880952
2012-06-14 08:03:35,333,1,40.2183779762,-0.986160714286
2012-06-14 08:03:36,334,1,38.8389136905,-1.37946428571
2012-06-14 08:03:37,335,1,37.1039434524,-1.7349702381
2012-06-14 08:03:38,336,1,35.2142857143,-1.8896577381
2012-06-14 08:03:39,337,1,33.4470238095,-1.76726190476
2012-06-14 08:03:40,338,1,31.9577380952,-1.48928571429
2012-06-14 08:03:41,339,1,30.6460565476,-1.31168154762
2012-06-14 08:03:42,340,1,29.2557291667,-1.39032738095
2012-06-14 08:03:43,341,1,27.5978422619,-1.65788690476
2012-06-14 08:03:44,342,1,25.6119791667,-1.98586309524
2012-06-14 08:03:45,343,1,23.2644345238,-2.34754464286
2012-06-14 08:03:46,344,1,20.5176339286,-2.74680059524
2012-06-14 08:03:47,345,1,17.4205357143,-3.09709821429
2012-06-14 08:03:48,346,1,14.1693452381,-3.25119047619
2012-06-14 08:03:49,347,1,11.0151785714,-3.15416666667
2012-06-14 08:03:50,348,1,8.08035714286,-2.93482142857
2012-06-14 08:03:51,349,1,5.35461309524,-2.72574404762
2012-06-14 08:03:52,350,1,3.01287202381,-2.34174107143
2012-06-14 08:03:53,351,1,0.0,-3.01287202381
2012-06-14 08:05:26,444,93,0.0,0.0
2012-06-14 08:05:27,445,1,4.44873511905,4.44873511905
2012-06-14 08:05:28,446,1,7.87529761905,3.4265625
2012-06-14 08:05:29,447,1,11.3158482143,3.44055059524
2012-06-14 08:05:30,448,1,14.1296130952,2.81376488095
2012-06-14 08:05:31,449,1,16.3654761905,2.23586309524
2012-06-14 08:05:32,450,1,18.4624255952,2.09694940476
2012-06-14 08:05:33,451,1,20.7724702381,2.31004464286
2012-06-14 08:05:34,452,1,23.3115327381,2.5390625
2012-06-14 08:05:35,453,1,25.8413690476,2.52983630952
2012-06-14 08:05:36,454,1,28.0803571429,2.23898809524
2012-06-14 08:05:37,455,1,29.8517113095,1.77135416667
2012-06-14 08:05:38,456,1,31.1168154762,1.26510416667
2012-06-14 08:05:39,457,1,31.926264881,0.809449404762
2012-06-14 08:05:40,458,1,32.360639881,0.434375
2012-06-14 08:05:41,459,1,32.5014880952,0.140848214286
2012-06-14 08:05:42,460,1,32.4125,-0.0889880952381
2012-06-14 08:05:43,461,1,32.1295386905,-0.282961309524
2012-06-14 08:05:44,462,1,31.6639136905,-0.465625
2012-06-14 08:05:45,463,1,30.9818452381,-0.682068452381
2012-06-14 08:05:46,464,1,30.001860119,-0.979985119048
2012-06-14 08:05:47,465,1,28.690625,-1.31123511905
2012-06-14 08:05:48,466,1,27.1593005952,-1.53132440476
2012-06-14 08:05:49,467,1,25.6223214286,-1.53697916667
2012-06-14 08:05:50,468,1,24.2720982143,-1.35022321429
2012-06-14 08:05:51,469,1,23.1853422619,-1.08675595238
2012-06-14 08:05:52,470,1,22.3209077381,-0.86443452381
2012-06-14 08:05:53,471,1,21.6090029762,-0.711904761905
2012-06-14 08:05:54,472,1,21.0236607143,-0.585342261905
2012-06-14 08:05:55,473,1,20.5547619048,-0.468898809524
2012-06-14 08:05:56,474,1,20.1586309524,-0.396130952381
2012-06-14 08:05:57,475,1,19.798735119,-0.359895833333
2012-06-14 08:05:58,476,1,19.5713541667,-0.227380952381
2012-06-14 08:05:59,477,1,19.7803571429,0.20900297619
2012-06-14 08:06:00,478,1,20.8233630952,1.04300595238
2012-06-14 08:06:01,479,1,22.9455357143,2.12217261905
2012-06-14 08:06:02,480,1,26.0677827381,3.12224702381
2012-06-14 08:06:03,481,1,29.8246279762,3.7568452381
2012-06-14 08:06:04,482,1,33.7852678571,3.96063988095
2012-06-14 08:06:05,483,1,37.6572172619,3.87194940476
2012-06-14 08:06:06,484,1,41.261235119,3.60401785714
2012-06-14 08:06:07,485,1,44.3970238095,3.13578869048
2012-06-14 08:06:08,486,1,46.8798363095,2.4828125
2012-06-14 08:06:09,487,1,48.696875,1.81703869048
2012-06-14 08:06:10,488,1,50.0458333333,1.34895833333
2012-06-14 08:06:11,489,1,51.2025297619,1.15669642857
2012-06-14 08:06:12,490,1,52.33125,1.1287202381
2012-06-14 08:06:13,491,1,53.4232142857,1.09196428571
2012-06-14 08:06:14,492,1,54.4348214286,1.01160714286
2012-06-14 08:06:15,493,1,55.4316220238,0.996800595238
2012-06-14 08:06:16,494,1,56.5586309524,1.12700892857
2012-06-14 08:06:17,495,1,57.9219494048,1.36331845238
2012-06-14 08:06:18,496,1,59.5333333333,1.61138392857
2012-06-14 08:06:19,497,1,61.3264880952,1.7931547619
2012-06-14 08:06:20,498,1,63.1803571429,1.85386904762
2012-06-14 08:06:21,499,1,64.9289434524,1.74858630952
2012-06-14 08:06:22,500,1,66.3828869048,1.45394345238
2012-06-14 08:06:23,501,1,67.3918154762,1.00892857143
2012-06-14 08:06:24,502,1,67.928125,0.536309523809
2012-06-14 08:06:25,503,1,68.1149553571,0.186830357143
2012-06-14 08:06:26,504,1,68.1668154762,0.0518601190477
2012-06-14 08:06:27,505,1,68.294047619,0.127232142857
2012-06-14 08:06:28,506,1,68.6194196429,0.325372023809
2012-06-14 08:06:29,507,1,69.138764881,0.519345238095
2012-06-14 08:06:30,508,1,69.7383928571,0.599627976191
2012-06-14 08:06:31,509,1,70.2370535714,0.498660714286
2012-06-14 08:06:32,510,1,70.4502232143,0.213169642857
2012-06-14 08:06:33,511,1,70.2969494048,-0.153273809524
2012-06-14 08:06:34,512,1,69.8745535714,-0.422395833333
2012-06-14 08:06:35,513,1,69.4042410714,-0.4703125
2012-06-14 08:06:36,514,1,69.0821428571,-0.322098214286
2012-06-14 08:06:37,515,1,68.9621279762,-0.120014880952
2012-06-14 08:06:38,516,1,68.9635416667,0.0014136904762
2012-06-14 08:06:39,517,1,68.9889880952,0.0254464285714
2012-06-14 08:06:40,518,1,69.029389881,0.0404017857143
2012-06-14 08:06:41,519,1,69.1555803571,0.126190476191
2012-06-14 08:06:42,520,1,69.4360119048,0.280431547619
2012-06-14 08:06:43,521,1,69.8780505952,0.442038690476
2012-06-14 08:06:44,522,1,70.4196428571,0.541592261905
2012-06-14 08:06:45,523,1,70.9470982143,0.527455357143
2012-06-14 08:06:46,524,1,71.33125,0.384151785714
2012-06-14 08:06:47,525,1,71.4837797619,0.152529761905
2012-06-14 08:06:48,526,1,71.409375,-0.0744047619048
2012-06-14 08:06:49,527,1,71.2076636905,-0.201711309524
2012-06-14 08:06:50,528,1,71.0086309524,-0.199032738095
2012-06-14 08:06:51,529,1,70.8959821429,-0.112648809524
2012-06-14 08:06:52,530,1,70.8857142857,-0.0102678571428
2012-06-14 08:06:53,531,1,70.954985119,0.0692708333333
2012-06-14 08:06:54,532,1,71.0748511905,0.119866071429
2012-06-14 08:06:55,533,1,71.2213541667,0.146502976191
2012-06-14 08:06:56,534,1,71.3672619048,0.145907738095
2012-06-14 08:06:57,535,1,71.4800595238,0.112797619048
2012-06-14 08:06:58,536,1,71.5363839286,0.0563244047619
2012-06-14 08:06:59,537,1,71.5291666667,-0.0072172619047
2012-06-14 08:07:00,538,1,71.4657738095,-0.0633928571429
2012-06-14 08:07:01,539,1,71.375297619,-0.0904761904762
2012-06-14 08:07:02,540,1,71.3101934524,-0.0651041666666
2012-06-14 08:07:03,541,1,71.3227678571,0.0125744047619
2012-06-14 08:07:04,542,1,71.4380952381,0.115327380952
2012-06-14 08:07:05,543,1,71.6540922619,0.21599702381
2012-06-14 08:07:06,544,1,71.9598958333,0.305803571429
2012-06-14 08:07:07,545,1,72.3380952381,0.378199404762
2012-06-14 08:07:08,546,1,72.742485119,0.404389880952
2012-06-14 08:07:09,547,1,73.084077381,0.341592261905
2012-06-14 08:07:10,548,1,73.259375,0.175297619048
2012-06-14 08:07:11,549,1,73.2103422619,-0.0490327380952
2012-06-14 08:07:12,550,1,72.9661458333,-0.244196428571
2012-06-14 08:07:13,551,1,72.6329613095,-0.33318452381
2012-06-14 08:07:14,552,1,72.3472470238,-0.285714285714
2012-06-14 08:07:15,553,1,72.2230654762,-0.124181547619
2012-06-14 08:07:16,554,1,72.303125,0.0800595238095
2012-06-14 08:07:17,555,1,72.5264136905,0.223288690476
2012-06-14 08:07:18,556,1,72.7478422619,0.221428571429
2012-06-14 08:07:19,557,1,72.8178571429,0.0700148809523
2012-06-14 08:07:20,558,1,72.6669642857,-0.150892857143
2012-06-14 08:07:21,559,1,72.3282738095,-0.338690476191
2012-06-14 08:07:22,560,1,71.8878720238,-0.440401785714
2012-06-14 08:07:23,561,1,71.4204613095,-0.467410714286
2012-06-14 08:07:24,562,1,70.9742559524,-0.446205357143
2012-06-14 08:07:25,563,1,70.5973958333,-0.376860119048
2012-06-14 08:07:26,564,1,70.3443452381,-0.253050595238
2012-06-14 08:07:27,565,1,70.2414434524,-0.102901785714
2012-06-14 08:07:28,566,1,70.2561011905,0.0146577380953
2012-06-14 08:07:29,567,1,70.3125,0.0563988095238
2012-06-14 08:07:30,568,1,70.34375,0.03125
2012-06-14 08:07:31,569,1,70.3354166667,-0.0083333333333
2012-06-14 08:07:32,570,1,70.321577381,-0.0138392857143
2012-06-14 08:07:33,571,1,70.3332589286,0.011681547619
2012-06-14 08:07:34,572,1,70.352827381,0.019568452381
2012-06-14 08:07:35,573,1,70.3291666667,-0.0236607142857
2012-06-14 08:07:36,574,1,70.2369791667,-0.0921875
2012-06-14 08:07:37,575,1,70.1177827381,-0.119196428571
2012-06-14 08:07:38,576,1,70.0578125,-0.0599702380952
2012-06-14 08:07:39,577,1,70.1075892857,0.0497767857143
2012-06-14 08:07:40,578,1,70.2339285714,0.126339285714
2012-06-14 08:07:41,579,1,70.3772321429,0.143303571428
2012-06-14 08:07:42,580,1,70.5173363095,0.140104166667
2012-06-14 08:07:43,581,1,70.6569940476,0.139657738095
2012-06-14 08:07:44,582,1,70.7814732143,0.124479166667
2012-06-14 08:07:45,583,1,70.8279761905,0.0465029761905
2012-06-14 08:07:46,584,1,70.6944940476,-0.133482142857
2012-06-14 08:07:47,585,1,70.3365327381,-0.357961309524
2012-06-14 08:07:48,586,1,69.8378720238,-0.498660714286
2012-06-14 08:07:49,587,1,69.3641369048,-0.473735119048
2012-06-14 08:07:50,588,1,69.090327381,-0.27380952381
2012-06-14 08:07:51,589,1,69.1414434524,0.0511160714285
2012-06-14 08:07:52,590,1,69.5412946429,0.399851190476
2012-06-14 08:07:53,591,1,70.2066964286,0.665401785714
2012-06-14 08:07:54,592,1,70.9711309524,0.764434523809
2012-06-14 08:07:55,593,1,71.6441220238,0.672991071429
2012-06-14 08:07:56,594,1,72.1164434524,0.472321428571
2012-06-14 08:07:57,595,1,72.4125,0.296056547619
2012-06-14 08:07:58,596,1,72.6412202381,0.228720238095
2012-06-14 08:07:59,597,1,72.9046875,0.263467261905
2012-06-14 08:08:00,598,1,73.2223958333,0.317708333333
2012-06-14 08:08:01,599,1,73.5358630952,0.313467261905
2012-06-14 08:08:02,600,1,73.790327381,0.254464285714
2012-06-14 08:08:03,601,1,73.9822916667,0.191964285714
2012-06-14 08:08:04,602,1,74.1360119048,0.153720238095
2012-06-14 08:08:05,603,1,74.2729166667,0.136904761905
2012-06-14 08:08:06,604,1,74.3955357143,0.122619047619
2012-06-14 08:08:07,605,1,74.4801339286,0.0845982142857
2012-06-14 08:08:08,606,1,74.4962797619,0.0161458333334
2012-06-14 08:08:09,607,1,74.4415178571,-0.0547619047619
2012-06-14 08:08:10,608,1,74.3523809524,-0.0891369047619
2012-06-14 08:08:11,609,1,74.2827380952,-0.0696428571429
2012-06-14 08:08:12,610,1,74.266889881,-0.0158482142857
2012-06-14 08:08:13,611,1,74.2980654762,0.0311755952381
2012-06-14 08:08:14,612,1,74.3439732143,0.0459077380952
2012-06-14 08:08:15,613,1,74.379389881,0.0354166666667
2012-06-14 08:08:16,614,1,74.403422619,0.0240327380952
2012-06-14 08:08:17,615,1,74.4321428571,0.0287202380953
2012-06-14 08:08:18,616,1,74.4772321429,0.0450892857142
2012-06-14 08:08:19,617,1,74.5307291667,0.0534970238096
2012-06-14 08:08:20,618,1,74.566889881,0.0361607142857
2012-06-14 08:08:21,619,1,74.556547619,-0.0103422619048
2012-06-14 08:08:22,620,1,74.4816220238,-0.0749255952381
2012-06-14 08:08:23,621,1,74.3453125,-0.13630952381
2012-06-14 08:08:24,622,1,74.1834821429,-0.161830357143
2012-06-14 08:08:25,623,1,74.0584077381,-0.125074404762
2012-06-14 08:08:26,624,1,74.017485119,-0.0409226190476
2012-06-14 08:08:27,625,1,74.0601190476,0.0426339285714
2012-06-14 08:08:28,626,1,74.1517113095,0.0915922619048
2012-06-14 08:08:29,627,1,74.2594494048,0.107738095238
2012-06-14 08:08:30,628,1,74.3779761905,0.118526785714
2012-06-14 08:08:31,629,1,74.5242559524,0.146279761905
2012-06-14 08:08:32,630,1,74.6974702381,0.173214285714
2012-06-14 08:08:33,631,1,74.8541666667,0.156696428571
2012-06-14 08:08:34,632,1,74.9359375,0.0817708333333
2012-06-14 08:08:35,633,1,74.9125,-0.0234375
2012-06-14 08:08:36,634,1,74.8003720238,-0.11212797619
2012-06-14 08:08:37,635,1,74.6516369048,-0.148735119048
2012-06-14 08:08:38,636,1,74.5158482143,-0.135788690476
2012-06-14 08:08:39,637,1,74.4007440476,-0.115104166667
2012-06-14 08:08:40,638,1,74.2693452381,-0.131398809524
2012-06-14 08:08:41,639,1,74.0744047619,-0.19494047619
2012-06-14 08:08:42,640,1,73.7959077381,-0.27849702381
2012-06-14 08:08:43,641,1,73.448139881,-0.347767857143
2012-06-14 08:08:44,642,1,73.0525297619,-0.395610119048
2012-06-14 08:08:45,643,1,72.6095238095,-0.443005952381
2012-06-14 08:08:46,644,1,72.1008184524,-0.508705357143
2012-06-14 08:08:47,645,1,71.5176339286,-0.58318452381
2012-06-14 08:08:48,646,1,70.893452381,-0.624181547619
2012-06-14 08:08:49,647,1,70.3151041667,-0.578348214286
2012-06-14 08:08:50,648,1,69.8897321429,-0.42537202381
2012-06-14 08:08:51,649,1,69.6835565476,-0.206175595238
2012-06-14 08:08:52,650,1,69.6825892857,-0.000967261904705
2012-06-14 08:08:53,651,1,69.8055059524,0.122916666667
2012-06-14 08:08:54,652,1,69.951264881,0.145758928571
2012-06-14 08:08:55,653,1,70.0401041667,0.0888392857143
2012-06-14 08:08:56,654,1,70.026264881,-0.0138392857143
2012-06-14 08:08:57,655,1,69.8944940476,-0.131770833333
2012-06-14 08:08:58,656,1,69.6567708333,-0.237723214286
2012-06-14 08:08:59,657,1,69.3489583333,-0.3078125
2012-06-14 08:09:00,658,1,69.020014881,-0.328943452381
2012-06-14 08:09:01,659,1,68.7152529762,-0.304761904762
2012-06-14 08:09:02,660,1,68.4664434524,-0.24880952381
2012-06-14 08:09:03,661,1,68.2931547619,-0.173288690476
2012-06-14 08:09:04,662,1,68.203422619,-0.0897321428572
2012-06-14 08:09:05,663,1,68.1900297619,-0.0133928571428
2012-06-14 08:09:06,664,1,68.2337053571,0.0436755952381
2012-06-14 08:09:07,665,1,68.3136904762,0.0799851190476
2012-06-14 08:09:08,666,1,68.4080357143,0.0943452380952
2012-06-14 08:09:09,667,1,68.496577381,0.0885416666667
2012-06-14 08:09:10,668,1,68.6030505952,0.106473214286
2012-06-14 08:09:11,669,1,68.8027529762,0.199702380952
2012-06-14 08:09:12,670,1,69.1118303571,0.309077380952
2012-06-14 08:09:13,671,1,69.4162202381,0.304389880952
2012-06-14 08:09:14,672,1,69.5760416667,0.159821428571
2012-06-14 08:09:15,673,1,69.5566964286,-0.0193452380953
2012-06-14 08:09:16,674,1,69.4622767857,-0.0944196428571
2012-06-14 08:09:17,675,1,69.4551339286,-0.0071428571429
2012-06-14 08:09:18,676,1,69.5930803571,0.137946428571
2012-06-14 08:09:19,677,1,69.7920386905,0.198958333333
2012-06-14 08:09:20,678,1,69.9730654762,0.181026785714
2012-06-14 08:09:21,679,1,70.1413690476,0.168303571429
2012-06-14 08:09:22,680,1,70.3259672619,0.184598214286
2012-06-14 08:09:23,681,1,70.5261904762,0.200223214286
2012-06-14 08:09:24,682,1,70.7069940476,0.180803571429
2012-06-14 08:09:25,683,1,70.8340029762,0.127008928571
2012-06-14 08:09:26,684,1,70.9240327381,0.0900297619047
2012-06-14 08:09:27,685,1,71.0388392857,0.114806547619
2012-06-14 08:09:28,686,1,71.2285714286,0.189732142857
2012-06-14 08:09:29,687,1,71.501264881,0.272693452381
2012-06-14 08:09:30,688,1,71.8350446429,0.333779761905
2012-06-14 08:09:31,689,1,72.2084821429,0.3734375
2012-06-14 08:09:32,690,1,72.6328125,0.424330357143
2012-06-14 08:09:33,691,1,73.1469494048,0.514136904762
2012-06-14 08:09:34,692,1,73.7574404762,0.610491071429
2012-06-14 08:09:35,693,1,74.3973214286,0.639880952381
2012-06-14 08:09:36,694,1,74.9644345238,0.567113095238
2012-06-14 08:09:37,695,1,75.384375,0.419940476191
2012-06-14 08:09:38,696,1,75.6353422619,0.250967261905
2012-06-14 08:09:39,697,1,75.7425595238,0.107217261905
2012-06-14 08:09:40,698,1,75.7566220238,0.0140625
2012-06-14 08:09:41,699,1,75.7258184524,-0.0308035714286
2012-06-14 08:09:42,700,1,75.6838541667,-0.0419642857142
2012-06-14 08:09:43,701,1,75.6479166667,-0.0359375
2012-06-14 08:09:44,702,1,75.6121279762,-0.0357886904762
2012-06-14 08:09:45,703,1,75.5491071429,-0.0630208333334
2012-06-14 08:09:46,704,1,75.4239583333,-0.125148809524
2012-06-14 08:09:47,705,1,75.2040922619,-0.219866071428
2012-06-14 08:09:48,706,1,74.8661458333,-0.337946428571
2012-06-14 08:09:49,707,1,74.408110119,-0.458035714286
2012-06-14 08:09:50,708,1,73.8526785714,-0.555431547619
2012-06-14 08:09:51,709,1,73.2333333333,-0.619345238095
2012-06-14 08:09:52,710,1,72.5833333333,-0.65
2012-06-14 08:09:53,711,1,71.9409970238,-0.642336309524
2012-06-14 08:09:54,712,1,71.354389881,-0.586607142857
2012-06-14 08:09:55,713,1,70.8703869048,-0.48400297619
2012-06-14 08:09:56,714,1,70.5169642857,-0.353422619048
2012-06-14 08:09:57,715,1,70.2970982143,-0.219866071429
2012-06-14 08:09:58,716,1,70.2061011905,-0.0909970238095
2012-06-14 08:09:59,717,1,70.254389881,0.0482886904762
2012-06-14 08:10:00,718,1,70.455952381,0.2015625
2012-06-14 08:10:01,719,1,70.7889880952,0.333035714286
2012-06-14 08:10:02,720,1,71.1790922619,0.390104166667
2012-06-14 08:10:03,721,1,71.5227678571,0.343675595238
2012-06-14 08:10:04,722,1,71.7361607143,0.213392857143
2012-06-14 08:10:05,723,1,71.8009672619,0.0648065476191
2012-06-14 08:10:06,724,1,71.7650297619,-0.0359375
2012-06-14 08:10:07,725,1,71.6970238095,-0.068005952381
2012-06-14 08:10:08,726,1,71.6446428571,-0.0523809523809
2012-06-14 08:10:09,727,1,71.6238095238,-0.0208333333334
2012-06-14 08:10:10,728,1,71.6336309524,0.0098214285714
2012-06-14 08:10:11,729,1,71.6788690476,0.0452380952381
2012-06-14 08:10:12,730,1,71.7723214286,0.0934523809524
2012-06-14 08:10:13,731,1,71.9142857143,0.141964285714
2012-06-14 08:10:14,732,1,72.0811755952,0.166889880952
2012-06-14 08:10:15,733,1,72.2421130952,0.1609375
2012-06-14 08:10:16,734,1,72.3843005952,0.1421875
2012-06-14 08:10:17,735,1,72.5191220238,0.134821428571
2012-06-14 08:10:18,736,1,72.6655505952,0.146428571429
2012-06-14 08:10:19,737,1,72.8306547619,0.165104166667
2012-06-14 08:10:20,738,1,73.0020833333,0.171428571429
2012-06-14 08:10:21,739,1,73.1532738095,0.15119047619
2012-06-14 08:10:22,740,1,73.2587053571,0.105431547619
2012-06-14 08:10:23,741,1,73.309375,0.0506696428572
2012-06-14 08:10:24,742,1,73.3147321429,0.00535714285709
2012-06-14 08:10:25,743,1,73.2907738095,-0.0239583333333
2012-06-14 08:10:26,744,1,73.246875,-0.0438988095238
2012-06-14 08:10:27,745,1,73.1854910714,-0.0613839285714
2012-06-14 08:10:28,746,1,73.1160714286,-0.0694196428572
2012-06-14 08:10:29,747,1,73.0571428571,-0.0589285714285
2012-06-14 08:10:30,748,1,73.0049107143,-0.0522321428572
2012-06-14 08:10:31,749,1,72.909077381,-0.0958333333333
2012-06-14 08:10:32,750,1,72.7111607143,-0.197916666667
2012-06-14 08:10:33,751,1,72.4082589286,-0.302901785714
2012-06-14 08:10:34,752,1,72.0642857143,-0.343973214286
2012-06-14 08:10:35,753,1,71.764360119,-0.299925595238
2012-06-14 08:10:36,754,1,71.5546130952,-0.209747023809
2012-06-14 08:10:37,755,1,71.4160714286,-0.138541666667
2012-06-14 08:10:38,756,1,71.3066964286,-0.109375
2012-06-14 08:10:39,757,1,71.2113095238,-0.0953869047619
2012-06-14 08:10:40,758,1,71.1223214286,-0.0889880952381
2012-06-14 08:10:41,759,1,71.0134672619,-0.108854166667
2012-06-14 08:10:42,760,1,70.8749255952,-0.138541666667
2012-06-14 08:10:43,761,1,70.7407738095,-0.134151785714
2012-06-14 08:10:44,762,1,70.6602678571,-0.080505952381
2012-06-14 08:10:45,763,1,70.654389881,-0.0058779761904
2012-06-14 08:10:46,764,1,70.683110119,0.0287202380952
2012-06-14 08:10:47,765,1,70.6531994048,-0.0299107142857
2012-06-14 08:10:48,766,1,70.4886160714,-0.164583333333
2012-06-14 08:10:49,767,1,70.1854910714,-0.303125
2012-06-14 08:10:50,768,1,69.784672619,-0.400818452381
2012-06-14 08:10:51,769,1,69.3197916667,-0.464880952381
2012-06-14 08:10:52,770,1,68.8005208333,-0.519270833333
2012-06-14 08:10:53,771,1,68.220610119,-0.579910714286
2012-06-14 08:10:54,772,1,67.5835565476,-0.637053571429
2012-06-14 08:10:55,773,1,66.9367559524,-0.646800595238
2012-06-14 08:10:56,774,1,66.3720982143,-0.564657738095
2012-06-14 08:10:57,775,1,65.9833333333,-0.388764880952
2012-06-14 08:10:58,776,1,65.8219494048,-0.161383928571
2012-06-14 08:10:59,777,1,65.8790178571,0.057068452381
2012-06-14 08:11:00,778,1,66.1031994048,0.224181547619
2012-06-14 08:11:01,779,1,66.4453125,0.342113095238
2012-06-14 08:11:02,780,1,66.873735119,0.428422619048
2012-06-14 08:11:03,781,1,67.3498511905,0.476116071429
2012-06-14 08:11:04,782,1,67.8210565476,0.471205357143
2012-06-14 08:11:05,783,1,68.2399553571,0.418898809524
2012-06-14 08:11:06,784,1,68.5866071429,0.346651785714
2012-06-14 08:11:07,785,1,68.8818452381,0.295238095238
2012-06-14 08:11:08,786,1,69.1624255952,0.280580357143
2012-06-14 08:11:09,787,1,69.4449404762,0.282514880952
2012-06-14 08:11:10,788,1,69.7412946429,0.296354166667
2012-06-14 08:11:11,789,1,70.088764881,0.347470238095
2012-06-14 08:11:12,790,1,70.5329613095,0.444196428571
2012-06-14 08:11:13,791,1,71.0907738095,0.5578125
2012-06-14 08:11:14,792,1,71.731547619,0.640773809524
2012-06-14 08:11:15,793,1,72.3822916667,0.650744047619
2012-06-14 08:11:16,794,1,72.9658482143,0.583556547619
2012-06-14 08:11:17,795,1,73.4486607143,0.4828125
2012-06-14 08:11:18,796,1,73.8468005952,0.398139880952
2012-06-14 08:11:19,797,1,74.2016369048,0.354836309524
2012-06-14 08:11:20,798,1,74.5696428571,0.368005952381
2012-06-14 08:11:21,799,1,75.0084821429,0.438839285714
2012-06-14 08:11:22,800,1,75.5401785714,0.531696428571
2012-06-14 08:11:23,801,1,76.1319196429,0.591741071429
2012-06-14 08:11:24,802,1,76.7150297619,0.583110119048
2012-06-14 08:11:25,803,1,77.2206845238,0.505654761905
2012-06-14 08:11:26,804,1,77.6122767857,0.391592261905
2012-06-14 08:11:27,805,1,77.8895833333,0.277306547619
2012-06-14 08:11:28,806,1,78.0619047619,0.172321428571
2012-06-14 08:11:29,807,1,78.1313988095,0.069494047619
2012-06-14 08:11:30,808,1,78.1036458333,-0.0277529761905
2012-06-14 08:11:31,809,1,77.9919642857,-0.111681547619
2012-06-14 08:11:32,810,1,77.8013392857,-0.190625
2012-06-14 08:11:33,811,1,77.531547619,-0.269791666667
2012-06-14 08:11:34,812,1,77.2193452381,-0.312202380952
2012-06-14 08:11:35,813,1,76.9448660714,-0.274479166667
2012-06-14 08:11:36,814,1,76.7470982143,-0.197767857143
2012-06-14 08:11:37,815,1,76.5570684524,-0.190029761905
2012-06-14 08:11:38,816,1,76.2580357143,-0.299032738095
2012-06-14 08:11:39,817,1,75.8079613095,-0.450074404762
2012-06-14 08:11:40,818,1,75.3044642857,-0.50349702381
2012-06-14 08:11:41,819,1,74.9233630952,-0.381101190476
2012-06-14 08:11:42,820,1,74.7695684524,-0.153794642857
2012-06-14 08:11:43,821,1,74.8081845238,0.0386160714286
2012-06-14 08:11:44,822,1,74.9413690476,0.13318452381
2012-06-14 08:11:45,823,1,75.0960565476,0.1546875
2012-06-14 08:11:46,824,1,75.2313988095,0.135342261905
2012-06-14 08:11:47,825,1,75.3072916667,0.0758928571429
2012-06-14 08:11:48,826,1,75.2749255952,-0.0323660714286
2012-06-14 08:11:49,827,1,75.1066220238,-0.168303571429
2012-06-14 08:11:50,828,1,74.8229166667,-0.283705357143
2012-06-14 08:11:51,829,1,74.4818452381,-0.341071428571
2012-06-14 08:11:52,830,1,74.1545386905,-0.327306547619
2012-06-14 08:11:53,831,1,73.9039434524,-0.250595238095
2012-06-14 08:11:54,832,1,73.7598214286,-0.14412202381
2012-06-14 08:11:55,833,1,73.704389881,-0.055431547619
2012-06-14 08:11:56,834,1,73.6827380952,-0.0216517857143
2012-06-14 08:11:57,835,1,73.6306547619,-0.0520833333333
2012-06-14 08:11:58,836,1,73.5005952381,-0.13005952381
2012-06-14 08:11:59,837,1,73.260639881,-0.239955357143
2012-06-14 08:12:00,838,1,72.8757440476,-0.384895833333
2012-06-14 08:12:01,839,1,72.3224702381,-0.553273809524
2012-06-14 08:12:02,840,1,71.6438244048,-0.678645833333
2012-06-14 08:12:03,841,1,70.9694940476,-0.674330357143
2012-06-14 08:12:04,842,1,70.4444196429,-0.525074404762
2012-06-14 08:12:05,843,1,70.11875,-0.325669642857
2012-06-14 08:12:06,844,1,69.9094494048,-0.209300595238
2012-06-14 08:12:07,845,1,69.6723958333,-0.237053571429
2012-06-14 08:12:08,846,1,69.3176339286,-0.354761904762
2012-06-14 08:12:09,847,1,68.8743303571,-0.443303571429
2012-06-14 08:12:10,848,1,68.463764881,-0.41056547619
2012-06-14 08:12:11,849,1,68.2121279762,-0.251636904762
2012-06-14 08:12:12,850,1,68.1770089286,-0.0351190476191
2012-06-14 08:12:13,851,1,68.3323660714,0.155357142857
2012-06-14 08:12:14,852,1,68.5994791667,0.267113095238
2012-06-14 08:12:15,853,1,68.8956845238,0.296205357143
2012-06-14 08:12:16,854,1,69.1738095238,0.278125
2012-06-14 08:12:17,855,1,69.4252232143,0.251413690476
2012-06-14 08:12:18,856,1,69.6572916667,0.232068452381
2012-06-14 08:12:19,857,1,69.8806547619,0.223363095238
2012-06-14 08:12:20,858,1,70.1048363095,0.224181547619
2012-06-14 08:12:21,859,1,70.3296130952,0.224776785714
2012-06-14 08:12:22,860,1,70.5478422619,0.218229166667
2012-06-14 08:12:23,861,1,70.760639881,0.212797619048
2012-06-14 08:12:24,862,1,70.9842261905,0.223586309524
2012-06-14 08:12:25,863,1,71.2453869048,0.261160714286
2012-06-14 08:12:26,864,1,71.5709821429,0.325595238095
2012-06-14 08:12:27,865,1,71.9726934524,0.401711309524
2012-06-14 08:12:28,866,1,72.4324404762,0.45974702381
2012-06-14 08:12:29,867,1,72.8991815476,0.466741071429
2012-06-14 08:12:30,868,1,73.3107142857,0.411532738095
2012-06-14 08:12:31,869,1,73.6313988095,0.32068452381
2012-06-14 08:12:32,870,1,73.8700892857,0.23869047619
2012-06-14 08:12:33,871,1,74.0683779762,0.198288690476
2012-06-14 08:12:34,872,1,74.275297619,0.206919642857
2012-06-14 08:12:35,873,1,74.5082589286,0.232961309524
2012-06-14 08:12:36,874,1,74.7183779762,0.210119047619
2012-06-14 08:12:37,875,1,74.8115327381,0.0931547619047
2012-06-14 08:12:38,876,1,74.7217261905,-0.089806547619
2012-06-14 08:12:39,877,1,74.4649553571,-0.256770833333
2012-06-14 08:12:40,878,1,74.1285714286,-0.336383928571
2012-06-14 08:12:41,879,1,73.8101934524,-0.31837797619
2012-06-14 08:12:42,880,1,73.5552827381,-0.254910714286
2012-06-14 08:12:43,881,1,73.3505208333,-0.204761904762
2012-06-14 08:12:44,882,1,73.1716517857,-0.178869047619
2012-06-14 08:12:45,883,1,73.0183779762,-0.153273809524
2012-06-14 08:12:46,884,1,72.9020089286,-0.116369047619
2012-06-14 08:12:47,885,1,72.8223958333,-0.0796130952381
2012-06-14 08:12:48,886,1,72.7749255952,-0.0474702380952
2012-06-14 08:12:49,887,1,72.7726190476,-0.0023065476191
2012-06-14 08:12:50,888,1,72.8311755952,0.0585565476191
2012-06-14 08:12:51,889,1,72.9270833333,0.0959077380952
2012-06-14 08:12:52,890,1,73.0007440476,0.0736607142857
2012-06-14 08:12:53,891,1,73.0015625,0.000818452381012
2012-06-14 08:12:54,892,1,72.9180803571,-0.0834821428571
2012-06-14 08:12:55,893,1,72.7877232143,-0.130357142857
2012-06-14 08:12:56,894,1,72.669047619,-0.118675595238
2012-06-14 08:12:57,895,1,72.5712797619,-0.0977678571428
2012-06-14 08:12:58,896,1,72.4384672619,-0.1328125
2012-06-14 08:12:59,897,1,72.2115327381,-0.22693452381
2012-06-14 08:13:00,898,1,71.863764881,-0.347767857143
2012-06-14 08:13:01,899,1,71.4030505952,-0.460714285714
2012-06-14 08:13:02,900,1,70.8896577381,-0.513392857143
2012-06-14 08:13:03,901,1,70.4399553571,-0.449702380952
2012-06-14 08:13:04,902,1,70.1994047619,-0.240550595238
2012-06-14 08:13:05,903,1,70.2863095238,0.0869047619047
2012-06-14 08:13:06,904,1,70.7147321429,0.428422619048
2012-06-14 08:13:07,905,1,71.3745535714,0.659821428572
2012-06-14 08:13:08,906,1,72.1089285714,0.734375
2012-06-14 08:13:09,907,1,72.8119791667,0.703050595238
2012-06-14 08:13:10,908,1,73.4594494048,0.647470238095
2012-06-14 08:13:11,909,1,74.0607142857,0.601264880952
2012-06-14 08:13:12,910,1,74.6005952381,0.539880952381
2012-06-14 08:13:13,911,1,75.0408482143,0.440252976191
2012-06-14 08:13:14,912,1,75.3595238095,0.318675595238
2012-06-14 08:13:15,913,1,75.5677083333,0.20818452381
2012-06-14 08:13:16,914,1,75.6978422619,0.130133928571
2012-06-14 08:13:17,915,1,75.784672619,0.0868303571428
2012-06-14 08:13:18,916,1,75.8447916667,0.0601190476191
2012-06-14 08:13:19,917,1,75.8635416667,0.0187499999999
2012-06-14 08:13:20,918,1,75.8017113095,-0.0618303571428
2012-06-14 08:13:21,919,1,75.6196428571,-0.182068452381
2012-06-14 08:13:22,920,1,75.3022321429,-0.317410714286
2012-06-14 08:13:23,921,1,74.8659970238,-0.436235119048
2012-06-14 08:13:24,922,1,74.3419642857,-0.524032738095
2012-06-14 08:13:25,923,1,73.7535714286,-0.588392857143
2012-06-14 08:13:26,924,1,73.1185267857,-0.635044642857
2012-06-14 08:13:27,925,1,72.4709077381,-0.647619047619
2012-06-14 08:13:28,926,1,71.8692708333,-0.601636904762
2012-06-14 08:13:29,927,1,71.3800595238,-0.489211309524
2012-06-14 08:13:30,928,1,71.0589285714,-0.321130952381
2012-06-14 08:13:31,929,1,70.9415178571,-0.117410714286
2012-06-14 08:13:32,930,1,71.0340029762,0.0924851190476
2012-06-14 08:13:33,931,1,71.3048363095,0.270833333333
2012-06-14 08:13:34,932,1,71.689360119,0.384523809524
2012-06-14 08:13:35,933,1,72.1049107143,0.415550595238
2012-06-14 08:13:36,934,1,72.4712053571,0.366294642857
2012-06-14 08:13:37,935,1,72.7322172619,0.261011904762
2012-06-14 08:13:38,936,1,72.865922619,0.133705357143
2012-06-14 08:13:39,937,1,72.8804315476,0.0145089285714
2012-06-14 08:13:40,938,1,72.8066964286,-0.0737351190476
2012-06-14 08:13:41,939,1,72.6857886905,-0.120907738095
2012-06-14 08:13:42,940,1,72.5544642857,-0.131324404762
2012-06-14 08:13:43,941,1,72.4415922619,-0.11287202381
2012-06-14 08:13:44,942,1,72.3695684524,-0.0720238095237
2012-06-14 08:13:45,943,1,72.3470238095,-0.0225446428572
2012-06-14 08:13:46,944,1,72.3583333333,0.0113095238095
2012-06-14 08:13:47,945,1,72.3697172619,0.0113839285715
2012-06-14 08:13:48,946,1,72.3521577381,-0.0175595238096
2012-06-14 08:13:49,947,1,72.2915178571,-0.0606398809524
2012-06-14 08:13:50,948,1,72.1719494048,-0.119568452381
2012-06-14 08:13:51,949,1,71.9603422619,-0.211607142857
2012-06-14 08:13:52,950,1,71.6301339286,-0.330208333333
2012-06-14 08:13:53,951,1,71.2179315476,-0.412202380952
2012-06-14 08:13:54,952,1,70.829985119,-0.387946428571
2012-06-14 08:13:55,953,1,70.5555059524,-0.274479166667
2012-06-14 08:13:56,954,1,70.3995535714,-0.155952380952
2012-06-14 08:13:57,955,1,70.3149553571,-0.0845982142858
2012-06-14 08:13:58,956,1,70.2510416667,-0.0639136904761
2012-06-14 08:13:59,957,1,70.1828869048,-0.0681547619048
2012-06-14 08:14:00,958,1,70.1337053571,-0.0491815476191
2012-06-14 08:14:01,959,1,70.1441964286,0.0104910714286
2012-06-14 08:14:02,960,1,70.2348214286,0.090625
2012-06-14 08:14:03,961,1,70.4180059524,0.18318452381
2012-06-14 08:14:04,962,1,70.6876488095,0.269642857143
2012-06-14 08:14:05,963,1,71.0014136905,0.313764880952
2012-06-14 08:14:06,964,1,71.3251488095,0.323735119048
2012-06-14 08:14:07,965,1,71.6681547619,0.343005952381
2012-06-14 08:14:08,966,1,72.0621279762,0.393973214286
2012-06-14 08:14:09,967,1,72.5329613095,0.470833333333
2012-06-14 08:14:10,968,1,73.0854910714,0.552529761905
2012-06-14 08:14:11,969,1,73.7033482143,0.617857142857
2012-06-14 08:14:12,970,1,74.3633184524,0.659970238095
2012-06-14 08:14:13,971,1,75.0422619048,0.678943452381
2012-06-14 08:14:14,972,1,75.7101190476,0.667857142857
2012-06-14 08:14:15,973,1,76.3276785714,0.61755952381
2012-06-14 08:14:16,974,1,76.8601934524,0.532514880952
2012-06-14 08:14:17,975,1,77.2932291667,0.433035714286
2012-06-14 08:14:18,976,1,77.634375,0.341145833333
2012-06-14 08:14:19,977,1,77.9030505952,0.268675595238
2012-06-14 08:14:20,978,1,78.120610119,0.217559523809
2012-06-14 08:14:21,979,1,78.3125744048,0.191964285714
2012-06-14 08:14:22,980,1,78.5151041667,0.202529761905
2012-06-14 08:14:23,981,1,78.7564732143,0.241369047619
2012-06-14 08:14:24,982,1,79.0209077381,0.264434523809
2012-06-14 08:14:25,983,1,79.2473958333,0.226488095238
2012-06-14 08:14:26,984,1,79.3748511905,0.127455357143
2012-06-14 08:14:27,985,1,79.3851190476,0.0102678571428
2012-06-14 08:14:28,986,1,79.3117559524,-0.0733630952381
2012-06-14 08:14:29,987,1,79.2213541667,-0.0904017857142
2012-06-14 08:14:30,988,1,79.1836309524,-0.0377232142858
2012-06-14 08:14:31,989,1,79.248139881,0.0645089285715
2012-06-14 08:14:32,990,1,79.4353422619,0.187202380952
2012-06-14 08:14:33,991,1,79.7329613095,0.297619047619
2012-06-14 08:14:34,992,1,80.0958333333,0.36287202381
2012-06-14 08:14:35,993,1,80.4615327381,0.365699404762
2012-06-14 08:14:36,994,1,80.7805059524,0.318973214286
2012-06-14 08:14:37,995,1,81.0363839286,0.25587797619
2012-06-14 08:14:38,996,1,81.2400297619,0.203645833333
2012-06-14 08:14:39,997,1,81.407514881,0.167485119048
2012-06-14 08:14:40,998,1,81.5401785714,0.132663690476
2012-06-14 08:14:41,999,1,81.6207589286,0.0805803571428
2012-06-14 08:14:42,1000,1,81.6281994048,0.0074404761905
2012-06-14 08:14:43,1001,1,81.5475446429,-0.0806547619047
2012-06-14 08:14:44,1002,1,81.3523809524,-0.195163690476
2012-06-14 08:14:45,1003,1,80.9880952381,-0.364285714286
2012-06-14 08:14:46,1004,1,80.4016369048,-0.586458333333
2012-06-14 08:14:47,1005,1,79.5962053571,-0.805431547619
2012-06-14 08:14:48,1006,1,78.6485863095,-0.947619047619
2012-06-14 08:14:49,1007,1,77.6732886905,-0.975297619048
2012-06-14 08:14:50,1008,1,76.7514136905,-0.921875
2012-06-14 08:14:51,1009,1,75.8632440476,-0.888169642857
2012-06-14 08:14:52,1010,1,74.901264881,-0.961979166667
2012-06-14 08:14:53,1011,1,73.7720982143,-1.12916666667
2012-06-14 08:14:54,1012,1,72.4746279762,-1.2974702381
2012-06-14 08:14:55,1013,1,71.0796130952,-1.39501488095
2012-06-14 08:14:56,1014,1,69.6604910714,-1.41912202381
2012-06-14 08:14:57,1015,1,68.2552827381,-1.40520833333
2012-06-14 08:14:58,1016,1,66.8850446429,-1.37023809524
2012-06-14 08:14:59,1017,1,65.5816220238,-1.30342261905
2012-06-14 08:15:00,1018,1,64.3852678571,-1.19635416667
2012-06-14 08:15:01,1019,1,63.3473214286,-1.03794642857
2012-06-14 08:15:02,1020,1,62.5430803571,-0.804241071428
2012-06-14 08:15:03,1021,1,62.0522321429,-0.490848214286
2012-06-14 08:15:04,1022,1,61.9156994048,-0.136532738095
2012-06-14 08:15:05,1023,1,62.0930803571,0.177380952381
2012-06-14 08:15:06,1024,1,62.4619791667,0.368898809524
2012-06-14 08:15:07,1025,1,62.9020089286,0.440029761905
2012-06-14 08:15:08,1026,1,63.3712797619,0.469270833333
2012-06-14 08:15:09,1027,1,63.8790922619,0.5078125
2012-06-14 08:15:10,1028,1,64.4301339286,0.551041666667
2012-06-14 08:15:11,1029,1,65.0150297619,0.584895833333
2012-06-14 08:15:12,1030,1,65.6130208333,0.597991071428
2012-06-14 08:15:13,1031,1,66.1793154762,0.566294642857
2012-06-14 08:15:14,1032,1,66.6467261905,0.467410714286
2012-06-14 08:15:15,1033,1,66.9702380952,0.323511904762
2012-06-14 08:15:16,1034,1,67.1777529762,0.207514880952
2012-06-14 08:15:17,1035,1,67.3598214286,0.182068452381
2012-06-14 08:15:18,1036,1,67.5973214286,0.2375
2012-06-14 08:15:19,1037,1,67.8986607143,0.301339285714
2012-06-14 08:15:20,1038,1,68.2113095238,0.312648809524
2012-06-14 08:15:21,1039,1,68.4883928571,0.277083333333
2012-06-14 08:15:22,1040,1,68.7196428571,0.23125
2012-06-14 08:15:23,1041,1,68.8886904762,0.169047619048
2012-06-14 08:15:24,1042,1,68.9313988095,0.0427083333333
2012-06-14 08:15:25,1043,1,68.7697172619,-0.161681547619
2012-06-14 08:15:26,1044,1,68.3872767857,-0.38244047619
2012-06-14 08:15:27,1045,1,67.8537946429,-0.533482142857
2012-06-14 08:15:28,1046,1,67.2697172619,-0.584077380952
2012-06-14 08:15:29,1047,1,66.7026041667,-0.567113095238
2012-06-14 08:15:30,1048,1,66.1843005952,-0.518303571429
2012-06-14 08:15:31,1049,1,65.7438244048,-0.440476190476
2012-06-14 08:15:32,1050,1,65.4156994048,-0.328125
2012-06-14 08:15:33,1051,1,65.2232142857,-0.192485119048
2012-06-14 08:15:34,1052,1,65.1751488095,-0.0480654761905
2012-06-14 08:15:35,1053,1,65.284077381,0.108928571429
2012-06-14 08:15:36,1054,1,65.5770833333,0.293005952381
2012-06-14 08:15:37,1055,1,66.0761904762,0.499107142857
2012-06-14 08:15:38,1056,1,66.7663690476,0.690178571429
2012-06-14 08:15:39,1057,1,67.5919642857,0.825595238095
2012-06-14 08:15:40,1058,1,68.490625,0.898660714286
2012-06-14 08:15:41,1059,1,69.4238095238,0.93318452381
2012-06-14 08:15:42,1060,1,70.3664434524,0.942633928571
2012-06-14 08:15:43,1061,1,71.278125,0.911681547619
2012-06-14 08:15:44,1062,1,72.1039434524,0.825818452381
2012-06-14 08:15:45,1063,1,72.8039434524,0.7
2012-06-14 08:15:46,1064,1,73.3732142857,0.569270833333
2012-06-14 08:15:47,1065,1,73.8336309524,0.460416666667
2012-06-14 08:15:48,1066,1,74.2063244048,0.372693452381
2012-06-14 08:15:49,1067,1,74.4884672619,0.282142857143
2012-06-14 08:15:50,1068,1,74.6525297619,0.1640625
2012-06-14 08:15:51,1069,1,74.6703869048,0.0178571428571
2012-06-14 08:15:52,1070,1,74.5546130952,-0.115773809524
2012-06-14 08:15:53,1071,1,74.3875,-0.167113095238
2012-06-14 08:15:54,1072,1,74.2923363095,-0.0951636904762
2012-06-14 08:15:55,1073,1,74.3444196429,0.0520833333333
2012-06-14 08:15:56,1074,1,74.4984375,0.154017857143
2012-06-14 08:15:57,1075,1,74.6139880952,0.115550595238
2012-06-14 08:15:58,1076,1,74.5686755952,-0.0453125
2012-06-14 08:15:59,1077,1,74.363764881,-0.204910714286
2012-06-14 08:16:00,1078,1,74.1197172619,-0.244047619048
2012-06-14 08:16:01,1079,1,73.9616071429,-0.158110119048
2012-06-14 08:16:02,1080,1,73.9210565476,-0.0405505952381
2012-06-14 08:16:03,1081,1,73.9383184524,0.017261904762
2012-06-14 08:16:04,1082,1,73.923735119,-0.0145833333334
2012-06-14 08:16:05,1083,1,73.8198660714,-0.103869047619
2012-06-14 08:16:06,1084,1,73.6289434524,-0.190922619048
2012-06-14 08:16:07,1085,1,73.3948660714,-0.234077380952
2012-06-14 08:16:08,1086,1,73.1688988095,-0.225967261905
2012-06-14 08:16:09,1087,1,72.9883928571,-0.180505952381
2012-06-14 08:16:10,1088,1,72.8726190476,-0.115773809524
2012-06-14 08:16:11,1089,1,72.8255952381,-0.0470238095238
2012-06-14 08:16:12,1090,1,72.8383184524,0.0127232142858
2012-06-14 08:16:13,1091,1,72.892485119,0.0541666666666
2012-06-14 08:16:14,1092,1,72.962202381,0.0697172619048
2012-06-14 08:16:15,1093,1,73.0146577381,0.0524553571428
2012-06-14 08:16:16,1094,1,73.0207589286,0.0061011904762
2012-06-14 08:16:17,1095,1,72.9698660714,-0.0508928571428
2012-06-14 08:16:18,1096,1,72.8743303571,-0.0955357142857
2012-06-14 08:16:19,1097,1,72.7603422619,-0.113988095238
2012-06-14 08:16:20,1098,1,72.6491071429,-0.111235119048
2012-06-14 08:16:21,1099,1,72.5418154762,-0.107291666667
2012-06-14 08:16:22,1100,1,72.4240327381,-0.117782738095
2012-06-14 08:16:23,1101,1,72.2912202381,-0.1328125
2012-06-14 08:16:24,1102,1,72.16875,-0.122470238095
2012-06-14 08:16:25,1103,1,72.0923363095,-0.0764136904762
2012-06-14 08:16:26,1104,1,72.0714285714,-0.0209077380952
2012-06-14 08:16:27,1105,1,72.0879464286,0.0165178571428
2012-06-14 08:16:28,1106,1,72.1220982143,0.0341517857143
2012-06-14 08:16:29,1107,1,72.1686011905,0.0465029761905
2012-06-14 08:16:30,1108,1,72.2363095238,0.0677083333333
2012-06-14 08:16:31,1109,1,72.3311755952,0.0948660714286
2012-06-14 08:16:32,1110,1,72.4385416667,0.107366071429
2012-06-14 08:16:33,1111,1,72.5345238095,0.0959821428571
2012-06-14 08:16:34,1112,1,72.6125,0.0779761904762
2012-06-14 08:16:35,1113,1,72.6860863095,0.0735863095238
2012-06-14 08:16:36,1114,1,72.763764881,0.0776785714286
2012-06-14 08:16:37,1115,1,72.8183779762,0.0546130952381
2012-06-14 08:16:38,1116,1,72.7861607143,-0.0322172619048
2012-06-14 08:16:39,1117,1,72.6193452381,-0.16681547619
2012-06-14 08:16:40,1118,1,72.3546130952,-0.264732142857
2012-06-14 08:16:41,1119,1,72.1120535714,-0.242559523809
2012-06-14 08:16:42,1120,1,72.0029017857,-0.109151785714
2012-06-14 08:16:43,1121,1,72.0359375,0.0330357142857
2012-06-14 08:16:44,1122,1,72.1166666667,0.0807291666667
2012-06-14 08:16:45,1123,1,72.1327380952,0.0160714285714
2012-06-14 08:16:46,1124,1,72.0379464286,-0.0947916666667
2012-06-14 08:16:47,1125,1,71.8578125,-0.180133928571
2012-06-14 08:16:48,1126,1,71.6313244048,-0.226488095238
2012-06-14 08:16:49,1127,1,71.368452381,-0.262872023809
2012-06-14 08:16:50,1128,1,71.062202381,-0.30625
2012-06-14 08:16:51,1129,1,70.724702381,-0.3375
2012-06-14 08:16:52,1130,1,70.3994047619,-0.325297619048
2012-06-14 08:16:53,1131,1,70.1339285714,-0.265476190476
2012-06-14 08:16:54,1132,1,69.9493303571,-0.184598214286
2012-06-14 08:16:55,1133,1,69.8389136905,-0.110416666667
2012-06-14 08:16:56,1134,1,69.7757440476,-0.0631696428572
2012-06-14 08:16:57,1135,1,69.7149553571,-0.0607886904761
2012-06-14 08:16:58,1136,1,69.6166666667,-0.0982886904762
2012-06-14 08:16:59,1137,1,69.4786458333,-0.138020833333
2012-06-14 08:17:00,1138,1,69.3360863095,-0.14255952381
2012-06-14 08:17:01,1139,1,69.2314732143,-0.104613095238
2012-06-14 08:17:02,1140,1,69.1869047619,-0.0445684523809
2012-06-14 08:17:03,1141,1,69.206547619,0.0196428571428
2012-06-14 08:17:04,1142,1,69.3176339286,0.111086309524
2012-06-14 08:17:05,1143,1,69.5910714286,0.2734375
2012-06-14 08:17:06,1144,1,70.073735119,0.482663690476
2012-06-14 08:17:07,1145,1,70.697172619,0.6234375
2012-06-14 08:17:08,1146,1,71.2970238095,0.599851190476
2012-06-14 08:17:09,1147,1,71.737202381,0.440178571429
2012-06-14 08:17:10,1148,1,72.0003720238,0.263169642857
2012-06-14 08:17:11,1149,1,72.1678571429,0.167485119048
2012-06-14 08:17:12,1150,1,72.3332589286,0.165401785714
2012-06-14 08:17:13,1151,1,72.5384672619,0.205208333333
2012-06-14 08:17:14,1152,1,72.7854166667,0.246949404762
2012-06-14 08:17:15,1153,1,73.0824404762,0.297023809524
2012-06-14 08:17:16,1154,1,73.451264881,0.368824404762
2012-06-14 08:17:17,1155,1,73.9029761905,0.451711309524
2012-06-14 08:17:18,1156,1,74.433110119,0.530133928571
2012-06-14 08:17:19,1157,1,75.0392113095,0.606101190476
2012-06-14 08:17:20,1158,1,75.7296130952,0.690401785714
2012-06-14 08:17:21,1159,1,76.501264881,0.771651785714
2012-06-14 08:17:22,1160,1,77.3072172619,0.805952380952
2012-06-14 08:17:23,1161,1,78.0607886905,0.753571428571
2012-06-14 08:17:24,1162,1,78.6811011905,0.6203125
2012-06-14 08:17:25,1163,1,79.137797619,0.456696428571
2012-06-14 08:17:26,1164,1,79.4588541667,0.321056547619
2012-06-14 08:17:27,1165,1,79.696875,0.238020833333
2012-06-14 08:17:28,1166,1,79.8870535714,0.190178571429
2012-06-14 08:17:29,1167,1,80.037797619,0.150744047619
2012-06-14 08:17:30,1168,1,80.1494791667,0.111681547619
2012-06-14 08:17:31,1169,1,80.2270833333,0.0776041666666
2012-06-14 08:17:32,1170,1,80.276264881,0.0491815476191
2012-06-14 08:17:33,1171,1,80.2970982143,0.0208333333333
2012-06-14 08:17:34,1172,1,80.2866071429,-0.0104910714285
2012-06-14 08:17:35,1173,1,80.2467261905,-0.039880952381
2012-06-14 08:17:36,1174,1,80.1879464286,-0.0587797619048
2012-06-14 08:17:37,1175,1,80.1258928571,-0.0620535714285
2012-06-14 08:17:38,1176,1,80.0761160714,-0.0497767857143
2012-06-14 08:17:39,1177,1,80.0516369048,-0.0244791666667
2012-06-14 08:17:40,1178,1,80.0629464286,0.0113095238095
2012-06-14 08:17:41,1179,1,80.1177083333,0.0547619047619
2012-06-14 08:17:42,1180,1,80.2181547619,0.100446428572
2012-06-14 08:17:43,1181,1,80.3561755952,0.138020833333
2012-06-14 08:17:44,1182,1,80.506547619,0.150372023809
2012-06-14 08:17:45,1183,1,80.620610119,0.1140625
2012-06-14 08:17:46,1184,1,80.6318452381,0.0112351190476
2012-06-14 08:17:47,1185,1,80.4870535714,-0.144791666667
2012-06-14 08:17:48,1186,1,80.1905505952,-0.296502976191
2012-06-14 08:17:49,1187,1,79.8166666667,-0.373883928571
2012-06-14 08:17:50,1188,1,79.4662202381,-0.350446428572
2012-06-14 08:17:51,1189,1,79.2036458333,-0.262574404762
2012-06-14 08:17:52,1190,1,79.0273809524,-0.176264880952
2012-06-14 08:17:53,1191,1,78.8908482143,-0.136532738095
2012-06-14 08:17:54,1192,1,78.7549107143,-0.1359375
2012-06-14 08:17:55,1193,1,78.6265625,-0.128348214286
2012-06-14 08:17:56,1194,1,78.5516369048,-0.0749255952381
2012-06-14 08:17:57,1195,1,78.5697916667,0.0181547619048
2012-06-14 08:17:58,1196,1,78.6618303571,0.0920386904761
2012-06-14 08:17:59,1197,1,78.739360119,0.0775297619048
2012-06-14 08:18:00,1198,1,78.7014136905,-0.0379464285714
2012-06-14 08:18:01,1199,1,78.4991071429,-0.202306547619
2012-06-14 08:18:02,1200,1,78.147172619,-0.35193452381
2012-06-14 08:18:03,1201,1,77.6919642857,-0.455208333333
2012-06-14 08:18:04,1202,1,77.1677083333,-0.524255952381
2012-06-14 08:18:05,1203,1,76.5736607143,-0.594047619048
2012-06-14 08:18:06,1204,1,75.896577381,-0.677083333333
2012-06-14 08:18:07,1205,1,75.1551339286,-0.741443452381
2012-06-14 08:18:08,1206,1,74.4164434524,-0.73869047619
2012-06-14 08:18:09,1207,1,73.765625,-0.650818452381
2012-06-14 08:18:10,1208,1,73.2610863095,-0.504538690476
2012-06-14 08:18:11,1209,1,72.9078869048,-0.353199404762
2012-06-14 08:18:12,1210,1,72.6364583333,-0.271428571429
2012-06-14 08:18:13,1211,1,72.3205357143,-0.315922619048
2012-06-14 08:18:14,1212,1,71.8797619048,-0.440773809524
2012-06-14 08:18:15,1213,1,71.3485119048,-0.53125
2012-06-14 08:18:16,1214,1,70.8239583333,-0.524553571429
2012-06-14 08:18:17,1215,1,70.4081845238,-0.415773809524
2012-06-14 08:18:18,1216,1,70.1813988095,-0.226785714286
2012-06-14 08:18:19,1217,1,70.1691220238,-0.0122767857143
2012-06-14 08:18:20,1218,1,70.3603422619,0.191220238095
2012-06-14 08:18:21,1219,1,70.7384672619,0.378125
2012-06-14 08:18:22,1220,1,71.2520089286,0.513541666667
2012-06-14 08:18:23,1221,1,71.8082589286,0.55625
2012-06-14 08:18:24,1222,1,72.3192708333,0.511011904762
2012-06-14 08:18:25,1223,1,72.7223958333,0.403125
2012-06-14 08:18:26,1224,1,72.9776041667,0.255208333333
2012-06-14 08:18:27,1225,1,73.0771577381,0.0995535714285
2012-06-14 08:18:28,1226,1,73.0517857143,-0.0253720238095
2012-06-14 08:18:29,1227,1,72.9561755952,-0.0956101190476
2012-06-14 08:18:30,1228,1,72.8429315476,-0.113244047619
2012-06-14 08:18:31,1229,1,72.7444196429,-0.0985119047619
2012-06-14 08:18:32,1230,1,72.6725446429,-0.071875
2012-06-14 08:18:33,1231,1,72.6273809524,-0.0451636904762
2012-06-14 08:18:34,1232,1,72.6036458333,-0.0237351190476
2012-06-14 08:18:35,1233,1,72.601860119,-0.0017857142857
2012-06-14 08:18:36,1234,1,72.646875,0.0450148809524
2012-06-14 08:18:37,1235,1,72.7892857143,0.142410714286
2012-06-14 08:18:38,1236,1,73.0695684524,0.280282738095
2012-06-14 08:18:39,1237,1,73.4636904762,0.39412202381
2012-06-14 08:18:40,1238,1,73.8636904762,0.4
2012-06-14 08:18:41,1239,1,74.1290178571,0.265327380952
2012-06-14 08:18:42,1240,1,74.1661458333,0.0371279761904
2012-06-14 08:18:43,1241,1,73.9646577381,-0.201488095238
2012-06-14 08:18:44,1242,1,73.5750744048,-0.389583333333
2012-06-14 08:18:45,1243,1,73.0615327381,-0.513541666667
2012-06-14 08:18:46,1244,1,72.4735863095,-0.587946428571
2012-06-14 08:18:47,1245,1,71.8498511905,-0.623735119048
2012-06-14 08:18:48,1246,1,71.2204613095,-0.629389880952
2012-06-14 08:18:49,1247,1,70.6042410714,-0.616220238095
2012-06-14 08:18:50,1248,1,70.0238095238,-0.580431547619
2012-06-14 08:18:51,1249,1,69.5130952381,-0.510714285714
2012-06-14 08:18:52,1250,1,69.0928571429,-0.420238095238
2012-06-14 08:18:53,1251,1,68.7453125,-0.347544642857
2012-06-14 08:18:54,1252,1,68.4158482143,-0.329464285714
2012-06-14 08:18:55,1253,1,68.0424107143,-0.3734375
2012-06-14 08:18:56,1254,1,67.5959821429,-0.446428571429
2012-06-14 08:18:57,1255,1,67.0930803571,-0.502901785714
2012-06-14 08:18:58,1256,1,66.5669642857,-0.526116071429
2012-06-14 08:18:59,1257,1,66.0375,-0.529464285714
2012-06-14 08:19:00,1258,1,65.5094494048,-0.528050595238
2012-06-14 08:19:01,1259,1,64.9863095238,-0.523139880952
2012-06-14 08:19:02,1260,1,64.4787202381,-0.507589285714
2012-06-14 08:19:03,1261,1,64.0005952381,-0.478125
2012-06-14 08:19:04,1262,1,63.5611607143,-0.43943452381
2012-06-14 08:19:05,1263,1,63.1646577381,-0.39650297619
2012-06-14 08:19:06,1264,1,62.8151041667,-0.349553571429
2012-06-14 08:19:07,1265,1,62.5141369048,-0.300967261905
2012-06-14 08:19:08,1266,1,62.2535714286,-0.260565476191
2012-06-14 08:19:09,1267,1,62.0227678571,-0.230803571428
2012-06-14 08:19:10,1268,1,61.8376488095,-0.185119047619
2012-06-14 08:19:11,1269,1,61.7573660714,-0.0802827380952
2012-06-14 08:19:12,1270,1,61.8476190476,0.0902529761905
2012-06-14 08:19:13,1271,1,62.1040922619,0.256473214286
2012-06-14 08:19:14,1272,1,62.4145089286,0.310416666667
2012-06-14 08:19:15,1273,1,62.6297619048,0.21525297619
2012-06-14 08:19:16,1274,1,62.7008184524,0.071056547619
2012-06-14 08:19:17,1275,1,62.742485119,0.0416666666667
2012-06-14 08:19:18,1276,1,62.9555059524,0.213020833333
2012-06-14 08:19:19,1277,1,63.4877232143,0.532217261905
2012-06-14 08:19:20,1278,1,64.3532738095,0.865550595238
2012-06-14 08:19:21,1279,1,65.4508928571,1.09761904762
2012-06-14 08:19:22,1280,1,66.6418154762,1.19092261905
2012-06-14 08:19:23,1281,1,67.8193452381,1.1775297619
2012-06-14 08:19:24,1282,1,68.9300595238,1.11071428571
2012-06-14 08:19:25,1283,1,69.9572172619,1.0271577381
2012-06-14 08:19:26,1284,1,70.8920386905,0.934821428571
2012-06-14 08:19:27,1285,1,71.7086309524,0.816592261905
2012-06-14 08:19:28,1286,1,72.3623511905,0.653720238095
2012-06-14 08:19:29,1287,1,72.8208333333,0.458482142857
2012-06-14 08:19:30,1288,1,73.0944940476,0.273660714286
2012-06-14 08:19:31,1289,1,73.225297619,0.130803571429
2012-06-14 08:19:32,1290,1,73.2534970238,0.0281994047619
2012-06-14 08:19:33,1291,1,73.215327381,-0.0381696428571
2012-06-14 08:19:34,1292,1,73.1642857143,-0.0510416666667
2012-06-14 08:19:35,1293,1,73.1570684524,-0.0072172619048
2012-06-14 08:19:36,1294,1,73.1944196429,0.0373511904762
2012-06-14 08:19:37,1295,1,73.1919642857,-0.00245535714279
2012-06-14 08:19:38,1296,1,73.0444196429,-0.147544642857
2012-06-14 08:19:39,1297,1,72.7305059524,-0.313913690476
2012-06-14 08:19:40,1298,1,72.3470238095,-0.383482142857
2012-06-14 08:19:41,1299,1,72.0337797619,-0.313244047619
2012-06-14 08:19:42,1300,1,71.8564732143,-0.177306547619
2012-06-14 08:19:43,1301,1,71.7581845238,-0.0982886904762
2012-06-14 08:19:44,1302,1,71.6241815476,-0.134002976191
2012-06-14 08:19:45,1303,1,71.3818452381,-0.242336309524
2012-06-14 08:19:46,1304,1,71.0323660714,-0.349479166667
2012-06-14 08:19:47,1305,1,70.6069940476,-0.42537202381
2012-06-14 08:19:48,1306,1,70.1156994048,-0.491294642857
2012-06-14 08:19:49,1307,1,69.5342261905,-0.581473214286
2012-06-14 08:19:50,1308,1,68.8273065476,-0.706919642857
2012-06-14 08:19:51,1309,1,67.9880952381,-0.839211309524
2012-06-14 08:19:52,1310,1,67.0592261905,-0.928869047619
2012-06-14 08:19:53,1311,1,66.1119047619,-0.947321428571
2012-06-14 08:19:54,1312,1,65.2145089286,-0.897395833333
2012-06-14 08:19:55,1313,1,64.425,-0.789508928571
2012-06-14 08:19:56,1314,1,63.7882440476,-0.636755952381
2012-06-14 08:19:57,1315,1,63.3209821429,-0.467261904762
2012-06-14 08:19:58,1316,1,63.0022321429,-0.31875
2012-06-14 08:19:59,1317,1,62.7830357143,-0.219196428571
2012-06-14 08:20:00,1318,1,62.6102678571,-0.172767857143
2012-06-14 08:20:01,1319,1,62.4441220238,-0.166145833333
2012-06-14 08:20:02,1320,1,62.2496279762,-0.194494047619
2012-06-14 08:20:03,1321,1,61.9771577381,-0.272470238095
2012-06-14 08:20:04,1322,1,61.5694940476,-0.407663690476
2012-06-14 08:20:05,1323,1,61.0046130952,-0.564880952381
2012-06-14 08:20:06,1324,1,60.3247767857,-0.679836309524
2012-06-14 08:20:07,1325,1,59.5965029762,-0.728273809524
2012-06-14 08:20:08,1326,1,58.8509672619,-0.745535714286
2012-06-14 08:20:09,1327,1,58.0929315476,-0.758035714286
2012-06-14 08:20:10,1328,1,57.3433779762,-0.749553571428
2012-06-14 08:20:11,1329,1,56.6433779762,-0.7
2012-06-14 08:20:12,1330,1,56.023735119,-0.619642857143
2012-06-14 08:20:13,1331,1,55.468452381,-0.555282738095
2012-06-14 08:20:14,1332,1,54.9099702381,-0.558482142857
2012-06-14 08:20:15,1333,1,54.265625,-0.644345238095
2012-06-14 08:20:16,1334,1,53.4611607143,-0.804464285714
2012-06-14 08:20:17,1335,1,52.4279761905,-1.03318452381
2012-06-14 08:20:18,1336,1,51.1111607143,-1.31681547619
2012-06-14 08:20:19,1337,1,49.5017857143,-1.609375
2012-06-14 08:20:20,1338,1,47.6839285714,-1.81785714286
2012-06-14 08:20:21,1339,1,45.8444940476,-1.83943452381
2012-06-14 08:20:22,1340,1,44.2021577381,-1.64233630952
2012-06-14 08:20:23,1341,1,42.9079613095,-1.29419642857
2012-06-14 08:20:24,1342,1,41.9871279762,-0.920833333333
2012-06-14 08:20:25,1343,1,41.3468005952,-0.640327380952
2012-06-14 08:20:26,1344,1,40.8496279762,-0.497172619048
2012-06-14 08:20:27,1345,1,40.3764880952,-0.473139880952
2012-06-14 08:20:28,1346,1,39.8020833333,-0.574404761905
2012-06-14 08:20:29,1347,1,38.9648065476,-0.837276785714
2012-06-14 08:20:30,1348,1,37.7171875,-1.24761904762
2012-06-14 08:20:31,1349,1,35.9748511905,-1.74233630952
2012-06-14 08:20:32,1350,1,33.6958333333,-2.27901785714
2012-06-14 08:20:33,1351,1,30.8478422619,-2.84799107143
2012-06-14 08:20:34,1352,1,27.4084821429,-3.43936011905
2012-06-14 08:20:35,1353,1,23.4218005952,-3.98668154762
2012-06-14 08:20:36,1354,1,19.1282738095,-4.29352678571
2012-06-14 08:20:37,1355,1,15.0391369048,-4.08913690476
2012-06-14 08:20:38,1356,1,11.7766369048,-3.2625
2012-06-14 08:20:39,1357,1,9.74211309524,-2.03452380952
2012-06-14 08:20:40,1358,1,8.88697916667,-0.855133928571
2012-06-14 08:20:41,1359,1,8.80930059524,-0.0776785714286
2012-06-14 08:20:42,1360,1,9.11912202381,0.309821428571
2012-06-14 08:20:43,1361,1,9.72886904762,0.60974702381
2012-06-14 08:20:44,1362,1,10.8073660714,1.07849702381
2012-06-14 08:20:45,1363,1,12.5118303571,1.70446428571
2012-06-14 08:20:46,1364,1,14.8063244048,2.29449404762
2012-06-14 08:20:47,1365,1,17.5247767857,2.71845238095
2012-06-14 08:20:48,1366,1,20.5308779762,3.00610119048
2012-06-14 08:20:49,1367,1,23.740625,3.20974702381
2012-06-14 08:20:50,1368,1,27.0252232143,3.28459821429
2012-06-14 08:20:51,1369,1,30.1777529762,3.1525297619
2012-06-14 08:20:52,1370,1,32.9901041667,2.81235119048
2012-06-14 08:20:53,1371,1,35.3349702381,2.34486607143
2012-06-14 08:20:54,1372,1,37.171875,1.8369047619
2012-06-14 08:20:55,1373,1,38.496875,1.325
2012-06-14 08:20:56,1374,1,39.2988839286,0.802008928571
2012-06-14 08:20:57,1375,1,39.5780505952,0.279166666667
2012-06-14 08:20:58,1376,1,39.4350446429,-0.143005952381
2012-06-14 08:20:59,1377,1,39.1232886905,-0.311755952381
2012-06-14 08:21:00,1378,1,38.9522321429,-0.171056547619
2012-06-14 08:21:01,1379,1,39.1277529762,0.175520833333
2012-06-14 08:21:02,1380,1,39.6819196429,0.554166666667
2012-06-14 08:21:03,1381,1,40.5063244048,0.824404761905
2012-06-14 08:21:04,1382,1,41.4406994048,0.934375
2012-06-14 08:21:05,1383,1,42.3526041667,0.911904761905
2012-06-14 08:21:06,1384,1,43.146577381,0.793973214286
2012-06-14 08:21:07,1385,1,43.7519345238,0.605357142857
2012-06-14 08:21:08,1386,1,44.1549107143,0.402976190476
2012-06-14 08:21:09,1387,1,44.4240327381,0.26912202381
2012-06-14 08:21:10,1388,1,44.6733630952,0.249330357143
2012-06-14 08:21:11,1389,1,44.9949404762,0.321577380952
2012-06-14 08:21:12,1390,1,45.412797619,0.417857142857
2012-06-14 08:21:13,1391,1,45.8801339286,0.467336309524
2012-06-14 08:21:14,1392,1,46.301264881,0.421130952381
2012-06-14 08:21:15,1393,1,46.5304315476,0.229166666667
2012-06-14 08:21:16,1394,1,46.3601190476,-0.1703125
2012-06-14 08:21:17,1395,1,45.5741071429,-0.786011904762
2012-06-14 08:21:18,1396,1,44.024702381,-1.5494047619
2012-06-14 08:21:19,1397,1,41.634375,-2.39032738095
2012-06-14 08:21:20,1398,1,38.3771577381,-3.2572172619
2012-06-14 08:21:21,1399,1,34.3259672619,-4.05119047619
2012-06-14 08:21:22,1400,1,29.73125,-4.5947172619
2012-06-14 08:21:23,1401,1,25.0558779762,-4.67537202381
2012-06-14 08:21:24,1402,1,20.8956845238,-4.16019345238
2012-06-14 08:21:25,1403,1,17.7823660714,-3.11331845238
2012-06-14 08:21:26,1404,1,15.9772321429,-1.80513392857
2012-06-14 08:21:27,1405,1,15.3634672619,-0.613764880952
2012-06-14 08:21:28,1406,1,15.4947916667,0.131324404762
2012-06-14 08:21:29,1407,1,15.823735119,0.328943452381
2012-06-14 08:21:30,1408,1,15.9974702381,0.173735119048
2012-06-14 08:21:31,1409,1,15.998735119,0.0012648809524
2012-06-14 08:21:32,1410,1,16.0535714286,0.0548363095238
2012-06-14 08:21:33,1411,1,16.4115327381,0.357961309524
2012-06-14 08:21:34,1412,1,17.1489583333,0.737425595238
2012-06-14 08:21:35,1413,1,18.1641369048,1.01517857143
2012-06-14 08:21:36,1414,1,19.3415178571,1.17738095238
2012-06-14 08:21:37,1415,1,20.6224702381,1.28095238095
2012-06-14 08:21:38,1416,1,21.9298363095,1.30736607143
2012-06-14 08:21:39,1417,1,23.1192708333,1.18943452381
2012-06-14 08:21:40,1418,1,24.0017857143,0.882514880952
2012-06-14 08:21:41,1419,1,24.4292410714,0.427455357143
2012-06-14 08:21:42,1420,1,24.4107886905,-0.0184523809524
2012-06-14 08:21:43,1421,1,24.1117559524,-0.299032738095
2012-06-14 08:21:44,1422,1,23.6998511905,-0.411904761905
2012-06-14 08:21:45,1423,1,23.1943452381,-0.505505952381
2012-06-14 08:21:46,1424,1,22.4429315476,-0.751413690476
2012-06-14 08:21:47,1425,1,21.2338541667,-1.20907738095
2012-06-14 08:21:48,1426,1,19.4649553571,-1.76889880952
2012-06-14 08:21:49,1427,1,17.2743303571,-2.190625
2012-06-14 08:21:50,1428,1,15.0924107143,-2.18191964286
2012-06-14 08:21:51,1429,1,13.5385416667,-1.55386904762
2012-06-14 08:21:52,1430,1,13.0947172619,-0.443824404762
2012-06-14 08:21:53,1431,1,13.7777529762,0.683035714286
2012-06-14 08:21:54,1432,1,15.1217261905,1.34397321429
2012-06-14 08:21:55,1433,1,16.4395089286,1.3177827381
2012-06-14 08:21:56,1434,1,17.1420386905,0.702529761905
2012-06-14 08:21:57,1435,1,16.9561755952,-0.185863095238
2012-06-14 08:21:58,1436,1,15.9549107143,-1.00126488095
2012-06-14 08:21:59,1437,1,14.446577381,-1.50833333333
2012-06-14 08:22:00,1438,1,12.8215029762,-1.62507440476
2012-06-14 08:22:01,1439,1,11.4207589286,-1.40074404762
2012-06-14 08:22:02,1440,1,10.4539434524,-0.96681547619
2012-06-14 08:22:03,1441,1,9.92678571429,-0.527157738095
2012-06-14 08:22:04,1442,1,9.65319940476,-0.273586309524
2012-06-14 08:22:05,1443,1,9.43035714286,-0.222842261905
2012-06-14 08:22:06,1444,1,9.19151785714,-0.238839285714
2012-06-14 08:22:07,1445,1,9.01979166667,-0.171726190476
2012-06-14 08:22:08,1446,1,9.05773809524,0.0379464285714
2012-06-14 08:22:09,1447,1,9.29412202381,0.236383928571
2012-06-14 08:22:10,1448,1,9.42991071429,0.135788690476
2012-06-14 08:22:11,1449,1,9.0709077381,-0.35900297619
2012-06-14 08:22:12,1450,1,8.05870535714,-1.01220238095
2012-06-14 08:22:13,1451,1,6.61949404762,-1.43921130952
2012-06-14 08:22:14,1452,1,5.22038690476,-1.39910714286
2012-06-14 08:22:15,1453,1,4.20066964286,-1.0197172619
2012-06-14 08:22:16,1454,1,3.48474702381,-0.715922619048
2012-06-14 08:22:17,1455,1,2.72038690476,-0.764360119048
2012-06-14 08:22:18,1456,1,1.77140376984,-0.948983134921
2012-06-14 08:22:19,1457,1,0.0,-1.77140376984
2012-06-14 08:27:45,1783,326,0.0,0.0
2012-06-14 08:27:46,1784,1,1.53876488095,1.53876488095
2012-06-14 08:27:47,1785,1,2.27373511905,0.734970238095
2012-06-14 08:27:48,1786,1,2.76860119048,0.494866071429
2012-06-14 08:27:49,1787,1,3.27891865079,0.510317460317
2012-06-14 08:27:50,1788,1,4.45575396825,1.17683531746
2012-06-14 08:27:51,1789,1,6.71480654762,2.25905257937
2012-06-14 08:27:52,1790,1,9.82916666667,3.11436011905
2012-06-14 08:27:53,1791,1,13.0129464286,3.1837797619
2012-06-14 08:27:54,1792,1,15.3551339286,2.3421875
2012-06-14 08:27:55,1793,1,16.3589037698,1.00376984127
2012-06-14 08:27:56,1794,1,16.1856646825,-0.173239087302
2012-06-14 08:27:57,1795,1,15.3511904762,-0.834474206349
2012-06-14 08:27:58,1796,1,14.2579613095,-1.09322916667
2012-06-14 08:27:59,1797,1,13.0233630952,-1.23459821429
2012-06-14 08:28:00,1798,1,11.5558779762,-1.46748511905
2012-06-14 08:28:01,1799,1,9.70732638889,-1.8485515873
2012-06-14 08:28:02,1800,1,7.43875,-2.26857638889
2012-06-14 08:28:03,1801,1,4.93958333333,-2.49916666667
2012-06-14 08:28:04,1802,1,2.70562996032,-2.23395337302
2012-06-14 08:28:05,1803,1,0.0,-2.70562996032
2012-06-14 19:31:40,41618,39815,0.0,0.0
2012-06-14 19:31:41,41619,1,4.45099206349,4.45099206349
2012-06-14 19:31:42,41620,1,8.09759920635,3.64660714286
2012-06-14 19:31:43,41621,1,12.2489285714,4.15132936508
2012-06-14 19:31:44,41622,1,16.463328373,4.21439980159
2012-06-14 19:31:45,41623,1,20.6271924603,4.1638640873
2012-06-14 19:31:46,41624,1,24.76,4.13280753968
2012-06-14 19:31:47,41625,1,28.8866666667,4.12666666667
2012-06-14 19:31:48,41626,1,33.0133333333,4.12666666667
2012-06-14 19:31:49,41627,1,37.14,4.12666666667
2012-06-14 19:31:50,41628,1,41.2670039683,4.12700396825
2012-06-14 19:31:51,41629,1,45.4011805556,4.1341765873
2012-06-14 19:31:52,41630,1,49.5613690476,4.16018849206
2012-06-14 19:31:53,41631,1,53.7285664683,4.16719742063
2012-06-14 19:31:54,41632,1,57.7311954365,4.00262896825
2012-06-14 19:31:55,41633,1,61.2204166667,3.48922123016
2012-06-14 19:31:56,41634,1,63.8443948413,2.6239781746
2012-06-14 19:31:57,41635,1,65.4731944444,1.62879960317
2012-06-14 19:31:58,41636,1,66.2798363095,0.806641865079
2012-06-14 19:31:59,41637,1,66.6275644841,0.347728174603
2012-06-14 19:32:00,41638,1,66.8513045635,0.223740079365
2012-06-14 19:32:01,41639,1,67.1222470238,0.270942460317
2012-06-14 19:32:02,41640,1,67.4683779762,0.346130952381
2012-06-14 19:32:03,41641,1,67.8342261905,0.365848214286
2012-06-14 19:32:04,41642,1,68.1232886905,0.2890625
2012-06-14 19:32:05,41643,1,68.2589285714,0.135639880952
2012-06-14 19:32:06,41644,1,68.2418154762,-0.0171130952381
2012-06-14 19:32:07,41645,1,68.1492559524,-0.0925595238096
2012-06-14 19:32:08,41646,1,68.0696428571,-0.0796130952381
2012-06-14 19:32:09,41647,1,68.0322916667,-0.0373511904761
2012-06-14 19:32:10,41648,1,68.0001488095,-0.0321428571429
2012-06-14 19:32:11,41649,1,67.9191964286,-0.0809523809524
2012-06-14 19:32:12,41650,1,67.7700892857,-0.149107142857
2012-06-14 19:32:13,41651,1,67.5828125,-0.187276785714
2012-06-14 19:32:14,41652,1,67.4099702381,-0.172842261905
2012-06-14 19:32:15,41653,1,67.2863839286,-0.123586309524
2012-06-14 19:32:16,41654,1,67.2058779762,-0.0805059523809
2012-06-14 19:32:17,41655,1,67.1272321429,-0.0786458333334
2012-06-14 19:32:18,41656,1,67.0032738095,-0.123958333333
2012-06-14 19:32:19,41657,1,66.8075892857,-0.19568452381
2012-06-14 19:32:20,41658,1,66.5402529762,-0.267336309524
2012-06-14 19:32:21,41659,1,66.2252232143,-0.315029761905
2012-06-14 19:32:22,41660,1,65.9072172619,-0.318005952381
2012-06-14 19:32:23,41661,1,65.6349702381,-0.272247023809
2012-06-14 19:32:24,41662,1,65.4349702381,-0.2
2012-06-14 19:32:25,41663,1,65.2995535714,-0.135416666667
2012-06-14 19:32:26,41664,1,65.1982142857,-0.101339285714
2012-06-14 19:32:27,41665,1,65.0968005952,-0.101413690476
2012-06-14 19:32:28,41666,1,64.9686755952,-0.128125
2012-06-14 19:32:29,41667,1,64.7985863095,-0.170089285714
2012-06-14 19:32:30,41668,1,64.5842261905,-0.214360119048
2012-06-14 19:32:31,41669,1,64.3353422619,-0.248883928571
2012-06-14 19:32:32,41670,1,64.069047619,-0.266294642857
2012-06-14 19:32:33,41671,1,63.8005208333,-0.268526785714
2012-06-14 19:32:34,41672,1,63.5363839286,-0.264136904762
2012-06-14 19:32:35,41673,1,63.2776041667,-0.258779761905
2012-06-14 19:32:36,41674,1,63.0232886905,-0.25431547619
2012-06-14 19:32:37,41675,1,62.771577381,-0.251711309524
2012-06-14 19:32:38,41676,1,62.525,-0.246577380952
2012-06-14 19:32:39,41677,1,62.2933779762,-0.231622023809
2012-06-14 19:32:40,41678,1,62.0859375,-0.20744047619
2012-06-14 19:32:41,41679,1,61.9034970238,-0.182440476191
2012-06-14 19:32:42,41680,1,61.7380952381,-0.165401785714
2012-06-14 19:32:43,41681,1,61.5782738095,-0.159821428571
2012-06-14 19:32:44,41682,1,61.4186755952,-0.159598214286
2012-06-14 19:32:45,41683,1,61.2630952381,-0.155580357143
2012-06-14 19:32:46,41684,1,61.1158482143,-0.147247023809
2012-06-14 19:32:47,41685,1,60.9726190476,-0.143229166667
2012-06-14 19:32:48,41686,1,60.8138392857,-0.158779761905
2012-06-14 19:32:49,41687,1,60.5997767857,-0.2140625
2012-06-14 19:32:50,41688,1,60.2761160714,-0.323660714286
2012-06-14 19:32:51,41689,1,59.7947172619,-0.481398809524
2012-06-14 19:32:52,41690,1,59.1415178571,-0.653199404762
2012-06-14 19:32:53,41691,1,58.35,-0.791517857143
2012-06-14 19:32:54,41692,1,57.4831845238,-0.866815476191
2012-06-14 19:32:55,41693,1,56.6023809524,-0.880803571429
2012-06-14 19:32:56,41694,1,55.7510416667,-0.851339285714
2012-06-14 19:32:57,41695,1,54.9473958333,-0.803645833333
2012-06-14 19:32:58,41696,1,54.18125,-0.766145833333
2012-06-14 19:32:59,41697,1,53.4357886905,-0.745461309524
2012-06-14 19:33:00,41698,1,52.7127232143,-0.72306547619
2012-06-14 19:33:01,41699,1,52.0047619048,-0.707961309524
2012-06-14 19:33:02,41700,1,51.2273809524,-0.777380952381
2012-06-14 19:33:03,41701,1,50.1959077381,-1.03147321429
2012-06-14 19:33:04,41702,1,48.7167410714,-1.47916666667
2012-06-14 19:33:05,41703,1,46.7617559524,-1.95498511905
2012-06-14 19:33:06,41704,1,44.5749255952,-2.18683035714
2012-06-14 19:33:07,41705,1,42.5617559524,-2.01316964286
2012-06-14 19:33:08,41706,1,41.0008928571,-1.56086309524
2012-06-14 19:33:09,41707,1,39.7928571429,-1.20803571429
2012-06-14 19:33:10,41708,1,38.4398809524,-1.35297619048
2012-06-14 19:33:11,41709,1,36.3063988095,-2.13348214286
2012-06-14 19:33:12,41710,1,33.0046130952,-3.30178571429
2012-06-14 19:33:13,41711,1,28.5993303571,-4.4052827381
2012-06-14 19:33:14,41712,1,23.4874255952,-5.1119047619
2012-06-14 19:33:15,41713,1,18.1540922619,-5.33333333333
2012-06-14 19:33:16,41714,1,13.1130208333,-5.04107142857
2012-06-14 19:33:17,41715,1,9.03757440476,-4.07544642857
2012-06-14 19:33:18,41716,1,6.72038690476,-2.3171875
2012-06-14 19:33:19,41717,1,6.68110119048,-0.0392857142857
2012-06-14 19:33:20,41718,1,8.77641369048,2.0953125
2012-06-14 19:33:21,41719,1,12.1905505952,3.41413690476
2012-06-14 19:33:22,41720,1,15.8105654762,3.62001488095
2012-06-14 19:33:23,41721,1,18.7222470238,2.91168154762
2012-06-14 19:33:24,41722,1,20.438764881,1.71651785714
2012-06-14 19:33:25,41723,1,20.7802083333,0.341443452381
2012-06-14 19:33:26,41724,1,19.769047619,-1.01116071429
2012-06-14 19:33:27,41725,1,17.7061755952,-2.06287202381
2012-06-14 19:33:28,41726,1,15.1968005952,-2.509375
2012-06-14 19:33:29,41727,1,12.9646577381,-2.23214285714
2012-06-14 19:33:30,41728,1,11.5365327381,-1.428125
2012-06-14 19:33:31,41729,1,11.0181547619,-0.51837797619
2012-06-14 19:33:32,41730,1,11.1161458333,0.0979910714285
2012-06-14 19:33:33,41731,1,11.3569196429,0.240773809524
2012-06-14 19:33:34,41732,1,11.3342261905,-0.0226934523809
2012-06-14 19:33:35,41733,1,10.7936011905,-0.540625
2012-06-14 19:33:36,41734,1,9.57180059524,-1.22180059524
2012-06-14 19:33:37,41735,1,7.63772321429,-1.93407738095
2012-06-14 19:33:38,41736,1,5.23772321429,-2.4
2012-06-14 19:33:39,41737,1,2.91770833333,-2.32001488095
2012-06-14 19:33:40,41738,1,0.0,-2.91770833333
2012-06-14 19:36:06,41884,146,0.0,0.0
2012-06-14 19:36:07,41885,1,1.06577380952,1.06577380952
2012-06-14 19:36:08,41886,1,1.60178571429,0.536011904762
2012-06-14 19:36:09,41887,1,2.15334821429,0.5515625
2012-06-14 19:36:10,41888,1,2.9728422619,0.819494047619
2012-06-14 19:36:11,41889,1,4.37842261905,1.40558035714
2012-06-14 19:36:12,41890,1,6.31175595238,1.93333333333
2012-06-14 19:36:13,41891,1,8.32209821429,2.0103422619
2012-06-14 19:36:14,41892,1,9.81917162698,1.4970734127
2012-06-14 19:36:15,41893,1,10.358655754,0.539484126984
2012-06-14 19:36:16,41894,1,9.85171130952,-0.506944444444
2012-06-14 19:36:17,41895,1,8.58288690476,-1.26882440476
2012-06-14 19:36:18,41896,1,7.10126488095,-1.48162202381
2012-06-14 19:36:19,41897,1,6.07961309524,-1.02165178571
2012-06-14 19:36:20,41898,1,6.06889880952,-0.0107142857143
2012-06-14 19:36:21,41899,1,7.26488095238,1.19598214286
2012-06-14 19:36:22,41900,1,9.51837797619,2.25349702381
2012-06-14 19:36:23,41901,1,12.510639881,2.99226190476
2012-06-14 19:36:24,41902,1,15.8836309524,3.37299107143
2012-06-14 19:36:25,41903,1,19.2787946429,3.39516369048
2012-06-14 19:36:26,41904,1,22.3318452381,3.05305059524
2012-06-14 19:36:27,41905,1,24.6726190476,2.34077380952
2012-06-14 19:36:28,41906,1,25.9744791667,1.30186011905
2012-06-14 19:36:29,41907,1,26.0491815476,0.0747023809523
2012-06-14 19:36:30,41908,1,24.9212797619,-1.12790178571
2012-06-14 19:36:31,41909,1,22.8613095238,-2.0599702381
2012-06-14 19:36:32,41910,1,20.375297619,-2.48601190476
2012-06-14 19:36:33,41911,1,18.0645833333,-2.31071428571
2012-06-14 19:36:34,41912,1,16.3898065476,-1.67477678571
2012-06-14 19:36:35,41913,1,15.5558779762,-0.833928571428
2012-06-14 19:36:36,41914,1,15.6030505952,0.0471726190476
2012-06-14 19:36:37,41915,1,16.5581845238,0.955133928571
2012-06-14 19:36:38,41916,1,18.4296875,1.87150297619
2012-06-14 19:36:39,41917,1,21.0338541667,2.60416666667
2012-06-14 19:36:40,41918,1,23.9490327381,2.91517857143
2012-06-14 19:36:41,41919,1,26.7318452381,2.7828125
2012-06-14 19:36:42,41920,1,29.1571428571,2.42529761905
2012-06-14 19:36:43,41921,1,31.2792410714,2.12209821429
2012-06-14 19:36:44,41922,1,33.288764881,2.00952380952
2012-06-14 19:36:45,41923,1,35.305952381,2.0171875
2012-06-14 19:36:46,41924,1,37.3510416667,2.04508928571
2012-06-14 19:36:47,41925,1,39.4459821429,2.09494047619
2012-06-14 19:36:48,41926,1,41.6154761905,2.16949404762
2012-06-14 19:36:49,41927,1,43.8338541667,2.21837797619
2012-06-14 19:36:50,41928,1,46.052827381,2.21897321429
2012-06-14 19:36:51,41929,1,48.2374255952,2.18459821429
2012-06-14 19:36:52,41930,1,50.351264881,2.11383928571
2012-06-14 19:36:53,41931,1,52.3488095238,1.99754464286
2012-06-14 19:36:54,41932,1,54.1852678571,1.83645833333
2012-06-14 19:36:55,41933,1,55.8214285714,1.63616071429
2012-06-14 19:36:56,41934,1,57.2419642857,1.42053571429
2012-06-14 19:36:57,41935,1,58.4872767857,1.2453125
2012-06-14 19:36:58,41936,1,59.6498511905,1.16257440476
2012-06-14 19:36:59,41937,1,60.8148809524,1.1650297619
2012-06-14 19:37:00,41938,1,62.0023065476,1.18742559524
2012-06-14 19:37:01,41939,1,63.1634672619,1.16116071429
2012-06-14 19:37:02,41940,1,64.2250744048,1.06160714286
2012-06-14 19:37:03,41941,1,65.1504464286,0.92537202381
2012-06-14 19:37:04,41942,1,65.964360119,0.813913690476
2012-06-14 19:37:05,41943,1,66.7103422619,0.745982142857
2012-06-14 19:37:06,41944,1,67.3974702381,0.68712797619
2012-06-14 19:37:07,41945,1,67.9900297619,0.59255952381
2012-06-14 19:37:08,41946,1,68.429389881,0.439360119048
2012-06-14 19:37:09,41947,1,68.6759672619,0.246577380952
2012-06-14 19:37:10,41948,1,68.760639881,0.0846726190476
2012-06-14 19:37:11,41949,1,68.8,0.0393601190476
2012-06-14 19:37:12,41950,1,68.927827381,0.127827380952
2012-06-14 19:37:13,41951,1,69.1785714286,0.250744047619
2012-06-14 19:37:14,41952,1,69.4374255952,0.258854166667
2012-06-14 19:37:15,41953,1,69.5185267857,0.0811011904762
2012-06-14 19:37:16,41954,1,69.3030505952,-0.215476190476
2012-06-14 19:37:17,41955,1,68.8073660714,-0.49568452381
2012-06-14 19:37:18,41956,1,68.1339285714,-0.6734375
2012-06-14 19:37:19,41957,1,67.381547619,-0.752380952381
2012-06-14 19:37:20,41958,1,66.5963541667,-0.785193452381
2012-06-14 19:37:21,41959,1,65.7926339286,-0.803720238095
2012-06-14 19:37:22,41960,1,65.0186755952,-0.773958333333
2012-06-14 19:37:23,41961,1,64.3774553571,-0.641220238095
2012-06-14 19:37:24,41962,1,63.9709077381,-0.406547619048
2012-06-14 19:37:25,41963,1,63.8406994048,-0.130208333333
2012-06-14 19:37:26,41964,1,63.9473214286,0.106622023809
2012-06-14 19:37:27,41965,1,64.1911458333,0.243824404762
2012-06-14 19:37:28,41966,1,64.4750744048,0.283928571429
2012-06-14 19:37:29,41967,1,64.7570684524,0.281994047619
2012-06-14 19:37:30,41968,1,65.0441220238,0.287053571429
2012-06-14 19:37:31,41969,1,65.3522321429,0.308110119048
2012-06-14 19:37:32,41970,1,65.6821428571,0.329910714286
2012-06-14 19:37:33,41971,1,66.0264136905,0.344270833333
2012-06-14 19:37:34,41972,1,66.3851934524,0.358779761905
2012-06-14 19:37:35,41973,1,66.7666666667,0.381473214286
2012-06-14 19:37:36,41974,1,67.176264881,0.409598214286
2012-06-14 19:37:37,41975,1,67.6118303571,0.435565476191
2012-06-14 19:37:38,41976,1,68.067485119,0.455654761905
2012-06-14 19:37:39,41977,1,68.5353422619,0.467857142857
2012-06-14 19:37:40,41978,1,69.0020833333,0.466741071429
2012-06-14 19:37:41,41979,1,69.448139881,0.446056547619
2012-06-14 19:37:42,41980,1,69.8543154762,0.406175595238
2012-06-14 19:37:43,41981,1,70.2124255952,0.358110119048
2012-06-14 19:37:44,41982,1,70.5275297619,0.315104166667
2012-06-14 19:37:45,41983,1,70.8087797619,0.28125
2012-06-14 19:37:46,41984,1,71.0646577381,0.25587797619
2012-06-14 19:37:47,41985,1,71.3037946429,0.239136904762
2012-06-14 19:37:48,41986,1,71.5308779762,0.227083333333
2012-06-14 19:37:49,41987,1,71.7479910714,0.217113095238
2012-06-14 19:37:50,41988,1,71.9659970238,0.218005952381
2012-06-14 19:37:51,41989,1,72.2061755952,0.240178571429
2012-06-14 19:37:52,41990,1,72.484077381,0.277901785714
2012-06-14 19:37:53,41991,1,72.7900297619,0.305952380952
2012-06-14 19:37:54,41992,1,73.0889136905,0.298883928571
2012-06-14 19:37:55,41993,1,73.3491071429,0.260193452381
2012-06-14 19:37:56,41994,1,73.5600446429,0.2109375
2012-06-14 19:37:57,41995,1,73.6994791667,0.139434523809
2012-06-14 19:37:58,41996,1,73.7136160714,0.014136904762
2012-06-14 19:37:59,41997,1,73.5735119048,-0.140104166667
2012-06-14 19:38:00,41998,1,73.3251488095,-0.248363095238
2012-06-14 19:38:01,41999,1,73.0538690476,-0.271279761905
2012-06-14 19:38:02,42000,1,72.8286458333,-0.225223214286
2012-06-14 19:38:03,42001,1,72.684077381,-0.144568452381
2012-06-14 19:38:04,42002,1,72.6246279762,-0.0594494047619
2012-06-14 19:38:05,42003,1,72.6485119048,0.0238839285714
2012-06-14 19:38:06,42004,1,72.7605654762,0.112053571429
2012-06-14 19:38:07,42005,1,72.9404761905,0.179910714286
2012-06-14 19:38:08,42006,1,73.1347470238,0.194270833333
2012-06-14 19:38:09,42007,1,73.3129464286,0.178199404762
2012-06-14 19:38:10,42008,1,73.4959077381,0.182961309524
2012-06-14 19:38:11,42009,1,73.7147321429,0.218824404762
2012-06-14 19:38:12,42010,1,73.9760416667,0.26130952381
2012-06-14 19:38:13,42011,1,74.2621279762,0.286086309524
2012-06-14 19:38:14,42012,1,74.5426339286,0.280505952381
2012-06-14 19:38:15,42013,1,74.7978422619,0.255208333333
2012-06-14 19:38:16,42014,1,75.031547619,0.233705357143
2012-06-14 19:38:17,42015,1,75.2563988095,0.224851190476
2012-06-14 19:38:18,42016,1,75.4844494048,0.228050595238
2012-06-14 19:38:19,42017,1,75.7332589286,0.248809523809
2012-06-14 19:38:20,42018,1,76.0260416667,0.292782738095
2012-06-14 19:38:21,42019,1,76.3717261905,0.345684523809
2012-06-14 19:38:22,42020,1,76.7342261905,0.3625
2012-06-14 19:38:23,42021,1,77.0419642857,0.307738095238
2012-06-14 19:38:24,42022,1,77.246875,0.204910714286
2012-06-14 19:38:25,42023,1,77.3568452381,0.109970238095
2012-06-14 19:38:26,42024,1,77.4128720238,0.0560267857143
2012-06-14 19:38:27,42025,1,77.459672619,0.0468005952381
2012-06-14 19:38:28,42026,1,77.53125,0.0715773809524
2012-06-14 19:38:29,42027,1,77.6453869048,0.114136904762
2012-06-14 19:38:30,42028,1,77.8076636905,0.162276785714
2012-06-14 19:38:31,42029,1,78.0154761905,0.2078125
2012-06-14 19:38:32,42030,1,78.2595238095,0.244047619048
2012-06-14 19:38:33,42031,1,78.5264136905,0.266889880952
2012-06-14 19:38:34,42032,1,78.7915178571,0.265104166667
2012-06-14 19:38:35,42033,1,79.0148065476,0.223288690476
2012-06-14 19:38:36,42034,1,79.1617559524,0.146949404762
2012-06-14 19:38:37,42035,1,79.2261160714,0.0643601190476
2012-06-14 19:38:38,42036,1,79.2294642857,0.00334821428569
2012-06-14 19:38:39,42037,1,79.2029761905,-0.0264880952381
2012-06-14 19:38:40,42038,1,79.1633928571,-0.0395833333333
2012-06-14 19:38:41,42039,1,79.1029761905,-0.0604166666667
2012-06-14 19:38:42,42040,1,78.9949404762,-0.108035714286
2012-06-14 19:38:43,42041,1,78.7968005952,-0.198139880952
2012-06-14 19:38:44,42042,1,78.4644345238,-0.332366071429
2012-06-14 19:38:45,42043,1,77.9834821429,-0.480952380952
2012-06-14 19:38:46,42044,1,77.3804315476,-0.603050595238
2012-06-14 19:38:47,42045,1,76.6938988095,-0.686532738095
2012-06-14 19:38:48,42046,1,75.9369791667,-0.756919642857
2012-06-14 19:38:49,42047,1,75.0811011905,-0.85587797619
2012-06-14 19:38:50,42048,1,74.067485119,-1.01361607143
2012-06-14 19:38:51,42049,1,72.8580357143,-1.20944940476
2012-06-14 19:38:52,42050,1,71.5003720238,-1.35766369048
2012-06-14 19:38:53,42051,1,70.1230654762,-1.37730654762
2012-06-14 19:38:54,42052,1,68.8572172619,-1.26584821429
2012-06-14 19:38:55,42053,1,67.7619047619,-1.0953125
2012-06-14 19:38:56,42054,1,66.7909970238,-0.970907738095
2012-06-14 19:38:57,42055,1,65.8425595238,-0.9484375
2012-06-14 19:38:58,42056,1,64.8712797619,-0.971279761905
2012-06-14 19:38:59,42057,1,63.9179315476,-0.953348214286
2012-06-14 19:39:00,42058,1,63.0435267857,-0.874404761905
2012-06-14 19:39:01,42059,1,62.3042410714,-0.739285714286
2012-06-14 19:39:02,42060,1,61.7691220238,-0.535119047619
2012-06-14 19:39:03,42061,1,61.5124255952,-0.256696428571
2012-06-14 19:39:04,42062,1,61.584077381,0.0716517857143
2012-06-14 19:39:05,42063,1,61.9619047619,0.377827380952
2012-06-14 19:39:06,42064,1,62.5130952381,0.55119047619
2012-06-14 19:39:07,42065,1,63.0272321429,0.514136904762
2012-06-14 19:39:08,42066,1,63.3201636905,0.292931547619
2012-06-14 19:39:09,42067,1,63.340922619,0.0207589285714
2012-06-14 19:39:10,42068,1,63.191889881,-0.149032738095
2012-06-14 19:39:11,42069,1,63.0337053571,-0.15818452381
2012-06-14 19:39:12,42070,1,62.9645833333,-0.0691220238096
2012-06-14 19:39:13,42071,1,62.9760416667,0.0114583333334
2012-06-14 19:39:14,42072,1,63.0164434524,0.0404017857142
2012-06-14 19:39:15,42073,1,63.0911458333,0.0747023809524
2012-06-14 19:39:16,42074,1,63.2547619048,0.163616071429
2012-06-14 19:39:17,42075,1,63.5046130952,0.249851190476
2012-06-14 19:39:18,42076,1,63.7566220238,0.252008928571
2012-06-14 19:39:19,42077,1,63.9502232143,0.193601190476
2012-06-14 19:39:20,42078,1,64.1342261905,0.18400297619
2012-06-14 19:39:21,42079,1,64.4119791667,0.27775297619
2012-06-14 19:39:22,42080,1,64.7915922619,0.379613095238
2012-06-14 19:39:23,42081,1,65.1238095238,0.332217261905
2012-06-14 19:39:24,42082,1,65.2360119048,0.112202380952
2012-06-14 19:39:25,42083,1,65.1177827381,-0.118229166667
2012-06-14 19:39:26,42084,1,64.9409970238,-0.176785714286
2012-06-14 19:39:27,42085,1,64.9174107143,-0.0235863095238
2012-06-14 19:39:28,42086,1,65.1514880952,0.234077380952
2012-06-14 19:39:29,42087,1,65.5956845238,0.444196428571
2012-06-14 19:39:30,42088,1,66.1271577381,0.531473214286
2012-06-14 19:39:31,42089,1,66.6613095238,0.534151785714
2012-06-14 19:39:32,42090,1,67.1908482143,0.529538690476
2012-06-14 19:39:33,42091,1,67.753125,0.562276785714
2012-06-14 19:39:34,42092,1,68.3694196429,0.616294642857
2012-06-14 19:39:35,42093,1,68.9873511905,0.617931547619
2012-06-14 19:39:36,42094,1,69.4915922619,0.504241071428
2012-06-14 19:39:37,42095,1,69.7779017857,0.28630952381
2012-06-14 19:39:38,42096,1,69.812797619,0.0348958333333
2012-06-14 19:39:39,42097,1,69.646875,-0.165922619048
2012-06-14 19:39:40,42098,1,69.3674107143,-0.279464285714
2012-06-14 19:39:41,42099,1,69.0226190476,-0.344791666667
2012-06-14 19:39:42,42100,1,68.6072172619,-0.415401785714
2012-06-14 19:39:43,42101,1,68.1037946429,-0.503422619048
2012-06-14 19:39:44,42102,1,67.5223958333,-0.581398809524
2012-06-14 19:39:45,42103,1,66.9360863095,-0.58630952381
2012-06-14 19:39:46,42104,1,66.4755208333,-0.46056547619
2012-06-14 19:39:47,42105,1,66.2491815476,-0.226339285714
2012-06-14 19:39:48,42106,1,66.2693452381,0.0201636904762
2012-06-14 19:39:49,42107,1,66.459077381,0.189732142857
2012-06-14 19:39:50,42108,1,66.7169642857,0.257886904762
2012-06-14 19:39:51,42109,1,66.9796875,0.262723214286
2012-06-14 19:39:52,42110,1,67.213764881,0.234077380952
2012-06-14 19:39:53,42111,1,67.3531994048,0.139434523809
2012-06-14 19:39:54,42112,1,67.3372767857,-0.0159226190476
2012-06-14 19:39:55,42113,1,67.2492559524,-0.0880208333334
2012-06-14 19:39:56,42114,1,67.3276041667,0.0783482142858
2012-06-14 19:39:57,42115,1,67.7929315476,0.465327380952
2012-06-14 19:39:58,42116,1,68.665327381,0.872395833333
2012-06-14 19:39:59,42117,1,69.7290178571,1.06369047619
2012-06-14 19:40:00,42118,1,70.7063988095,0.977380952381
2012-06-14 19:40:01,42119,1,71.4840029762,0.777604166667
2012-06-14 19:40:02,42120,1,72.1236607143,0.639657738095
2012-06-14 19:40:03,42121,1,72.6954613095,0.571800595238
2012-06-14 19:40:04,42122,1,73.1849702381,0.489508928571
2012-06-14 19:40:05,42123,1,73.5421875,0.357217261905
2012-06-14 19:40:06,42124,1,73.7636160714,0.221428571429
2012-06-14 19:40:07,42125,1,73.917485119,0.153869047619
2012-06-14 19:40:08,42126,1,74.0927083333,0.175223214286
2012-06-14 19:40:09,42127,1,74.3248511905,0.232142857143
2012-06-14 19:40:10,42128,1,74.5794642857,0.254613095238
2012-06-14 19:40:11,42129,1,74.8003720238,0.220907738095
2012-06-14 19:40:12,42130,1,74.9608630952,0.160491071429
2012-06-14 19:40:13,42131,1,75.0802083333,0.119345238095
2012-06-14 19:40:14,42132,1,75.208110119,0.127901785714
2012-06-14 19:40:15,42133,1,75.3889136905,0.180803571429
2012-06-14 19:40:16,42134,1,75.6355654762,0.246651785714
2012-06-14 19:40:17,42135,1,75.9359375,0.30037202381
2012-06-14 19:40:18,42136,1,76.2589285714,0.322991071429
2012-06-14 19:40:19,42137,1,76.540922619,0.281994047619
2012-06-14 19:40:20,42138,1,76.701860119,0.1609375
2012-06-14 19:40:21,42139,1,76.6952380952,-0.0066220238095
2012-06-14 19:40:22,42140,1,76.5349702381,-0.160267857143
2012-06-14 19:40:23,42141,1,76.2885416667,-0.246428571428
2012-06-14 19:40:24,42142,1,76.0379464286,-0.250595238095
2012-06-14 19:40:25,42143,1,75.8192708333,-0.218675595238
2012-06-14 19:40:26,42144,1,75.6107886905,-0.208482142857
2012-06-14 19:40:27,42145,1,75.376264881,-0.234523809524
2012-06-14 19:40:28,42146,1,75.090625,-0.285639880952
2012-06-14 19:40:29,42147,1,74.7425595238,-0.34806547619
2012-06-14 19:40:30,42148,1,74.3375744048,-0.404985119048
2012-06-14 19:40:31,42149,1,73.8867559524,-0.450818452381
2012-06-14 19:40:32,42150,1,73.3995535714,-0.487202380952
2012-06-14 19:40:33,42151,1,72.8995535714,-0.5
2012-06-14 19:40:34,42152,1,72.4325892857,-0.466964285714
2012-06-14 19:40:35,42153,1,72.0624255952,-0.370163690476
2012-06-14 19:40:36,42154,1,71.859077381,-0.203348214286
2012-06-14 19:40:37,42155,1,71.8588541667,-0.000223214285697
2012-06-14 19:40:38,42156,1,72.0282738095,0.169419642857
2012-06-14 19:40:39,42157,1,72.279985119,0.251711309524
2012-06-14 19:40:40,42158,1,72.5183035714,0.238318452381
2012-06-14 19:40:41,42159,1,72.6813988095,0.163095238095
2012-06-14 19:40:42,42160,1,72.7661458333,0.0847470238095
2012-06-14 19:40:43,42161,1,72.8122767857,0.046130952381
2012-06-14 19:40:44,42162,1,72.8557291667,0.0434523809524
2012-06-14 19:40:45,42163,1,72.9003720238,0.0446428571428
2012-06-14 19:40:46,42164,1,72.9251488095,0.0247767857143
2012-06-14 19:40:47,42165,1,72.9037202381,-0.0214285714286
2012-06-14 19:40:48,42166,1,72.8213541667,-0.0823660714285
2012-06-14 19:40:49,42167,1,72.6802827381,-0.141071428571
2012-06-14 19:40:50,42168,1,72.4892857143,-0.19099702381
2012-06-14 19:40:51,42169,1,72.2584077381,-0.23087797619
2012-06-14 19:40:52,42170,1,72.0113839286,-0.247023809524
2012-06-14 19:40:53,42171,1,71.7925595238,-0.218824404762
2012-06-14 19:40:54,42172,1,71.6508928571,-0.141666666667
2012-06-14 19:40:55,42173,1,71.6151041667,-0.0357886904762
2012-06-14 19:40:56,42174,1,71.6818452381,0.0667410714285
2012-06-14 19:40:57,42175,1,71.8273809524,0.145535714286
2012-06-14 19:40:58,42176,1,72.0313988095,0.204017857143
2012-06-14 19:40:59,42177,1,72.2786458333,0.24724702381
2012-06-14 19:41:00,42178,1,72.537797619,0.259151785714
2012-06-14 19:41:01,42179,1,72.765922619,0.228125
2012-06-14 19:41:02,42180,1,72.9369047619,0.170982142857
2012-06-14 19:41:03,42181,1,73.048139881,0.111235119048
2012-06-14 19:41:04,42182,1,73.1116815476,0.0635416666667
2012-06-14 19:41:05,42183,1,73.1450892857,0.0334077380952
2012-06-14 19:41:06,42184,1,73.1521577381,0.00706845238089
2012-06-14 19:41:07,42185,1,73.1129464286,-0.0392113095238
2012-06-14 19:41:08,42186,1,73.0026785714,-0.110267857143
2012-06-14 19:41:09,42187,1,72.8204613095,-0.182217261905
2012-06-14 19:41:10,42188,1,72.603422619,-0.217038690476
2012-06-14 19:41:11,42189,1,72.4098958333,-0.193526785714
2012-06-14 19:41:12,42190,1,72.2739583333,-0.1359375
2012-06-14 19:41:13,42191,1,72.1739583333,-0.1
2012-06-14 19:41:14,42192,1,72.0462053571,-0.12775297619
2012-06-14 19:41:15,42193,1,71.8223958333,-0.22380952381
2012-06-14 19:41:16,42194,1,71.4758928571,-0.34650297619
2012-06-14 19:41:17,42195,1,71.048139881,-0.42775297619
2012-06-14 19:41:18,42196,1,70.5974702381,-0.450669642857
2012-06-14 19:41:19,42197,1,70.134077381,-0.463392857143
2012-06-14 19:41:20,42198,1,69.6459821429,-0.488095238095
2012-06-14 19:41:21,42199,1,69.1505952381,-0.495386904762
2012-06-14 19:41:22,42200,1,68.6953125,-0.455282738095
2012-06-14 19:41:23,42201,1,68.3421130952,-0.353199404762
2012-06-14 19:41:24,42202,1,68.1499255952,-0.1921875
2012-06-14 19:41:25,42203,1,68.1595982143,0.00967261904759
2012-06-14 19:41:26,42204,1,68.3962053571,0.236607142857
2012-06-14 19:41:27,42205,1,68.8480654762,0.451860119048
2012-06-14 19:41:28,42206,1,69.4201636905,0.572098214286
2012-06-14 19:41:29,42207,1,69.9575892857,0.537425595238
2012-06-14 19:41:30,42208,1,70.3616815476,0.404092261905
2012-06-14 19:41:31,42209,1,70.660639881,0.298958333333
2012-06-14 19:41:32,42210,1,70.9486607143,0.288020833333
2012-06-14 19:41:33,42211,1,71.2921875,0.343526785714
2012-06-14 19:41:34,42212,1,71.7011160714,0.408928571429
2012-06-14 19:41:35,42213,1,72.1517113095,0.450595238095
2012-06-14 19:41:36,42214,1,72.6193452381,0.467633928571
2012-06-14 19:41:37,42215,1,73.089360119,0.470014880952
2012-06-14 19:41:38,42216,1,73.5447916667,0.455431547619
2012-06-14 19:41:39,42217,1,73.9659970238,0.421205357143
2012-06-14 19:41:40,42218,1,74.3453125,0.37931547619
2012-06-14 19:41:41,42219,1,74.6852678571,0.339955357143
2012-06-14 19:41:42,42220,1,74.9892857143,0.304017857143
2012-06-14 19:41:43,42221,1,75.2665178571,0.277232142857
2012-06-14 19:41:44,42222,1,75.5272321429,0.260714285714
2012-06-14 19:41:45,42223,1,75.7642857143,0.237053571429
2012-06-14 19:41:46,42224,1,75.9588541667,0.194568452381
2012-06-14 19:41:47,42225,1,76.1073660714,0.148511904762
2012-06-14 19:41:48,42226,1,76.2313988095,0.124032738095
2012-06-14 19:41:49,42227,1,76.365922619,0.134523809524
2012-06-14 19:41:50,42228,1,76.5364583333,0.170535714286
2012-06-14 19:41:51,42229,1,76.7292410714,0.192782738095
2012-06-14 19:41:52,42230,1,76.8860863095,0.156845238095
2012-06-14 19:41:53,42231,1,76.9428571429,0.0567708333333
2012-06-14 19:41:54,42232,1,76.8662202381,-0.0766369047619
2012-06-14 19:41:55,42233,1,76.6619047619,-0.20431547619
2012-06-14 19:41:56,42234,1,76.3745535714,-0.287351190476
2012-06-14 19:41:57,42235,1,76.0750744048,-0.299479166667
2012-06-14 19:41:58,42236,1,75.8330357143,-0.242038690476
2012-06-14 19:41:59,42237,1,75.6886160714,-0.144419642857
2012-06-14 19:42:00,42238,1,75.6248511905,-0.0637648809524
2012-06-14 19:42:01,42239,1,75.5648809524,-0.0599702380952
2012-06-14 19:42:02,42240,1,75.4136160714,-0.151264880952
2012-06-14 19:42:03,42241,1,75.1046875,-0.308928571429
2012-06-14 19:42:04,42242,1,74.6225446429,-0.482142857143
2012-06-14 19:42:05,42243,1,74.0046130952,-0.617931547619
2012-06-14 19:42:06,42244,1,73.3209821429,-0.683630952381
2012-06-14 19:42:07,42245,1,72.6415178571,-0.679464285714
2012-06-14 19:42:08,42246,1,72.0151785714,-0.626339285714
2012-06-14 19:42:09,42247,1,71.459077381,-0.556101190476
2012-06-14 19:42:10,42248,1,70.9526785714,-0.506398809524
2012-06-14 19:42:11,42249,1,70.4586309524,-0.494047619048
2012-06-14 19:42:12,42250,1,69.9630952381,-0.495535714286
2012-06-14 19:42:13,42251,1,69.4900297619,-0.47306547619
2012-06-14 19:42:14,42252,1,69.0790178571,-0.411011904762
2012-06-14 19:42:15,42253,1,68.758110119,-0.320907738095
2012-06-14 19:42:16,42254,1,68.5323660714,-0.225744047619
2012-06-14 19:42:17,42255,1,68.3931547619,-0.139211309524
2012-06-14 19:42:18,42256,1,68.3428571429,-0.0502976190477
2012-06-14 19:42:19,42257,1,68.409077381,0.0662202380953
2012-06-14 19:42:20,42258,1,68.6320684524,0.222991071429
2012-06-14 19:42:21,42259,1,69.0401041667,0.408035714286
2012-06-14 19:42:22,42260,1,69.6271577381,0.587053571429
2012-06-14 19:42:23,42261,1,70.3459821429,0.718824404762
2012-06-14 19:42:24,42262,1,71.1264136905,0.780431547619
2012-06-14 19:42:25,42263,1,71.8966517857,0.770238095238
2012-06-14 19:42:26,42264,1,72.5998511905,0.703199404762
2012-06-14 19:42:27,42265,1,73.2136160714,0.613764880952
2012-06-14 19:42:28,42266,1,73.7397321429,0.526116071429
2012-06-14 19:42:29,42267,1,74.173735119,0.43400297619
2012-06-14 19:42:30,42268,1,74.5099702381,0.336235119048
2012-06-14 19:42:31,42269,1,74.7603422619,0.25037202381
2012-06-14 19:42:32,42270,1,74.9459821429,0.185639880952
2012-06-14 19:42:33,42271,1,75.0749255952,0.128943452381
2012-06-14 19:42:34,42272,1,75.1235863095,0.0486607142857
2012-06-14 19:42:35,42273,1,75.0480654762,-0.0755208333333
2012-06-14 19:42:36,42274,1,74.8307291667,-0.217336309524
2012-06-14 19:42:37,42275,1,74.5057291667,-0.325
2012-06-14 19:42:38,42276,1,74.128125,-0.377604166667
2012-06-14 19:42:39,42277,1,73.7257440476,-0.402380952381
2012-06-14 19:42:40,42278,1,73.2895833333,-0.436160714286
2012-06-14 19:42:41,42279,1,72.8087797619,-0.480803571428
2012-06-14 19:42:42,42280,1,72.2985863095,-0.510193452381
2012-06-14 19:42:43,42281,1,71.7824404762,-0.516145833333
2012-06-14 19:42:44,42282,1,71.2582589286,-0.524181547619
2012-06-14 19:42:45,42283,1,70.6989583333,-0.559300595238
2012-06-14 19:42:46,42284,1,70.0883928571,-0.61056547619
2012-06-14 19:42:47,42285,1,69.4524553571,-0.6359375
2012-06-14 19:42:48,42286,1,68.8519345238,-0.600520833333
2012-06-14 19:42:49,42287,1,68.3415178571,-0.510416666667
2012-06-14 19:42:50,42288,1,67.9311755952,-0.410342261905
2012-06-14 19:42:51,42289,1,67.5821428571,-0.349032738095
2012-06-14 19:42:52,42290,1,67.2381696429,-0.343973214286
2012-06-14 19:42:53,42291,1,66.8630952381,-0.375074404762
2012-06-14 19:42:54,42292,1,66.4478422619,-0.41525297619
2012-06-14 19:42:55,42293,1,65.9826636905,-0.465178571429
2012-06-14 19:42:56,42294,1,65.4373511905,-0.5453125
2012-06-14 19:42:57,42295,1,64.783110119,-0.654241071429
2012-06-14 19:42:58,42296,1,64.033110119,-0.75
2012-06-14 19:42:59,42297,1,63.2514880952,-0.78162202381
2012-06-14 19:43:00,42298,1,62.5125744048,-0.738913690476
2012-06-14 19:43:01,42299,1,61.849702381,-0.662872023809
2012-06-14 19:43:02,42300,1,61.2539434524,-0.595758928571
2012-06-14 19:43:03,42301,1,60.7298363095,-0.524107142857
2012-06-14 19:43:04,42302,1,60.3385416667,-0.391294642857
2012-06-14 19:43:05,42303,1,60.1608630952,-0.177678571429
2012-06-14 19:43:06,42304,1,60.2073660714,0.0465029761905
2012-06-14 19:43:07,42305,1,60.3763392857,0.168973214286
2012-06-14 19:43:08,42306,1,60.5146577381,0.138318452381
2012-06-14 19:43:09,42307,1,60.5238839286,0.0092261904762
2012-06-14 19:43:10,42308,1,60.4179315476,-0.105952380952
2012-06-14 19:43:11,42309,1,60.3052827381,-0.112648809524
2012-06-14 19:43:12,42310,1,60.3255952381,0.0203125
2012-06-14 19:43:13,42311,1,60.5822172619,0.25662202381
2012-06-14 19:43:14,42312,1,61.1066964286,0.524479166667
2012-06-14 19:43:15,42313,1,61.8579613095,0.751264880952
2012-06-14 19:43:16,42314,1,62.7400297619,0.882068452381
2012-06-14 19:43:17,42315,1,63.6409970238,0.900967261905
2012-06-14 19:43:18,42316,1,64.4808779762,0.839880952381
2012-06-14 19:43:19,42317,1,65.2291666667,0.748288690476
2012-06-14 19:43:20,42318,1,65.8909970238,0.661830357143
2012-06-14 19:43:21,42319,1,66.4936011905,0.602604166667
2012-06-14 19:43:22,42320,1,67.0767113095,0.583110119048
2012-06-14 19:43:23,42321,1,67.6794642857,0.602752976191
2012-06-14 19:43:24,42322,1,68.3287946429,0.649330357143
2012-06-14 19:43:25,42323,1,69.0280505952,0.699255952381
2012-06-14 19:43:26,42324,1,69.7509672619,0.722916666667
2012-06-14 19:43:27,42325,1,70.4504464286,0.699479166667
2012-06-14 19:43:28,42326,1,71.0740327381,0.623586309524
2012-06-14 19:43:29,42327,1,71.5795386905,0.505505952381
2012-06-14 19:43:30,42328,1,71.9508928571,0.371354166667
2012-06-14 19:43:31,42329,1,72.2078869048,0.256994047619
2012-06-14 19:43:32,42330,1,72.401264881,0.19337797619
2012-06-14 19:43:33,42331,1,72.585639881,0.184375
2012-06-14 19:43:34,42332,1,72.7855654762,0.199925595238
2012-06-14 19:43:35,42333,1,72.994047619,0.208482142857
2012-06-14 19:43:36,42334,1,73.2053571429,0.21130952381
2012-06-14 19:43:37,42335,1,73.4287946429,0.2234375
2012-06-14 19:43:38,42336,1,73.6593005952,0.230505952381
2012-06-14 19:43:39,42337,1,73.8584821429,0.199181547619
2012-06-14 19:43:40,42338,1,73.980952381,0.122470238095
2012-06-14 19:43:41,42339,1,74.0095238095,0.0285714285714
2012-06-14 19:43:42,42340,1,73.9730654762,-0.0364583333333
2012-06-14 19:43:43,42341,1,73.9298363095,-0.0432291666667
2012-06-14 19:43:44,42342,1,73.9224702381,-0.00736607142859
2012-06-14 19:43:45,42343,1,73.9758928571,0.0534226190477
2012-06-14 19:43:46,42344,1,74.1107142857,0.134821428571
2012-06-14 19:43:47,42345,1,74.2990327381,0.188318452381
2012-06-14 19:43:48,42346,1,74.4700892857,0.171056547619
2012-06-14 19:43:49,42347,1,74.6052827381,0.135193452381
2012-06-14 19:43:50,42348,1,74.7573660714,0.152083333333
2012-06-14 19:43:51,42349,1,74.9669642857,0.209598214286
2012-06-14 19:43:52,42350,1,75.2011160714,0.234151785714
2012-06-14 19:43:53,42351,1,75.3681547619,0.167038690476
2012-06-14 19:43:54,42352,1,75.40625,0.0380952380952
2012-06-14 19:43:55,42353,1,75.3640625,-0.0421875
2012-06-14 19:43:56,42354,1,75.3513392857,-0.0127232142857
2012-06-14 19:43:57,42355,1,75.4193452381,0.0680059523809
2012-06-14 19:43:58,42356,1,75.5380952381,0.11875
2012-06-14 19:43:59,42357,1,75.6630952381,0.125
2012-06-14 19:44:00,42358,1,75.7759672619,0.11287202381
2012-06-14 19:44:01,42359,1,75.8773065476,0.101339285714
2012-06-14 19:44:02,42360,1,75.9712053571,0.0938988095239
2012-06-14 19:44:03,42361,1,76.0616071429,0.0904017857142
2012-06-14 19:44:04,42362,1,76.155952381,0.0943452380953
2012-06-14 19:44:05,42363,1,76.2627232143,0.106770833333
2012-06-14 19:44:06,42364,1,76.384375,0.121651785714
2012-06-14 19:44:07,42365,1,76.5078125,0.1234375
2012-06-14 19:44:08,42366,1,76.5962797619,0.0884672619048
2012-06-14 19:44:09,42367,1,76.603125,0.00684523809521
2012-06-14 19:44:10,42368,1,76.5011904762,-0.10193452381
2012-06-14 19:44:11,42369,1,76.3063244048,-0.194866071429
2012-06-14 19:44:12,42370,1,76.0948660714,-0.211458333333
2012-06-14 19:44:13,42371,1,75.987202381,-0.107663690476
2012-06-14 19:44:14,42372,1,76.0747767857,0.0875744047619
2012-06-14 19:44:15,42373,1,76.3488095238,0.274032738095
2012-06-14 19:44:16,42374,1,76.6941964286,0.345386904762
2012-06-14 19:44:17,42375,1,76.9469494048,0.25275297619
2012-06-14 19:44:18,42376,1,76.9813244048,0.034375
2012-06-14 19:44:19,42377,1,76.7793154762,-0.202008928571
2012-06-14 19:44:20,42378,1,76.4333333333,-0.345982142857
2012-06-14 19:44:21,42379,1,76.0876488095,-0.345684523809
2012-06-14 19:44:22,42380,1,75.8771577381,-0.210491071429
2012-06-14 19:44:23,42381,1,75.8743303571,-0.00282738095231
2012-06-14 19:44:24,42382,1,76.0409970238,0.166666666667
2012-06-14 19:44:25,42383,1,76.2529017857,0.211904761905
2012-06-14 19:44:26,42384,1,76.4011904762,0.148288690476
2012-06-14 19:44:27,42385,1,76.462797619,0.0616071428571
2012-06-14 19:44:28,42386,1,76.4817708333,0.0189732142857
2012-06-14 19:44:29,42387,1,76.5038690476,0.0220982142857
2012-06-14 19:44:30,42388,1,76.5408482143,0.0369791666667
2012-06-14 19:44:31,42389,1,76.590922619,0.0500744047619
2012-06-14 19:44:32,42390,1,76.6692708333,0.0783482142857
2012-06-14 19:44:33,42391,1,76.8023065476,0.133035714286
2012-06-14 19:44:34,42392,1,76.9869791667,0.184672619048
2012-06-14 19:44:35,42393,1,77.1736607143,0.186681547619
2012-06-14 19:44:36,42394,1,77.3099702381,0.13630952381
2012-06-14 19:44:37,42395,1,77.3811755952,0.0712053571429
2012-06-14 19:44:38,42396,1,77.4003720238,0.0191964285714
2012-06-14 19:44:39,42397,1,77.3880208333,-0.0123511904762
2012-06-14 19:44:40,42398,1,77.3642113095,-0.0238095238095
2012-06-14 19:44:41,42399,1,77.3470982143,-0.0171130952381
2012-06-14 19:44:42,42400,1,77.356547619,0.00944940476191
2012-06-14 19:44:43,42401,1,77.4105654762,0.0540178571429
2012-06-14 19:44:44,42402,1,77.5101190476,0.0995535714285
2012-06-14 19:44:45,42403,1,77.6353422619,0.125223214286
2012-06-14 19:44:46,42404,1,77.7614583333,0.126116071428
2012-06-14 19:44:47,42405,1,77.8726190476,0.111160714286
2012-06-14 19:44:48,42406,1,77.9619047619,0.0892857142858
2012-06-14 19:44:49,42407,1,78.0251488095,0.063244047619
2012-06-14 19:44:50,42408,1,78.0571428571,0.0319940476191
2012-06-14 19:44:51,42409,1,78.0573660714,0.000223214285697
2012-06-14 19:44:52,42410,1,78.0398809524,-0.0174851190476
2012-06-14 19:44:53,42411,1,78.0291666667,-0.0107142857143
2012-06-14 19:44:54,42412,1,78.0462053571,0.0170386904762
2012-06-14 19:44:55,42413,1,78.1067708333,0.0605654761904
2012-06-14 19:44:56,42414,1,78.2243303571,0.11755952381
2012-06-14 19:44:57,42415,1,78.3995535714,0.175223214286
2012-06-14 19:44:58,42416,1,78.6080357143,0.208482142857
2012-06-14 19:44:59,42417,1,78.8023065476,0.194270833333
2012-06-14 19:45:00,42418,1,78.9319940476,0.1296875
2012-06-14 19:45:01,42419,1,78.9736607143,0.0416666666667
2012-06-14 19:45:02,42420,1,78.9435267857,-0.0301339285714
2012-06-14 19:45:03,42421,1,78.8828869048,-0.0606398809524
2012-06-14 19:45:04,42422,1,78.8345238095,-0.0483630952381
2012-06-14 19:45:05,42423,1,78.825,-0.0095238095238
2012-06-14 19:45:06,42424,1,78.8587797619,0.0337797619048
2012-06-14 19:45:07,42425,1,78.9223214286,0.0635416666666
2012-06-14 19:45:08,42426,1,78.9938244048,0.0715029761905
2012-06-14 19:45:09,42427,1,79.0558035714,0.0619791666667
2012-06-14 19:45:10,42428,1,79.0977678571,0.0419642857143
2012-06-14 19:45:11,42429,1,79.1087053571,0.0109375
2012-06-14 19:45:12,42430,1,79.0761160714,-0.0325892857143
2012-06-14 19:45:13,42431,1,78.9915178571,-0.0845982142857
2012-06-14 19:45:14,42432,1,78.8571428571,-0.134375
2012-06-14 19:45:15,42433,1,78.6921875,-0.164955357143
2012-06-14 19:45:16,42434,1,78.5272321429,-0.164955357143
2012-06-14 19:45:17,42435,1,78.3894345238,-0.137797619048
2012-06-14 19:45:18,42436,1,78.2933779762,-0.096056547619
2012-06-14 19:45:19,42437,1,78.240922619,-0.0524553571429
2012-06-14 19:45:20,42438,1,78.2340029762,-0.0069196428571
2012-06-14 19:45:21,42439,1,78.2902529762,0.05625
2012-06-14 19:45:22,42440,1,78.4319196429,0.141666666667
2012-06-14 19:45:23,42441,1,78.6553571429,0.2234375
2012-06-14 19:45:24,42442,1,78.9212053571,0.265848214286
2012-06-14 19:45:25,42443,1,79.176860119,0.255654761905
2012-06-14 19:45:26,42444,1,79.3873511905,0.210491071429
2012-06-14 19:45:27,42445,1,79.5417410714,0.154389880952
2012-06-14 19:45:28,42446,1,79.6311755952,0.0894345238095
2012-06-14 19:45:29,42447,1,79.6388392857,0.00766369047619
2012-06-14 19:45:30,42448,1,79.561235119,-0.0776041666667
2012-06-14 19:45:31,42449,1,79.4255952381,-0.135639880952
2012-06-14 19:45:32,42450,1,79.2759672619,-0.14962797619
2012-06-14 19:45:33,42451,1,79.1394345238,-0.136532738095
2012-06-14 19:45:34,42452,1,79.0024553571,-0.136979166667
2012-06-14 19:45:35,42453,1,78.825297619,-0.177157738095
2012-06-14 19:45:36,42454,1,78.5829613095,-0.242336309524
2012-06-14 19:45:37,42455,1,78.2874255952,-0.295535714286
2012-06-14 19:45:38,42456,1,77.9739583333,-0.313467261905
2012-06-14 19:45:39,42457,1,77.670014881,-0.303943452381
2012-06-14 19:45:40,42458,1,77.3734375,-0.296577380952
2012-06-14 19:45:41,42459,1,77.0598958333,-0.313541666667
2012-06-14 19:45:42,42460,1,76.7039434524,-0.355952380952
2012-06-14 19:45:43,42461,1,76.284672619,-0.419270833333
2012-06-14 19:45:44,42462,1,75.7883928571,-0.496279761905
2012-06-14 19:45:45,42463,1,75.2254464286,-0.562946428571
2012-06-14 19:45:46,42464,1,74.641889881,-0.583556547619
2012-06-14 19:45:47,42465,1,74.1077380952,-0.534151785714
2012-06-14 19:45:48,42466,1,73.6850446429,-0.422693452381
2012-06-14 19:45:49,42467,1,73.3959821429,-0.2890625
2012-06-14 19:45:50,42468,1,73.2195684524,-0.176413690476
2012-06-14 19:45:51,42469,1,73.1223214286,-0.0972470238095
2012-06-14 19:45:52,42470,1,73.090625,-0.0316964285714
2012-06-14 19:45:53,42471,1,73.1291666667,0.0385416666667
2012-06-14 19:45:54,42472,1,73.2311011905,0.101934523809
2012-06-14 19:45:55,42473,1,73.3584077381,0.127306547619
2012-06-14 19:45:56,42474,1,73.4536458333,0.0952380952381
2012-06-14 19:45:57,42475,1,73.4767113095,0.0230654761905
2012-06-14 19:45:58,42476,1,73.4488839286,-0.0278273809524
2012-06-14 19:45:59,42477,1,73.45,0.0011160714286
2012-06-14 19:46:00,42478,1,73.5267113095,0.0767113095238
2012-06-14 19:46:01,42479,1,73.6183035714,0.0915922619048
2012-06-14 19:46:02,42480,1,73.6195684524,0.00126488095231
2012-06-14 19:46:03,42481,1,73.4857142857,-0.133854166667
2012-06-14 19:46:04,42482,1,73.2588541667,-0.226860119048
2012-06-14 19:46:05,42483,1,73.0296875,-0.229166666667
2012-06-14 19:46:06,42484,1,72.8594494048,-0.170238095238
2012-06-14 19:46:07,42485,1,72.7287202381,-0.130729166667
2012-06-14 19:46:08,42486,1,72.5810267857,-0.147693452381
2012-06-14 19:46:09,42487,1,72.383110119,-0.197916666667
2012-06-14 19:46:10,42488,1,72.1296875,-0.253422619048
2012-06-14 19:46:11,42489,1,71.8347470238,-0.294940476191
2012-06-14 19:46:12,42490,1,71.5295386905,-0.305208333333
2012-06-14 19:46:13,42491,1,71.2495535714,-0.279985119048
2012-06-14 19:46:14,42492,1,71.0236607143,-0.225892857143
2012-06-14 19:46:15,42493,1,70.8796875,-0.143973214286
2012-06-14 19:46:16,42494,1,70.8479910714,-0.0316964285714
2012-06-14 19:46:17,42495,1,70.9459821429,0.0979910714285
2012-06-14 19:46:18,42496,1,71.1608630952,0.214880952381
2012-06-14 19:46:19,42497,1,71.4571428571,0.296279761905
2012-06-14 19:46:20,42498,1,71.8014880952,0.344345238095
2012-06-14 19:46:21,42499,1,72.1741071429,0.372619047619
2012-06-14 19:46:22,42500,1,72.5616071429,0.3875
2012-06-14 19:46:23,42501,1,72.9476934524,0.386086309524
2012-06-14 19:46:24,42502,1,73.3071428571,0.359449404762
2012-06-14 19:46:25,42503,1,73.6076636905,0.300520833333
2012-06-14 19:46:26,42504,1,73.8180059524,0.210342261905
2012-06-14 19:46:27,42505,1,73.9098958333,0.0918898809524
2012-06-14 19:46:28,42506,1,73.8646577381,-0.0452380952381
2012-06-14 19:46:29,42507,1,73.6904761905,-0.174181547619
2012-06-14 19:46:30,42508,1,73.4223214286,-0.268154761905
2012-06-14 19:46:31,42509,1,73.1026041667,-0.319717261905
2012-06-14 19:46:32,42510,1,72.7688244048,-0.333779761905
2012-06-14 19:46:33,42511,1,72.4508184524,-0.318005952381
2012-06-14 19:46:34,42512,1,72.1697172619,-0.281101190476
2012-06-14 19:46:35,42513,1,71.9334077381,-0.23630952381
2012-06-14 19:46:36,42514,1,71.7288690476,-0.204538690476
2012-06-14 19:46:37,42515,1,71.5303571429,-0.198511904762
2012-06-14 19:46:38,42516,1,71.3240327381,-0.206324404762
2012-06-14 19:46:39,42517,1,71.1197916667,-0.204241071428
2012-06-14 19:46:40,42518,1,70.9420386905,-0.177752976191
2012-06-14 19:46:41,42519,1,70.8146577381,-0.127380952381
2012-06-14 19:46:42,42520,1,70.7551339286,-0.0595238095238
2012-06-14 19:46:43,42521,1,70.7841517857,0.0290178571429
2012-06-14 19:46:44,42522,1,70.9285714286,0.144419642857
2012-06-14 19:46:45,42523,1,71.1968005952,0.268229166667
2012-06-14 19:46:46,42524,1,71.5527529762,0.355952380952
2012-06-14 19:46:47,42525,1,71.9238095238,0.371056547619
2012-06-14 19:46:48,42526,1,72.2390625,0.315252976191
2012-06-14 19:46:49,42527,1,72.4630952381,0.224032738095
2012-06-14 19:46:50,42528,1,72.591889881,0.128794642857
2012-06-14 19:46:51,42529,1,72.6192708333,0.0273809523809
2012-06-14 19:46:52,42530,1,72.5255952381,-0.0936755952381
2012-06-14 19:46:53,42531,1,72.3141369048,-0.211458333333
2012-06-14 19:46:54,42532,1,72.0472470238,-0.266889880952
2012-06-14 19:46:55,42533,1,71.8275297619,-0.219717261905
2012-06-14 19:46:56,42534,1,71.7389880952,-0.0885416666667
2012-06-14 19:46:57,42535,1,71.7989583333,0.0599702380952
2012-06-14 19:46:58,42536,1,71.9561755952,0.157217261905
2012-06-14 19:46:59,42537,1,72.1397321429,0.183556547619
2012-06-14 19:47:00,42538,1,72.3120535714,0.172321428572
2012-06-14 19:47:01,42539,1,72.4736607143,0.161607142857
2012-06-14 19:47:02,42540,1,72.6360863095,0.162425595238
2012-06-14 19:47:03,42541,1,72.8081845238,0.172098214286
2012-06-14 19:47:04,42542,1,73.0022321429,0.194047619048
2012-06-14 19:47:05,42543,1,73.2414434524,0.239211309524
2012-06-14 19:47:06,42544,1,73.5537946429,0.312351190476
2012-06-14 19:47:07,42545,1,73.9447916667,0.39099702381
2012-06-14 19:47:08,42546,1,74.3680803571,0.423288690476
2012-06-14 19:47:09,42547,1,74.7345982143,0.366517857143
2012-06-14 19:47:10,42548,1,74.9609375,0.226339285714
2012-06-14 19:47:11,42549,1,75.0092261905,0.0482886904762
2012-06-14 19:47:12,42550,1,74.8966517857,-0.112574404762
2012-06-14 19:47:13,42551,1,74.6797619048,-0.216889880952
2012-06-14 19:47:14,42552,1,74.4107886905,-0.268973214286
2012-06-14 19:47:15,42553,1,74.108110119,-0.302678571429
2012-06-14 19:47:16,42554,1,73.779985119,-0.328125
2012-06-14 19:47:17,42555,1,73.4394345238,-0.340550595238
2012-06-14 19:47:18,42556,1,73.090625,-0.348809523809
2012-06-14 19:47:19,42557,1,72.7467261905,-0.343898809524
2012-06-14 19:47:20,42558,1,72.4409970238,-0.305729166667
2012-06-14 19:47:21,42559,1,72.1991815476,-0.24181547619
2012-06-14 19:47:22,42560,1,72.032514881,-0.166666666667
2012-06-14 19:47:23,42561,1,71.9381696429,-0.0943452380953
2012-06-14 19:47:24,42562,1,71.8913690476,-0.046800595238
2012-06-14 19:47:25,42563,1,71.8715029762,-0.0198660714286
2012-06-14 19:47:26,42564,1,71.8777529762,0.00624999999999
2012-06-14 19:47:27,42565,1,71.8892857143,0.0115327380952
2012-06-14 19:47:28,42566,1,71.8398065476,-0.0494791666667
2012-06-14 19:47:29,42567,1,71.6594494048,-0.180357142857
2012-06-14 19:47:30,42568,1,71.3411458333,-0.318303571429
2012-06-14 19:47:31,42569,1,70.9595982143,-0.381547619048
2012-06-14 19:47:32,42570,1,70.6195684524,-0.340029761905
2012-06-14 19:47:33,42571,1,70.3929315476,-0.226636904762
2012-06-14 19:47:34,42572,1,70.3135416667,-0.0793898809524
2012-06-14 19:47:35,42573,1,70.4003720238,0.0868303571428
2012-06-14 19:47:36,42574,1,70.6493303571,0.248958333333
2012-06-14 19:47:37,42575,1,71.0164434524,0.367113095238
2012-06-14 19:47:38,42576,1,71.426264881,0.409821428571
2012-06-14 19:47:39,42577,1,71.8037946429,0.377529761905
2012-06-14 19:47:40,42578,1,72.1209077381,0.317113095238
2012-06-14 19:47:41,42579,1,72.4037202381,0.2828125
2012-06-14 19:47:42,42580,1,72.6749255952,0.271205357143
2012-06-14 19:47:43,42581,1,72.9197916667,0.244866071429
2012-06-14 19:47:44,42582,1,73.1235119048,0.203720238095
2012-06-14 19:47:45,42583,1,73.2930803571,0.169568452381
2012-06-14 19:47:46,42584,1,73.4198660714,0.126785714286
2012-06-14 19:47:47,42585,1,73.4664434524,0.0465773809523
2012-06-14 19:47:48,42586,1,73.4177083333,-0.0487351190476
2012-06-14 19:47:49,42587,1,73.3122767857,-0.105431547619
2012-06-14 19:47:50,42588,1,73.2019345238,-0.110342261905
2012-06-14 19:47:51,42589,1,73.0988839286,-0.103050595238
2012-06-14 19:47:52,42590,1,72.9806547619,-0.118229166667
2012-06-14 19:47:53,42591,1,72.8508184524,-0.129836309524
2012-06-14 19:47:54,42592,1,72.7791666667,-0.0716517857143
2012-06-14 19:47:55,42593,1,72.8527529762,0.0735863095238
2012-06-14 19:47:56,42594,1,73.0829613095,0.230208333333
2012-06-14 19:47:57,42595,1,73.3777529762,0.294791666667
2012-06-14 19:47:58,42596,1,73.6165922619,0.238839285714
2012-06-14 19:47:59,42597,1,73.7470982143,0.130505952381
2012-06-14 19:48:00,42598,1,73.7920386905,0.0449404761905
2012-06-14 19:48:01,42599,1,73.7814732143,-0.0105654761905
2012-06-14 19:48:02,42600,1,73.712202381,-0.0692708333333
2012-06-14 19:48:03,42601,1,73.5578125,-0.154389880952
2012-06-14 19:48:04,42602,1,73.3070684524,-0.250744047619
2012-06-14 19:48:05,42603,1,73.0100446429,-0.297023809524
2012-06-14 19:48:06,42604,1,72.7719494048,-0.238095238095
2012-06-14 19:48:07,42605,1,72.679985119,-0.0919642857143
2012-06-14 19:48:08,42606,1,72.7392857143,0.0593005952381
2012-06-14 19:48:09,42607,1,72.880952381,0.141666666667
2012-06-14 19:48:10,42608,1,73.0285714286,0.147619047619
2012-06-14 19:48:11,42609,1,73.1530505952,0.124479166667
2012-06-14 19:48:12,42610,1,73.2618303571,0.108779761905
2012-06-14 19:48:13,42611,1,73.3480654762,0.0862351190476
2012-06-14 19:48:14,42612,1,73.3772321429,0.0291666666667
2012-06-14 19:48:15,42613,1,73.3298363095,-0.0473958333334
2012-06-14 19:48:16,42614,1,73.2119047619,-0.117931547619
2012-06-14 19:48:17,42615,1,73.0052083333,-0.206696428571
2012-06-14 19:48:18,42616,1,72.6625,-0.342708333333
2012-06-14 19:48:19,42617,1,72.1691220238,-0.49337797619
2012-06-14 19:48:20,42618,1,71.5816220238,-0.5875
2012-06-14 19:48:21,42619,1,71.0007440476,-0.580877976191
2012-06-14 19:48:22,42620,1,70.4828869048,-0.517857142857
2012-06-14 19:48:23,42621,1,69.9760416667,-0.506845238095
2012-06-14 19:48:24,42622,1,69.3912202381,-0.584821428572
2012-06-14 19:48:25,42623,1,68.7215029762,-0.669717261905
2012-06-14 19:48:26,42624,1,68.0458333333,-0.675669642857
2012-06-14 19:48:27,42625,1,67.4479910714,-0.597842261905
2012-06-14 19:48:28,42626,1,66.9616815476,-0.48630952381
2012-06-14 19:48:29,42627,1,66.5604166667,-0.401264880952
2012-06-14 19:48:30,42628,1,66.1753720238,-0.385044642857
2012-06-14 19:48:31,42629,1,65.7349702381,-0.440401785714
2012-06-14 19:48:32,42630,1,65.2124255952,-0.522544642857
2012-06-14 19:48:33,42631,1,64.6556547619,-0.556770833333
2012-06-14 19:48:34,42632,1,64.1505952381,-0.50505952381
2012-06-14 19:48:35,42633,1,63.7301339286,-0.420461309524
2012-06-14 19:48:36,42634,1,63.3398809524,-0.39025297619
2012-06-14 19:48:37,42635,1,62.8982142857,-0.441666666667
2012-06-14 19:48:38,42636,1,62.3745535714,-0.523660714286
2012-06-14 19:48:39,42637,1,61.8121279762,-0.562425595238
2012-06-14 19:48:40,42638,1,61.2654017857,-0.546726190476
2012-06-14 19:48:41,42639,1,60.730952381,-0.534449404762
2012-06-14 19:48:42,42640,1,60.1788690476,-0.552083333333
2012-06-14 19:48:43,42641,1,59.620014881,-0.558854166667
2012-06-14 19:48:44,42642,1,59.0924107143,-0.527604166667
2012-06-14 19:48:45,42643,1,58.6031994048,-0.489211309524
2012-06-14 19:48:46,42644,1,58.1158482143,-0.487351190476
2012-06-14 19:48:47,42645,1,57.5872767857,-0.528571428571
2012-06-14 19:48:48,42646,1,57.0119791667,-0.575297619048
2012-06-14 19:48:49,42647,1,56.4316964286,-0.580282738095
2012-06-14 19:48:50,42648,1,55.8881696429,-0.543526785714
2012-06-14 19:48:51,42649,1,55.384077381,-0.504092261905
2012-06-14 19:48:52,42650,1,54.936235119,-0.447842261905
2012-06-14 19:48:53,42651,1,54.6340029762,-0.302232142857
2012-06-14 19:48:54,42652,1,54.573735119,-0.0602678571429
2012-06-14 19:48:55,42653,1,54.7456845238,0.171949404762
2012-06-14 19:48:56,42654,1,55.0161458333,0.270461309524
2012-06-14 19:48:57,42655,1,55.2128720238,0.196726190476
2012-06-14 19:48:58,42656,1,55.2319940476,0.0191220238095
2012-06-14 19:48:59,42657,1,55.076264881,-0.155729166667
2012-06-14 19:49:00,42658,1,54.8030505952,-0.273214285714
2012-06-14 19:49:01,42659,1,54.4572916667,-0.345758928571
2012-06-14 19:49:02,42660,1,54.052827381,-0.404464285714
2012-06-14 19:49:03,42661,1,53.578422619,-0.474404761905
2012-06-14 19:49:04,42662,1,52.9898809524,-0.588541666667
2012-06-14 19:49:05,42663,1,52.218452381,-0.771428571429
2012-06-14 19:49:06,42664,1,51.2298363095,-0.988616071429
2012-06-14 19:49:07,42665,1,50.0741071429,-1.15572916667
2012-06-14 19:49:08,42666,1,48.8399553571,-1.23415178571
2012-06-14 19:49:09,42667,1,47.5203869048,-1.31956845238
2012-06-14 19:49:10,42668,1,45.915922619,-1.60446428571
2012-06-14 19:49:11,42669,1,43.7145089286,-2.20141369048
2012-06-14 19:49:12,42670,1,40.73125,-2.98325892857
2012-06-14 19:49:13,42671,1,37.1220238095,-3.60922619048
2012-06-14 19:49:14,42672,1,33.3488839286,-3.77313988095
2012-06-14 19:49:15,42673,1,29.875297619,-3.47358630952
2012-06-14 19:49:16,42674,1,26.9133928571,-2.9619047619
2012-06-14 19:49:17,42675,1,24.4758184524,-2.43757440476
2012-06-14 19:49:18,42676,1,22.5788690476,-1.89694940476
2012-06-14 19:49:19,42677,1,21.3633928571,-1.21547619048
2012-06-14 19:49:20,42678,1,21.009672619,-0.353720238095
2012-06-14 19:49:21,42679,1,21.4985863095,0.488913690476
2012-06-14 19:49:22,42680,1,22.5343005952,1.03571428571
2012-06-14 19:49:23,42681,1,23.7351934524,1.20089285714
2012-06-14 19:49:24,42682,1,24.826860119,1.09166666667
2012-06-14 19:49:25,42683,1,25.7083333333,0.881473214286
2012-06-14 19:49:26,42684,1,26.4236607143,0.715327380952
2012-06-14 19:49:27,42685,1,27.0447916667,0.621130952381
2012-06-14 19:49:28,42686,1,27.572172619,0.527380952381
2012-06-14 19:49:29,42687,1,27.9462053571,0.374032738095
2012-06-14 19:49:30,42688,1,28.1061755952,0.159970238095
2012-06-14 19:49:31,42689,1,28.0318452381,-0.0743303571429
2012-06-14 19:49:32,42690,1,27.748139881,-0.283705357143
2012-06-14 19:49:33,42691,1,27.2772321429,-0.470907738095
2012-06-14 19:49:34,42692,1,26.5972470238,-0.679985119048
2012-06-14 19:49:35,42693,1,25.6808779762,-0.916369047619
2012-06-14 19:49:36,42694,1,24.5578125,-1.12306547619
2012-06-14 19:49:37,42695,1,23.2980654762,-1.25974702381
2012-06-14 19:49:38,42696,1,21.9321428571,-1.36592261905
2012-06-14 19:49:39,42697,1,20.4349702381,-1.49717261905
2012-06-14 19:49:40,42698,1,18.8247767857,-1.61019345238
2012-06-14 19:49:41,42699,1,17.2159970238,-1.6087797619
2012-06-14 19:49:42,42700,1,15.6801917989,-1.53580522487
2012-06-14 19:49:43,42701,1,14.0710978836,-1.60909391534
2012-06-14 19:49:44,42702,1,12.0950644841,-1.97603339947
2012-06-14 19:49:45,42703,1,9.6431630291,-2.45190145503
2012-06-14 19:49:46,42704,1,7.04071593915,-2.60244708995
2012-06-14 19:49:47,42705,1,4.88194444444,-2.15877149471
2012-06-14 19:49:48,42706,1,3.58605324074,-1.2958912037
2012-06-14 19:49:49,42707,1,3.12587632275,-0.460176917989
2012-06-14 19:49:50,42708,1,3.14990079365,0.0240244708995
2012-06-14 19:49:51,42709,1,3.29413029101,0.144229497354
2012-06-14 19:49:52,42710,1,3.35404679233,0.0599165013227
2012-06-14 19:49:53,42711,1,3.35381944444,-0.0002273478836
2012-06-14 19:49:54,42712,1,3.74428736772,0.39046792328
2012-06-14 19:49:55,42713,1,5.40695271164,1.66266534392
2012-06-14 19:49:56,42714,1,9.05425347222,3.64730076058
2012-06-14 19:49:57,42715,1,14.5433614418,5.48910796958
2012-06-14 19:49:58,42716,1,20.8447461971,6.30138475529
2012-06-14 19:49:59,42717,1,26.6584325397,5.81368634259
2012-06-14 19:50:00,42718,1,31.2042741402,4.54584160053
2012-06-14 19:50:01,42719,1,34.5448826058,3.34060846561
2012-06-14 19:50:02,42720,1,37.1434151786,2.59853257275
2012-06-14 19:50:03,42721,1,39.2772321429,2.13381696429
2012-06-14 19:50:04,42722,1,40.9511160714,1.67388392857
2012-06-14 19:50:05,42723,1,42.1098214286,1.15870535714
2012-06-14 19:50:06,42724,1,42.778422619,0.668601190476
2012-06-14 19:50:07,42725,1,43.0968005952,0.31837797619
2012-06-14 19:50:08,42726,1,43.2764880952,0.1796875
2012-06-14 19:50:09,42727,1,43.4944196429,0.217931547619
2012-06-14 19:50:10,42728,1,43.8052827381,0.310863095238
2012-06-14 19:50:11,42729,1,44.1494791667,0.344196428572
2012-06-14 19:50:12,42730,1,44.4462053571,0.296726190476
2012-06-14 19:50:13,42731,1,44.6785714286,0.232366071429
2012-06-14 19:50:14,42732,1,44.8931547619,0.214583333333
2012-06-14 19:50:15,42733,1,45.1320684524,0.238913690476
2012-06-14 19:50:16,42734,1,45.3781994048,0.246130952381
2012-06-14 19:50:17,42735,1,45.5649553571,0.186755952381
2012-06-14 19:50:18,42736,1,45.6078869048,0.042931547619
2012-06-14 19:50:19,42737,1,45.381547619,-0.226339285714
2012-06-14 19:50:20,42738,1,44.6651041667,-0.716443452381
2012-06-14 19:50:21,42739,1,43.1634672619,-1.50163690476
2012-06-14 19:50:22,42740,1,40.6427083333,-2.52075892857
2012-06-14 19:50:23,42741,1,37.0976190476,-3.54508928571
2012-06-14 19:50:24,42742,1,32.8308779762,-4.26674107143
2012-06-14 19:50:25,42743,1,28.3994791667,-4.43139880952
2012-06-14 19:50:26,42744,1,24.4899553571,-3.90952380952
2012-06-14 19:50:27,42745,1,21.7572916667,-2.73266369048
2012-06-14 19:50:28,42746,1,20.5829613095,-1.17433035714
2012-06-14 19:50:29,42747,1,20.835639881,0.252678571429
2012-06-14 19:50:30,42748,1,21.8888392857,1.05319940476
2012-06-14 19:50:31,42749,1,22.9881696429,1.09933035714
2012-06-14 19:50:32,42750,1,23.7029761905,0.714806547619
2012-06-14 19:50:33,42751,1,24.0796875,0.376711309524
2012-06-14 19:50:34,42752,1,24.3960565476,0.316369047619
2012-06-14 19:50:35,42753,1,24.7835565476,0.3875
2012-06-14 19:50:36,42754,1,25.0158482143,0.232291666667
2012-06-14 19:50:37,42755,1,24.565327381,-0.450520833333
2012-06-14 19:50:38,42756,1,22.8948660714,-1.67046130952
2012-06-14 19:50:39,42757,1,19.8109375,-3.08392857143
2012-06-14 19:50:40,42758,1,15.6476190476,-4.16331845238
2012-06-14 19:50:41,42759,1,11.1956845238,-4.45193452381
2012-06-14 19:50:42,42760,1,7.40275297619,-3.79293154762
2012-06-14 19:50:43,42761,1,4.96116071429,-2.4415922619
2012-06-14 19:50:44,42762,1,4.03645833333,-0.924702380952
2012-06-14 19:50:45,42763,1,4.31421130952,0.27775297619
2012-06-14 19:50:46,42764,1,5.30111607143,0.986904761905
2012-06-14 19:50:47,42765,1,6.65662202381,1.35550595238
2012-06-14 19:50:48,42766,1,8.33325892857,1.67663690476
2012-06-14 19:50:49,42767,1,10.4816220238,2.14836309524
2012-06-14 19:50:50,42768,1,13.2172619048,2.73563988095
2012-06-14 19:50:51,42769,1,16.3774553571,3.16019345238
2012-06-14 19:50:52,42770,1,19.4703869048,3.09293154762
2012-06-14 19:50:53,42771,1,21.9089285714,2.43854166667
2012-06-14 19:50:54,42772,1,23.3233630952,1.41443452381
2012-06-14 19:50:55,42773,1,23.7258928571,0.402529761905
2012-06-14 19:50:56,42774,1,23.4628720238,-0.263020833333
2012-06-14 19:50:57,42775,1,22.9779761905,-0.484895833333
2012-06-14 19:50:58,42776,1,22.5585565476,-0.419419642857
2012-06-14 19:50:59,42777,1,22.2884672619,-0.270089285714
2012-06-14 19:51:00,42778,1,22.1839285714,-0.104538690476
2012-06-14 19:51:01,42779,1,22.295610119,0.111681547619
2012-06-14 19:51:02,42780,1,22.6798363095,0.384226190476
2012-06-14 19:51:03,42781,1,23.3311755952,0.651339285714
2012-06-14 19:51:04,42782,1,24.165625,0.834449404762
2012-06-14 19:51:05,42783,1,25.0426339286,0.877008928571
2012-06-14 19:51:06,42784,1,25.8011160714,0.758482142857
2012-06-14 19:51:07,42785,1,26.3051339286,0.504017857143
2012-06-14 19:51:08,42786,1,26.4925595238,0.187425595238
2012-06-14 19:51:09,42787,1,26.4273065476,-0.0652529761905
2012-06-14 19:51:10,42788,1,26.3164434524,-0.110863095238
2012-06-14 19:51:11,42789,1,26.4335565476,0.117113095238
2012-06-14 19:51:12,42790,1,26.9886904762,0.555133928572
2012-06-14 19:51:13,42791,1,28.0418154762,1.053125
2012-06-14 19:51:14,42792,1,29.4950892857,1.45327380952
2012-06-14 19:51:15,42793,1,31.14375,1.64866071429
2012-06-14 19:51:16,42794,1,32.7405505952,1.59680059524
2012-06-14 19:51:17,42795,1,34.0560267857,1.31547619048
2012-06-14 19:51:18,42796,1,34.9692708333,0.913244047619
2012-06-14 19:51:19,42797,1,35.5511904762,0.581919642857
2012-06-14 19:51:20,42798,1,36.022172619,0.470982142857
2012-06-14 19:51:21,42799,1,36.5773809524,0.555208333333
2012-06-14 19:51:22,42800,1,37.2282738095,0.650892857143
2012-06-14 19:51:23,42801,1,37.8209821429,0.592708333333
2012-06-14 19:51:24,42802,1,38.2283482143,0.407366071429
2012-06-14 19:51:25,42803,1,38.5046875,0.276339285714
2012-06-14 19:51:26,42804,1,38.8303571429,0.325669642857
2012-06-14 19:51:27,42805,1,39.3247767857,0.494419642857
2012-06-14 19:51:28,42806,1,39.9302083333,0.605431547619
2012-06-14 19:51:29,42807,1,40.4719494048,0.541741071429
2012-06-14 19:51:30,42808,1,40.8140625,0.342113095238
2012-06-14 19:51:31,42809,1,40.9302827381,0.116220238095
2012-06-14 19:51:32,42810,1,40.8354910714,-0.0947916666666
2012-06-14 19:51:33,42811,1,40.509375,-0.326116071429
2012-06-14 19:51:34,42812,1,39.9154761905,-0.593898809524
2012-06-14 19:51:35,42813,1,39.074702381,-0.840773809524
2012-06-14 19:51:36,42814,1,38.1286458333,-0.946056547619
2012-06-14 19:51:37,42815,1,37.3465029762,-0.782142857143
2012-06-14 19:51:38,42816,1,37.0282738095,-0.318229166667
2012-06-14 19:51:39,42817,1,37.354389881,0.326116071429
2012-06-14 19:51:40,42818,1,38.298139881,0.94375
2012-06-14 19:51:41,42819,1,39.6351190476,1.33697916667
2012-06-14 19:51:42,42820,1,41.034672619,1.39955357143
2012-06-14 19:51:43,42821,1,42.2020089286,1.16733630952
2012-06-14 19:51:44,42822,1,42.9857886905,0.783779761905
2012-06-14 19:51:45,42823,1,43.4048363095,0.419047619048
2012-06-14 19:51:46,42824,1,43.6160714286,0.211235119048
2012-06-14 19:51:47,42825,1,43.8291666667,0.213095238095
2012-06-14 19:51:48,42826,1,44.1901041667,0.3609375
2012-06-14 19:51:49,42827,1,44.6997767857,0.509672619048
2012-06-14 19:51:50,42828,1,45.2197172619,0.51994047619
2012-06-14 19:51:51,42829,1,45.5810267857,0.36130952381
2012-06-14 19:51:52,42830,1,45.7238839286,0.142857142857
2012-06-14 19:51:53,42831,1,45.7322916667,0.0084077380953
2012-06-14 19:51:54,42832,1,45.7459077381,0.0136160714285
2012-06-14 19:51:55,42833,1,45.8502232143,0.104315476191
2012-06-14 19:51:56,42834,1,46.0258184524,0.175595238095
2012-06-14 19:51:57,42835,1,46.1830357143,0.157217261905
2012-06-14 19:51:58,42836,1,46.2135416667,0.030505952381
2012-06-14 19:51:59,42837,1,45.9792410714,-0.234300595238
2012-06-14 19:52:00,42838,1,45.329985119,-0.649255952381
2012-06-14 19:52:01,42839,1,44.2316220238,-1.09836309524
2012-06-14 19:52:02,42840,1,42.8770089286,-1.35461309524
2012-06-14 19:52:03,42841,1,41.645610119,-1.23139880952
2012-06-14 19:52:04,42842,1,40.9017113095,-0.743898809524
2012-06-14 19:52:05,42843,1,40.7538690476,-0.147842261905
2012-06-14 19:52:06,42844,1,41.0159970238,0.26212797619
2012-06-14 19:52:07,42845,1,41.4159970238,0.4
2012-06-14 19:52:08,42846,1,41.7973214286,0.381324404762
2012-06-14 19:52:09,42847,1,42.1448660714,0.347544642857
2012-06-14 19:52:10,42848,1,42.4914434524,0.346577380952
2012-06-14 19:52:11,42849,1,42.8134672619,0.322023809524
2012-06-14 19:52:12,42850,1,43.0175595238,0.204092261905
2012-06-14 19:52:13,42851,1,43.0366071429,0.0190476190476
2012-06-14 19:52:14,42852,1,42.9177083333,-0.118898809524
2012-06-14 19:52:15,42853,1,42.8002232143,-0.117485119048
2012-06-14 19:52:16,42854,1,42.8164434524,0.0162202380952
2012-06-14 19:52:17,42855,1,43.0115327381,0.195089285714
2012-06-14 19:52:18,42856,1,43.3422619048,0.330729166667
2012-06-14 19:52:19,42857,1,43.7398809524,0.397619047619
2012-06-14 19:52:20,42858,1,44.1629464286,0.42306547619
2012-06-14 19:52:21,42859,1,44.5839285714,0.420982142857
2012-06-14 19:52:22,42860,1,44.9469494048,0.363020833333
2012-06-14 19:52:23,42861,1,45.1740327381,0.227083333333
2012-06-14 19:52:24,42862,1,45.2241815476,0.0501488095238
2012-06-14 19:52:25,42863,1,45.1390625,-0.085119047619
2012-06-14 19:52:26,42864,1,45.0289434524,-0.110119047619
2012-06-14 19:52:27,42865,1,45.0134672619,-0.0154761904762
2012-06-14 19:52:28,42866,1,45.1572172619,0.14375
2012-06-14 19:52:29,42867,1,45.4334077381,0.27619047619
2012-06-14 19:52:30,42868,1,45.7439732143,0.310565476191
2012-06-14 19:52:31,42869,1,45.9879464286,0.243973214286
2012-06-14 19:52:32,42870,1,46.1176339286,0.1296875
2012-06-14 19:52:33,42871,1,46.1373511905,0.0197172619048
2012-06-14 19:52:34,42872,1,46.0566220238,-0.0807291666667
2012-06-14 19:52:35,42873,1,45.8517113095,-0.204910714286
2012-06-14 19:52:36,42874,1,45.4914434524,-0.360267857143
2012-06-14 19:52:37,42875,1,44.9982886905,-0.493154761905
2012-06-14 19:52:38,42876,1,44.4497767857,-0.548511904762
2012-06-14 19:52:39,42877,1,43.9146577381,-0.535119047619
2012-06-14 19:52:40,42878,1,43.4121279762,-0.502529761905
2012-06-14 19:52:41,42879,1,42.9389880952,-0.473139880952
2012-06-14 19:52:42,42880,1,42.528422619,-0.41056547619
2012-06-14 19:52:43,42881,1,42.2639880952,-0.26443452381
2012-06-14 19:52:44,42882,1,42.2111607143,-0.0528273809524
2012-06-14 19:52:45,42883,1,42.340922619,0.129761904762
2012-06-14 19:52:46,42884,1,42.541889881,0.200967261905
2012-06-14 19:52:47,42885,1,42.7026041667,0.160714285714
2012-06-14 19:52:48,42886,1,42.7642113095,0.0616071428571
2012-06-14 19:52:49,42887,1,42.6892113095,-0.075
2012-06-14 19:52:50,42888,1,42.4088541667,-0.280357142857
2012-06-14 19:52:51,42889,1,41.8531994048,-0.555654761905
2012-06-14 19:52:52,42890,1,41.053125,-0.800074404762
2012-06-14 19:52:53,42891,1,40.1942708333,-0.858854166667
2012-06-14 19:52:54,42892,1,39.5408482143,-0.653422619048
2012-06-14 19:52:55,42893,1,39.267485119,-0.273363095238
2012-06-14 19:52:56,42894,1,39.3376488095,0.0701636904762
2012-06-14 19:52:57,42895,1,39.5430059524,0.205357142857
2012-06-14 19:52:58,42896,1,39.6691964286,0.12619047619
2012-06-14 19:52:59,42897,1,39.651860119,-0.0173363095238
2012-06-14 19:53:00,42898,1,39.6118303571,-0.0400297619047
2012-06-14 19:53:01,42899,1,39.7572916667,0.145461309524
2012-06-14 19:53:02,42900,1,40.2364583333,0.479166666667
2012-06-14 19:53:03,42901,1,41.03125,0.794791666667
2012-06-14 19:53:04,42902,1,41.946875,0.915625
2012-06-14 19:53:05,42903,1,42.7209821429,0.774107142857
2012-06-14 19:53:06,42904,1,43.1797619048,0.458779761905
2012-06-14 19:53:07,42905,1,43.315922619,0.136160714286
2012-06-14 19:53:08,42906,1,43.2555059524,-0.0604166666667
2012-06-14 19:53:09,42907,1,43.1515625,-0.103943452381
2012-06-14 19:53:10,42908,1,43.0669642857,-0.0845982142857
2012-06-14 19:53:11,42909,1,42.9453869048,-0.121577380952
2012-06-14 19:53:12,42910,1,42.6819196429,-0.263467261905
2012-06-14 19:53:13,42911,1,42.1782738095,-0.503645833333
2012-06-14 19:53:14,42912,1,41.3419642857,-0.83630952381
2012-06-14 19:53:15,42913,1,40.105952381,-1.23601190476
2012-06-14 19:53:16,42914,1,38.4851190476,-1.62083333333
2012-06-14 19:53:17,42915,1,36.5954613095,-1.8896577381
2012-06-14 19:53:18,42916,1,34.584077381,-2.01138392857
2012-06-14 19:53:19,42917,1,32.494047619,-2.0900297619
2012-06-14 19:53:20,42918,1,30.1844494048,-2.30959821429
2012-06-14 19:53:21,42919,1,27.4517113095,-2.73273809524
2012-06-14 19:53:22,42920,1,24.3055803571,-3.14613095238
2012-06-14 19:53:23,42921,1,21.1421875,-3.16339285714
2012-06-14 19:53:24,42922,1,18.6459821429,-2.49620535714
2012-06-14 19:53:25,42923,1,17.4860863095,-1.15989583333
2012-06-14 19:53:26,42924,1,17.9822172619,0.496130952381
2012-06-14 19:53:27,42925,1,19.9255208333,1.94330357143
2012-06-14 19:53:28,42926,1,22.6883184524,2.76279761905
2012-06-14 19:53:29,42927,1,25.5905505952,2.90223214286
2012-06-14 19:53:30,42928,1,28.2415922619,2.65104166667
2012-06-14 19:53:31,42929,1,30.5504464286,2.30885416667
2012-06-14 19:53:32,42930,1,32.4806547619,1.93020833333
2012-06-14 19:53:33,42931,1,33.888764881,1.40811011905
2012-06-14 19:53:34,42932,1,34.5789434524,0.690178571428
2012-06-14 19:53:35,42933,1,34.4920386905,-0.0869047619047
2012-06-14 19:53:36,42934,1,33.8575892857,-0.634449404762
2012-06-14 19:53:37,42935,1,33.0907738095,-0.76681547619
2012-06-14 19:53:38,42936,1,32.5099702381,-0.580803571429
2012-06-14 19:53:39,42937,1,32.2008184524,-0.309151785714
2012-06-14 19:53:40,42938,1,32.0814732143,-0.119345238095
2012-06-14 19:53:41,42939,1,32.0227678571,-0.0587053571428
2012-06-14 19:53:42,42940,1,31.9516369048,-0.071130952381
2012-06-14 19:53:43,42941,1,31.8586309524,-0.0930059523809
2012-06-14 19:53:44,42942,1,31.7240327381,-0.134598214286
2012-06-14 19:53:45,42943,1,31.5010416667,-0.222991071428
2012-06-14 19:53:46,42944,1,31.1827380952,-0.318303571429
2012-06-14 19:53:47,42945,1,30.8348214286,-0.347916666667
2012-06-14 19:53:48,42946,1,30.4770089286,-0.3578125
2012-06-14 19:53:49,42947,1,29.9132440476,-0.563764880952
2012-06-14 19:53:50,42948,1,28.7884672619,-1.12477678571
2012-06-14 19:53:51,42949,1,26.9400297619,-1.8484375
2012-06-14 19:53:52,42950,1,24.7582589286,-2.18177083333
2012-06-14 19:53:53,42951,1,23.1209077381,-1.63735119048
2012-06-14 19:53:54,42952,1,22.8133928571,-0.307514880952
2012-06-14 19:53:55,42953,1,23.9814732143,1.16808035714
2012-06-14 19:53:56,42954,1,26.1226190476,2.14114583333
2012-06-14 19:53:57,42955,1,28.4897321429,2.36711309524
2012-06-14 19:53:58,42956,1,30.5001488095,2.01041666667
2012-06-14 19:53:59,42957,1,31.8745535714,1.3744047619
2012-06-14 19:54:00,42958,1,32.5279017857,0.653348214286
2012-06-14 19:54:01,42959,1,32.4878720238,-0.0400297619048
2012-06-14 19:54:02,42960,1,31.9366815476,-0.551190476191
2012-06-14 19:54:03,42961,1,31.1619047619,-0.774776785714
2012-06-14 19:54:04,42962,1,30.3514136905,-0.810491071429
2012-06-14 19:54:05,42963,1,29.4443452381,-0.907068452381
2012-06-14 19:54:06,42964,1,28.1622767857,-1.28206845238
2012-06-14 19:54:07,42965,1,26.177827381,-1.98444940476
2012-06-14 19:54:08,42966,1,23.3400297619,-2.83779761905
2012-06-14 19:54:09,42967,1,19.842485119,-3.49754464286
2012-06-14 19:54:10,42968,1,16.2720982143,-3.57038690476
2012-06-14 19:54:11,42969,1,13.4859375,-2.78616071429
2012-06-14 19:54:12,42970,1,12.2323660714,-1.25357142857
2012-06-14 19:54:13,42971,1,12.7067708333,0.474404761905
2012-06-14 19:54:14,42972,1,14.4111607143,1.70438988095
2012-06-14 19:54:15,42973,1,16.407514881,1.99635416667
2012-06-14 19:54:16,42974,1,17.7989583333,1.39144345238
2012-06-14 19:54:17,42975,1,18.1534970238,0.354538690476
2012-06-14 19:54:18,42976,1,17.5732886905,-0.580208333333
2012-06-14 19:54:19,42977,1,16.412016369,-1.16127232143
2012-06-14 19:54:20,42978,1,14.9188802083,-1.49313616071
2012-06-14 19:54:21,42979,1,13.0910342262,-1.82784598214
2012-06-14 19:54:22,42980,1,10.8564918155,-2.23454241071
2012-06-14 19:54:23,42981,1,8.36276041667,-2.49373139881
2012-06-14 19:54:24,42982,1,6.00716145833,-2.35559895833
2012-06-14 19:54:25,42983,1,4.19884672619,-1.80831473214
2012-06-14 19:54:26,42984,1,3.11889880952,-1.07994791667
2012-06-14 19:54:27,42985,1,2.66350446429,-0.455394345238
2012-06-14 19:54:28,42986,1,2.58547247024,-0.0780319940476
2012-06-14 19:54:29,42987,1,2.67898065476,0.0935081845238
2012-06-14 19:54:30,42988,1,2.83740699405,0.158426339286
2012-06-14 19:54:31,42989,1,3.00167410714,0.164267113095
2012-06-14 19:54:32,42990,1,3.08707217262,0.0853980654762
2012-06-14 19:54:33,42991,1,2.93545386905,-0.151618303571
2012-06-14 19:54:34,42992,1,2.39308035714,-0.542373511905
2012-06-14 19:54:35,42993,1,1.56941964286,-0.823660714286
2012-06-14 19:54:36,42994,1,0.0,-1.56941964286
2012-06-14 20:03:17,43515,521,0.0,0.0
2012-06-14 20:03:18,43516,1,2.72150297619,2.72150297619
2012-06-14 20:03:19,43517,1,4.69642857143,1.97492559524
2012-06-14 20:03:20,43518,1,6.89583333333,2.1994047619
2012-06-14 20:03:21,43519,1,9.3322172619,2.43638392857
2012-06-14 20:03:22,43520,1,12.1354910714,2.80327380952
2012-06-14 20:03:23,43521,1,15.2526785714,3.1171875
2012-06-14 20:03:24,43522,1,18.4165178571,3.16383928571
2012-06-14 20:03:25,43523,1,21.2252232143,2.80870535714
2012-06-14 20:03:26,43524,1,23.2851934524,2.0599702381
2012-06-14 20:03:27,43525,1,24.3693452381,1.08415178571
2012-06-14 20:03:28,43526,1,24.4980654762,0.128720238095
2012-06-14 20:03:29,43527,1,23.949702381,-0.548363095238
2012-06-14 20:03:30,43528,1,23.1479910714,-0.801711309524
2012-06-14 20:03:31,43529,1,22.4173363095,-0.730654761905
2012-06-14 20:03:32,43530,1,21.8130952381,-0.604241071429
2012-06-14 20:03:33,43531,1,21.1621279762,-0.650967261905
2012-06-14 20:03:34,43532,1,20.2292410714,-0.932886904762
2012-06-14 20:03:35,43533,1,18.9219494048,-1.30729166667
2012-06-14 20:03:36,43534,1,17.4678571429,-1.4540922619
2012-06-14 20:03:37,43535,1,16.3841517857,-1.08370535714
2012-06-14 20:03:38,43536,1,16.167485119,-0.216666666667
2012-06-14 20:03:39,43537,1,16.9849702381,0.817485119048
2012-06-14 20:03:40,43538,1,18.6449404762,1.6599702381
2012-06-14 20:03:41,43539,1,20.7956845238,2.15074404762
2012-06-14 20:03:42,43540,1,23.153422619,2.35773809524
2012-06-14 20:03:43,43541,1,25.584375,2.43095238095
2012-06-14 20:03:44,43542,1,28.0079613095,2.42358630952
2012-06-14 20:03:45,43543,1,30.3070684524,2.29910714286
2012-06-14 20:03:46,43544,1,32.3604166667,2.05334821429
2012-06-14 20:03:47,43545,1,34.0790922619,1.71867559524
2012-06-14 20:03:48,43546,1,35.3863095238,1.3072172619
2012-06-14 20:03:49,43547,1,36.2384672619,0.852157738095
2012-06-14 20:03:50,43548,1,36.7023065476,0.463839285714
2012-06-14 20:03:51,43549,1,36.9757440476,0.2734375
2012-06-14 20:03:52,43550,1,37.3055803571,0.329836309524
2012-06-14 20:03:53,43551,1,37.8191220238,0.513541666667
2012-06-14 20:03:54,43552,1,38.3275297619,0.508407738095
2012-06-14 20:03:55,43553,1,38.3460565476,0.0185267857142
2012-06-14 20:03:56,43554,1,37.4818452381,-0.864211309524
2012-06-14 20:03:57,43555,1,35.8483630952,-1.63348214286
2012-06-14 20:03:58,43556,1,34.0892857143,-1.75907738095
2012-06-14 20:03:59,43557,1,33.0067708333,-1.08251488095
2012-06-14 20:04:00,43558,1,33.0563244048,0.0495535714286
2012-06-14 20:04:01,43559,1,34.0727678571,1.01644345238
2012-06-14 20:04:02,43560,1,35.4610119048,1.38824404762
2012-06-14 20:04:03,43561,1,36.631547619,1.17053571429
2012-06-14 20:04:04,43562,1,37.2961309524,0.664583333333
2012-06-14 20:04:05,43563,1,37.5098214286,0.213690476191
2012-06-14 20:04:06,43564,1,37.5051339286,-0.0046875
2012-06-14 20:04:07,43565,1,37.4174107143,-0.0877232142857
2012-06-14 20:04:08,43566,1,37.1300595238,-0.287351190476
2012-06-14 20:04:09,43567,1,36.4013392857,-0.728720238095
2012-06-14 20:04:10,43568,1,35.1213541667,-1.27998511905
2012-06-14 20:04:11,43569,1,33.3941220238,-1.72723214286
2012-06-14 20:04:12,43570,1,31.3755952381,-2.01852678571
2012-06-14 20:04:13,43571,1,29.10625,-2.2693452381
2012-06-14 20:04:14,43572,1,26.5238839286,-2.58236607143
2012-06-14 20:04:15,43573,1,23.5795386905,-2.9443452381
2012-06-14 20:04:16,43574,1,20.3124255952,-3.26711309524
2012-06-14 20:04:17,43575,1,16.8308779762,-3.48154761905
2012-06-14 20:04:18,43576,1,13.2415178571,-3.58936011905
2012-06-14 20:04:19,43577,1,9.6396577381,-3.60186011905
2012-06-14 20:04:20,43578,1,6.20736607143,-3.43229166667
2012-06-14 20:04:21,43579,1,3.33333333333,-2.8740327381
2012-06-14 20:04:22,43580,1,0.0,-3.33333333333
2012-06-14 20:04:41,43599,19,0.0,0.0
2012-06-14 20:04:42,43600,1,3.66488095238,3.66488095238
2012-06-14 20:04:43,43601,1,7.36361607143,3.69873511905
2012-06-14 20:04:44,43602,1,12.0165178571,4.65290178571
2012-06-14 20:04:45,43603,1,16.7195684524,4.70305059524
2012-06-14 20:04:46,43604,1,20.69375,3.97418154762
2012-06-14 20:04:47,43605,1,23.5850446429,2.89129464286
2012-06-14 20:04:48,43606,1,25.5282738095,1.94322916667
2012-06-14 20:04:49,43607,1,26.8988095238,1.37053571429
2012-06-14 20:04:50,43608,1,28.0662202381,1.16741071429
2012-06-14 20:04:51,43609,1,29.2947172619,1.22849702381
2012-06-14 20:04:52,43610,1,30.6688244048,1.37410714286
2012-06-14 20:04:53,43611,1,32.0772321429,1.4084077381
2012-06-14 20:04:54,43612,1,33.3357142857,1.25848214286
2012-06-14 20:04:55,43613,1,34.3537202381,1.01800595238
2012-06-14 20:04:56,43614,1,35.2008184524,0.847098214286
2012-06-14 20:04:57,43615,1,36.01875,0.817931547619
2012-06-14 20:04:58,43616,1,36.843452381,0.824702380952
2012-06-14 20:04:59,43617,1,37.5121279762,0.668675595238
2012-06-14 20:05:00,43618,1,37.7828125,0.270684523809
2012-06-14 20:05:01,43619,1,37.5459821429,-0.236830357143
2012-06-14 20:05:02,43620,1,36.8991071429,-0.646875
2012-06-14 20:05:03,43621,1,36.0453125,-0.853794642857
2012-06-14 20:05:04,43622,1,35.1359375,-0.909375
2012-06-14 20:05:05,43623,1,34.1446428571,-0.991294642857
2012-06-14 20:05:06,43624,1,32.8330357143,-1.31160714286
2012-06-14 20:05:07,43625,1,30.8683035714,-1.96473214286
2012-06-14 20:05:08,43626,1,28.0502232143,-2.81808035714
2012-06-14 20:05:09,43627,1,24.4833333333,-3.56688988095
2012-06-14 20:05:10,43628,1,20.5514880952,-3.9318452381
2012-06-14 20:05:11,43629,1,16.69375,-3.85773809524
2012-06-14 20:05:12,43630,1,13.1363839286,-3.55736607143
2012-06-14 20:05:13,43631,1,9.81212797619,-3.32425595238
2012-06-14 20:05:14,43632,1,6.59672619048,-3.21540178571
2012-06-14 20:05:15,43633,1,3.7259672619,-2.87075892857
2012-06-14 20:05:16,43634,1,0.0,-3.7259672619
2012-06-14 20:05:32,43650,16,0.0,0.0
2012-06-14 20:05:33,43651,1,4.69769345238,4.69769345238
2012-06-14 20:05:34,43652,1,8.7671875,4.06949404762
2012-06-14 20:05:35,43653,1,13.4272321429,4.66004464286
2012-06-14 20:05:36,43654,1,17.8466517857,4.41941964286
2012-06-14 20:05:37,43655,1,21.5557291667,3.70907738095
2012-06-14 20:05:38,43656,1,24.4683035714,2.91257440476
2012-06-14 20:05:39,43657,1,26.8202380952,2.35193452381
2012-06-14 20:05:40,43658,1,28.9551339286,2.13489583333
2012-06-14 20:05:41,43659,1,31.0552083333,2.10007440476
2012-06-14 20:05:42,43660,1,32.9936755952,1.9384672619
2012-06-14 20:05:43,43661,1,34.4226190476,1.42894345238
2012-06-14 20:05:44,43662,1,35.0883928571,0.665773809524
2012-06-14 20:05:45,43663,1,35.1056547619,0.0172619047619
2012-06-14 20:05:46,43664,1,34.8833333333,-0.222321428572
2012-06-14 20:05:47,43665,1,34.7892113095,-0.0941220238095
2012-06-14 20:05:48,43666,1,34.8953125,0.106101190476
2012-06-14 20:05:49,43667,1,34.9902529762,0.0949404761905
2012-06-14 20:05:50,43668,1,34.8256696429,-0.164583333333
2012-06-14 20:05:51,43669,1,34.370610119,-0.45505952381
2012-06-14 20:05:52,43670,1,33.7912202381,-0.579389880952
2012-06-14 20:05:53,43671,1,33.2145089286,-0.576711309524
2012-06-14 20:05:54,43672,1,32.5914434524,-0.62306547619
2012-06-14 20:05:55,43673,1,31.7493303571,-0.842113095238
2012-06-14 20:05:56,43674,1,30.525,-1.22433035714
2012-06-14 20:05:57,43675,1,28.8655505952,-1.65944940476
2012-06-14 20:05:58,43676,1,26.8093005952,-2.05625
2012-06-14 20:05:59,43677,1,24.4276785714,-2.38162202381
2012-06-14 20:06:00,43678,1,21.841889881,-2.58578869048
2012-06-14 20:06:01,43679,1,19.2165178571,-2.62537202381
2012-06-14 20:06:02,43680,1,16.6537698413,-2.56274801587
2012-06-14 20:06:03,43681,1,14.1113715278,-2.54239831349
2012-06-14 20:06:04,43682,1,11.4777529762,-2.63361855159
2012-06-14 20:06:05,43683,1,8.78141121032,-2.69634176587
2012-06-14 20:06:06,43684,1,6.31259920635,-2.46881200397
2012-06-14 20:06:07,43685,1,4.46607142857,-1.84652777778
2012-06-14 20:06:08,43686,1,3.43576388889,-1.03030753968
2012-06-14 20:06:09,43687,1,3.06713789683,-0.368625992063
2012-06-14 20:06:10,43688,1,3.05424107143,-0.0128968253968
2012-06-14 20:06:11,43689,1,3.36106150794,0.306820436508
2012-06-14 20:06:12,43690,1,4.39310515873,1.03204365079
2012-06-14 20:06:13,43691,1,6.64129464286,2.24818948413
2012-06-14 20:06:14,43692,1,10.189781746,3.54848710317
2012-06-14 20:06:15,43693,1,14.5880828373,4.39830109127
2012-06-14 20:06:16,43694,1,19.1216517857,4.53356894841
2012-06-14 20:06:17,43695,1,23.2146701389,4.09301835317
2012-06-14 20:06:18,43696,1,26.6449652778,3.43029513889
2012-06-14 20:06:19,43697,1,29.4476934524,2.8027281746
2012-06-14 20:06:20,43698,1,31.736235119,2.28854166667
2012-06-14 20:06:21,43699,1,33.6461309524,1.90989583333
2012-06-14 20:06:22,43700,1,35.3021577381,1.65602678571
2012-06-14 20:06:23,43701,1,36.7241071429,1.42194940476
2012-06-14 20:06:24,43702,1,37.8133928571,1.08928571429
2012-06-14 20:06:25,43703,1,38.4885416667,0.675148809524
2012-06-14 20:06:26,43704,1,38.8001488095,0.311607142857
2012-06-14 20:06:27,43705,1,38.9011160714,0.100967261905
2012-06-14 20:06:28,43706,1,38.9423363095,0.0412202380952
2012-06-14 20:06:29,43707,1,38.9928571429,0.0505208333333
2012-06-14 20:06:30,43708,1,39.0399553571,0.0470982142858
2012-06-14 20:06:31,43709,1,39.0651041667,0.0251488095238
2012-06-14 20:06:32,43710,1,39.0913690476,0.0262648809523
2012-06-14 20:06:33,43711,1,39.1473958333,0.0560267857143
2012-06-14 20:06:34,43712,1,39.2252232143,0.0778273809524
2012-06-14 20:06:35,43713,1,39.276264881,0.0510416666667
2012-06-14 20:06:36,43714,1,39.2425595238,-0.0337053571429
2012-06-14 20:06:37,43715,1,39.1256696429,-0.116889880952
2012-06-14 20:06:38,43716,1,39.0054315476,-0.120238095238
2012-06-14 20:06:39,43717,1,38.946577381,-0.0588541666666
2012-06-14 20:06:40,43718,1,38.9191964286,-0.027380952381
2012-06-14 20:06:41,43719,1,38.8447916667,-0.0744047619047
2012-06-14 20:06:42,43720,1,38.7001488095,-0.144642857143
2012-06-14 20:06:43,43721,1,38.5519345238,-0.148214285714
2012-06-14 20:06:44,43722,1,38.4804315476,-0.0715029761904
2012-06-14 20:06:45,43723,1,38.4868303571,0.0063988095238
2012-06-14 20:06:46,43724,1,38.4866071429,-0.000223214285796
2012-06-14 20:06:47,43725,1,38.362797619,-0.12380952381
2012-06-14 20:06:48,43726,1,38.0099702381,-0.352827380952
2012-06-14 20:06:49,43727,1,37.3327380952,-0.677232142857
2012-06-14 20:06:50,43728,1,36.2178571429,-1.11488095238
2012-06-14 20:06:51,43729,1,34.5613095238,-1.65654761905
2012-06-14 20:06:52,43730,1,32.3117559524,-2.24955357143
2012-06-14 20:06:53,43731,1,29.4200892857,-2.89166666667
2012-06-14 20:06:54,43732,1,25.8375,-3.58258928571
2012-06-14 20:06:55,43733,1,21.6874255952,-4.15007440476
2012-06-14 20:06:56,43734,1,17.3587797619,-4.32864583333
2012-06-14 20:06:57,43735,1,13.365327381,-3.99345238095
2012-06-14 20:06:58,43736,1,10.1286458333,-3.23668154762
2012-06-14 20:06:59,43737,1,7.7584077381,-2.37023809524
2012-06-14 20:07:00,43738,1,5.95119047619,-1.8072172619
2012-06-14 20:07:01,43739,1,4.25483630952,-1.69635416667
2012-06-14 20:07:02,43740,1,2.56041666667,-1.69441964286
2012-06-14 20:07:03,43741,1,0.0,-2.56041666667
2012-06-14 20:11:29,44007,266,0.0,0.0
2012-06-14 20:11:30,44008,1,1.44099702381,1.44099702381
2012-06-14 20:11:31,44009,1,2.46339285714,1.02239583333
2012-06-14 20:11:32,44010,1,3.63102678571,1.16763392857
2012-06-14 20:11:33,44011,1,5.0084077381,1.37738095238
2012-06-14 20:11:34,44012,1,6.83072916667,1.82232142857
2012-06-14 20:11:35,44013,1,9.14880952381,2.31808035714
2012-06-14 20:11:36,44014,1,11.7790922619,2.6302827381
2012-06-14 20:11:37,44015,1,14.4569196429,2.67782738095
2012-06-14 20:11:38,44016,1,16.9412946429,2.484375
2012-06-14 20:11:39,44017,1,19.0630208333,2.12172619048
2012-06-14 20:11:40,44018,1,20.7213541667,1.65833333333
2012-06-14 20:11:41,44019,1,21.8509672619,1.12961309524
2012-06-14 20:11:42,44020,1,22.4445684524,0.593601190476
2012-06-14 20:11:43,44021,1,22.5631696429,0.118601190476
2012-06-14 20:11:44,44022,1,22.2601190476,-0.303050595238
2012-06-14 20:11:45,44023,1,21.5183035714,-0.74181547619
2012-06-14 20:11:46,44024,1,20.2654017857,-1.25290178571
2012-06-14 20:11:47,44025,1,18.4253720238,-1.8400297619
2012-06-14 20:11:48,44026,1,15.9998511905,-2.42552083333
2012-06-14 20:11:49,44027,1,13.1866071429,-2.81324404762
2012-06-14 20:11:50,44028,1,10.444047619,-2.74255952381
2012-06-14 20:11:51,44029,1,8.36294642857,-2.08110119048
2012-06-14 20:11:52,44030,1,7.34992559524,-1.01302083333
2012-06-14 20:11:53,44031,1,7.35818452381,0.00825892857142
2012-06-14 20:11:54,44032,1,7.91540178571,0.557217261905
2012-06-14 20:11:55,44033,1,8.4568452381,0.541443452381
2012-06-14 20:11:56,44034,1,8.72886904762,0.272023809524
2012-06-14 20:11:57,44035,1,8.91703869048,0.188169642857
2012-06-14 20:11:58,44036,1,9.37574404762,0.458705357143
2012-06-14 20:11:59,44037,1,10.2843005952,0.908556547619
2012-06-14 20:12:00,44038,1,11.5423363095,1.25803571429
2012-06-14 20:12:01,44039,1,12.8584821429,1.31614583333
2012-06-14 20:12:02,44040,1,13.9227678571,1.06428571429
2012-06-14 20:12:03,44041,1,14.5651041667,0.642336309524
2012-06-14 20:12:04,44042,1,14.7800595238,0.214955357143
2012-06-14 20:12:05,44043,1,14.6682291667,-0.111830357143
2012-06-14 20:12:06,44044,1,14.3787946429,-0.28943452381
2012-06-14 20:12:07,44045,1,14.0325892857,-0.346205357143
2012-06-14 20:12:08,44046,1,13.6641369048,-0.368452380952
2012-06-14 20:12:09,44047,1,13.2351934524,-0.428943452381
2012-06-14 20:12:10,44048,1,12.7029017857,-0.532291666667
2012-06-14 20:12:11,44049,1,12.1008184524,-0.602083333333
2012-06-14 20:12:12,44050,1,11.5468005952,-0.554017857143
2012-06-14 20:12:13,44051,1,11.159672619,-0.387127976191
2012-06-14 20:12:14,44052,1,10.9718005952,-0.187872023809
2012-06-14 20:12:15,44053,1,10.8607886905,-0.111011904762
2012-06-14 20:12:16,44054,1,10.5336309524,-0.327157738095
2012-06-14 20:12:17,44055,1,9.67291666667,-0.860714285714
2012-06-14 20:12:18,44056,1,8.1927827381,-1.48013392857
2012-06-14 20:12:19,44057,1,6.37321428571,-1.81956845238
2012-06-14 20:12:20,44058,1,4.72516741071,-1.648046875
2012-06-14 20:12:21,44059,1,3.6546968006,-1.07047061012
2012-06-14 20:12:22,44060,1,3.19388020833,-0.460816592262
2012-06-14 20:12:23,44061,1,3.05754278274,-0.136337425595
2012-06-14 20:12:24,44062,1,2.94717261905,-0.11037016369
2012-06-14 20:12:25,44063,1,2.76629464286,-0.18087797619
2012-06-14 20:12:26,44064,1,2.58742559524,-0.178869047619
2012-06-14 20:12:27,44065,1,2.49697730655,-0.0904482886905
2012-06-14 20:12:28,44066,1,2.49363839286,-0.00333891369048
2012-06-14 20:12:29,44067,1,2.5072172619,0.0135788690476
2012-06-14 20:12:30,44068,1,2.51409970238,0.00688244047619
2012-06-14 20:12:31,44069,1,2.66061197917,0.146512276786
2012-06-14 20:12:32,44070,1,3.24010416667,0.5794921875
2012-06-14 20:12:33,44071,1,4.48757440476,1.2474702381
2012-06-14 20:12:34,44072,1,6.38720238095,1.89962797619
2012-06-14 20:12:35,44073,1,8.64677269345,2.2595703125
2012-06-14 20:12:36,44074,1,10.8234561012,2.17668340774
2012-06-14 20:12:37,44075,1,12.5255115327,1.70205543155
2012-06-14 20:12:38,44076,1,13.5496837798,1.02417224702
2012-06-14 20:12:39,44077,1,13.8912946429,0.341610863095
2012-06-14 20:12:40,44078,1,13.7118303571,-0.179464285714
2012-06-14 20:12:41,44079,1,13.2752232143,-0.436607142857
2012-06-14 20:12:42,44080,1,12.8294642857,-0.445758928571
2012-06-14 20:12:43,44081,1,12.5191964286,-0.310267857143
2012-06-14 20:12:44,44082,1,12.3944940476,-0.124702380952
2012-06-14 20:12:45,44083,1,12.4683779762,0.0738839285715
2012-06-14 20:12:46,44084,1,12.7314732143,0.263095238095
2012-06-14 20:12:47,44085,1,13.111235119,0.379761904762
2012-06-14 20:12:48,44086,1,13.4697916667,0.358556547619
2012-06-14 20:12:49,44087,1,13.6802827381,0.210491071428
2012-06-14 20:12:50,44088,1,13.6972470238,0.0169642857143
2012-06-14 20:12:51,44089,1,13.5573660714,-0.139880952381
2012-06-14 20:12:52,44090,1,13.363764881,-0.193601190476
2012-06-14 20:12:53,44091,1,13.315625,-0.0481398809524
2012-06-14 20:12:54,44092,1,13.7098214286,0.394196428571
2012-06-14 20:12:55,44093,1,14.7960565476,1.08623511905
2012-06-14 20:12:56,44094,1,16.5449404762,1.74888392857
2012-06-14 20:12:57,44095,1,18.5581845238,2.01324404762
2012-06-14 20:12:58,44096,1,20.2611607143,1.70297619048
2012-06-14 20:12:59,44097,1,21.2485119048,0.987351190476
2012-06-14 20:13:00,44098,1,21.4957589286,0.247247023809
2012-06-14 20:13:01,44099,1,21.2766369048,-0.21912202381
2012-06-14 20:13:02,44100,1,20.9025297619,-0.374107142857
2012-06-14 20:13:03,44101,1,20.5399553571,-0.362574404762
2012-06-14 20:13:04,44102,1,20.2372767857,-0.302678571429
2012-06-14 20:13:05,44103,1,20.0577380952,-0.179538690476
2012-06-14 20:13:06,44104,1,20.1361607143,0.0784226190476
2012-06-14 20:13:07,44105,1,20.6072916667,0.471130952381
2012-06-14 20:13:08,44106,1,21.4956845238,0.888392857143
2012-06-14 20:13:09,44107,1,22.6780505952,1.18236607143
2012-06-14 20:13:10,44108,1,23.9592261905,1.28117559524
2012-06-14 20:13:11,44109,1,25.189360119,1.23013392857
2012-06-14 20:13:12,44110,1,26.3074404762,1.11808035714
2012-06-14 20:13:13,44111,1,27.2959077381,0.988467261905
2012-06-14 20:13:14,44112,1,28.1313988095,0.835491071429
2012-06-14 20:13:15,44113,1,28.7913690476,0.659970238095
2012-06-14 20:13:16,44114,1,29.2832589286,0.491889880952
2012-06-14 20:13:17,44115,1,29.6412946429,0.358035714286
2012-06-14 20:13:18,44116,1,29.902827381,0.261532738095
2012-06-14 20:13:19,44117,1,30.0905505952,0.187723214286
2012-06-14 20:13:20,44118,1,30.1989583333,0.108407738095
2012-06-14 20:13:21,44119,1,30.2022321429,0.0032738095238
2012-06-14 20:13:22,44120,1,30.0794642857,-0.122767857143
2012-06-14 20:13:23,44121,1,29.8127232143,-0.266741071429
2012-06-14 20:13:24,44122,1,29.3552827381,-0.45744047619
2012-06-14 20:13:25,44123,1,28.6022321429,-0.753050595238
2012-06-14 20:13:26,44124,1,27.390625,-1.21160714286
2012-06-14 20:13:27,44125,1,25.5587797619,-1.8318452381
2012-06-14 20:13:28,44126,1,23.046577381,-2.51220238095
2012-06-14 20:13:29,44127,1,19.94375,-3.10282738095
2012-06-14 20:13:30,44128,1,16.4334077381,-3.5103422619
2012-06-14 20:13:31,44129,1,12.737797619,-3.69561011905
2012-06-14 20:13:32,44130,1,9.19962797619,-3.53816964286
2012-06-14 20:13:33,44131,1,6.37254464286,-2.82708333333
2012-06-14 20:13:34,44132,1,4.86674107143,-1.50580357143
2012-06-14 20:13:35,44133,1,5.02619047619,0.159449404762
2012-06-14 20:13:36,44134,1,6.76443452381,1.73824404762
2012-06-14 20:13:37,44135,1,9.67358630952,2.90915178571
2012-06-14 20:13:38,44136,1,13.2633184524,3.58973214286
2012-06-14 20:13:39,44137,1,17.1283482143,3.8650297619
2012-06-14 20:13:40,44138,1,20.9354166667,3.80706845238
2012-06-14 20:13:41,44139,1,24.3616071429,3.42619047619
2012-06-14 20:13:42,44140,1,27.1726934524,2.81108630952
2012-06-14 20:13:43,44141,1,29.3445684524,2.171875
2012-06-14 20:13:44,44142,1,31.0296130952,1.68504464286
2012-06-14 20:13:45,44143,1,32.4108630952,1.38125
2012-06-14 20:13:46,44144,1,33.5957589286,1.18489583333
2012-06-14 20:13:47,44145,1,34.5969494048,1.00119047619
2012-06-14 20:13:48,44146,1,35.3689732143,0.772023809524
2012-06-14 20:13:49,44147,1,35.8588541667,0.489880952381
2012-06-14 20:13:50,44148,1,36.0546875,0.195833333333
2012-06-14 20:13:51,44149,1,36.012202381,-0.0424851190476
2012-06-14 20:13:52,44150,1,35.8264880952,-0.185714285714
2012-06-14 20:13:53,44151,1,35.5786458333,-0.247842261905
2012-06-14 20:13:54,44152,1,35.311235119,-0.267410714286
2012-06-14 20:13:55,44153,1,35.0385416667,-0.272693452381
2012-06-14 20:13:56,44154,1,34.7779761905,-0.260565476191
2012-06-14 20:13:57,44155,1,34.5707589286,-0.207217261905
2012-06-14 20:13:58,44156,1,34.4636904762,-0.107068452381
2012-06-14 20:13:59,44157,1,34.4739583333,0.0102678571428
2012-06-14 20:14:00,44158,1,34.571577381,0.0976190476191
2012-06-14 20:14:01,44159,1,34.6983630952,0.126785714286
2012-06-14 20:14:02,44160,1,34.820610119,0.122247023809
2012-06-14 20:14:03,44161,1,34.9592261905,0.138616071429
2012-06-14 20:14:04,44162,1,35.1521577381,0.192931547619
2012-06-14 20:14:05,44163,1,35.4017857143,0.249627976191
2012-06-14 20:14:06,44164,1,35.6727678571,0.270982142857
2012-06-14 20:14:07,44165,1,35.9258184524,0.253050595238
2012-06-14 20:14:08,44166,1,36.1476190476,0.221800595238
2012-06-14 20:14:09,44167,1,36.3529017857,0.205282738095
2012-06-14 20:14:10,44168,1,36.549702381,0.196800595238
2012-06-14 20:14:11,44169,1,36.7077380952,0.158035714286
2012-06-14 20:14:12,44170,1,36.7790178571,0.0712797619048
2012-06-14 20:14:13,44171,1,36.7405505952,-0.0384672619048
2012-06-14 20:14:14,44172,1,36.6,-0.140550595238
2012-06-14 20:14:15,44173,1,36.3702380952,-0.229761904762
2012-06-14 20:14:16,44174,1,36.0484375,-0.321800595238
2012-06-14 20:14:17,44175,1,35.6141369048,-0.434300595238
2012-06-14 20:14:18,44176,1,35.0503720238,-0.563764880952
2012-06-14 20:14:19,44177,1,34.3709821429,-0.679389880952
2012-06-14 20:14:20,44178,1,33.6241071429,-0.746875
2012-06-14 20:14:21,44179,1,32.8764136905,-0.747693452381
2012-06-14 20:14:22,44180,1,32.1967261905,-0.6796875
2012-06-14 20:14:23,44181,1,31.6325892857,-0.564136904762
2012-06-14 20:14:24,44182,1,31.190327381,-0.442261904762
2012-06-14 20:14:25,44183,1,30.849702381,-0.340625
2012-06-14 20:14:26,44184,1,30.5975446429,-0.252157738095
2012-06-14 20:14:27,44185,1,30.4438244048,-0.153720238095
2012-06-14 20:14:28,44186,1,30.4165178571,-0.027306547619
2012-06-14 20:14:29,44187,1,30.5332589286,0.116741071428
2012-06-14 20:14:30,44188,1,30.7683035714,0.235044642857
2012-06-14 20:14:31,44189,1,31.0669642857,0.298660714286
2012-06-14 20:14:32,44190,1,31.3912946429,0.324330357143
2012-06-14 20:14:33,44191,1,31.7342261905,0.342931547619
2012-06-14 20:14:34,44192,1,32.1103422619,0.376116071429
2012-06-14 20:14:35,44193,1,32.5439732143,0.433630952381
2012-06-14 20:14:36,44194,1,33.0388392857,0.494866071429
2012-06-14 20:14:37,44195,1,33.5554315476,0.516592261905
2012-06-14 20:14:38,44196,1,34.0351934524,0.479761904762
2012-06-14 20:14:39,44197,1,34.4464285714,0.411235119048
2012-06-14 20:14:40,44198,1,34.7984375,0.352008928571
2012-06-14 20:14:41,44199,1,35.1107142857,0.312276785714
2012-06-14 20:14:42,44200,1,35.3822916667,0.271577380952
2012-06-14 20:14:43,44201,1,35.6011160714,0.218824404762
2012-06-14 20:14:44,44202,1,35.7717261905,0.170610119048
2012-06-14 20:14:45,44203,1,35.9206845238,0.148958333333
2012-06-14 20:14:46,44204,1,36.0616815476,0.14099702381
2012-06-14 20:14:47,44205,1,36.1406994048,0.0790178571429
2012-06-14 20:14:48,44206,1,36.0203869048,-0.1203125
2012-06-14 20:14:49,44207,1,35.5257440476,-0.494642857143
2012-06-14 20:14:50,44208,1,34.5282738095,-0.997470238095
2012-06-14 20:14:51,44209,1,33.0482886905,-1.47998511905
2012-06-14 20:14:52,44210,1,31.2973214286,-1.7509672619
2012-06-14 20:14:53,44211,1,29.5928571429,-1.70446428571
2012-06-14 20:14:54,44212,1,28.2290922619,-1.36376488095
2012-06-14 20:14:55,44213,1,27.402827381,-0.826264880952
2012-06-14 20:14:56,44214,1,27.196875,-0.205952380952
2012-06-14 20:14:57,44215,1,27.6027529762,0.405877976191
2012-06-14 20:14:58,44216,1,28.534672619,0.931919642857
2012-06-14 20:14:59,44217,1,29.8063988095,1.27172619048
2012-06-14 20:15:00,44218,1,31.148735119,1.34233630952
2012-06-14 20:15:01,44219,1,32.3052827381,1.15654761905
2012-06-14 20:15:02,44220,1,33.115327381,0.810044642857
2012-06-14 20:15:03,44221,1,33.5232886905,0.407961309524
2012-06-14 20:15:04,44222,1,33.5520089286,0.0287202380952
2012-06-14 20:15:05,44223,1,33.2788690476,-0.273139880952
2012-06-14 20:15:06,44224,1,32.8226190476,-0.45625
2012-06-14 20:15:07,44225,1,32.3311755952,-0.491443452381
2012-06-14 20:15:08,44226,1,31.9420386905,-0.389136904762
2012-06-14 20:15:09,44227,1,31.7201636905,-0.221875
2012-06-14 20:15:10,44228,1,31.6276041667,-0.0925595238095
2012-06-14 20:15:11,44229,1,31.5607886905,-0.0668154761905
2012-06-14 20:15:12,44230,1,31.4381696429,-0.122619047619
2012-06-14 20:15:13,44231,1,31.2698660714,-0.168303571429
2012-06-14 20:15:14,44232,1,31.1430059524,-0.126860119048
2012-06-14 20:15:15,44233,1,31.1444940476,0.0014880952381
2012-06-14 20:15:16,44234,1,31.2905505952,0.146056547619
2012-06-14 20:15:17,44235,1,31.4957589286,0.205208333333
2012-06-14 20:15:18,44236,1,31.5976190476,0.101860119048
2012-06-14 20:15:19,44237,1,31.4433779762,-0.154241071428
2012-06-14 20:15:20,44238,1,30.9979910714,-0.445386904762
2012-06-14 20:15:21,44239,1,30.3973214286,-0.600669642857
2012-06-14 20:15:22,44240,1,29.8953869048,-0.501934523809
2012-06-14 20:15:23,44241,1,29.7267113095,-0.168675595238
2012-06-14 20:15:24,44242,1,29.9720238095,0.2453125
2012-06-14 20:15:25,44243,1,30.5275297619,0.555505952381
2012-06-14 20:15:26,44244,1,31.2008928571,0.673363095238
2012-06-14 20:15:27,44245,1,31.8389880952,0.638095238095
2012-06-14 20:15:28,44246,1,32.3852678571,0.546279761905
2012-06-14 20:15:29,44247,1,32.8592261905,0.473958333333
2012-06-14 20:15:30,44248,1,33.2974702381,0.438244047619
2012-06-14 20:15:31,44249,1,33.7017857143,0.40431547619
2012-06-14 20:15:32,44250,1,34.0285714286,0.326785714286
2012-06-14 20:15:33,44251,1,34.2117559524,0.18318452381
2012-06-14 20:15:34,44252,1,34.2038690476,-0.0078869047619
2012-06-14 20:15:35,44253,1,34.0174107143,-0.186458333333
2012-06-14 20:15:36,44254,1,33.7203869048,-0.297023809524
2012-06-14 20:15:37,44255,1,33.3825892857,-0.337797619048
2012-06-14 20:15:38,44256,1,33.0395833333,-0.343005952381
2012-06-14 20:15:39,44257,1,32.7125744048,-0.327008928571
2012-06-14 20:15:40,44258,1,32.4412202381,-0.271354166667
2012-06-14 20:15:41,44259,1,32.2755208333,-0.165699404762
2012-06-14 20:15:42,44260,1,32.2299107143,-0.0456101190476
2012-06-14 20:15:43,44261,1,32.2436755952,0.0137648809524
2012-06-14 20:15:44,44262,1,32.1982886905,-0.0453869047619
2012-06-14 20:15:45,44263,1,31.9949404762,-0.203348214286
2012-06-14 20:15:46,44264,1,31.6182291667,-0.376711309524
2012-06-14 20:15:47,44265,1,31.1406994048,-0.477529761905
2012-06-14 20:15:48,44266,1,30.6915178571,-0.449181547619
2012-06-14 20:15:49,44267,1,30.3913690476,-0.300148809524
2012-06-14 20:15:50,44268,1,30.2779017857,-0.113467261905
2012-06-14 20:15:51,44269,1,30.2939732143,0.0160714285714
2012-06-14 20:15:52,44270,1,30.3394345238,0.0454613095238
2012-06-14 20:15:53,44271,1,30.334077381,-0.0053571428571
2012-06-14 20:15:54,44272,1,30.263764881,-0.0703125
2012-06-14 20:15:55,44273,1,30.1774553571,-0.0863095238095
2012-06-14 20:15:56,44274,1,30.1340029762,-0.0434523809524
2012-06-14 20:15:57,44275,1,30.1597470238,0.025744047619
2012-06-14 20:15:58,44276,1,30.2425595238,0.0828125
2012-06-14 20:15:59,44277,1,30.3299107143,0.0873511904762
2012-06-14 20:16:00,44278,1,30.3299107143,0.0
2012-06-14 20:16:01,44279,1,30.143452381,-0.186458333333
2012-06-14 20:16:02,44280,1,29.712202381,-0.43125
2012-06-14 20:16:03,44281,1,29.0428571429,-0.669345238095
2012-06-14 20:16:04,44282,1,28.1968005952,-0.846056547619
2012-06-14 20:16:05,44283,1,27.2436755952,-0.953125
2012-06-14 20:16:06,44284,1,26.1802827381,-1.06339285714
2012-06-14 20:16:07,44285,1,24.8688244048,-1.31145833333
2012-06-14 20:16:08,44286,1,23.0896577381,-1.77916666667
2012-06-14 20:16:09,44287,1,20.717485119,-2.37217261905
2012-06-14 20:16:10,44288,1,17.8779017857,-2.83958333333
2012-06-14 20:16:11,44289,1,14.9459077381,-2.93199404762
2012-06-14 20:16:12,44290,1,12.4055803571,-2.54032738095
2012-06-14 20:16:13,44291,1,10.6824404762,-1.72313988095
2012-06-14 20:16:14,44292,1,10.0323660714,-0.650074404762
2012-06-14 20:16:15,44293,1,10.4932291667,0.460863095238
2012-06-14 20:16:16,44294,1,11.8646577381,1.37142857143
2012-06-14 20:16:17,44295,1,13.7395833333,1.87492559524
2012-06-14 20:16:18,44296,1,15.6344494048,1.89486607143
2012-06-14 20:16:19,44297,1,17.1686011905,1.53415178571
2012-06-14 20:16:20,44298,1,18.184077381,1.01547619048
2012-06-14 20:16:21,44299,1,18.7373511905,0.553273809524
2012-06-14 20:16:22,44300,1,18.9866815476,0.249330357143
2012-06-14 20:16:23,44301,1,19.0796130952,0.092931547619
2012-06-14 20:16:24,44302,1,19.0982142857,0.0186011904762
2012-06-14 20:16:25,44303,1,19.0430059524,-0.0552083333334
2012-06-14 20:16:26,44304,1,18.8722470238,-0.170758928571
2012-06-14 20:16:27,44305,1,18.5888392857,-0.283407738095
2012-06-14 20:16:28,44306,1,18.2662202381,-0.322619047619
2012-06-14 20:16:29,44307,1,17.9822172619,-0.28400297619
2012-06-14 20:16:30,44308,1,17.7683779762,-0.213839285714
2012-06-14 20:16:31,44309,1,17.6145833333,-0.153794642857
2012-06-14 20:16:32,44310,1,17.478125,-0.136458333333
2012-06-14 20:16:33,44311,1,17.2781994048,-0.199925595238
2012-06-14 20:16:34,44312,1,16.8671875,-0.411011904762
2012-06-14 20:16:35,44313,1,16.0534970238,-0.813690476191
2012-06-14 20:16:36,44314,1,14.7949404762,-1.25855654762
2012-06-14 20:16:37,44315,1,13.3767113095,-1.41822916667
2012-06-14 20:16:38,44316,1,12.2723958333,-1.10431547619
2012-06-14 20:16:39,44317,1,11.8049107143,-0.467485119048
2012-06-14 20:16:40,44318,1,11.9508184524,0.145907738095
2012-06-14 20:16:41,44319,1,12.4394345238,0.488616071428
2012-06-14 20:16:42,44320,1,13.0357886905,0.596354166667
2012-06-14 20:16:43,44321,1,13.6873511905,0.6515625
2012-06-14 20:16:44,44322,1,14.3796130952,0.692261904762
2012-06-14 20:16:45,44323,1,14.9727678571,0.593154761905
2012-06-14 20:16:46,44324,1,15.2747767857,0.302008928571
2012-06-14 20:16:47,44325,1,15.2361607143,-0.0386160714286
2012-06-14 20:16:48,44326,1,15.0258928571,-0.210267857143
2012-06-14 20:16:49,44327,1,14.9088541667,-0.117038690476
2012-06-14 20:16:50,44328,1,15.0570684524,0.148214285714
2012-06-14 20:16:51,44329,1,15.4761160714,0.419047619048
2012-06-14 20:16:52,44330,1,16.0511904762,0.575074404762
2012-06-14 20:16:53,44331,1,16.6111607143,0.559970238095
2012-06-14 20:16:54,44332,1,17.0078869048,0.396726190476
2012-06-14 20:16:55,44333,1,17.2013392857,0.193452380952
2012-06-14 20:16:56,44334,1,17.2485119048,0.0471726190476
2012-06-14 20:16:57,44335,1,17.2126488095,-0.0358630952381
2012-06-14 20:16:58,44336,1,17.1131696429,-0.0994791666667
2012-06-14 20:16:59,44337,1,16.9296130952,-0.183556547619
2012-06-14 20:17:00,44338,1,16.6324404762,-0.297172619048
2012-06-14 20:17:01,44339,1,16.2175595238,-0.414880952381
2012-06-14 20:17:02,44340,1,15.6598958333,-0.557663690476
2012-06-14 20:17:03,44341,1,14.8147321429,-0.845163690476
2012-06-14 20:17:04,44342,1,13.445610119,-1.36912202381
2012-06-14 20:17:05,44343,1,11.4130208333,-2.03258928571
2012-06-14 20:17:06,44344,1,8.86316964286,-2.54985119048
2012-06-14 20:17:07,44345,1,6.28556547619,-2.57760416667
2012-06-14 20:17:08,44346,1,4.39055059524,-1.89501488095
2012-06-14 20:17:09,44347,1,3.80282738095,-0.587723214286
2012-06-14 20:17:10,44348,1,4.71376488095,0.9109375
2012-06-14 20:17:11,44349,1,6.75126488095,2.0375
2012-06-14 20:17:12,44350,1,9.16607142857,2.41480654762
2012-06-14 20:17:13,44351,1,11.2064732143,2.04040178571
2012-06-14 20:17:14,44352,1,12.4836309524,1.2771577381
2012-06-14 20:17:15,44353,1,13.1058035714,0.622172619048
2012-06-14 20:17:16,44354,1,13.4677827381,0.361979166667
2012-06-14 20:17:17,44355,1,13.8816220238,0.413839285714
2012-06-14 20:17:18,44356,1,14.3680059524,0.486383928572
2012-06-14 20:17:19,44357,1,14.7319196429,0.363913690476
2012-06-14 20:17:20,44358,1,14.7886904762,0.0567708333334
2012-06-14 20:17:21,44359,1,14.5124255952,-0.276264880952
2012-06-14 20:17:22,44360,1,13.9897321429,-0.522693452381
2012-06-14 20:17:23,44361,1,13.291889881,-0.697842261905
2012-06-14 20:17:24,44362,1,12.4417410714,-0.850148809524
2012-06-14 20:17:25,44363,1,11.4417782738,-0.999962797619
2012-06-14 20:17:26,44364,1,10.2551153274,-1.18666294643
2012-06-14 20:17:27,44365,1,8.81328125,-1.44183407738
2012-06-14 20:17:28,44366,1,7.12650669643,-1.68677455357
2012-06-14 20:17:29,44367,1,5.38039434524,-1.74611235119
2012-06-14 20:17:30,44368,1,3.88565848214,-1.4947358631
2012-06-14 20:17:31,44369,1,2.90375744048,-0.981901041667
2012-06-14 20:17:32,44370,1,2.490625,-0.413132440476
2012-06-14 20:17:33,44371,1,2.48389136905,-0.00673363095238
2012-06-14 20:17:34,44372,1,2.6330171131,0.149125744048
2012-06-14 20:17:35,44373,1,2.7498139881,0.116796875
2012-06-14 20:17:36,44374,1,2.76047247024,0.0106584821428
2012-06-14 20:17:37,44375,1,2.68240327381,-0.0780691964286
2012-06-14 20:17:38,44376,1,2.60150669643,-0.0808965773809
2012-06-14 20:17:39,44377,1,2.60665922619,0.00515252976191
2012-06-14 20:17:40,44378,1,2.66116071429,0.0545014880952
2012-06-14 20:17:41,44379,1,2.56205357143,-0.0991071428571
2012-06-14 20:17:42,44380,1,2.10788690476,-0.454166666667
2012-06-14 20:17:43,44381,1,1.37604166667,-0.731845238095
2012-06-14 20:17:44,44382,1,0.0,-1.37604166667
