timestamp,cycle_sec,timestep,speed_mph,accel_meters_ps
2012-06-08 09:09:59,0,61590,0.0,0.0
2012-06-08 09:10:00,1,1,4.8313244308,4.8313244308
2012-06-08 09:10:01,2,1,8.43169641518,3.60037198437
2012-06-08 09:10:02,3,1,11.7732885744,3.34159215923
2012-06-08 09:10:03,4,1,14.0199402567,2.24665168229
2012-06-08 09:10:04,5,1,14.9935265253,0.973586268601
2012-06-08 09:10:05,6,1,14.9676337143,-0.0258928110119
2012-06-08 09:10:06,7,1,14.2216516652,-0.745982049107
2012-06-08 09:10:07,8,1,12.7793154062,-1.44233625893
2012-06-08 09:10:08,9,1,10.6481397686,-2.13117563765
2012-06-08 09:10:09,10,1,8.22313967783,-2.42500009077
2012-06-08 09:10:10,11,1,6.26748482887,-1.95565484896
2012-06-08 09:10:11,12,1,5.46488057738,-0.802604251488
2012-06-08 09:10:12,13,1,6.00550548586,0.540624908482
2012-06-08 09:10:13,14,1,7.51822861235,1.51272312649
2012-06-08 09:10:14,15,1,9.32983570759,1.81160709524
2012-06-08 09:10:15,16,1,10.8432286146,1.51339290699
2012-06-08 09:10:16,17,1,11.7863835201,0.943154905506
2012-06-08 09:10:17,18,1,12.2187497232,0.432366203125
2012-06-08 09:10:18,19,1,12.3767854442,0.158035720982
2012-06-08 09:10:19,20,1,12.4771573289,0.100371884673
2012-06-08 09:10:20,21,1,12.5413684457,0.0642111168155
2012-06-08 09:10:21,22,1,12.3363088266,-0.205059619048
2012-06-08 09:10:22,23,1,11.553942846,-0.782365980655
2012-06-08 09:10:23,24,1,10.1566216421,-1.39732120387
2012-06-08 09:10:24,25,1,8.54747008185,-1.60915156027
2012-06-08 09:10:25,26,1,7.35431545164,-1.19315463021
2012-06-08 09:10:26,27,1,7.02522322842,-0.329092223214
2012-06-08 09:10:27,28,1,7.57388394345,0.54866071503
2012-06-08 09:10:28,29,1,8.64888393452,1.07499999107
2012-06-08 09:10:29,30,1,9.84657734524,1.19769341071
2012-06-08 09:10:30,31,1,10.9660713036,1.11949395833
2012-06-08 09:10:31,32,1,11.9789432314,1.01287192783
2012-06-08 09:10:32,33,1,12.8287943824,0.849851151042
2012-06-08 09:10:33,34,1,13.3389134762,0.51011909375
2012-06-08 09:10:34,35,1,13.3209076176,-0.018005858631
2012-06-08 09:10:35,36,1,12.7483630238,-0.57254459375
2012-06-08 09:10:36,37,1,11.8391367857,-0.909226238095
2012-06-08 09:10:37,38,1,10.9747765781,-0.864360207589
2012-06-08 09:10:38,39,1,10.4851187932,-0.48965778497
2012-06-08 09:10:39,40,1,10.46562475,-0.0194940431548
2012-06-08 09:10:40,41,1,10.7874253497,0.321800599702
2012-06-08 09:10:41,42,1,11.2514878043,0.464062454613
2012-06-08 09:10:42,43,1,11.7288686719,0.477380867559
2012-06-08 09:10:43,44,1,12.1961305231,0.467261851191
2012-06-08 09:10:44,45,1,12.6705352999,0.474404776786
2012-06-08 09:10:45,46,1,13.13727641,0.466741110119
2012-06-08 09:10:46,47,1,13.5512645104,0.413988100447
2012-06-08 09:10:47,48,1,13.8793894695,0.328124959077
2012-06-08 09:10:48,49,1,14.1203864345,0.24099696503
2012-06-08 09:10:49,50,1,14.2836304539,0.163244019345
2012-06-08 09:10:50,51,1,14.3276036949,0.0439732410715
2012-06-08 09:10:51,52,1,14.1218001771,-0.205803517857
2012-06-08 09:10:52,53,1,13.4971722443,-0.624627932788
2012-06-08 09:10:53,54,1,12.3362347806,-1.16093746367
2012-06-08 09:10:54,55,1,10.6531991176,-1.68303566307
2012-06-08 09:10:55,56,1,8.65647299913,-1.99672611843
2012-06-08 09:10:56,57,1,6.70952366642,-1.94694933271
2012-06-08 09:10:57,58,1,5.16026773661,-1.54925592981
2012-06-08 09:10:58,59,1,4.1718004065,-0.988467330109
2012-06-08 09:10:59,60,1,3.66800561731,-0.503794789187
2012-06-08 09:11:00,61,1,3.4594489003,-0.208556717014
2012-06-08 09:11:01,62,1,3.51614519593,0.0566962956349
2012-06-08 09:11:02,63,1,4.08199335169,0.565848155754
2012-06-08 09:11:03,64,1,5.4546124256,1.37261907391
2012-06-08 09:11:04,65,1,7.72001431721,2.26540189162
2012-06-08 09:11:05,66,1,10.6955353126,2.97552099541
2012-06-08 09:11:06,67,1,14.0448658363,3.34933052369
2012-06-08 09:11:07,68,1,17.4633183168,3.41845248053
2012-06-08 09:11:08,69,1,20.7743301895,3.31101187264
2012-06-08 09:11:09,70,1,23.8800591734,3.10572898388
2012-06-08 09:11:10,71,1,26.7239576845,2.84389851116
2012-06-08 09:11:11,72,1,29.3129454234,2.58898773884
2012-06-08 09:11:12,73,1,31.7034956719,2.39055024851
2012-06-08 09:11:13,74,1,33.9581829063,2.25468723438
2012-06-08 09:11:14,75,1,36.1122750298,2.15409212351
2012-06-08 09:11:15,76,1,38.143599442,2.0313244122
2012-06-08 09:11:16,77,1,39.9725430595,1.82894361756
2012-06-08 09:11:17,78,1,41.5085552894,1.53601222991
2012-06-08 09:11:18,79,1,42.7068444196,1.19828913021
2012-06-08 09:11:19,80,1,43.6139876793,0.907143259673
2012-06-08 09:11:20,81,1,44.3724699769,0.758482297619
2012-06-08 09:11:21,82,1,45.1383180223,0.765848045387
2012-06-08 09:11:22,83,1,45.9708325476,0.832514525298
2012-06-08 09:11:23,84,1,46.8063976987,0.835565151042
2012-06-08 09:11:24,85,1,47.5148052999,0.70840760119
2012-06-08 09:11:25,86,1,47.9796119204,0.464806620536
2012-06-08 09:11:26,87,1,48.169716253,0.190104332589
2012-06-08 09:11:27,88,1,48.1497758795,-0.0199403735119
2012-06-08 09:11:28,89,1,48.0178561979,-0.131919681548
2012-06-08 09:11:29,90,1,47.8481388259,-0.169717372024
2012-06-08 09:11:30,91,1,47.6803560655,-0.167782760417
2012-06-08 09:11:31,92,1,47.5243294256,-0.156026639881
2012-06-08 09:11:32,93,1,47.3721719487,-0.152157476934
2012-06-08 09:11:33,94,1,47.2323656696,-0.139806279018
2012-06-08 09:11:34,95,1,47.1518599033,-0.0805057663691
2012-06-08 09:11:35,96,1,47.1811010446,0.0292411413691
2012-06-08 09:11:36,97,1,47.3146575327,0.133556488095
2012-06-08 09:11:37,98,1,47.4792406629,0.164583130208
2012-06-08 09:11:38,99,1,47.5813237195,0.102083056548
2012-06-08 09:11:39,100,1,47.5780497046,-0.0032740148809
2012-06-08 09:11:40,101,1,47.5158472686,-0.0622024360119
2012-06-08 09:11:41,102,1,47.4829604189,-0.0328868497024
2012-06-08 09:11:42,103,1,47.512945625,0.0299852061012
2012-06-08 09:11:43,104,1,47.534895128,0.0219495029762
2012-06-08 09:11:44,105,1,47.4003714368,-0.13452369122
2012-06-08 09:11:45,106,1,46.9806542656,-0.419717171131
2012-06-08 09:11:46,107,1,46.2864578743,-0.694196391369
2012-06-08 09:11:47,108,1,45.4815472262,-0.804910648066
2012-06-08 09:11:48,109,1,44.7674848899,-0.71406233631
2012-06-08 09:11:49,110,1,44.2709077165,-0.496577173363
2012-06-08 09:11:50,111,1,44.0094494792,-0.261458237351
2012-06-08 09:11:51,112,1,43.9365326458,-0.0729168333334
2012-06-08 09:11:52,113,1,44.028943,0.0924103541667
2012-06-08 09:11:53,114,1,44.3181540573,0.289211057292
2012-06-08 09:11:54,115,1,44.8281243735,0.50997031622
2012-06-08 09:11:55,116,1,45.4970235432,0.668899169643
2012-06-08 09:11:56,117,1,46.1623513147,0.665327771577
2012-06-08 09:11:57,118,1,46.6319943244,0.469643009673
2012-06-08 09:11:58,119,1,46.792187651,0.160193326637
2012-06-08 09:11:59,120,1,46.6685267507,-0.123660900298
2012-06-08 09:12:00,121,1,46.393601096,-0.274925654762
2012-06-08 09:12:01,122,1,46.1069195707,-0.286681525298
2012-06-08 09:12:02,123,1,45.8854165476,-0.221503023065
2012-06-08 09:12:03,124,1,45.7651038847,-0.120312662947
2012-06-08 09:12:04,125,1,45.7874995372,0.0223956525298
2012-06-08 09:12:05,126,1,45.99538634,0.207886802827
2012-06-08 09:12:06,127,1,46.3920380737,0.396651733631
2012-06-08 09:12:07,128,1,46.9159963438,0.523958270089
2012-06-08 09:12:08,129,1,47.4663683192,0.550371975446
2012-06-08 09:12:09,130,1,47.9636153564,0.497247037202
2012-06-08 09:12:10,131,1,48.3866064993,0.422991142857
2012-06-08 09:12:11,132,1,48.7566958869,0.370089387649
2012-06-08 09:12:12,133,1,49.0987347016,0.342038814732
2012-06-08 09:12:13,134,1,49.4117556994,0.313020997768
2012-06-08 09:12:14,135,1,49.6573659747,0.245610275298
2012-06-08 09:12:15,136,1,49.771428497,0.114062522321
2012-06-08 09:12:16,137,1,49.6975444635,-0.0738840334821
2012-06-08 09:12:17,138,1,49.4223212187,-0.275223244792
2012-06-08 09:12:18,139,1,48.9904761488,-0.431845069941
2012-06-08 09:12:19,140,1,48.4828870692,-0.507589079613
2012-06-08 09:12:20,141,1,47.9659227515,-0.516964317708
2012-06-08 09:12:21,142,1,47.4626486034,-0.503274148066
2012-06-08 09:12:22,143,1,46.9694933988,-0.493155204613
2012-06-08 09:12:23,144,1,46.4790913378,-0.490402061012
2012-06-08 09:12:24,145,1,45.9857134003,-0.4933779375
2012-06-08 09:12:25,146,1,45.4856392909,-0.500074109375
2012-06-08 09:12:26,147,1,44.9814729754,-0.504166315476
2012-06-08 09:12:27,148,1,44.5009672284,-0.480505747024
2012-06-08 09:12:28,149,1,44.1171874204,-0.383779808036
2012-06-08 09:12:29,150,1,43.9251484717,-0.192038948661
2012-06-08 09:12:30,151,1,43.9836303155,0.05848184375
2012-06-08 09:12:31,152,1,44.2854158735,0.301785558036
2012-06-08 09:12:32,153,1,44.7726183155,0.487202441964
2012-06-08 09:12:33,154,1,45.3691215074,0.596503191964
2012-06-08 09:12:34,155,1,46.0151782917,0.646056784226
2012-06-08 09:12:35,156,1,46.6932290357,0.678050744048
2012-06-08 09:12:36,157,1,47.4296129725,0.736383936756
2012-06-08 09:12:37,158,1,48.2597467842,0.830133811756
2012-06-08 09:12:38,159,1,49.165401439,0.905654654762
2012-06-08 09:12:39,160,1,50.0441961302,0.87879469122
2012-06-08 09:12:40,161,1,50.7618302009,0.717634070685
2012-06-08 09:12:41,162,1,51.2424105952,0.480580394345
2012-06-08 09:12:42,163,1,51.5020086786,0.259598083333
2012-06-08 09:12:43,164,1,51.5910710193,0.0890623407738
2012-06-08 09:12:44,165,1,51.5293895022,-0.0616815171131
2012-06-08 09:12:45,166,1,51.336086256,-0.19330324628
2012-06-08 09:12:46,167,1,51.1047623185,-0.2313239375
2012-06-08 09:12:47,168,1,50.9898072731,-0.114955045387
2012-06-08 09:12:48,169,1,51.0956852054,0.105877932292
2012-06-08 09:12:49,170,1,51.3860121994,0.290326994048
2012-06-08 09:12:50,171,1,51.7094491808,0.323436981399
2012-06-08 09:12:51,172,1,51.9223952135,0.212946032738
2012-06-08 09:12:52,173,1,51.984448619,0.0620534055059
2012-06-08 09:12:53,174,1,51.9452373244,-0.0392112946428
2012-06-08 09:12:54,175,1,51.8731391741,-0.0720981502977
2012-06-08 09:12:55,176,1,51.8067701086,-0.0663690654761
2012-06-08 09:12:56,177,1,51.7481390833,-0.0586310252977
2012-06-08 09:12:57,178,1,51.6811004241,-0.0670386592262
2012-06-08 09:12:58,179,1,51.5957583304,-0.08534209375
2012-06-08 09:12:59,180,1,51.5010412493,-0.0947170811012
2012-06-08 09:13:00,181,1,51.4191217403,-0.0819195089285
2012-06-08 09:13:01,182,1,51.3688242448,-0.0502974955357
2012-06-08 09:13:02,183,1,51.3505952024,-0.0182290424107
2012-06-08 09:13:03,184,1,51.3449405439,-0.0056546584822
2012-06-08 09:13:04,185,1,51.3283483185,-0.0165922254464
2012-06-08 09:13:05,186,1,51.2965029866,-0.0318453318453
2012-06-08 09:13:06,187,1,51.2719492292,-0.0245537574404
2012-06-08 09:13:07,188,1,51.2826633854,0.01071415625
2012-06-08 09:13:08,189,1,51.3347467247,0.0520833392857
2012-06-08 09:13:09,190,1,51.4127974055,0.0780506808036
2012-06-08 09:13:10,191,1,51.4998510394,0.0870536339285
2012-06-08 09:13:11,192,1,51.5863837336,0.0865326941964
2012-06-08 09:13:12,193,1,51.6639877552,0.0776040215774
2012-06-08 09:13:13,194,1,51.7196423891,0.0556546339286
2012-06-08 09:13:14,195,1,51.742410244,0.0227678549107
2012-06-08 09:13:15,196,1,51.7374996228,-0.0049106212797
2012-06-08 09:13:16,197,1,51.7281990848,-0.0093005379465
2012-06-08 09:13:17,198,1,51.7418895134,0.0136904285715
2012-06-08 09:13:18,199,1,51.7967257366,0.0548362232142
2012-06-08 09:13:19,200,1,51.8936006875,0.0968749508929
2012-06-08 09:13:20,201,1,52.0102673125,0.116666625
2012-06-08 09:13:21,202,1,52.1071422344,0.096874921875
2012-06-08 09:13:22,203,1,52.1459814554,0.0388392209821
2012-06-08 09:13:23,204,1,52.1046124271,-0.0413690282738
2012-06-08 09:13:24,205,1,51.980430965,-0.124181462054
2012-06-08 09:13:25,206,1,51.7878714985,-0.192559466518
2012-06-08 09:13:26,207,1,51.5547613393,-0.233110159226
2012-06-08 09:13:27,208,1,51.3245528996,-0.230208439732
2012-06-08 09:13:28,209,1,51.1566212478,-0.167931651786
2012-06-08 09:13:29,210,1,51.102826503,-0.0537947447917
2012-06-08 09:13:30,211,1,51.1717251778,0.0688986748512
2012-06-08 09:13:31,212,1,51.3197905149,0.148065337054
2012-06-08 09:13:32,213,1,51.4780493981,0.158258883185
2012-06-08 09:13:33,214,1,51.5882429747,0.110193576637
2012-06-08 09:13:34,215,1,51.6270081176,0.0387651428571
2012-06-08 09:13:35,216,1,51.607960808,-0.0190473095238
2012-06-08 09:13:36,217,1,51.5616069501,-0.0463538578869
2012-06-08 09:13:37,218,1,51.5142857946,-0.0473211555059
2012-06-08 09:13:38,219,1,51.4851192842,-0.0291665104167
2012-06-08 09:13:39,220,1,51.488169849,0.0030505647321
2012-06-08 09:13:40,221,1,51.5179315632,0.0297617142857
2012-06-08 09:13:41,222,1,51.5191962076,0.00126464434531
2012-06-08 09:13:42,223,1,51.3631692552,-0.156026952381
2012-06-08 09:13:43,224,1,50.8479162254,-0.515253029762
2012-06-08 09:13:44,225,1,49.7303567217,-1.11755950372
2012-06-08 09:13:45,226,1,47.7914430707,-1.93891365104
2012-06-08 09:13:46,227,1,44.9099699085,-2.8814731622
2012-06-08 09:13:47,228,1,41.1159223482,-3.79404756027
2012-06-08 09:13:48,229,1,36.6166663929,-4.49925595536
2012-06-08 09:13:49,230,1,31.754463878,-4.86220251488
2012-06-08 09:13:50,231,1,26.8659963862,-4.88846749182
2012-06-08 09:13:51,232,1,22.148064654,-4.71793173214
2012-06-08 09:13:52,233,1,17.6513384583,-4.49672619568
2012-06-08 09:13:53,234,1,13.3726928088,-4.27864564955
2012-06-08 09:13:54,235,1,9.35587759896,-4.01681520982
2012-06-08 09:13:55,236,1,5.77247008854,-3.58340751042
2012-06-08 09:13:56,237,1,2.97920384375,-2.79326624479
2012-06-08 09:13:57,238,1,0.0,-2.97920384375
2012-06-08 09:14:17,258,20,0.0,0.0
2012-06-08 09:14:18,259,1,3.82046117039,3.82046117039
2012-06-08 09:14:19,260,1,7.09866048884,3.27819931845
2012-06-08 09:14:20,261,1,10.7959818452,3.6973213564
2012-06-08 09:14:21,262,1,14.2728419226,3.47686007738
2012-06-08 09:14:22,263,1,17.2636157284,2.9907738058
2012-06-08 09:14:23,264,1,19.8690100796,2.60539435119
2012-06-08 09:14:24,265,1,22.3904014546,2.521391375
2012-06-08 09:14:25,266,1,25.0835562597,2.69315480506
2012-06-08 09:14:26,267,1,28.0104164286,2.9268601689
2012-06-08 09:14:27,268,1,31.0528270997,3.04241067113
2012-06-08 09:14:28,269,1,34.0068448162,2.95401771652
2012-06-08 09:14:29,270,1,36.7002970707,2.69345225446
2012-06-08 09:14:30,271,1,39.0834815848,2.38318451414
2012-06-08 09:14:31,272,1,41.2325888266,2.14910724182
2012-06-08 09:14:32,273,1,43.2677823497,2.03519352307
2012-06-08 09:14:33,274,1,45.2428566763,1.97507432664
2012-06-08 09:14:34,275,1,47.083927933,1.8410712567
2012-06-08 09:14:35,276,1,48.6416163351,1.55768840203
2012-06-08 09:14:36,277,1,49.816194816,1.1745784809
2012-06-08 09:14:37,278,1,50.5884668943,0.772272078373
2012-06-08 09:14:38,279,1,50.8801586081,0.29169171379
2012-06-08 09:14:39,280,1,50.4396329588,-0.440525649305
2012-06-08 09:14:40,281,1,48.954985183,-1.48464777579
2012-06-08 09:14:41,282,1,46.2988591679,-2.65612601513
2012-06-08 09:14:42,283,1,42.67003969,-3.62881947793
2012-06-08 09:14:43,284,1,38.4981398772,-4.17189981275
2012-06-08 09:14:44,285,1,34.1750496017,-4.32309027555
2012-06-08 09:14:45,286,1,29.873015873,-4.30203372867
2012-06-08 09:14:46,287,1,25.6,-4.27301587302
2012-06-08 09:14:47,288,1,21.326984127,-4.27301587302
2012-06-08 09:14:48,289,1,17.0253968254,-4.30158730159
2012-06-08 09:14:49,290,1,12.6857142857,-4.33968253968
2012-06-08 09:14:50,291,1,8.4253968254,-4.26031746032
2012-06-08 09:14:51,292,1,4.64126984127,-3.78412698413
2012-06-08 09:14:52,293,1,0.0,-4.64126984127
2012-06-08 09:14:53,294,1,0.0,0.0
2012-06-08 09:14:54,295,1,0.0,0.0
2012-06-08 09:14:55,296,1,0.0,0.0
2012-06-08 09:14:56,297,1,0.0,0.0
2012-06-08 09:14:57,298,1,0.0,0.0
