timestamp,cycle_sec,timestep,speed_mph,accel_meters_ps
2012-11-25 14:58:25,0,17936,0.0,0.0
2012-11-25 14:58:26,1,1,3.90598960789,3.90598960789
2012-11-25 14:58:27,2,1,6.91073287351,3.00474326563
2012-11-25 14:58:28,3,1,9.64999988393,2.73926701042
2012-11-25 14:58:29,4,1,11.1093561808,1.45935629688
2012-11-25 14:58:30,5,1,10.9668524234,-0.14250375744
2012-11-25 14:58:31,6,1,9.71404368229,-1.25280874107
2012-11-25 14:58:32,7,1,8.3524924003,-1.36155128199
2012-11-25 14:58:33,8,1,7.78364939955,-0.568843000744
2012-11-25 14:58:34,9,1,8.31886139658,0.535211997024
2012-11-25 14:58:35,10,1,9.68244019196,1.36357879539
2012-11-25 14:58:36,11,1,11.3713538266,1.68891363467
2012-11-25 14:58:37,12,1,12.9225442612,1.55119043452
2012-11-25 14:58:38,13,1,13.9246275551,1.0020832939
2012-11-25 14:58:39,14,1,13.9994043326,0.0747767775298
2012-11-25 14:58:40,15,1,12.9234371324,-1.07596720015
2012-11-25 14:58:41,16,1,10.8129461503,-2.11049098214
2012-11-25 14:58:42,17,1,8.20081818378,-2.61212796652
2012-11-25 14:58:43,18,1,5.84642817336,-2.35439001042
2012-11-25 14:58:44,19,1,4.33928508929,-1.50714308408
2012-11-25 14:58:45,20,1,3.83147236756,-0.507812721726
2012-11-25 14:58:46,21,1,4.12254366071,0.291071293155
2012-11-25 14:58:47,22,1,4.97775195759,0.855208296875
2012-11-25 14:58:48,23,1,6.34248413839,1.3647321808
2012-11-25 14:58:49,24,1,8.21644256473,1.87395842634
2012-11-25 14:58:50,25,1,10.3820677046,2.16562513988
2012-11-25 14:58:51,26,1,12.381919064,1.99985135938
2012-11-25 14:58:52,27,1,13.8220233698,1.4401043058
2012-11-25 14:58:53,28,1,14.7069192463,0.884895876488
2012-11-25 14:58:54,29,1,15.4460561004,0.739136854167
2012-11-25 14:58:55,30,1,16.5068446964,1.06078859598
2012-11-25 14:58:56,31,1,18.0940469814,1.58720228497
2012-11-25 14:58:57,32,1,20.1290171704,2.03497018899
2012-11-25 14:58:58,33,1,22.4162195908,2.28720242039
2012-11-25 14:58:59,34,1,24.7843744881,2.36815489732
2012-11-25 14:59:00,35,1,27.119940183,2.33556569494
2012-11-25 14:59:01,36,1,29.3372023274,2.21726214435
2012-11-25 14:59:02,37,1,31.3642857984,2.02708347098
2012-11-25 14:59:03,38,1,33.1568452634,1.79255946503
2012-11-25 14:59:04,39,1,34.70431525,1.54746998661
2012-11-25 14:59:05,40,1,36.0175589702,1.31324372024
2012-11-25 14:59:06,41,1,37.1128712329,1.09531226265
2012-11-25 14:59:07,42,1,38.0158473564,0.902976123512
2012-11-25 14:59:08,43,1,38.7746272061,0.758779849702
2012-11-25 14:59:09,44,1,39.4433773862,0.668750180059
2012-11-25 14:59:10,45,1,40.0551334836,0.61175609747
2012-11-25 14:59:11,46,1,40.6208329241,0.565699440476
2012-11-25 14:59:12,47,1,41.1307287671,0.509895843006
2012-11-25 14:59:13,48,1,41.5537198854,0.422991118304
2012-11-25 14:59:14,49,1,41.8564728638,0.302752978423
2012-11-25 14:59:15,50,1,42.0143596064,0.157886742559
2012-11-25 14:59:16,51,1,42.0039425729,-0.0104170334821
2012-11-25 14:59:17,52,1,41.8123498862,-0.191592686756
2012-11-25 14:59:18,53,1,41.4542395878,-0.358110298363
2012-11-25 14:59:19,54,1,40.9627219613,-0.491517626488
2012-11-25 14:59:20,55,1,40.3659218549,-0.596800106399
2012-11-25 14:59:21,56,1,39.6622020818,-0.703719773066
2012-11-25 14:59:22,57,1,38.7735862746,-0.888615807292
2012-11-25 14:59:23,58,1,37.5122023832,-1.26138389137
2012-11-25 14:59:24,59,1,35.6424105811,-1.86979180208
2012-11-25 14:59:25,60,1,32.9944936749,-2.64791690625
2012-11-25 14:59:26,61,1,29.5125737679,-3.48191990699
2012-11-25 14:59:27,62,1,25.2451628661,-4.26741090179
2012-11-25 14:59:28,63,1,20.3332580655,-4.9119048006
2012-11-25 14:59:29,64,1,15.0202373385,-5.31302072693
2012-11-25 14:59:30,65,1,9.73675539658,-5.28348194196
2012-11-25 14:59:31,66,1,5.22202348065,-4.51473191592
2012-11-25 14:59:32,67,1,0.0,-5.22202348065
2012-11-25 14:59:50,85,18,0.0,0.0
2012-11-25 14:59:51,86,1,3.88258912798,3.88258912798
2012-11-25 14:59:52,87,1,7.19747006994,3.31488094196
2012-11-25 14:59:53,88,1,10.9932290618,3.79575899182
2012-11-25 14:59:54,89,1,14.5976190179,3.6043899561
2012-11-25 14:59:55,90,1,17.7537202083,3.15610119048
2012-11-25 14:59:56,91,1,20.4982141741,2.74449396577
2012-11-25 14:59:57,92,1,22.9567706198,2.45855644568
2012-11-25 14:59:58,93,1,25.215475901,2.25870528125
2012-11-25 14:59:59,94,1,27.2936008557,2.07812495461
2012-11-25 15:00:00,95,1,29.157440099,1.8638392433
2012-11-25 15:00:01,96,1,30.756770378,1.59933027902
2012-11-25 15:00:02,97,1,32.0557286205,1.29895824256
2012-11-25 15:00:03,98,1,33.0335559717,0.97782735119
2012-11-25 15:00:04,99,1,33.6877970513,0.654241079613
2012-11-25 15:00:05,100,1,34.0501481473,0.362351095982
2012-11-25 15:00:06,101,1,34.1860109762,0.135862828869
2012-11-25 15:00:07,102,1,34.1799095,-0.0061014761905
2012-11-25 15:00:08,103,1,34.1167398371,-0.0631696629464
2012-11-25 15:00:09,104,1,34.0470229546,-0.0697168824405
2012-11-25 15:00:10,105,1,33.9524550826,-0.0945678720238
2012-11-25 15:00:11,106,1,33.7534227552,-0.199032327381
2012-11-25 15:00:12,107,1,33.3571430372,-0.396279718006
2012-11-25 15:00:13,108,1,32.696949381,-0.66019365625
2012-11-25 15:00:14,109,1,31.7233628512,-0.973586529762
2012-11-25 15:00:15,110,1,30.3644341421,-1.35892870908
2012-11-25 15:00:16,111,1,28.5165917954,-1.84784234673
2012-11-25 15:00:17,112,1,26.0894339792,-2.42715781622
2012-11-25 15:00:18,113,1,23.0562493653,-3.03318461384
2012-11-25 15:00:19,114,1,19.4657730885,-3.59047627679
2012-11-25 15:00:20,115,1,15.4345230424,-4.03125004613
2012-11-25 15:00:21,116,1,11.1734367656,-4.26108627679
2012-11-25 15:00:22,117,1,7.06034166815,-4.11309509747
2012-11-25 15:00:23,118,1,3.67808742634,-3.38225424182
2012-11-25 15:00:24,119,1,0.0,-3.67808742634
2012-11-25 15:01:24,179,60,0.0,0.0
2012-11-25 15:01:25,180,1,3.04940476935,3.04940476935
2012-11-25 15:01:26,181,1,5.71279759598,2.66339282664
2012-11-25 15:01:27,182,1,8.67269330283,2.95989570685
2012-11-25 15:01:28,183,1,11.1712049799,2.49851167708
2012-11-25 15:01:29,184,1,12.7396570945,1.56845211458
2012-11-25 15:01:30,185,1,13.3322536369,0.592596542411
2012-11-25 15:01:31,186,1,13.3084069174,-0.0238467194941
2012-11-25 15:01:32,187,1,13.2011898438,-0.107217073661
2012-11-25 15:01:33,188,1,13.3962793549,0.195089511161
2012-11-25 15:01:34,189,1,13.9484371964,0.552157841518
2012-11-25 15:01:35,190,1,14.6113835655,0.662946369048
2012-11-25 15:01:36,191,1,15.0097465246,0.398362959077
2012-11-25 15:01:37,192,1,14.8670380967,-0.142708427827
2012-11-25 15:01:38,193,1,14.1780500022,-0.688988094494
2012-11-25 15:01:39,194,1,13.2008179174,-0.977232084821
2012-11-25 15:01:40,195,1,12.2694191466,-0.931398770833
2012-11-25 15:01:41,196,1,11.5865322128,-0.68288693378
2012-11-25 15:01:42,197,1,11.1523059219,-0.434226290923
2012-11-25 15:01:43,198,1,10.8575885231,-0.294717398809
2012-11-25 15:01:44,199,1,10.6475437865,-0.210044736607
2012-11-25 15:01:45,200,1,10.5936003743,-0.0539434122023
2012-11-25 15:01:46,201,1,10.7879457976,0.194345423363
2012-11-25 15:01:47,202,1,11.1914430476,0.40349725
2012-11-25 15:01:48,203,1,11.6140622299,0.422619182292
2012-11-25 15:01:49,204,1,11.8072913869,0.193229156994
2012-11-25 15:01:50,205,1,11.5592258162,-0.248065570685
2012-11-25 15:01:51,206,1,10.7727674249,-0.786458391369
2012-11-25 15:01:52,207,1,9.52805021652,-1.24471720833
2012-11-25 15:01:53,208,1,8.08526760491,-1.44278261161
2012-11-25 15:01:54,209,1,6.79211293899,-1.29315466592
2012-11-25 15:01:55,210,1,5.93325877455,-0.858854164435
2012-11-25 15:01:56,211,1,5.63310990402,-0.300148870536
2012-11-25 15:01:57,212,1,5.87194915104,0.238839247024
2012-11-25 15:01:58,213,1,6.54553550149,0.673586350446
2012-11-25 15:01:59,214,1,7.48601178423,0.940476282738
2012-11-25 15:02:00,215,1,8.45930052381,0.973288739583
2012-11-25 15:02:01,216,1,9.1958332128,0.736532688988
2012-11-25 15:02:02,217,1,9.47038669048,0.274553477679
2012-11-25 15:02:03,218,1,9.20252950149,-0.267857188988
2012-11-25 15:02:04,219,1,8.51867537426,-0.683854127232
2012-11-25 15:02:05,220,1,7.72098201786,-0.797693356399
2012-11-25 15:02:06,221,1,7.17023806101,-0.550743956845
2012-11-25 15:02:07,222,1,7.13318453497,-0.0370535260417
2012-11-25 15:02:08,223,1,7.65982143973,0.526636904762
2012-11-25 15:02:09,224,1,8.5743303244,0.914508884673
2012-11-25 15:02:10,225,1,9.59181535789,1.01748503348
2012-11-25 15:02:11,226,1,10.4586307374,0.866815379464
2012-11-25 15:02:12,227,1,11.0305800677,0.571949330357
2012-11-25 15:02:13,228,1,11.2882437128,0.257663645089
2012-11-25 15:02:14,229,1,11.3075145037,0.0192707909226
2012-11-25 15:02:15,230,1,11.1966513289,-0.110863174851
2012-11-25 15:02:16,231,1,11.0319934918,-0.164657837054
2012-11-25 15:02:17,232,1,10.8363089271,-0.195684564732
2012-11-25 15:02:18,233,1,10.6044637344,-0.231845192708
2012-11-25 15:02:19,234,1,10.3293150164,-0.275148718006
2012-11-25 15:02:20,235,1,9.99627939137,-0.333035625
2012-11-25 15:02:21,236,1,9.57767824405,-0.418601147321
2012-11-25 15:02:22,237,1,9.06361573661,-0.51406250744
2012-11-25 15:02:23,238,1,8.50029728125,-0.563318455357
2012-11-25 15:02:24,239,1,7.97522291815,-0.525074363095
2012-11-25 15:02:25,240,1,7.54300573586,-0.432217182292
2012-11-25 15:02:26,241,1,7.15885404836,-0.3841516875
2012-11-25 15:02:27,242,1,6.70729163244,-0.451562415923
2012-11-25 15:02:28,243,1,6.12968750446,-0.577604127976
2012-11-25 15:02:29,244,1,5.51197917485,-0.617708329613
2012-11-25 15:02:30,245,1,5.00319941295,-0.508779761905
2012-11-25 15:02:31,246,1,4.64776786161,-0.355431551339
2012-11-25 15:02:32,247,1,4.34427079911,-0.3034970625
2012-11-25 15:02:33,248,1,3.98400285789,-0.36026794122
2012-11-25 15:02:34,249,1,3.57901764063,-0.404985217262
2012-11-25 15:02:35,250,1,3.19947887054,-0.379538770089
2012-11-25 15:02:36,251,1,2.80401752455,-0.395461345982
2012-11-25 15:02:37,252,1,2.23095208631,-0.573065438244
2012-11-25 15:02:38,253,1,1.4564358151,-0.774516271205
2012-11-25 15:02:39,254,1,0.0,-1.4564358151
2012-11-25 15:12:45,860,606,0.0,0.0
2012-11-25 15:12:46,861,1,1.0038686689,1.0038686689
2012-11-25 15:12:47,862,1,1.5013759907,0.497507321801
2012-11-25 15:12:48,863,1,1.88297941908,0.381603428385
2012-11-25 15:12:49,864,1,2.26744749219,0.384468073103
2012-11-25 15:12:50,865,1,2.93279350353,0.665346011347
2012-11-25 15:12:51,866,1,3.99914392597,1.06635042243
2012-11-25 15:12:52,867,1,5.34581429446,1.34667036849
2012-11-25 15:12:53,868,1,6.7448284535,1.39901415904
2012-11-25 15:12:54,869,1,8.0265807301,1.2817522766
2012-11-25 15:12:55,870,1,9.13403985007,1.10745911998
2012-11-25 15:12:56,871,1,10.0546871845,0.920647334449
2012-11-25 15:12:57,872,1,10.7476930826,0.693005898066
2012-11-25 15:12:58,873,1,11.1552822448,0.407589162202
2012-11-25 15:12:59,874,1,11.2591511481,0.103868903274
2012-11-25 15:13:00,875,1,11.1047611711,-0.154389976934
2012-11-25 15:13:01,876,1,10.7723951138,-0.332366057292
2012-11-25 15:13:02,877,1,10.3347464286,-0.437648685268
2012-11-25 15:13:03,878,1,9.84412157812,-0.490624850446
2012-11-25 15:13:04,879,1,9.33839249926,-0.505729078869
2012-11-25 15:13:05,880,1,8.84330321354,-0.495089285714
2012-11-25 15:13:06,881,1,8.39419598289,-0.449107230655
2012-11-25 15:13:07,882,1,8.07909166667,-0.31510431622
2012-11-25 15:13:08,883,1,8.03623440104,-0.042857265625
2012-11-25 15:13:09,884,1,8.36614510789,0.329910706845
2012-11-25 15:13:10,885,1,9.02187437202,0.655729264137
2012-11-25 15:13:11,886,1,9.78727625446,0.76540188244
2012-11-25 15:13:12,887,1,10.385639346,0.598363091518
2012-11-25 15:13:13,888,1,10.6471719933,0.261532647322
2012-11-25 15:13:14,889,1,10.6179308624,-0.0292411309524
2012-11-25 15:13:15,890,1,10.5270083013,-0.0909225610119
2012-11-25 15:13:16,891,1,10.6084816488,0.0814733474702
2012-11-25 15:13:17,892,1,10.8953864978,0.286904848958
2012-11-25 15:13:18,893,1,11.1506692024,0.255282704613
2012-11-25 15:13:19,894,1,11.005356593,-0.145312609375
2012-11-25 15:13:20,895,1,10.2442701979,-0.761086395089
2012-11-25 15:13:21,896,1,9.04188923884,-1.20238095908
2012-11-25 15:13:22,897,1,7.91979110417,-1.12209813467
2012-11-25 15:13:23,898,1,7.45223172842,-0.467559375744
2012-11-25 15:13:24,899,1,7.981547375,0.529315646577
2012-11-25 15:13:25,900,1,9.51212786682,1.53058049182
2012-11-25 15:13:26,901,1,11.7815475558,2.26941968899
2012-11-25 15:13:27,902,1,14.429836192,2.64828863616
2012-11-25 15:13:28,903,1,17.1488093162,2.71897312426
2012-11-25 15:13:29,904,1,19.7479908155,2.59918149926
2012-11-25 15:13:30,905,1,22.1554312909,2.40744047545
2012-11-25 15:13:31,906,1,24.3735116548,2.21808036384
2012-11-25 15:13:32,907,1,26.4145086719,2.04099701711
2012-11-25 15:13:33,908,1,28.2673360521,1.85282738021
2012-11-25 15:13:34,909,1,29.9116069286,1.64427087649
2012-11-25 15:13:35,910,1,31.3380207083,1.42641377976
2012-11-25 15:13:36,911,1,32.5481398385,1.21011913021
2012-11-25 15:13:37,912,1,33.5462797649,0.998139926339
2012-11-25 15:13:38,913,1,34.3281994591,0.781919694196
2012-11-25 15:13:39,914,1,34.8701638192,0.541964360119
2012-11-25 15:13:40,915,1,35.1436013356,0.273437516369
2012-11-25 15:13:41,916,1,35.1560268318,0.0124254962797
2012-11-25 15:13:42,917,1,34.981026686,-0.175000145833
2012-11-25 15:13:43,918,1,34.7501486406,-0.230878045387
2012-11-25 15:13:44,919,1,34.6093004985,-0.140848142113
2012-11-25 15:13:45,920,1,34.6674851525,0.0581846540179
2012-11-25 15:13:46,921,1,34.9735863378,0.306101185268
2012-11-25 15:13:47,922,1,35.5264878951,0.552901557292
2012-11-25 15:13:48,923,1,36.2889875655,0.762499670387
2012-11-25 15:13:49,924,1,37.1835557671,0.894568201637
2012-11-25 15:13:50,925,1,38.0892104182,0.905654651042
2012-11-25 15:13:51,926,1,38.8744782329,0.785267814732
2012-11-25 15:13:52,927,1,39.4555049784,0.581026745536
2012-11-25 15:13:53,928,1,39.8321418772,0.376636898809
2012-11-25 15:13:54,929,1,40.0790913683,0.246949491072
2012-11-25 15:13:55,930,1,40.2965766652,0.217485296875
2012-11-25 15:13:56,931,1,40.5475441369,0.250967471726
2012-11-25 15:13:57,932,1,40.8332586049,0.285714468006
2012-11-25 15:13:58,933,1,41.1221724628,0.288913857887
2012-11-25 15:13:59,934,1,41.3857143058,0.263541843006
2012-11-25 15:14:00,935,1,41.6127977478,0.227083441964
2012-11-25 15:14:01,936,1,41.8125744807,0.199776732887
2012-11-25 15:14:02,937,1,41.9977677106,0.185193229911
2012-11-25 15:14:03,938,1,42.1616810506,0.16391334003
2012-11-25 15:14:04,939,1,42.2952372336,0.133556183036
2012-11-25 15:14:05,940,1,42.4131685714,0.117931337798
2012-11-25 15:14:06,941,1,42.5319929725,0.118824401042
2012-11-25 15:14:07,942,1,42.6360109338,0.10401796131
2012-11-25 15:14:08,943,1,42.6555794829,0.0195685491071
2012-11-25 15:14:09,944,1,42.4408473757,-0.214732107143
2012-11-25 15:14:10,945,1,41.7776777634,-0.663169612351
2012-11-25 15:14:11,946,1,40.4709814725,-1.30669629092
2012-11-25 15:14:12,947,1,38.4424846778,-2.02849679464
2012-11-25 15:14:13,948,1,35.7950890097,-2.64739566815
2012-11-25 15:14:14,949,1,32.7816961607,-3.01339284896
2012-11-25 15:14:15,950,1,29.6532734479,-3.1284227128
2012-11-25 15:14:16,951,1,26.5228417969,-3.13043165104
2012-11-25 15:14:17,952,1,23.3901036205,-3.13273817634
2012-11-25 15:14:18,953,1,20.286829756,-3.10327386458
2012-11-25 15:14:19,954,1,17.400073808,-2.88675594792
2012-11-25 15:14:20,955,1,15.0578119926,-2.34226181548
2012-11-25 15:14:21,956,1,13.5803567686,-1.47745522396
2012-11-25 15:14:22,957,1,13.1154015134,-0.464955255208
2012-11-25 15:14:23,958,1,13.5316961823,0.416294668899
2012-11-25 15:14:24,959,1,14.4091514993,0.877455316964
2012-11-25 15:14:25,960,1,15.1959818051,0.786830305803
2012-11-25 15:14:26,961,1,15.4878716793,0.291889874256
2012-11-25 15:14:27,962,1,15.2488092277,-0.239062451637
2012-11-25 15:14:28,963,1,14.815848006,-0.432961221726
2012-11-25 15:14:29,964,1,14.6367558452,-0.179092160714
2012-11-25 15:14:30,965,1,14.9081100536,0.271354208333
2012-11-25 15:14:31,966,1,15.4336307976,0.525520744048
2012-11-25 15:14:32,967,1,15.8104907403,0.376859942708
2012-11-25 15:14:33,968,1,15.7271572679,-0.0833334724703
2012-11-25 15:14:34,969,1,15.1159965097,-0.611160758184
2012-11-25 15:14:35,970,1,14.0895084234,-1.02648808631
2012-11-25 15:14:36,971,1,12.7747762872,-1.31473213616
2012-11-25 15:14:37,972,1,11.2203119978,-1.55446428943
2012-11-25 15:14:38,973,1,9.44274503609,-1.77756696168
2012-11-25 15:14:39,974,1,7.52864533705,-1.91409969903
2012-11-25 15:14:40,975,1,5.67656197693,-1.85208336012
2012-11-25 15:14:41,976,1,4.13757382961,-1.53898814732
2012-11-25 15:14:42,977,1,3.09423305692,-1.04334077269
2012-11-25 15:14:43,978,1,2.5718745439,-0.522358513021
2012-11-25 15:14:44,979,1,2.44817678906,-0.123697754836
2012-11-25 15:14:45,980,1,2.53333308482,0.0851562957589
2012-11-25 15:14:46,981,1,2.65922580878,0.125892723958
2012-11-25 15:14:47,982,1,2.73735059747,0.0781247886905
2012-11-25 15:14:48,983,1,2.75903944382,0.0216888463542
2012-11-25 15:14:49,984,1,2.75729093452,-0.00174850930059
2012-11-25 15:14:50,985,1,2.77455296875,0.0172620342262
2012-11-25 15:14:51,986,1,2.83712755804,0.0625745892857
2012-11-25 15:14:52,987,1,2.92879439732,0.0916668392857
2012-11-25 15:14:53,988,1,2.96622012624,0.0374257289187
2012-11-25 15:14:54,989,1,2.78779759449,-0.178422531746
2012-11-25 15:14:55,990,1,2.2472470372,-0.540550557292
2012-11-25 15:14:56,991,1,1.47053572545,-0.776711311756
2012-11-25 15:14:57,992,1,0.0,-1.47053572545
