timestamp,cycle_sec,timestep,speed_mph,accel_meters_ps
2012-09-27 15:34:58,0,84084,0.0,0.0
2012-09-27 15:34:59,1,1,2.29105625521,2.29105625521
2012-09-27 15:35:00,2,1,3.96495487946,1.67389862426
2012-09-27 15:35:01,3,1,5.64367498363,1.67872010417
2012-09-27 15:35:02,4,1,7.09456779241,1.45089280878
2012-09-27 15:35:03,5,1,8.30788626339,1.21331847098
2012-09-27 15:35:04,6,1,9.31793098996,1.01004472656
2012-09-27 15:35:05,7,1,10.1015620915,0.783631101563
2012-09-27 15:35:06,8,1,10.58757416,0.486012068452
2012-09-27 15:35:07,9,1,10.711607,0.12403284003
2012-09-27 15:35:08,10,1,10.4731397329,-0.238467267113
2012-09-27 15:35:09,11,1,9.97961284449,-0.493526888393
2012-09-27 15:35:10,12,1,9.44925557366,-0.530357270833
2012-09-27 15:35:11,13,1,9.13214242336,-0.317113150298
2012-09-27 15:35:12,14,1,9.1709817619,0.0388393385417
2012-09-27 15:35:13,15,1,9.52328840476,0.352306642857
2012-09-27 15:35:14,16,1,10.0249253557,0.501636950893
2012-09-27 15:35:15,17,1,10.5206842448,0.495758889137
2012-09-27 15:35:16,18,1,10.9447168869,0.424032642113
2012-09-27 15:35:17,19,1,11.3110858467,0.366368959821
2012-09-27 15:35:18,20,1,11.6498506927,0.338764845982
2012-09-27 15:35:19,21,1,11.9577375945,0.307886901786
2012-09-27 15:35:20,22,1,12.207514349,0.249776754464
2012-09-27 15:35:21,23,1,12.3818446124,0.174330263393
2012-09-27 15:35:22,24,1,12.4558028155,0.073958203125
2012-09-27 15:35:23,25,1,12.3290170037,-0.126785811756
2012-09-27 15:35:24,26,1,11.8055050937,-0.52351190997
2012-09-27 15:35:25,27,1,10.6899545952,-1.11555049851
2012-09-27 15:35:26,28,1,8.9665172619,-1.72343733333
2012-09-27 15:35:27,29,1,6.93690435714,-2.02961290476
2012-09-27 15:35:28,30,1,5.15461285565,-1.78229150149
2012-09-27 15:35:29,31,1,4.1398808058,-1.01473204985
2012-09-27 15:35:30,32,1,4.10587783036,-0.0340029754464
2012-09-27 15:35:31,33,1,4.91294621801,0.807068387649
2012-09-27 15:35:32,34,1,6.23325863765,1.32031241964
2012-09-27 15:35:33,35,1,7.76592227455,1.5326636369
2012-09-27 15:35:34,36,1,9.34241036979,1.57648809524
2012-09-27 15:35:35,37,1,10.8781991153,1.53578874554
2012-09-27 15:35:36,38,1,12.2822914613,1.40409234598
2012-09-27 15:35:37,39,1,13.4362349695,1.15394350818
2012-09-27 15:35:38,40,1,14.2424849256,0.806249956101
2012-09-27 15:35:39,41,1,14.6852675238,0.442782598214
2012-09-27 15:35:40,42,1,14.8354162031,0.150148679315
2012-09-27 15:35:41,43,1,14.7685262798,-0.0668899233631
2012-09-27 15:35:42,44,1,14.4645828311,-0.303943448661
2012-09-27 15:35:43,45,1,13.7962048147,-0.668378016369
2012-09-27 15:35:44,46,1,12.628719599,-1.16748521577
2012-09-27 15:35:45,47,1,10.946684162,-1.682035437
2012-09-27 15:35:46,48,1,8.91174708656,-2.0349370754
2012-09-27 15:35:47,49,1,6.82854624926,-2.0832008373
2012-09-27 15:35:48,50,1,5.03897140451,-1.78957484474
2012-09-27 15:35:49,51,1,3.79155915203,-1.24741225248
2012-09-27 15:35:50,52,1,3.1588045186,-0.632754633433
2012-09-27 15:35:51,53,1,3.03697078001,-0.121833738591
2012-09-27 15:35:52,54,1,3.21848522892,0.181514448909
2012-09-27 15:35:53,55,1,3.50808498661,0.289599757688
2012-09-27 15:35:54,56,1,3.80154552059,0.293460533978
2012-09-27 15:35:55,57,1,4.07107251736,0.269526996776
2012-09-27 15:35:56,58,1,4.33387828646,0.262805769097
2012-09-27 15:35:57,59,1,4.67109713046,0.337218843998
2012-09-27 15:35:58,60,1,5.21451647817,0.543419347718
2012-09-27 15:35:59,61,1,6.04893296429,0.834416486111
2012-09-27 15:36:00,62,1,7.13262197445,1.08368901017
2012-09-27 15:36:01,63,1,8.31192103447,1.17929906002
2012-09-27 15:36:02,64,1,9.40017333333,1.08825229886
2012-09-27 15:36:03,65,1,10.2592340466,0.859060713294
2012-09-27 15:36:04,66,1,10.8086717294,0.549437682788
2012-09-27 15:36:05,67,1,10.9768595141,0.168187784722
2012-09-27 15:36:06,68,1,10.7071423452,-0.269717168899
2012-09-27 15:36:07,69,1,10.0210562121,-0.686086133185
2012-09-27 15:36:08,70,1,9.0395831503,-0.981473061756
2012-09-27 15:36:09,71,1,7.94583318304,-1.09374996726
2012-09-27 15:36:10,72,1,6.92775273065,-1.01808045238
2012-09-27 15:36:11,73,1,6.12611569271,-0.801637037946
2012-09-27 15:36:12,74,1,5.6129459881,-0.513169704613
2012-09-27 15:36:13,75,1,5.39389842262,-0.219047565476
2012-09-27 15:36:14,76,1,5.41220212574,0.018303703125
2012-09-27 15:36:15,77,1,5.56956833854,0.157366212798
2012-09-27 15:36:16,78,1,5.76153271354,0.191964375
2012-09-27 15:36:17,79,1,5.88593747024,0.124404756696
2012-09-27 15:36:18,80,1,5.83005940551,-0.0558780647322
2012-09-27 15:36:19,81,1,5.4665920439,-0.363467361607
2012-09-27 15:36:20,82,1,4.67224676935,-0.794345274554
2012-09-27 15:36:21,83,1,3.43333312574,-1.2389136436
2012-09-27 15:36:22,84,1,2.04218737202,-1.39114575372
2012-09-27 15:36:23,85,1,0.0,-2.04218737202
2012-09-27 15:56:01,1263,1178,0.0,0.0
2012-09-27 15:56:02,1264,1,2.25491015104,2.25491015104
2012-09-27 15:56:03,1265,1,3.5707581317,1.31584798065
2012-09-27 15:56:04,1266,1,4.52187417783,0.951116046131
2012-09-27 15:56:05,1267,1,4.92246960119,0.400595423363
2012-09-27 15:56:06,1268,1,4.92611569866,0.00364609747023
2012-09-27 15:56:07,1269,1,4.72953850521,-0.196577193452
2012-09-27 15:56:08,1270,1,4.45513378051,-0.274404724702
2012-09-27 15:56:09,1271,1,4.15572895833,-0.299404822173
2012-09-27 15:56:10,1272,1,3.86369022396,-0.292038734375
2012-09-27 15:56:11,1273,1,3.66919621577,-0.194494008185
2012-09-27 15:56:12,1274,1,3.69732130804,0.0281250922619
2012-09-27 15:56:13,1275,1,3.97782730952,0.280506001488
2012-09-27 15:56:14,1276,1,4.39806535714,0.420238047619
2012-09-27 15:56:15,1277,1,4.79583312723,0.397767770089
2012-09-27 15:56:16,1278,1,5.08258903646,0.286755909226
2012-09-27 15:56:17,1279,1,5.29218724777,0.20959821131
2012-09-27 15:56:18,1280,1,5.50312471577,0.210937468006
2012-09-27 15:56:19,1281,1,5.72291629315,0.219791577381
2012-09-27 15:56:20,1282,1,5.89367512798,0.170758834821
2012-09-27 15:56:21,1283,1,5.98147270685,0.0877975788691
2012-09-27 15:56:22,1284,1,5.99866020908,0.0171875022321
2012-09-27 15:56:23,1285,1,5.95699354092,-0.0416666681548
2012-09-27 15:56:24,1286,1,5.82983579539,-0.127157745536
2012-09-27 15:56:25,1287,1,5.56741024256,-0.262425552827
2012-09-27 15:56:26,1288,1,5.15260382887,-0.41480641369
2012-09-27 15:56:27,1289,1,4.59300579315,-0.559598035714
2012-09-27 15:56:28,1290,1,3.83869044494,-0.754315348214
2012-09-27 15:56:29,1291,1,2.82500001116,-1.01369043378
2012-09-27 15:56:30,1292,1,1.72202381771,-1.10297619345
2012-09-27 15:56:31,1293,1,0.0,-1.72202381771
2012-09-27 16:00:58,-84840,267,0.0,0.0
2012-09-27 16:00:59,-84839,1,2.66056548065,2.66056548065
2012-09-27 16:01:00,-84838,1,3.90342258333,1.24285710268
2012-09-27 16:01:01,-84837,1,4.4134671369,0.510044553571
2012-09-27 16:01:02,-84836,1,4.13816942336,-0.275297713542
2012-09-27 16:01:03,-84835,1,3.50751462574,-0.630654797619
2012-09-27 16:01:04,-84834,1,2.92031228497,-0.587202340774
2012-09-27 16:01:05,-84833,1,2.5520831808,-0.368229104167
2012-09-27 16:01:06,-84832,1,2.44851175521,-0.103571425595
2012-09-27 16:01:07,-84831,1,2.62254439658,0.174032641369
2012-09-27 16:01:08,-84830,1,3.08087756696,0.458333170387
2012-09-27 16:01:09,-84829,1,3.80967205804,0.728794491071
2012-09-27 16:01:10,-84828,1,4.75989518973,0.950223131696
2012-09-27 16:01:11,-84827,1,5.88184459598,1.12194940625
2012-09-27 16:01:12,-84826,1,7.14650242187,1.26465782589
2012-09-27 16:01:13,-84825,1,8.4816960253,1.33519360342
2012-09-27 16:01:14,-84824,1,9.72693424851,1.24523822321
2012-09-27 16:01:15,-84823,1,10.7101931838,0.983258935268
2012-09-27 16:01:16,-84822,1,11.359523407,0.649330223214
2012-09-27 16:01:17,-84821,1,11.7166660692,0.357142662202
2012-09-27 16:01:18,-84820,1,11.8305052195,0.113839150298
2012-09-27 16:01:19,-84819,1,11.629091532,-0.2014136875
2012-09-27 16:01:20,-84818,1,10.9273803579,-0.701711174107
2012-09-27 16:01:21,-84817,1,9.6130948311,-1.31428552679
2012-09-27 16:01:22,-84816,1,7.84598186607,-1.76711296503
2012-09-27 16:01:23,-84815,1,6.06450865699,-1.78147320908
2012-09-27 16:01:24,-84814,1,4.77604129985,-1.28846735714
2012-09-27 16:01:25,-84813,1,4.30386857515,-0.472172724702
2012-09-27 16:01:26,-84812,1,4.67217210863,0.368303533482
2012-09-27 16:01:27,-84811,1,5.67008882292,0.997916714286
2012-09-27 16:01:28,-84810,1,7.00944902753,1.33936020461
2012-09-27 16:01:29,-84809,1,8.45401752827,1.44456850074
2012-09-27 16:01:30,-84808,1,9.85915145089,1.40513392262
2012-09-27 16:01:31,-84807,1,11.1450145432,1.28586309226
2012-09-27 16:01:32,-84806,1,12.2496276815,1.10461313839
2012-09-27 16:01:33,-84805,1,13.1014878854,0.851860203869
2012-09-27 16:01:34,-84804,1,13.6441219115,0.542634026042
2012-09-27 16:01:35,-84803,1,13.8916666049,0.247544693452
2012-09-27 16:01:36,-84802,1,13.9347469144,0.0430803095238
2012-09-27 16:01:37,-84801,1,13.8639878512,-0.070759063244
2012-09-27 16:01:38,-84800,1,13.6911454204,-0.172842430804
2012-09-27 16:01:39,-84799,1,13.3572167061,-0.333928714286
2012-09-27 16:01:40,-84798,1,12.8161451957,-0.541071510417
2012-09-27 16:01:41,-84797,1,12.119493375,-0.696651820685
2012-09-27 16:01:42,-84796,1,11.4374249137,-0.68206846131
2012-09-27 16:01:43,-84795,1,10.9880201689,-0.449404744792
2012-09-27 16:01:44,-84794,1,10.9258922321,-0.0621279367559
2012-09-27 16:01:45,-84793,1,11.283332753,0.357440520833
2012-09-27 16:01:46,-84792,1,11.9842256198,0.700892866815
2012-09-27 16:01:47,-84791,1,12.8931541295,0.908928509673
2012-09-27 16:01:48,-84790,1,13.8690468988,0.975892769345
2012-09-27 16:01:49,-84789,1,14.7916659435,0.922619044643
2012-09-27 16:01:50,-84788,1,15.5590023854,0.767336441964
2012-09-27 16:01:51,-84787,1,16.0959817366,0.53697935119
2012-09-27 16:01:52,-84786,1,16.3807288527,0.284747116072
2012-09-27 16:01:53,-84785,1,16.4511157076,0.0703868549107
2012-09-27 16:01:54,-84784,1,16.3898804881,-0.0612352194941
2012-09-27 16:01:55,-84783,1,16.3127227106,-0.0771577775297
2012-09-27 16:01:56,-84782,1,16.3418894159,0.0291667053571
2012-09-27 16:01:57,-84781,1,16.5508924412,0.209003025298
2012-09-27 16:01:58,-84780,1,16.9191960186,0.368303577381
2012-09-27 16:01:59,-84779,1,17.3340769628,0.414880944196
2012-09-27 16:02:00,-84778,1,17.646949003,0.312872040179
2012-09-27 16:02:01,-84777,1,17.7570680491,0.110119046131
2012-09-27 16:02:02,-84776,1,17.6441959375,-0.112872111607
2012-09-27 16:02:03,-84775,1,17.2966511176,-0.347544819941
2012-09-27 16:02:04,-84774,1,16.6090765223,-0.687574595238
2012-09-27 16:02:05,-84773,1,15.3849692909,-1.2241072314
2012-09-27 16:02:06,-84772,1,13.4710556845,-1.9139136064
2012-09-27 16:02:07,-84771,1,10.9281987656,-2.5428569189
2012-09-27 16:02:08,-84770,1,8.1149549881,-2.81324377753
2012-09-27 16:02:09,-84769,1,5.58839271577,-2.52656227232
2012-09-27 16:02:10,-84768,1,3.86324403051,-1.72514868527
2012-09-27 16:02:11,-84767,1,3.21093748363,-0.652306546875
2012-09-27 16:02:12,-84766,1,3.60052072098,0.389583237351
2012-09-27 16:02:13,-84765,1,4.73325867336,1.13273795238
2012-09-27 16:02:14,-84764,1,6.11488056548,1.38162189211
2012-09-27 16:02:15,-84763,1,7.17886860714,1.06398804167
2012-09-27 16:02:16,-84762,1,7.50364545461,0.32477684747
2012-09-27 16:02:17,-84761,1,7.03839261161,-0.465252843006
2012-09-27 16:02:18,-84760,1,6.10691949107,-0.931473120536
2012-09-27 16:02:19,-84759,1,5.14747004836,-0.959449442708
2012-09-27 16:02:20,-84758,1,4.45982108854,-0.687648959821
2012-09-27 16:02:21,-84757,1,4.16488047768,-0.294940610863
2012-09-27 16:02:22,-84756,1,4.28638345387,0.12150297619
2012-09-27 16:02:37,-84741,15,4.7804312061,0.0329365168155
2012-09-27 16:02:38,-84740,1,5.47752956548,0.697098359375
2012-09-27 16:02:39,-84739,1,6.0694814907,0.591951925223
2012-09-27 16:02:40,-84738,1,6.27361710249,0.204135611793
2012-09-27 16:02:41,-84737,1,6.04862326004,-0.224993842448
2012-09-27 16:02:42,-84736,1,5.59401639751,-0.454606862537
2012-09-27 16:02:43,-84735,1,5.14119529911,-0.4528210984
2012-09-27 16:02:44,-84734,1,4.79374992113,-0.347445377976
2012-09-27 16:02:45,-84733,1,4.53397808333,-0.259771837798
2012-09-27 16:02:46,-84732,1,4.30569800465,-0.228280078683
2012-09-27 16:02:47,-84731,1,4.07399528906,-0.231702715588
2012-09-27 16:02:48,-84730,1,3.83410805041,-0.239887238653
2012-09-27 16:02:49,-84729,1,3.59187706362,-0.242230986793
2012-09-27 16:02:50,-84728,1,3.3499995,-0.241877563616
2012-09-27 16:02:51,-84727,1,3.11080050632,-0.239198993676
2012-09-27 16:02:52,-84726,1,2.87987903664,-0.23092146968
2012-09-27 16:02:53,-84725,1,2.64363762835,-0.236241408296
2012-09-27 16:02:54,-84724,1,2.32997191332,-0.31366571503
2012-09-27 16:02:55,-84723,1,1.83695364137,-0.493018271949
2012-09-27 16:02:56,-84722,1,1.17472047712,-0.662233164249
2012-09-27 16:02:57,-84721,1,0.0,-1.17472047712
2012-09-27 16:02:58,-84720,1,0.0,0.0
2012-09-27 16:02:59,-84719,1,0.0,0.0
2012-09-27 16:03:00,-84718,1,0.0,0.0
2012-09-27 16:03:01,-84717,1,0.0,0.0
2012-09-27 16:03:02,-84716,1,0.0,0.0
