timestamp,cycle_sec,timestep,speed_mph,accel_meters_ps
2012-09-25 15:57:55,0,1,0.0,0.0
2012-09-25 15:57:56,1,1,0.0,0.0
2012-09-25 15:57:57,2,1,0.0,0.0
2012-09-25 15:57:58,3,1,0.0,0.0
2012-09-25 15:57:59,4,1,0.0,0.0
2012-09-25 15:58:00,5,1,0.0,0.0
2012-09-25 15:58:01,6,1,2.43072884896,2.43072884896
2012-09-25 15:58:02,7,1,4.21160664286,1.7808777939
2012-09-25 15:58:03,8,1,5.9821422381,1.77053559524
2012-09-25 15:58:04,9,1,7.4991064881,1.51696425
2012-09-25 15:58:05,10,1,8.71465710119,1.2155506131
2012-09-25 15:58:06,11,1,9.66253660751,0.947879506324
2012-09-25 15:58:07,12,1,10.3784964851,0.715959877604
2012-09-25 15:58:08,13,1,10.9139876302,0.535491145089
2012-09-25 15:58:09,14,1,11.3813240335,0.467336403274
2012-09-25 15:58:10,15,1,11.934151503,0.552827469494
2012-09-25 15:58:11,16,1,12.6972467879,0.76309528497
2012-09-25 15:58:12,17,1,13.7090027374,1.0117559494
2012-09-25 15:58:13,18,1,14.8986604286,1.18965769122
2012-09-25 15:58:14,19,1,16.1156246317,1.21696420312
2012-09-25 15:58:15,20,1,17.2044638222,1.08883919048
2012-09-25 15:58:16,21,1,18.068228619,0.863764796875
2012-09-25 15:58:17,22,1,18.6828863058,0.614657686756
2012-09-25 15:58:18,23,1,19.0755946436,0.392708337798
2012-09-25 15:58:19,24,1,19.290475651,0.21488100744
2012-09-25 15:58:20,25,1,19.3631691741,0.0726935230654
2012-09-25 15:58:21,26,1,19.31830316,-0.0448660141369
2012-09-25 15:58:22,27,1,19.1843002232,-0.134002936756
2012-09-25 15:58:23,28,1,19.0042407381,-0.180059485119
2012-09-25 15:58:24,29,1,18.8290919754,-0.175148762649
2012-09-25 15:58:25,30,1,18.7049848683,-0.124107107143
2012-09-25 15:58:26,31,1,18.6656991629,-0.0392857053572
2012-09-25 15:58:27,32,1,18.7212051086,0.0555059456846
2012-09-25 15:58:28,33,1,18.8476187946,0.126413686012
2012-09-25 15:58:29,34,1,18.9947170134,0.14709821875
2012-09-25 15:58:30,35,1,19.1028271391,0.108110125744
2012-09-25 15:58:31,36,1,19.1206842731,0.0178571339286
2012-09-25 15:58:32,37,1,19.0144342374,-0.106250035714
2012-09-25 15:58:33,38,1,18.7431544286,-0.27127980878
2012-09-25 15:58:34,39,1,18.2215026042,-0.521651824405
2012-09-25 15:58:35,40,1,17.3209073266,-0.90059527753
2012-09-25 15:58:36,41,1,15.9102673899,-1.41063993676
2012-09-25 15:58:37,42,1,13.9160708958,-1.99419649405
2012-09-25 15:58:38,43,1,11.4107136972,-2.50535719866
2012-09-25 15:58:39,44,1,8.70610056399,-2.70461313318
2012-09-25 15:58:40,45,1,6.34278207664,-2.36331848735
2012-09-25 15:58:41,46,1,4.89851118899,-1.44427088765
2012-09-25 15:58:42,47,1,4.7157730186,-0.182738170387
2012-09-25 15:58:43,48,1,5.73556462202,1.01979160342
2012-09-25 15:58:44,49,1,7.5585556942,1.82299107217
2012-09-25 15:58:45,50,1,9.70357066815,2.14501497396
2012-09-25 15:58:46,51,1,11.8507434509,2.14717278274
2012-09-25 15:58:47,52,1,13.8774549457,2.02671149479
2012-09-25 15:58:48,53,1,15.7418152321,1.86436028646
2012-09-25 15:58:49,54,1,17.3852677448,1.64345251265
2012-09-25 15:58:50,55,1,18.7305059249,1.34523818006
2012-09-25 15:58:51,56,1,19.742336317,1.01183039211
2012-09-25 15:58:52,57,1,20.4741815625,0.731845245536
2012-09-25 15:58:53,58,1,21.0476190603,0.573437497768
2012-09-25 15:58:54,59,1,21.5793898512,0.531770790923
2012-09-25 15:58:55,60,1,22.1159968698,0.536607018601
2012-09-25 15:58:56,61,1,22.6293895394,0.513392669643
2012-09-25 15:58:57,62,1,23.0671869814,0.437797441964
2012-09-25 15:58:58,63,1,23.4014130841,0.334226102679
2012-09-25 15:58:59,64,1,23.6407732493,0.239360165179
2012-09-25 15:59:00,65,1,23.8143597024,0.173586453125
2012-09-25 15:59:01,66,1,23.9516366235,0.137276921131
2012-09-25 15:59:02,67,1,24.0741069085,0.12247028497
2012-09-25 15:59:03,68,1,24.1907735268,0.116666618304
2012-09-25 15:59:04,69,1,24.2906246257,0.0998510989583
2012-09-25 15:59:05,70,1,24.3395829025,0.0489582767858
2012-09-25 15:59:06,71,1,24.2903269598,-0.0492559427084
2012-09-25 15:59:07,72,1,24.1116067626,-0.178720197173
2012-09-25 15:59:08,73,1,23.8167407381,-0.294866024554
2012-09-25 15:59:09,74,1,23.4569937679,-0.359746970238
2012-09-25 15:59:10,75,1,23.0941217775,-0.362871990327
2012-09-25 15:59:11,76,1,22.7848955543,-0.309226223214
2012-09-25 15:59:12,77,1,22.5732883103,-0.211607244048
2012-09-25 15:59:13,78,1,22.4780501168,-0.0952381934524
2012-09-25 15:59:14,79,1,22.4786453586,0.0005952418154
2012-09-25 15:59:15,80,1,22.514582997,0.0359376383929
2012-09-25 15:59:16,81,1,22.5133927076,-0.0011902894345
2012-09-25 15:59:17,82,1,22.4289433899,-0.0844493177084
2012-09-25 15:59:18,83,1,22.25528259,-0.173660799851
2012-09-25 15:59:19,84,1,22.0145085975,-0.24077399256
2012-09-25 15:59:20,85,1,21.7394340484,-0.275074549107
2012-09-25 15:59:21,86,1,21.4635411562,-0.275892892113
2012-09-25 15:59:22,87,1,21.2200144226,-0.243526733631
2012-09-25 15:59:23,88,1,21.0372019747,-0.182812447917
2012-09-25 15:59:24,89,1,20.9138388363,-0.123363138393
2012-09-25 15:59:25,90,1,20.7855648862,-0.128273950149
2012-09-25 15:59:26,91,1,20.511234401,-0.274330485119
2012-09-25 15:59:27,92,1,19.8924843869,-0.618750014137
2012-09-25 15:59:28,93,1,18.7460559152,-1.14642847173
2012-09-25 15:59:29,94,1,17.0337792664,-1.71227664881
2012-09-25 15:59:30,95,1,14.9658478028,-2.06793146354
2012-09-25 15:59:31,96,1,12.9658478028,-2.0
2012-09-25 15:59:32,97,1,11.4920382612,-1.47380954167
2012-09-25 15:59:33,98,1,10.8218746213,-0.670163639881
2012-09-25 15:59:34,99,1,10.9430056972,0.121131075893
2012-09-25 15:59:35,100,1,11.6200891667,0.677083469494
2012-09-25 15:59:36,101,1,12.561309503,0.94122033631
2012-09-25 15:59:37,102,1,13.5493303757,0.988020872768
2012-09-25 15:59:38,103,1,14.4652529583,0.915922582589
2012-09-25 15:59:39,104,1,15.2334075848,0.768154626488
2012-09-25 15:59:40,105,1,15.7814728393,0.548065254464
2012-09-25 15:59:41,106,1,16.0717999918,0.29032715253
2012-09-25 15:59:42,107,1,16.1572909271,0.0854909352678
2012-09-25 15:59:43,108,1,16.1826629576,0.025372030506
2012-09-25 15:59:44,109,1,16.3012642783,0.118601320684
2012-09-25 15:59:45,110,1,16.5624995818,0.261235303571
2012-09-25 15:59:46,111,1,16.8810265402,0.318526958333
2012-09-25 15:59:47,112,1,17.1203867939,0.23936025372
2012-09-25 15:59:48,113,1,17.1944196235,0.0740328296131
2012-09-25 15:59:49,114,1,17.0972470424,-0.0971725811012
2012-09-25 15:59:50,115,1,16.8568452217,-0.240401820685
2012-09-25 15:59:51,116,1,16.4578867567,-0.39895846503
2012-09-25 15:59:52,117,1,15.8217258132,-0.636160943452
2012-09-25 15:59:53,118,1,14.8805053103,-0.941220502976
2012-09-25 15:59:54,119,1,13.6424842969,-1.23802101339
2012-09-25 15:59:55,120,1,12.1694188199,-1.47306547693
2012-09-25 15:59:56,121,1,10.5328862321,-1.6365325878
2012-09-25 15:59:57,122,1,8.80595188318,-1.72693434896
2012-09-25 15:59:58,123,1,7.05260376116,-1.75334812202
2012-09-25 15:59:59,124,1,5.30074364509,-1.75186011607
2012-09-25 16:00:00,125,1,3.5719490067,-1.72879463839
2012-09-25 16:00:01,126,1,2.02845951004,-1.54348949665
2012-09-25 16:00:02,127,1,0.0,-2.02845951004
2012-09-25 16:10:53,778,651,0.0,0.0
2012-09-25 16:10:54,779,1,2.36703840104,2.36703840104
2012-09-25 16:10:55,780,1,4.25691916443,1.88988076339
2012-09-25 16:10:56,781,1,6.39799042783,2.14107126339
2012-09-25 16:10:57,782,1,8.58682961905,2.18883919122
2012-09-25 16:10:58,783,1,10.8084813757,2.2216517567
2012-09-25 16:10:59,784,1,13.0407358531,2.23225447731
2012-09-25 16:11:00,785,1,15.1618296414,2.12109378832
2012-09-25 16:11:01,786,1,16.9907731362,1.82894349479
2012-09-25 16:11:02,787,1,18.3659963914,1.37522325521
2012-09-25 16:11:03,788,1,19.2002226615,0.834226270089
2012-09-25 16:11:04,789,1,19.5105650699,0.310342408482
2012-09-25 16:11:05,790,1,19.4118301176,-0.098734952381
2012-09-25 16:11:06,791,1,19.0671873564,-0.344642761161
2012-09-25 16:11:07,792,1,18.6404016042,-0.426785752232
2012-09-25 16:11:08,793,1,18.2833329978,-0.357068606399
2012-09-25 16:11:09,794,1,18.1301334167,-0.153199581101
2012-09-25 16:11:10,795,1,18.2658476079,0.13571419122
2012-09-25 16:11:11,796,1,18.6869786012,0.421130993304
2012-09-25 16:11:12,797,1,19.293451965,0.606473363839
2012-09-25 16:11:13,798,1,19.9301336823,0.636681717262
2012-09-25 16:11:14,799,1,20.454092119,0.523958436756
2012-09-25 16:11:15,800,1,20.7825891391,0.328497020089
2012-09-25 16:11:16,801,1,20.9045384479,0.12194930878
2012-09-25 16:11:17,802,1,20.8574401071,-0.0470983407738
2012-09-25 16:11:18,803,1,20.6615322679,-0.195907839286
2012-09-25 16:11:19,804,1,20.2354905305,-0.426041737351
2012-09-25 16:11:20,805,1,19.3812494018,-0.85424112872
2012-09-25 16:11:21,806,1,17.9072166228,-1.47403277902
2012-09-25 16:11:22,807,1,15.8261154345,-2.08110118824
2012-09-25 16:11:23,808,1,13.4556542024,-2.37046123214
2012-09-25 16:11:24,809,1,11.3175591146,-2.1380950878
2012-09-25 16:11:25,810,1,9.90334796801,-1.41421114658
2012-09-25 16:11:26,811,1,9.47046116146,-0.432886806548
2012-09-25 16:11:27,812,1,9.97961295089,0.509151789435
2012-09-25 16:11:28,813,1,11.1620533676,1.18244041667
2012-09-25 16:11:29,814,1,12.6468003103,1.48474694271
2012-09-25 16:11:30,815,1,14.0926335551,1.44583324479
2012-09-25 16:11:31,816,1,15.2816959621,1.18906240699
2012-09-25 16:11:32,817,1,16.1475440885,0.865848126488
2012-09-25 16:11:33,818,1,16.7386898743,0.591145785714
2012-09-25 16:11:34,819,1,17.1411452798,0.402455405506
2012-09-25 16:11:35,820,1,17.4078864881,0.266741208333
2012-09-25 16:11:36,821,1,17.5340026882,0.126116200149
2012-09-25 16:11:37,822,1,17.4794640469,-0.054538641369
2012-09-25 16:11:38,823,1,17.2309521324,-0.248511914435
2012-09-25 16:11:39,824,1,16.8671128408,-0.363839291667
2012-09-25 16:11:40,825,1,16.5552081272,-0.311904713542
2012-09-25 16:11:41,826,1,16.4633183415,-0.0918897857142
2012-09-25 16:11:42,827,1,16.6649552969,0.201636955357
2012-09-25 16:11:43,828,1,17.1123510387,0.447395741815
2012-09-25 16:11:44,829,1,17.6851930774,0.572842038691
2012-09-25 16:11:45,830,1,18.2650291555,0.579836078125
2012-09-25 16:11:46,831,1,18.7778266771,0.512797521577
2012-09-25 16:11:47,832,1,19.1834815365,0.405654859375
2012-09-25 16:11:48,833,1,19.4285710551,0.245089518601
2012-09-25 16:11:49,834,1,19.402157593,-0.0264134620535
2012-09-25 16:11:50,835,1,18.9429314918,-0.45922610119
2012-09-25 16:11:51,836,1,17.9068450915,-1.0360864003
2012-09-25 16:11:52,837,1,16.2456841927,-1.66116089881
2012-09-25 16:11:53,838,1,14.0429310722,-2.20275312054
2012-09-25 16:11:54,839,1,11.497544131,-2.54538694122
2012-09-25 16:11:55,840,1,8.89322870015,-2.6043154308
2012-09-25 16:11:56,841,1,6.58898767783,-2.30424102232
2012-09-25 16:11:57,842,1,4.98355613095,-1.60543154688
2012-09-25 16:11:58,843,1,4.38459779018,-0.598958340774
2012-09-25 16:11:59,844,1,4.85394307961,0.469345289435
2012-09-25 16:12:00,845,1,6.17715745387,1.32321437426
2012-09-25 16:12:01,846,1,7.98415154464,1.80699409077
2012-09-25 16:12:02,847,1,9.91607114435,1.9319195997
2012-09-25 16:12:03,848,1,11.72366034,1.80758919568
2012-09-25 16:12:04,849,1,13.2671126659,1.54345232589
2012-09-25 16:12:05,850,1,14.4813983966,1.21428573065
2012-09-25 16:12:06,851,1,15.3675591548,0.886160758184
2012-09-25 16:12:07,852,1,15.9863835625,0.618824407738
2012-09-25 16:12:08,853,1,16.3956096719,0.409226109375
2012-09-25 16:12:09,854,1,16.5525291652,0.156919493304
2012-09-25 16:12:10,855,1,16.29025225,-0.262276915179
2012-09-25 16:12:11,856,1,15.4088534293,-0.881398820685
2012-09-25 16:12:12,857,1,13.801524699,-1.60732873028
2012-09-25 16:12:13,858,1,11.5466514211,-2.2548732779
2012-09-25 16:12:14,859,1,8.93727662574,-2.60937479539
2012-09-25 16:12:15,860,1,6.41770822321,-2.51956840253
2012-09-25 16:12:16,861,1,4.46365302641,-1.9540551968
2012-09-25 16:12:17,862,1,3.46220188244,-1.00145114397
2012-09-25 16:12:18,863,1,3.58798288504,0.125781002604
2012-09-25 16:12:19,864,1,4.73973125595,1.15174837091
2012-09-25 16:12:20,865,1,6.62507352232,1.88534226637
2012-09-25 16:12:21,866,1,8.91026709226,2.28519356994
2012-09-25 16:12:22,867,1,11.3072538761,2.39698678385
2012-09-25 16:12:23,868,1,13.5936007842,2.28634690811
2012-09-25 16:12:24,869,1,15.6063241265,2.01272334226
2012-09-25 16:12:25,870,1,17.2284223899,1.62209826339
2012-09-25 16:12:26,871,1,18.3662944055,1.13787201562
2012-09-25 16:12:27,872,1,18.9162943571,0.549999951637
2012-09-25 16:12:28,873,1,18.752082965,-0.164211392113
2012-09-25 16:12:29,874,1,17.7564727493,-0.995610215774
2012-09-25 16:12:30,875,1,15.8766363504,-1.87983639881
2012-09-25 16:12:31,876,1,13.2023059442,-2.67433040625
2012-09-25 16:12:32,877,1,10.0607881302,-3.14151781399
2012-09-25 16:12:33,878,1,7.00401743601,-3.0567706942
2012-09-25 16:12:34,879,1,4.59925570015,-2.40476173586
2012-09-25 16:12:35,880,1,3.1608629814,-1.43839271875
2012-09-25 16:12:36,881,1,2.61741068676,-0.543452294643
2012-09-25 16:12:37,882,1,2.60796131548,-0.00944937127976
2012-09-25 16:12:38,883,1,2.75885417336,0.150892857887
2012-09-25 16:12:39,884,1,2.88958333631,0.130729162946
2012-09-25 16:12:40,885,1,2.97462798289,0.0850446465774
2012-09-25 16:12:41,886,1,3.04546131548,0.0708333325893
2012-09-25 16:12:42,887,1,3.21897318676,0.17351187128
2012-09-25 16:12:43,888,1,3.71465762574,0.495684438988
2012-09-25 16:12:44,889,1,4.72269320685,1.0080355811
2012-09-25 16:12:45,890,1,6.25312458185,1.530431375
2012-09-25 16:12:46,891,1,8.12209761161,1.86897302976
2012-09-25 16:12:47,892,1,10.0738087924,1.9517111808
2012-09-25 16:12:48,893,1,11.9355647433,1.86175595089
2012-09-25 16:12:49,894,1,13.6523059487,1.71674120536
2012-09-25 16:12:50,895,1,15.1787942336,1.52648828497
2012-09-25 16:12:51,896,1,16.4087794903,1.2299852567
2012-09-25 16:12:52,897,1,17.2183777433,0.809598252976
2012-09-25 16:12:53,898,1,17.5140622277,0.295684484375
2012-09-25 16:12:54,899,1,17.2262645201,-0.287797707589
2012-09-25 16:12:55,900,1,16.2837048631,-0.942559656994
2012-09-25 16:12:56,901,1,14.6237493251,-1.65995553795
2012-09-25 16:12:57,902,1,12.2803041994,-2.34344512574
2012-09-25 16:12:58,903,1,9.49613000521,-2.7841741942
2012-09-25 16:12:59,904,1,6.72737264881,-2.7687573564
2012-09-25 16:13:00,905,1,4.48080293229,-2.24656971652
2012-09-25 16:13:01,906,1,3.07807998661,-1.40272294568
2012-09-25 16:13:02,907,1,2.51864568527,-0.559434301339
2012-09-25 16:13:03,908,1,2.54011158408,0.0214658988095
2012-09-25 16:13:04,909,1,2.8181398936,0.278028309524
2012-09-25 16:13:05,910,1,3.14223959152,0.324099697917
2012-09-25 16:13:06,911,1,3.44464286012,0.302403268601
2012-09-25 16:13:07,912,1,3.72159970908,0.276956848958
2012-09-25 16:13:08,913,1,3.98788690923,0.266287200149
2012-09-25 16:13:09,914,1,4.31904014286,0.331153233631
2012-09-25 16:13:10,915,1,4.89861594792,0.57957580506
2012-09-25 16:13:11,916,1,5.9480355,1.04941955208
2012-09-25 16:13:12,917,1,7.51435986161,1.56632436161
2012-09-25 16:13:13,918,1,9.31570659003,1.80134672842
2012-09-25 16:13:14,919,1,10.8629461868,1.54723959673
2012-09-25 16:13:15,920,1,11.7513167187,0.888370531994
2012-09-25 16:13:16,921,1,11.8543003065,0.102983587798
2012-09-25 16:13:17,922,1,11.2911008155,-0.563199491071
2012-09-25 16:13:18,923,1,10.2197614353,-1.07133938021
2012-09-25 16:13:19,924,1,8.71302031473,-1.50674112054
2012-09-25 16:13:20,925,1,6.88659178348,-1.82642853125
2012-09-25 16:13:21,926,1,5.03482108929,-1.8517706942
2012-09-25 16:13:22,927,1,3.52453853125,-1.51028255804
2012-09-25 16:13:23,928,1,2.57925592113,-0.945282610119
2012-09-25 16:13:24,929,1,2.17114584449,-0.408110076637
2012-09-25 16:13:25,930,1,2.08494048438,-0.086205360119
2012-09-25 16:13:26,931,1,2.09534226339,0.0104017790179
2012-09-25 16:13:27,932,1,2.09627976339,0.0009375
2012-09-25 16:13:28,933,1,2.08345238765,-0.0128273757441
2012-09-25 16:13:29,934,1,2.07636905208,-0.00708333556548
2012-09-25 16:13:30,935,1,2.05831841741,-0.0180506346726
2012-09-25 16:13:31,936,1,1.93386893155,-0.124449485863
2012-09-25 16:13:32,937,1,1.57988077158,-0.35398815997
2012-09-25 16:13:33,938,1,1.04866054204,-0.531220229539
2012-09-25 16:13:34,939,1,0.0,-1.04866054204
