timestamp,cycle_sec,timestep,speed_mph,accel_meters_ps
2012-11-06 06:00:29,0,37070,0.0,0.0
2012-11-06 06:00:30,1,1,4.38420120759,4.38420120759
2012-11-06 06:00:31,2,1,8.04069907403,3.65649786644
2012-11-06 06:00:32,3,1,12.2068447374,4.16614566332
2012-11-06 06:00:33,4,1,16.2120280967,4.00518335937
2012-11-06 06:00:34,5,1,19.3964525521,3.18442445536
2012-11-06 06:00:35,6,1,21.206993157,1.81054060491
2012-11-06 06:00:36,7,1,21.4865815156,0.279588358631
2012-11-06 06:00:37,8,1,20.6559765599,-0.830604955729
2012-11-06 06:00:38,9,1,19.5028270193,-1.15314954055
2012-11-06 06:00:39,10,1,18.5937994222,-0.909027597098
2012-11-06 06:00:40,11,1,17.9037448557,-0.690054566592
2012-11-06 06:00:41,12,1,17.1610859762,-0.742658879464
2012-11-06 06:00:42,13,1,16.4206096443,-0.740476331845
2012-11-06 06:00:43,14,1,16.14174059,-0.278869054315
2012-11-06 06:00:44,15,1,16.8121276317,0.670387041667
2012-11-06 06:00:45,16,1,18.5305802046,1.71845257292
2012-11-06 06:00:46,17,1,20.8931547418,2.3625745372
2012-11-06 06:00:47,18,1,23.3104910528,2.41733631101
2012-11-06 06:00:48,19,1,25.3912200923,2.08072903943
2012-11-06 06:00:49,20,1,26.9885413266,1.59732123437
2012-11-06 06:00:50,21,1,28.0532732909,1.06473196429
2012-11-06 06:00:51,22,1,28.5741809397,0.520907648809
2012-11-06 06:00:52,23,1,28.6014875283,0.0273065885417
2012-11-06 06:00:53,24,1,28.2319936265,-0.369493901786
2012-11-06 06:00:54,25,1,27.5124997545,-0.719493872024
2012-11-06 06:00:55,26,1,26.3778272716,-1.13467248289
2012-11-06 06:00:56,27,1,24.7740326749,-1.60379459673
2012-11-06 06:00:57,28,1,22.8854909524,-1.88854172247
2012-11-06 06:00:58,29,1,21.1865325253,-1.69895842708
2012-11-06 06:00:59,30,1,20.1709818906,-1.01555063467
2012-11-06 06:01:00,31,1,19.9654759807,-0.20550590997
2012-11-06 06:01:01,32,1,20.1945682976,0.229092316964
2012-11-06 06:01:02,33,1,20.2220980246,0.0275297269345
2012-11-06 06:01:03,34,1,19.5656990692,-0.656398955357
2012-11-06 06:01:04,35,1,18.202752471,-1.36294659821
2012-11-06 06:01:05,36,1,16.6082583266,-1.59449414435
2012-11-06 06:01:06,37,1,15.5133178512,-1.09494047545
2012-11-06 06:01:07,38,1,15.4674845796,-0.0458332715774
2012-11-06 06:01:08,39,1,16.4319191808,0.964434601191
2012-11-06 06:01:09,40,1,17.7668894754,1.33497029464
2012-11-06 06:01:10,41,1,18.7347466228,0.967857147321
2012-11-06 06:01:11,42,1,19.0999995476,0.365252924851
2012-11-06 06:01:12,43,1,19.2451631555,0.145163607887
2012-11-06 06:01:13,44,1,19.7030499702,0.457886814732
2012-11-06 06:01:14,45,1,20.5757433378,0.872693367559
2012-11-06 06:01:15,46,1,21.3629456302,0.787202292411
2012-11-06 06:01:16,47,1,21.322543747,-0.0404018831845
2012-11-06 06:01:17,48,1,20.0438234621,-1.27872028497
2012-11-06 06:01:18,49,1,17.7505943832,-2.29322907887
2012-11-06 06:01:19,50,1,15.1147315134,-2.63586286979
2012-11-06 06:01:20,51,1,12.7968746406,-2.31785687277
2012-11-06 06:01:21,52,1,11.1038688683,-1.69300577232
2012-11-06 06:01:22,53,1,9.97433017336,-1.12953869494
2012-11-06 06:01:23,54,1,9.19300561905,-0.781324554315
2012-11-06 06:01:24,55,1,8.55371976339,-0.639285855655
2012-11-06 06:01:25,56,1,7.82455309003,-0.729166673363
2012-11-06 06:01:26,57,1,6.69746989211,-1.12708319792
2012-11-06 06:01:27,58,1,4.98898793452,-1.70848195759
2012-11-06 06:01:28,59,1,3.02574401637,-1.96324391815
2012-11-06 06:01:29,60,1,0.0,-3.02574401637
2012-11-06 22:02:22,-28687,57653,0.0,0.0
2012-11-06 22:02:23,-28686,1,4.62500000149,4.62500000149
2012-11-06 22:02:24,-28685,1,8.42946428571,3.80446428423
2012-11-06 22:02:25,-28684,1,12.8191220238,4.3896577381
2012-11-06 22:02:26,-28683,1,17.3012648824,4.48214285863
2012-11-06 22:02:27,-28682,1,21.5061011987,4.20483631622
2012-11-06 22:02:28,-28681,1,24.8732142969,3.36711309821
2012-11-06 22:02:29,-28680,1,26.7231398497,1.84992555283
2012-11-06 22:02:30,-28679,1,26.6174849583,-0.105654891369
2012-11-06 22:02:31,-28678,1,24.6869788207,-1.93050613765
2012-11-06 22:02:32,-28677,1,21.6648060647,-3.02217275595
2012-11-06 22:02:33,-28676,1,18.5465768996,-3.11822916518
2012-11-06 22:02:34,-28675,1,16.167410375,-2.37916652455
2012-11-06 22:02:35,-28674,1,14.9735861548,-1.19382422024
2012-11-06 22:02:36,-28673,1,14.9284225588,-0.0451635959821
2012-11-06 22:02:37,-28672,1,15.553794535,0.62537197619
2012-11-06 22:02:38,-28671,1,16.2186753534,0.664880818452
2012-11-06 22:02:39,-28670,1,16.5263389048,0.307663551339
2012-11-06 22:02:40,-28669,1,16.5337792857,0.0074403809524
2012-11-06 22:02:41,-28668,1,16.6749994963,0.141220210565
2012-11-06 22:02:42,-28667,1,17.415475724,0.740476227678
2012-11-06 22:02:43,-28666,1,18.8999995863,1.48452386235
2012-11-06 22:02:44,-28665,1,20.8864579241,1.9864583378
2012-11-06 22:02:45,-28664,1,22.9214281131,2.03497018899
2012-11-06 22:02:46,-28663,1,24.5392108021,1.61778268899
2012-11-06 22:02:47,-28662,1,25.380431035,0.841220232887
2012-11-06 22:02:48,-28661,1,25.2540917976,-0.126339237351
2012-11-06 22:02:49,-28660,1,24.2384668817,-1.01562491592
2012-11-06 22:02:50,-28659,1,22.7697169702,-1.46874991146
2012-11-06 22:02:51,-28658,1,21.5109372984,-1.25877967188
2012-11-06 22:02:52,-28657,1,21.018229061,-0.492708237351
2012-11-06 22:02:53,-28656,1,21.4598957693,0.441666708333
2012-11-06 22:02:54,-28655,1,22.5734373519,1.11354158259
2012-11-06 22:02:55,-28654,1,23.8596722909,1.28623493899
2012-11-06 22:02:56,-28653,1,24.8209816317,0.961309340774
2012-11-06 22:02:57,-28652,1,25.0585559107,0.237574279018
2012-11-06 22:02:58,-28651,1,24.3180796696,-0.740476241071
2012-11-06 22:02:59,-28650,1,22.6167403936,-1.70133927604
2012-11-06 22:03:00,-28649,1,20.3410707961,-2.27566959747
2012-11-06 22:03:01,-28648,1,18.1659964725,-2.17507432366
2012-11-06 22:03:02,-28647,1,16.7914430037,-1.37455346875
2012-11-06 22:03:03,-28646,1,16.6235115357,-0.167931468006
2012-11-06 22:03:04,-28645,1,17.6071425283,0.98363099256
2012-11-06 22:03:05,-28644,1,19.2692705149,1.66212798661
2012-11-06 22:03:06,-28643,1,20.8616812135,1.59241069866
2012-11-06 22:03:07,-28642,1,21.6261157031,0.764434489583
2012-11-06 22:03:08,-28641,1,21.1721722039,-0.453943499256
2012-11-06 22:03:09,-28640,1,19.6529013207,-1.51927088318
2012-11-06 22:03:10,-28639,1,17.6136155789,-2.03928574182
2012-11-06 22:03:11,-28638,1,15.7456840231,-1.8679315558
2012-11-06 22:03:12,-28637,1,14.5881691057,-1.15751491741
2012-11-06 22:03:13,-28636,1,14.231249375,-0.356919730655
2012-11-06 22:03:14,-28635,1,14.3236599918,0.0924106168155
2012-11-06 22:03:15,-28634,1,14.3384664933,0.0148065014881
2012-11-06 22:03:16,-28633,1,13.8281242731,-0.510342220238
2012-11-06 22:03:17,-28632,1,12.6556541659,-1.17247010714
2012-11-06 22:03:18,-28631,1,11.0651781548,-1.59047601116
2012-11-06 22:03:19,-28630,1,9.41205332589,-1.65312482887
2012-11-06 22:03:20,-28629,1,7.84352667336,-1.56852665253
2012-11-06 22:03:21,-28628,1,6.26116068676,-1.58236598661
2012-11-06 22:03:22,-28627,1,4.5165178631,-1.74464282366
2012-11-06 22:03:23,-28626,1,2.69144345908,-1.82507440402
2012-11-06 22:03:24,-28625,1,0.0,-2.69144345908
2012-11-06 22:03:25,-28624,1,0.0,0.0
2012-11-06 22:03:26,-28623,1,0.0,0.0
2012-11-06 22:03:27,-28622,1,0.0,0.0
2012-11-06 22:03:28,-28621,1,0.0,0.0
2012-11-06 22:03:29,-28620,1,0.0,0.0
