timestamp,cycle_sec,timestep,speed_mph,accel_meters_ps
2012-10-19 06:44:19,0,1,0.0,0.0
2012-10-19 06:44:20,1,1,0.0,0.0
2012-10-19 06:44:21,2,1,0.0,0.0
2012-10-19 06:44:22,3,1,0.0,0.0
2012-10-19 06:44:23,4,1,0.0,0.0
2012-10-19 06:44:24,5,1,0.0,0.0
2012-10-19 06:44:25,6,1,2.0419890873,2.0419890873
2012-10-19 06:44:26,7,1,3.0478422619,1.0058531746
2012-10-19 06:44:27,8,1,3.58794642857,0.540104166667
2012-10-19 06:44:28,9,1,3.71480654762,0.126860119048
2012-10-19 06:44:29,10,1,3.79895833333,0.0841517857143
2012-10-19 06:44:30,11,1,4.23494543651,0.435987103175
2012-10-19 06:44:31,12,1,5.30024801587,1.06530257937
2012-10-19 06:44:32,13,1,7.08668154762,1.78643353175
2012-10-19 06:44:33,14,1,9.48988095238,2.40319940476
2012-10-19 06:44:34,15,1,12.2993303571,2.80944940476
2012-10-19 06:44:35,16,1,15.2822916667,2.98296130952
2012-10-19 06:44:36,17,1,18.2039930556,2.92170138889
2012-10-19 06:44:37,18,1,20.8346974206,2.63070436508
2012-10-19 06:44:38,19,1,22.9584821429,2.12378472222
2012-10-19 06:44:39,20,1,24.4212053571,1.46272321429
2012-10-19 06:44:40,21,1,25.2275297619,0.806324404762
2012-10-19 06:44:41,22,1,25.5569940476,0.329464285714
2012-10-19 06:44:42,23,1,25.6386160714,0.0816220238096
2012-10-19 06:44:43,24,1,25.6313988095,-0.0072172619048
2012-10-19 06:44:44,25,1,25.6265625,-0.0048363095238
2012-10-19 06:44:45,26,1,25.6951636905,0.0686011904762
2012-10-19 06:44:46,27,1,25.887202381,0.192038690476
2012-10-19 06:44:47,28,1,26.2043154762,0.317113095238
2012-10-19 06:44:48,29,1,26.5920386905,0.387723214286
2012-10-19 06:44:49,30,1,26.9648065476,0.372767857143
2012-10-19 06:44:50,31,1,27.2563988095,0.291592261905
2012-10-19 06:44:51,32,1,27.4537202381,0.197321428571
2012-10-19 06:44:52,33,1,27.5864583333,0.132738095238
2012-10-19 06:44:53,34,1,27.698139881,0.111681547619
2012-10-19 06:44:54,35,1,27.8252232143,0.127083333333
2012-10-19 06:44:55,36,1,27.9909970238,0.165773809524
2012-10-19 06:44:56,37,1,28.2074404762,0.216443452381
2012-10-19 06:44:57,38,1,28.4720982143,0.264657738095
2012-10-19 06:44:58,39,1,28.7710565476,0.298958333333
2012-10-19 06:44:59,40,1,29.0964285714,0.32537202381
2012-10-19 06:45:00,41,1,29.4494791667,0.353050595238
2012-10-19 06:45:01,42,1,29.8140625,0.364583333333
2012-10-19 06:45:02,43,1,30.1264880952,0.312425595238
2012-10-19 06:45:03,44,1,30.2776785714,0.151190476191
2012-10-19 06:45:04,45,1,30.1693452381,-0.108333333333
2012-10-19 06:45:05,46,1,29.7957589286,-0.373586309524
2012-10-19 06:45:06,47,1,29.2749255952,-0.520833333333
2012-10-19 06:45:07,48,1,28.7898809524,-0.485044642857
2012-10-19 06:45:08,49,1,28.4794642857,-0.310416666667
2012-10-19 06:45:09,50,1,28.354985119,-0.124479166667
2012-10-19 06:45:10,51,1,28.3064732143,-0.0485119047619
2012-10-19 06:45:11,52,1,28.2058035714,-0.100669642857
2012-10-19 06:45:12,53,1,28.0339285714,-0.171875
2012-10-19 06:45:13,54,1,27.922172619,-0.111755952381
2012-10-19 06:45:14,55,1,28.0666666667,0.144494047619
2012-10-19 06:45:15,56,1,28.5811011905,0.51443452381
2012-10-19 06:45:16,57,1,29.3741071429,0.793005952381
2012-10-19 06:45:17,58,1,30.1327380952,0.758630952381
2012-10-19 06:45:18,59,1,30.4655505952,0.3328125
2012-10-19 06:45:19,60,1,30.0954613095,-0.370089285714
2012-10-19 06:45:20,61,1,28.9251488095,-1.1703125
2012-10-19 06:45:21,62,1,26.9730654762,-1.95208333333
2012-10-19 06:45:22,63,1,24.2671130952,-2.70595238095
2012-10-19 06:45:23,64,1,20.7991071429,-3.46800595238
2012-10-19 06:45:24,65,1,16.7008184524,-4.09828869048
2012-10-19 06:45:25,66,1,12.5101190476,-4.19069940476
2012-10-19 06:45:26,67,1,9.07075892857,-3.43936011905
2012-10-19 06:45:27,68,1,7.00889136905,-2.06186755952
2012-10-19 06:45:28,69,1,6.27219122024,-0.73670014881
2012-10-19 06:45:29,70,1,6.15264136905,-0.11954985119
2012-10-19 06:45:30,71,1,5.82840401786,-0.32423735119
2012-10-19 06:45:31,72,1,4.97079613095,-0.857607886905
2012-10-19 06:45:32,73,1,3.81850818452,-1.15228794643
2012-10-19 06:45:33,74,1,2.8185639881,-0.999944196429
2012-10-19 06:45:34,75,1,2.42105654762,-0.397507440476
2012-10-19 06:45:35,76,1,3.06953125,0.648474702381
2012-10-19 06:45:36,77,1,5.03714657738,1.96761532738
2012-10-19 06:45:37,78,1,8.1795014881,3.14235491071
2012-10-19 06:45:38,79,1,11.944140625,3.7646391369
2012-10-19 06:45:39,80,1,15.6859747024,3.74183407738
2012-10-19 06:45:40,81,1,19.0115885417,3.32561383929
2012-10-19 06:45:41,82,1,21.832328869,2.82074032738
2012-10-19 06:45:42,83,1,24.1097470238,2.27741815476
2012-10-19 06:45:43,84,1,25.6550595238,1.5453125
2012-10-19 06:45:44,85,1,26.2203869048,0.565327380952
2012-10-19 06:45:45,86,1,25.6898809524,-0.530505952381
2012-10-19 06:45:46,87,1,24.1795386905,-1.5103422619
2012-10-19 06:45:47,88,1,22.0977678571,-2.08177083333
2012-10-19 06:45:48,89,1,20.140327381,-1.95744047619
2012-10-19 06:45:49,90,1,19.0651041667,-1.07522321429
2012-10-19 06:45:50,91,1,19.296577381,0.231473214286
2012-10-19 06:45:51,92,1,20.6651041667,1.36852678571
2012-10-19 06:45:52,93,1,22.5258928571,1.86078869048
2012-10-19 06:45:53,94,1,24.1804315476,1.65453869048
2012-10-19 06:45:54,95,1,25.2554315476,1.075
2012-10-19 06:45:55,96,1,25.7516369048,0.496205357143
2012-10-19 06:45:56,97,1,25.7881696429,0.0365327380952
2012-10-19 06:45:57,98,1,25.3030505952,-0.485119047619
2012-10-19 06:45:58,99,1,23.9775297619,-1.32552083333
2012-10-19 06:45:59,100,1,21.4834077381,-2.49412202381
2012-10-19 06:46:00,101,1,17.8736160714,-3.60979166667
2012-10-19 06:46:01,102,1,13.7435714286,-4.13004464286
2012-10-19 06:46:02,103,1,9.94955357143,-3.79401785714
2012-10-19 06:46:03,104,1,7.1174702381,-2.83208333333
2012-10-19 06:46:04,105,1,5.3759672619,-1.74150297619
2012-10-19 06:46:05,106,1,4.45419642857,-0.921770833333
2012-10-19 06:46:06,107,1,3.9683110119,-0.485885416667
2012-10-19 06:46:07,108,1,3.6509077381,-0.31740327381
2012-10-19 06:46:08,109,1,3.38473214286,-0.266175595238
2012-10-19 06:46:09,110,1,3.17845238095,-0.206279761905
2012-10-19 06:46:10,111,1,3.21273065476,0.0342782738095
2012-10-19 06:46:11,112,1,3.72366071429,0.510930059524
2012-10-19 06:46:12,113,1,4.65645089286,0.932790178571
2012-10-19 06:46:13,114,1,5.50751488095,0.851063988095
2012-10-19 06:46:14,115,1,5.5980952381,0.0905803571429
2012-10-19 06:46:15,116,1,4.58694940476,-1.01114583333
2012-10-19 06:46:16,117,1,2.8790922619,-1.70785714286
2012-10-19 06:46:17,118,1,0.0,-2.8790922619
2012-10-19 06:46:59,160,42,0.0,0.0
2012-10-19 06:47:00,161,1,3.06912202381,3.06912202381
2012-10-19 06:47:01,162,1,5.82834821429,2.75922619048
2012-10-19 06:47:02,163,1,9.0740327381,3.24568452381
2012-10-19 06:47:03,164,1,12.3107886905,3.23675595238
2012-10-19 06:47:04,165,1,15.3595982143,3.04880952381
2012-10-19 06:47:05,166,1,18.2199776786,2.86037946429
2012-10-19 06:47:06,167,1,20.8523065476,2.63232886905
2012-10-19 06:47:07,168,1,23.0409970238,2.18869047619
2012-10-19 06:47:08,169,1,24.4758184524,1.43482142857
2012-10-19 06:47:09,170,1,24.9409970238,0.465178571429
2012-10-19 06:47:10,171,1,24.340922619,-0.600074404762
2012-10-19 06:47:11,172,1,22.5925595238,-1.74836309524
2012-10-19 06:47:12,173,1,19.6683779762,-2.92418154762
2012-10-19 06:47:13,174,1,15.8753720238,-3.79300595238
2012-10-19 06:47:14,175,1,12.0575892857,-3.8177827381
2012-10-19 06:47:15,176,1,9.32157738095,-2.73601190476
2012-10-19 06:47:16,177,1,8.40483630952,-0.916741071429
2012-10-19 06:47:17,178,1,9.30587797619,0.901041666667
2012-10-19 06:47:18,179,1,11.4769345238,2.17105654762
2012-10-19 06:47:19,180,1,14.2534970238,2.7765625
2012-10-19 06:47:20,181,1,17.1242559524,2.87075892857
2012-10-19 06:47:21,182,1,19.7456845238,2.62142857143
2012-10-19 06:47:22,183,1,21.8239583333,2.07827380952
2012-10-19 06:47:23,184,1,23.048139881,1.22418154762
2012-10-19 06:47:24,185,1,23.1094494048,0.0613095238095
2012-10-19 06:47:25,186,1,21.7287946429,-1.3806547619
2012-10-19 06:47:26,187,1,18.8138392857,-2.91495535714
2012-10-19 06:47:27,188,1,14.8369047619,-3.97693452381
2012-10-19 06:47:28,189,1,10.9875,-3.8494047619
2012-10-19 06:47:29,190,1,8.6234375,-2.3640625
2012-10-19 06:47:30,191,1,8.41904761905,-0.204389880952
2012-10-19 06:47:31,192,1,10.0710565476,1.65200892857
2012-10-19 06:47:32,193,1,12.7792410714,2.70818452381
2012-10-19 06:47:33,194,1,15.9412202381,3.16197916667
2012-10-19 06:47:34,195,1,19.3892113095,3.44799107143
2012-10-19 06:47:35,196,1,23.0444196429,3.65520833333
2012-10-19 06:47:36,197,1,26.5753720238,3.53095238095
2012-10-19 06:47:37,198,1,29.5691220238,2.99375
2012-10-19 06:47:38,199,1,31.9209077381,2.35178571429
2012-10-19 06:47:39,200,1,33.8875,1.9665922619
2012-10-19 06:47:40,201,1,35.7540178571,1.86651785714
2012-10-19 06:47:41,202,1,37.5147321429,1.76071428571
2012-10-19 06:47:42,203,1,38.9363095238,1.42157738095
2012-10-19 06:47:43,204,1,39.8915922619,0.955282738095
2012-10-19 06:47:44,205,1,40.528125,0.636532738095
2012-10-19 06:47:45,206,1,41.1238095238,0.595684523809
2012-10-19 06:47:46,207,1,41.8469494048,0.723139880952
2012-10-19 06:47:47,208,1,42.6584821429,0.811532738095
2012-10-19 06:47:48,209,1,43.4160714286,0.757589285714
2012-10-19 06:47:49,210,1,44.025,0.608928571429
2012-10-19 06:47:50,211,1,44.4776785714,0.452678571429
2012-10-19 06:47:51,212,1,44.8151785714,0.3375
2012-10-19 06:47:52,213,1,45.0943452381,0.279166666667
2012-10-19 06:47:53,214,1,45.368452381,0.274107142857
2012-10-19 06:47:54,215,1,45.6726934524,0.304241071428
2012-10-19 06:47:55,216,1,46.0156994048,0.343005952381
2012-10-19 06:47:56,217,1,46.3813244048,0.365625
2012-10-19 06:47:57,218,1,46.747172619,0.365848214286
2012-10-19 06:47:58,219,1,47.1050595238,0.357886904762
2012-10-19 06:47:59,220,1,47.4584821429,0.353422619048
2012-10-19 06:48:00,221,1,47.7990327381,0.340550595238
2012-10-19 06:48:01,222,1,48.0860863095,0.287053571429
2012-10-19 06:48:02,223,1,48.2504464286,0.164360119048
2012-10-19 06:48:03,224,1,48.2211309524,-0.0293154761905
2012-10-19 06:48:04,225,1,47.9584821429,-0.262648809524
2012-10-19 06:48:05,226,1,47.4839285714,-0.474553571429
2012-10-19 06:48:06,227,1,46.8942708333,-0.589657738095
2012-10-19 06:48:07,228,1,46.3357142857,-0.558556547619
2012-10-19 06:48:08,229,1,45.9394345238,-0.396279761905
2012-10-19 06:48:09,230,1,45.7633928571,-0.176041666667
2012-10-19 06:48:10,231,1,45.784672619,0.0212797619047
2012-10-19 06:48:11,232,1,45.9427827381,0.158110119048
2012-10-19 06:48:12,233,1,46.1888392857,0.246056547619
2012-10-19 06:48:13,234,1,46.4947916667,0.305952380952
2012-10-19 06:48:14,235,1,46.8258928571,0.331101190476
2012-10-19 06:48:15,236,1,47.1267113095,0.300818452381
2012-10-19 06:48:16,237,1,47.3526785714,0.225967261905
2012-10-19 06:48:17,238,1,47.5069940476,0.15431547619
2012-10-19 06:48:18,239,1,47.6305803571,0.123586309524
2012-10-19 06:48:19,240,1,47.7595238095,0.128943452381
2012-10-19 06:48:20,241,1,47.8883928571,0.128869047619
2012-10-19 06:48:21,242,1,47.9537946429,0.0654017857142
2012-10-19 06:48:22,243,1,47.8540922619,-0.0997023809523
2012-10-19 06:48:23,244,1,47.5125744048,-0.341517857143
2012-10-19 06:48:24,245,1,46.9473958333,-0.565178571429
2012-10-19 06:48:25,246,1,46.2889880952,-0.658407738095
2012-10-19 06:48:26,247,1,45.7196428571,-0.569345238095
2012-10-19 06:48:27,248,1,45.3779761905,-0.341666666667
2012-10-19 06:48:28,249,1,45.3029761905,-0.075
2012-10-19 06:48:29,250,1,45.4483630952,0.145386904762
2012-10-19 06:48:30,251,1,45.7326636905,0.284300595238
2012-10-19 06:48:31,252,1,46.0729166667,0.34025297619
2012-10-19 06:48:32,253,1,46.3927083333,0.319791666667
2012-10-19 06:48:33,254,1,46.6409970238,0.248288690476
2012-10-19 06:48:34,255,1,46.8239583333,0.182961309524
2012-10-19 06:48:35,256,1,46.9933035714,0.169345238095
2012-10-19 06:48:36,257,1,47.1834821429,0.190178571429
2012-10-19 06:48:37,258,1,47.3712053571,0.187723214286
2012-10-19 06:48:38,259,1,47.4975446429,0.126339285714
2012-10-19 06:48:39,260,1,47.5189732143,0.0214285714286
2012-10-19 06:48:40,261,1,47.4445684524,-0.0744047619048
2012-10-19 06:48:41,262,1,47.3331845238,-0.111383928571
2012-10-19 06:48:42,263,1,47.2489583333,-0.0842261904762
2012-10-19 06:48:43,264,1,47.2162202381,-0.0327380952381
2012-10-19 06:48:44,265,1,47.2133184524,-0.00290178571419
2012-10-19 06:48:45,266,1,47.1991815476,-0.014136904762
2012-10-19 06:48:46,267,1,47.1482886905,-0.0508928571428
2012-10-19 06:48:47,268,1,47.0633928571,-0.0848958333333
2012-10-19 06:48:48,269,1,46.9458333333,-0.11755952381
2012-10-19 06:48:49,270,1,46.7717261905,-0.174107142857
2012-10-19 06:48:50,271,1,46.5301339286,-0.241592261905
2012-10-19 06:48:51,272,1,46.2744791667,-0.255654761905
2012-10-19 06:48:52,273,1,46.1046130952,-0.169866071429
2012-10-19 06:48:53,274,1,46.0797619048,-0.0248511904762
2012-10-19 06:48:54,275,1,46.1404761905,0.0607142857143
2012-10-19 06:48:55,276,1,46.140327381,-0.0001488095238
2012-10-19 06:48:56,277,1,45.9876488095,-0.152678571429
2012-10-19 06:48:57,278,1,45.7438988095,-0.24375
2012-10-19 06:48:58,279,1,45.5755208333,-0.16837797619
2012-10-19 06:48:59,280,1,45.6345238095,0.0590029761905
2012-10-19 06:49:00,281,1,45.9691964286,0.334672619048
2012-10-19 06:49:01,282,1,46.503422619,0.534226190476
2012-10-19 06:49:02,283,1,47.0851934524,0.581770833333
2012-10-19 06:49:03,284,1,47.5494791667,0.464285714286
2012-10-19 06:49:04,285,1,47.752827381,0.203348214286
2012-10-19 06:49:05,286,1,47.6148809524,-0.137946428571
2012-10-19 06:49:06,287,1,47.1688988095,-0.445982142857
2012-10-19 06:49:07,288,1,46.5546130952,-0.614285714286
2012-10-19 06:49:08,289,1,45.9433035714,-0.61130952381
2012-10-19 06:49:09,290,1,45.4507440476,-0.49255952381
2012-10-19 06:49:10,291,1,45.0806547619,-0.370089285714
2012-10-19 06:49:11,292,1,44.7388392857,-0.341815476191
2012-10-19 06:49:12,293,1,44.3361607143,-0.402678571429
2012-10-19 06:49:13,294,1,43.876860119,-0.459300595238
2012-10-19 06:49:14,295,1,43.3851190476,-0.491741071429
2012-10-19 06:49:15,296,1,42.7303571429,-0.654761904762
2012-10-19 06:49:16,297,1,41.5770833333,-1.15327380952
2012-10-19 06:49:17,298,1,39.5294642857,-2.04761904762
2012-10-19 06:49:18,299,1,36.3535714286,-3.17589285714
2012-10-19 06:49:19,300,1,32.127827381,-4.22574404762
2012-10-19 06:49:20,301,1,27.1847098214,-4.94311755952
2012-10-19 06:49:21,302,1,21.9283482143,-5.25636160714
2012-10-19 06:49:22,303,1,16.8030877976,-5.12526041667
2012-10-19 06:49:23,304,1,12.3465029762,-4.45658482143
2012-10-19 06:49:24,305,1,9.0415922619,-3.30491071429
2012-10-19 06:49:25,306,1,7.0693452381,-1.97224702381
2012-10-19 06:49:26,307,1,6.22332589286,-0.846019345238
2012-10-19 06:49:27,308,1,6.03444940476,-0.188876488095
2012-10-19 06:49:28,309,1,6.04713541667,0.0126860119048
2012-10-19 06:49:29,310,1,6.03482142857,-0.0123139880952
2012-10-19 06:49:30,311,1,5.95613839286,-0.0786830357143
2012-10-19 06:49:31,312,1,5.85401785714,-0.102120535714
2012-10-19 06:49:32,313,1,5.93411458333,0.0800967261905
2012-10-19 06:49:33,314,1,6.58415178571,0.650037202381
2012-10-19 06:49:34,315,1,8.10081845238,1.51666666667
2012-10-19 06:49:35,316,1,10.429985119,2.32916666667
2012-10-19 06:49:36,317,1,13.252046131,2.8220610119
2012-10-19 06:49:37,318,1,16.2519345238,2.99988839286
2012-10-19 06:49:38,319,1,19.2686383929,3.01670386905
2012-10-19 06:49:39,320,1,22.240625,2.97198660714
2012-10-19 06:49:40,321,1,25.0759672619,2.8353422619
2012-10-19 06:49:41,322,1,27.6573660714,2.58139880952
2012-10-19 06:49:42,323,1,29.9820684524,2.32470238095
2012-10-19 06:49:43,324,1,32.1727678571,2.19069940476
2012-10-19 06:49:44,325,1,34.2694940476,2.09672619048
2012-10-19 06:49:45,326,1,36.0976934524,1.82819940476
2012-10-19 06:49:46,327,1,37.4354166667,1.33772321429
2012-10-19 06:49:47,328,1,38.256547619,0.821130952381
2012-10-19 06:49:48,329,1,38.7523809524,0.495833333333
2012-10-19 06:49:49,330,1,39.1743303571,0.421949404762
2012-10-19 06:49:50,331,1,39.6864583333,0.51212797619
2012-10-19 06:49:51,332,1,40.3119047619,0.625446428572
2012-10-19 06:49:52,333,1,40.9779017857,0.66599702381
2012-10-19 06:49:53,334,1,41.6019345238,0.624032738095
2012-10-19 06:49:54,335,1,42.1381696429,0.536235119048
2012-10-19 06:49:55,336,1,42.5738095238,0.435639880952
2012-10-19 06:49:56,337,1,42.906547619,0.332738095238
2012-10-19 06:49:57,338,1,43.0990327381,0.192485119048
2012-10-19 06:49:58,339,1,43.0056547619,-0.0933779761904
2012-10-19 06:49:59,340,1,42.3367559524,-0.668898809524
2012-10-19 06:50:00,341,1,40.7495535714,-1.58720238095
2012-10-19 06:50:01,342,1,38.0430803571,-2.70647321429
2012-10-19 06:50:02,343,1,34.3003720238,-3.74270833333
2012-10-19 06:50:03,344,1,29.8743303571,-4.42604166667
2012-10-19 06:50:04,345,1,25.3056547619,-4.56867559524
2012-10-19 06:50:05,346,1,21.2693452381,-4.03630952381
2012-10-19 06:50:06,347,1,18.4680059524,-2.80133928571
2012-10-19 06:50:07,348,1,17.3926339286,-1.07537202381
2012-10-19 06:50:08,349,1,18.0501488095,0.657514880952
2012-10-19 06:50:09,350,1,19.860639881,1.81049107143
2012-10-19 06:50:10,351,1,21.8916666667,2.03102678571
2012-10-19 06:50:11,352,1,23.3086309524,1.41696428571
2012-10-19 06:50:12,353,1,23.6355654762,0.32693452381
2012-10-19 06:50:13,354,1,22.6743303571,-0.961235119048
2012-10-19 06:50:14,355,1,20.3685267857,-2.30580357143
2012-10-19 06:50:15,356,1,16.8965029762,-3.47202380952
2012-10-19 06:50:16,357,1,12.930952381,-3.96555059524
2012-10-19 06:50:17,358,1,9.63452380952,-3.29642857143
2012-10-19 06:50:18,359,1,8.08898809524,-1.54553571429
2012-10-19 06:50:19,360,1,8.58660714286,0.497619047619
2012-10-19 06:50:20,361,1,10.5055803571,1.91897321429
2012-10-19 06:50:21,362,1,12.8639136905,2.35833333333
2012-10-19 06:50:22,363,1,15.0045386905,2.140625
2012-10-19 06:50:23,364,1,16.8546875,1.85014880952
2012-10-19 06:50:24,365,1,18.6482142857,1.79352678571
2012-10-19 06:50:25,366,1,20.4714285714,1.82321428571
2012-10-19 06:50:26,367,1,22.0761160714,1.6046875
2012-10-19 06:50:27,368,1,23.060639881,0.984523809524
2012-10-19 06:50:28,369,1,23.1485863095,0.0879464285714
2012-10-19 06:50:29,370,1,22.2976190476,-0.850967261905
2012-10-19 06:50:30,371,1,20.670610119,-1.62700892857
2012-10-19 06:50:31,372,1,18.6114583333,-2.05915178571
2012-10-19 06:50:32,373,1,16.6304315476,-1.98102678571
2012-10-19 06:50:33,374,1,15.3388392857,-1.2915922619
2012-10-19 06:50:34,375,1,15.2566220238,-0.0822172619048
2012-10-19 06:50:35,376,1,16.4890625,1.23244047619
2012-10-19 06:50:36,377,1,18.5558035714,2.06674107143
2012-10-19 06:50:37,378,1,20.665625,2.10982142857
2012-10-19 06:50:38,379,1,22.2367559524,1.57113095238
2012-10-19 06:50:39,380,1,23.1795386905,0.942782738095
2012-10-19 06:50:40,381,1,23.7553571429,0.575818452381
2012-10-19 06:50:41,382,1,24.2298363095,0.474479166667
2012-10-19 06:50:42,383,1,24.6475446429,0.417708333333
2012-10-19 06:50:43,384,1,24.8671875,0.219642857143
2012-10-19 06:50:44,385,1,24.7389880952,-0.128199404762
2012-10-19 06:50:45,386,1,24.2399553571,-0.499032738095
2012-10-19 06:50:46,387,1,23.4819940476,-0.757961309524
2012-10-19 06:50:47,388,1,22.6039434524,-0.878050595238
2012-10-19 06:50:48,389,1,21.6260416667,-0.977901785714
2012-10-19 06:50:49,390,1,20.3839285714,-1.24211309524
2012-10-19 06:50:50,391,1,18.6204613095,-1.7634672619
2012-10-19 06:50:51,392,1,16.173139881,-2.44732142857
2012-10-19 06:50:52,393,1,13.093452381,-3.0796875
2012-10-19 06:50:53,394,1,9.63541666667,-3.45803571429
2012-10-19 06:50:54,395,1,6.19821428571,-3.43720238095
2012-10-19 06:50:55,396,1,3.31964285714,-2.87857142857
2012-10-19 06:50:56,397,1,0.0,-3.31964285714
2012-10-19 06:51:55,456,59,0.0,0.0
2012-10-19 06:51:56,457,1,3.49828869048,3.49828869048
2012-10-19 06:51:57,458,1,6.2052827381,2.70699404762
2012-10-19 06:51:58,459,1,9.0609375,2.8556547619
2012-10-19 06:51:59,460,1,11.6756696429,2.61473214286
2012-10-19 06:52:00,461,1,14.0630952381,2.38742559524
2012-10-19 06:52:01,462,1,16.2929315476,2.22983630952
2012-10-19 06:52:02,463,1,18.253125,1.96019345238
2012-10-19 06:52:03,464,1,19.7330357143,1.47991071429
2012-10-19 06:52:04,465,1,20.65625,0.923214285714
2012-10-19 06:52:05,466,1,21.1567708333,0.500520833333
2012-10-19 06:52:06,467,1,21.4135416667,0.256770833333
2012-10-19 06:52:07,468,1,21.440922619,0.0273809523809
2012-10-19 06:52:08,469,1,21.0813244048,-0.359598214286
2012-10-19 06:52:09,470,1,20.2093005952,-0.872023809524
2012-10-19 06:52:10,471,1,18.9235863095,-1.28571428571
2012-10-19 06:52:11,472,1,17.5544642857,-1.36912202381
2012-10-19 06:52:12,473,1,16.4938988095,-1.06056547619
2012-10-19 06:52:13,474,1,15.9699404762,-0.523958333333
2012-10-19 06:52:14,475,1,15.9462797619,-0.0236607142857
2012-10-19 06:52:15,476,1,16.2364583333,0.290178571429
2012-10-19 06:52:16,477,1,16.701860119,0.465401785714
2012-10-19 06:52:17,478,1,17.3384672619,0.636607142857
2012-10-19 06:52:18,479,1,18.2080357143,0.869568452381
2012-10-19 06:52:19,480,1,19.3232142857,1.11517857143
2012-10-19 06:52:20,481,1,20.6123511905,1.28913690476
2012-10-19 06:52:21,482,1,21.9723958333,1.36004464286
2012-10-19 06:52:22,483,1,23.3177083333,1.3453125
2012-10-19 06:52:23,484,1,24.5852678571,1.26755952381
2012-10-19 06:52:24,485,1,25.7372767857,1.15200892857
2012-10-19 06:52:25,486,1,26.7671875,1.02991071429
2012-10-19 06:52:26,487,1,27.679985119,0.912797619048
2012-10-19 06:52:27,488,1,28.4633184524,0.783333333333
2012-10-19 06:52:28,489,1,29.084672619,0.621354166667
2012-10-19 06:52:29,490,1,29.5087797619,0.424107142857
2012-10-19 06:52:30,491,1,29.713764881,0.204985119048
2012-10-19 06:52:31,492,1,29.6976934524,-0.0160714285714
2012-10-19 06:52:32,493,1,29.4609375,-0.236755952381
2012-10-19 06:52:33,494,1,28.9819940476,-0.478943452381
2012-10-19 06:52:34,495,1,28.2547619048,-0.727232142857
2012-10-19 06:52:35,496,1,27.3578125,-0.896949404762
2012-10-19 06:52:36,497,1,26.4151785714,-0.942633928571
2012-10-19 06:52:37,498,1,25.4369791667,-0.978199404762
2012-10-19 06:52:38,499,1,24.1941220238,-1.24285714286
2012-10-19 06:52:39,500,1,22.2669642857,-1.9271577381
2012-10-19 06:52:40,501,1,19.3279761905,-2.93898809524
2012-10-19 06:52:41,502,1,15.5521577381,-3.77581845238
2012-10-19 06:52:42,503,1,11.7877232143,-3.76443452381
2012-10-19 06:52:43,504,1,9.16800595238,-2.6197172619
2012-10-19 06:52:44,505,1,8.40089285714,-0.767113095238
2012-10-19 06:52:45,506,1,9.39181547619,0.990922619048
2012-10-19 06:52:46,507,1,11.5087797619,2.11696428571
2012-10-19 06:52:47,508,1,14.1317708333,2.62299107143
2012-10-19 06:52:48,509,1,16.9473214286,2.81555059524
2012-10-19 06:52:49,510,1,19.8266369048,2.87931547619
2012-10-19 06:52:50,511,1,22.5947172619,2.76808035714
2012-10-19 06:52:51,512,1,25.037202381,2.44248511905
2012-10-19 06:52:52,513,1,27.075,2.03779761905
2012-10-19 06:52:53,514,1,28.7839285714,1.70892857143
2012-10-19 06:52:54,515,1,30.1943452381,1.41041666667
2012-10-19 06:52:55,516,1,31.1579613095,0.963616071429
2012-10-19 06:52:56,517,1,31.4847470238,0.326785714286
2012-10-19 06:52:57,518,1,31.1586309524,-0.326116071429
2012-10-19 06:52:58,519,1,30.3543154762,-0.80431547619
2012-10-19 06:52:59,520,1,29.2632440476,-1.09107142857
2012-10-19 06:53:00,521,1,27.9091517857,-1.3540922619
2012-10-19 06:53:01,522,1,26.0793154762,-1.82983630952
2012-10-19 06:53:02,523,1,23.4127232143,-2.6665922619
2012-10-19 06:53:03,524,1,19.667485119,-3.74523809524
2012-10-19 06:53:04,525,1,15.1180803571,-4.5494047619
2012-10-19 06:53:05,526,1,10.740625,-4.37745535714
2012-10-19 06:53:06,527,1,7.78727678571,-2.95334821429
2012-10-19 06:53:07,528,1,6.99241071429,-0.794866071429
2012-10-19 06:53:08,529,1,8.16614583333,1.17373511905
2012-10-19 06:53:09,530,1,10.5082589286,2.34211309524
2012-10-19 06:53:10,531,1,13.2683035714,2.76004464286
2012-10-19 06:53:11,532,1,16.1170386905,2.84873511905
2012-10-19 06:53:12,533,1,18.9002232143,2.78318452381
2012-10-19 06:53:13,534,1,21.1860863095,2.28586309524
2012-10-19 06:53:14,535,1,22.2603422619,1.07425595238
2012-10-19 06:53:15,536,1,21.5291666667,-0.731175595238
2012-10-19 06:53:16,537,1,18.8912202381,-2.63794642857
2012-10-19 06:53:17,538,1,14.9438988095,-3.94732142857
2012-10-19 06:53:18,539,1,10.9199404762,-4.02395833333
2012-10-19 06:53:19,540,1,8.17433035714,-2.74561011905
2012-10-19 06:53:20,541,1,7.48891369048,-0.685416666667
2012-10-19 06:53:21,542,1,8.76212797619,1.27321428571
2012-10-19 06:53:22,543,1,11.2694196429,2.50729166667
2012-10-19 06:53:23,544,1,14.1988095238,2.92938988095
2012-10-19 06:53:24,545,1,17.0322916667,2.83348214286
2012-10-19 06:53:25,546,1,19.533110119,2.50081845238
2012-10-19 06:53:26,547,1,21.5369791667,2.00386904762
2012-10-19 06:53:27,548,1,22.9191964286,1.3822172619
2012-10-19 06:53:28,549,1,23.6947172619,0.775520833333
2012-10-19 06:53:29,550,1,23.976264881,0.281547619048
2012-10-19 06:53:30,551,1,23.8340029762,-0.142261904762
2012-10-19 06:53:31,552,1,23.2138392857,-0.620163690476
2012-10-19 06:53:32,553,1,21.9026041667,-1.31123511905
2012-10-19 06:53:33,554,1,19.6004464286,-2.3021577381
2012-10-19 06:53:34,555,1,16.1751488095,-3.42529761905
2012-10-19 06:53:35,556,1,11.9046875,-4.27046130952
2012-10-19 06:53:36,557,1,7.4849702381,-4.4197172619
2012-10-19 06:53:37,558,1,3.82801339286,-3.65695684524
2012-10-19 06:53:38,559,1,0.0,-3.82801339286
2012-10-19 06:54:17,598,39,0.0,0.0
2012-10-19 06:54:18,599,1,3.40543154762,3.40543154762
2012-10-19 06:54:19,600,1,6.14032738095,2.73489583333
2012-10-19 06:54:20,601,1,9.12217261905,2.9818452381
2012-10-19 06:54:21,602,1,11.929389881,2.8072172619
2012-10-19 06:54:22,603,1,14.5130208333,2.58363095238
2012-10-19 06:54:23,604,1,16.956733631,2.44371279762
2012-10-19 06:54:24,605,1,19.2504464286,2.29371279762
2012-10-19 06:54:25,606,1,21.2709077381,2.02046130952
2012-10-19 06:54:26,607,1,22.9563988095,1.68549107143
2012-10-19 06:54:27,608,1,24.4007440476,1.4443452381
2012-10-19 06:54:28,609,1,25.717485119,1.31674107143
2012-10-19 06:54:29,610,1,26.8785714286,1.16108630952
2012-10-19 06:54:30,611,1,27.7360119048,0.85744047619
2012-10-19 06:54:31,612,1,28.1621279762,0.426116071429
2012-10-19 06:54:32,613,1,28.1066220238,-0.055505952381
2012-10-19 06:54:33,614,1,27.5051339286,-0.601488095238
2012-10-19 06:54:34,615,1,26.1877232143,-1.31741071429
2012-10-19 06:54:35,616,1,23.9293154762,-2.2584077381
2012-10-19 06:54:36,617,1,20.6271577381,-3.3021577381
2012-10-19 06:54:37,618,1,16.5366815476,-4.09047619048
2012-10-19 06:54:38,619,1,12.409672619,-4.12700892857
2012-10-19 06:54:39,620,1,9.26220238095,-3.1474702381
2012-10-19 06:54:40,621,1,7.815625,-1.44657738095
2012-10-19 06:54:41,622,1,8.11666666667,0.301041666667
2012-10-19 06:54:42,623,1,9.65275297619,1.53608630952
2012-10-19 06:54:43,624,1,11.7552083333,2.10245535714
2012-10-19 06:54:44,625,1,13.937797619,2.18258928571
2012-10-19 06:54:45,626,1,15.9645833333,2.02678571429
2012-10-19 06:54:46,627,1,17.7004464286,1.73586309524
2012-10-19 06:54:47,628,1,18.997172619,1.29672619048
2012-10-19 06:54:48,629,1,19.7052827381,0.708110119048
2012-10-19 06:54:49,630,1,19.6499255952,-0.0553571428571
2012-10-19 06:54:50,631,1,18.5464657738,-1.10345982143
2012-10-19 06:54:51,632,1,16.1395089286,-2.40695684524
2012-10-19 06:54:52,633,1,12.6420386905,-3.4974702381
2012-10-19 06:54:53,634,1,8.96369047619,-3.67834821429
2012-10-19 06:54:54,635,1,6.33210565476,-2.63158482143
2012-10-19 06:54:55,636,1,5.61339285714,-0.718712797619
2012-10-19 06:54:56,637,1,6.85479910714,1.24140625
2012-10-19 06:54:57,638,1,9.38921130952,2.53441220238
2012-10-19 06:54:58,639,1,12.440922619,3.05171130952
2012-10-19 06:54:59,640,1,15.603125,3.16220238095
2012-10-19 06:55:00,641,1,18.7366443452,3.13351934524
2012-10-19 06:55:01,642,1,21.6011160714,2.86447172619
2012-10-19 06:55:02,643,1,23.6944940476,2.09337797619
2012-10-19 06:55:03,644,1,24.4316220238,0.737127976191
2012-10-19 06:55:04,645,1,23.5013392857,-0.930282738095
2012-10-19 06:55:05,646,1,21.1302083333,-2.37113095238
2012-10-19 06:55:06,647,1,18.0912202381,-3.03898809524
2012-10-19 06:55:07,648,1,15.4283482143,-2.66287202381
2012-10-19 06:55:08,649,1,14.0087053571,-1.41964285714
2012-10-19 06:55:09,650,1,14.2060267857,0.197321428571
2012-10-19 06:55:10,651,1,15.8829613095,1.67693452381
2012-10-19 06:55:11,652,1,18.5459821429,2.66302083333
2012-10-19 06:55:12,653,1,21.5743303571,3.02834821429
2012-10-19 06:55:13,654,1,24.4601190476,2.88578869048
2012-10-19 06:55:14,655,1,26.9345238095,2.4744047619
2012-10-19 06:55:15,656,1,28.9857886905,2.05126488095
2012-10-19 06:55:16,657,1,30.7929315476,1.80714285714
2012-10-19 06:55:17,658,1,32.5250744048,1.73214285714
2012-10-19 06:55:18,659,1,34.1797619048,1.6546875
2012-10-19 06:55:19,660,1,35.6704613095,1.49069940476
2012-10-19 06:55:20,661,1,36.9948660714,1.3244047619
2012-10-19 06:55:21,662,1,38.2404761905,1.24561011905
2012-10-19 06:55:22,663,1,39.4787202381,1.23824404762
2012-10-19 06:55:23,664,1,40.7020833333,1.22336309524
2012-10-19 06:55:24,665,1,41.8543154762,1.15223214286
2012-10-19 06:55:25,666,1,42.899702381,1.04538690476
2012-10-19 06:55:26,667,1,43.838764881,0.9390625
2012-10-19 06:55:27,668,1,44.6697916667,0.831026785714
2012-10-19 06:55:28,669,1,45.375,0.705208333333
2012-10-19 06:55:29,670,1,45.9416666667,0.566666666667
2012-10-19 06:55:30,671,1,46.3755208333,0.433854166667
2012-10-19 06:55:31,672,1,46.6944940476,0.318973214286
2012-10-19 06:55:32,673,1,46.9113839286,0.216889880952
2012-10-19 06:55:33,674,1,47.0260416667,0.114657738095
2012-10-19 06:55:34,675,1,47.0441220238,0.0180803571428
2012-10-19 06:55:35,676,1,46.9974702381,-0.0466517857143
2012-10-19 06:55:36,677,1,46.933110119,-0.0643601190476
2012-10-19 06:55:37,678,1,46.8834821429,-0.0496279761905
2012-10-19 06:55:38,679,1,46.8463541667,-0.0371279761904
2012-10-19 06:55:39,680,1,46.7851934524,-0.0611607142857
2012-10-19 06:55:40,681,1,46.6587797619,-0.126413690476
2012-10-19 06:55:41,682,1,46.4607886905,-0.197991071429
2012-10-19 06:55:42,683,1,46.2176339286,-0.243154761905
2012-10-19 06:55:43,684,1,45.9485119048,-0.26912202381
2012-10-19 06:55:44,685,1,45.6475446429,-0.300967261905
2012-10-19 06:55:45,686,1,45.3039434524,-0.343601190476
2012-10-19 06:55:46,687,1,44.9257440476,-0.378199404762
2012-10-19 06:55:47,688,1,44.5404761905,-0.385267857143
2012-10-19 06:55:48,689,1,44.1767857143,-0.36369047619
2012-10-19 06:55:49,690,1,43.8525297619,-0.324255952381
2012-10-19 06:55:50,691,1,43.5787202381,-0.27380952381
2012-10-19 06:55:51,692,1,43.3636160714,-0.215104166667
2012-10-19 06:55:52,693,1,43.2130952381,-0.150520833333
2012-10-19 06:55:53,694,1,43.109375,-0.103720238095
2012-10-19 06:55:54,695,1,42.9671875,-0.1421875
2012-10-19 06:55:55,696,1,42.7121279762,-0.255059523809
2012-10-19 06:55:56,697,1,42.4625,-0.249627976191
2012-10-19 06:55:57,698,1,42.4470982143,-0.0154017857143
2012-10-19 06:55:58,699,1,42.7004464286,0.253348214286
2012-10-19 06:55:59,700,1,42.9610119048,0.260565476191
2012-10-19 06:56:00,701,1,42.7235119048,-0.2375
2012-10-19 06:56:01,702,1,41.3588541667,-1.3646577381
2012-10-19 06:56:02,703,1,38.4209077381,-2.93794642857
2012-10-19 06:56:03,704,1,33.884077381,-4.53683035714
2012-10-19 06:56:04,705,1,28.1922619048,-5.69181547619
2012-10-19 06:56:05,706,1,22.2878720238,-5.90438988095
2012-10-19 06:56:06,707,1,17.4071428571,-4.88072916667
2012-10-19 06:56:07,708,1,14.5198660714,-2.88727678571
2012-10-19 06:56:08,709,1,13.8757440476,-0.64412202381
2012-10-19 06:56:09,710,1,15.0619047619,1.18616071429
2012-10-19 06:56:10,711,1,17.3830357143,2.32113095238
2012-10-19 06:56:11,712,1,20.1433779762,2.7603422619
2012-10-19 06:56:12,713,1,22.7668154762,2.6234375
2012-10-19 06:56:13,714,1,24.8676339286,2.10081845238
2012-10-19 06:56:14,715,1,26.2700892857,1.40245535714
2012-10-19 06:56:15,716,1,27.0324404762,0.762351190476
2012-10-19 06:56:16,717,1,27.4412946429,0.408854166667
2012-10-19 06:56:17,718,1,27.8449404762,0.403645833333
2012-10-19 06:56:18,719,1,28.4733630952,0.628422619048
2012-10-19 06:56:19,720,1,29.43125,0.957886904762
2012-10-19 06:56:20,721,1,30.761235119,1.32998511905
2012-10-19 06:56:21,722,1,32.4677083333,1.70647321429
2012-10-19 06:56:22,723,1,34.5232142857,2.05550595238
2012-10-19 06:56:23,724,1,36.8511160714,2.32790178571
2012-10-19 06:56:24,725,1,39.2800595238,2.42894345238
2012-10-19 06:56:25,726,1,41.5608630952,2.28080357143
2012-10-19 06:56:26,727,1,43.4990327381,1.93816964286
2012-10-19 06:56:27,728,1,45.0826636905,1.58363095238
2012-10-19 06:56:28,729,1,46.4708333333,1.38816964286
2012-10-19 06:56:29,730,1,47.8636160714,1.3927827381
2012-10-19 06:56:30,731,1,49.3627232143,1.49910714286
2012-10-19 06:56:31,732,1,50.9183779762,1.5556547619
2012-10-19 06:56:32,733,1,52.3783482143,1.4599702381
2012-10-19 06:56:33,734,1,53.5790178571,1.20066964286
2012-10-19 06:56:34,735,1,54.4360119048,0.856994047619
2012-10-19 06:56:35,736,1,55.0039434524,0.567931547619
2012-10-19 06:56:36,737,1,55.4577380952,0.453794642857
2012-10-19 06:56:37,738,1,55.9930059524,0.535267857143
2012-10-19 06:56:38,739,1,56.7084077381,0.715401785714
2012-10-19 06:56:39,740,1,57.5666666667,0.858258928572
2012-10-19 06:56:40,741,1,58.4720238095,0.905357142857
2012-10-19 06:56:41,742,1,59.367485119,0.895461309524
2012-10-19 06:56:42,743,1,60.2566220238,0.889136904762
2012-10-19 06:56:43,744,1,61.1775297619,0.920907738095
2012-10-19 06:56:44,745,1,62.171577381,0.994047619048
2012-10-19 06:56:45,746,1,63.2401785714,1.06860119048
2012-10-19 06:56:46,747,1,64.3150297619,1.07485119048
2012-10-19 06:56:47,748,1,65.2953125,0.980282738095
2012-10-19 06:56:48,749,1,66.1301339286,0.834821428571
2012-10-19 06:56:49,750,1,66.8604166667,0.730282738095
2012-10-19 06:56:50,751,1,67.578422619,0.718005952381
2012-10-19 06:56:51,752,1,68.3357142857,0.757291666667
2012-10-19 06:56:52,753,1,69.0832589286,0.747544642857
2012-10-19 06:56:53,754,1,69.7205357143,0.637276785714
2012-10-19 06:56:54,755,1,70.2045386905,0.48400297619
2012-10-19 06:56:55,756,1,70.588764881,0.384226190476
2012-10-19 06:56:56,757,1,70.9622767857,0.373511904762
2012-10-19 06:56:57,758,1,71.365922619,0.403645833333
2012-10-19 06:56:58,759,1,71.7621279762,0.396205357143
2012-10-19 06:56:59,760,1,72.0787202381,0.316592261905
2012-10-19 06:57:00,761,1,72.2661458333,0.187425595238
2012-10-19 06:57:01,762,1,72.2982142857,0.032068452381
2012-10-19 06:57:02,763,1,72.1542410714,-0.143973214286
2012-10-19 06:57:03,764,1,71.8531994048,-0.301041666667
2012-10-19 06:57:04,765,1,71.4945684524,-0.358630952381
2012-10-19 06:57:05,766,1,71.2224702381,-0.272098214286
2012-10-19 06:57:06,767,1,71.1348214286,-0.0876488095238
2012-10-19 06:57:07,768,1,71.2241071429,0.0892857142858
2012-10-19 06:57:08,769,1,71.406547619,0.18244047619
2012-10-19 06:57:09,770,1,71.6141369048,0.207589285714
2012-10-19 06:57:10,771,1,71.8452380952,0.231101190476
2012-10-19 06:57:11,772,1,72.1104910714,0.26525297619
2012-10-19 06:57:12,773,1,72.3412946429,0.230803571429
2012-10-19 06:57:13,774,1,72.3854166667,0.0441220238095
2012-10-19 06:57:14,775,1,72.1223958333,-0.263020833333
2012-10-19 06:57:15,776,1,71.5752232143,-0.547172619048
2012-10-19 06:57:16,777,1,70.8921875,-0.683035714286
2012-10-19 06:57:17,778,1,70.2303571429,-0.661830357143
2012-10-19 06:57:18,779,1,69.6511160714,-0.579241071428
2012-10-19 06:57:19,780,1,69.1084077381,-0.542708333333
2012-10-19 06:57:20,781,1,68.5364583333,-0.571949404762
2012-10-19 06:57:21,782,1,67.9288690476,-0.607589285714
2012-10-19 06:57:22,783,1,67.3154761905,-0.613392857143
2012-10-19 06:57:23,784,1,66.7051339286,-0.610342261905
2012-10-19 06:57:24,785,1,66.0864583333,-0.618675595238
2012-10-19 06:57:25,786,1,65.4571428571,-0.62931547619
2012-10-19 06:57:26,787,1,64.8323660714,-0.624776785714
2012-10-19 06:57:27,788,1,64.2415178571,-0.590848214286
2012-10-19 06:57:28,789,1,63.721577381,-0.51994047619
2012-10-19 06:57:29,790,1,63.3026785714,-0.418898809524
2012-10-19 06:57:30,791,1,62.9959821429,-0.306696428571
2012-10-19 06:57:31,792,1,62.7904761905,-0.205505952381
2012-10-19 06:57:32,793,1,62.6578125,-0.132663690476
2012-10-19 06:57:33,794,1,62.5647321429,-0.0930803571429
2012-10-19 06:57:34,795,1,62.4828869048,-0.0818452380952
2012-10-19 06:57:35,796,1,62.3886904762,-0.0941964285714
2012-10-19 06:57:36,797,1,62.2601190476,-0.128571428571
2012-10-19 06:57:37,798,1,62.0776785714,-0.18244047619
2012-10-19 06:57:38,799,1,61.8318452381,-0.245833333333
2012-10-19 06:57:39,800,1,61.5324404762,-0.299404761905
2012-10-19 06:57:40,801,1,61.2111607143,-0.321279761905
2012-10-19 06:57:41,802,1,60.915922619,-0.295238095238
2012-10-19 06:57:42,803,1,60.6985863095,-0.217336309524
2012-10-19 06:57:43,804,1,60.5974702381,-0.101116071429
2012-10-19 06:57:44,805,1,60.6215029762,0.0240327380953
2012-10-19 06:57:45,806,1,60.745014881,0.123511904762
2012-10-19 06:57:46,807,1,60.9229166667,0.177901785714
2012-10-19 06:57:47,808,1,61.1226190476,0.199702380952
2012-10-19 06:57:48,809,1,61.3454613095,0.222842261905
2012-10-19 06:57:49,810,1,61.6194196429,0.273958333333
2012-10-19 06:57:50,811,1,61.9736607143,0.354241071429
2012-10-19 06:57:51,812,1,62.4148809524,0.441220238095
2012-10-19 06:57:52,813,1,62.9226934524,0.5078125
2012-10-19 06:57:53,814,1,63.4665922619,0.543898809524
2012-10-19 06:57:54,815,1,64.0247767857,0.558184523809
2012-10-19 06:57:55,816,1,64.5927083333,0.567931547619
2012-10-19 06:57:56,817,1,65.1857886905,0.593080357143
2012-10-19 06:57:57,818,1,65.8234375,0.637648809524
2012-10-19 06:57:58,819,1,66.4922619048,0.668824404762
2012-10-19 06:57:59,820,1,67.1337053571,0.641443452381
2012-10-19 06:58:00,821,1,67.6766369048,0.542931547619
2012-10-19 06:58:01,822,1,68.0776785714,0.401041666667
2012-10-19 06:58:02,823,1,68.3410714286,0.263392857143
2012-10-19 06:58:03,824,1,68.5079613095,0.166889880952
2012-10-19 06:58:04,825,1,68.6226934524,0.114732142857
2012-10-19 06:58:05,826,1,68.7142857143,0.0915922619048
2012-10-19 06:58:06,827,1,68.8024553571,0.0881696428572
2012-10-19 06:58:07,828,1,68.9030505952,0.100595238095
2012-10-19 06:58:08,829,1,69.0353422619,0.132291666667
2012-10-19 06:58:09,830,1,69.2430059524,0.207663690476
2012-10-19 06:58:10,831,1,69.5927083333,0.349702380952
2012-10-19 06:58:11,832,1,70.0972470238,0.504538690476
2012-10-19 06:58:12,833,1,70.623139881,0.525892857143
2012-10-19 06:58:13,834,1,70.934375,0.311235119048
2012-10-19 06:58:14,835,1,70.8719494048,-0.0624255952381
2012-10-19 06:58:15,836,1,70.4884672619,-0.383482142857
2012-10-19 06:58:16,837,1,70.0066964286,-0.481770833333
2012-10-19 06:58:17,838,1,69.6322172619,-0.374479166667
2012-10-19 06:58:18,839,1,69.3973214286,-0.234895833333
2012-10-19 06:58:19,840,1,69.2027529762,-0.194568452381
2012-10-19 06:58:20,841,1,68.9802827381,-0.222470238095
2012-10-19 06:58:21,842,1,68.7642113095,-0.216071428571
2012-10-19 06:58:22,843,1,68.6247767857,-0.139434523809
2012-10-19 06:58:23,844,1,68.5798363095,-0.0449404761905
2012-10-19 06:58:24,845,1,68.5808035714,0.000967261904805
2012-10-19 06:58:25,846,1,68.5668154762,-0.0139880952381
2012-10-19 06:58:26,847,1,68.5159970238,-0.050818452381
2012-10-19 06:58:27,848,1,68.4516369048,-0.0643601190476
2012-10-19 06:58:28,849,1,68.4175595238,-0.0340773809524
2012-10-19 06:58:29,850,1,68.4436755952,0.0261160714286
2012-10-19 06:58:30,851,1,68.5244791667,0.0808035714286
2012-10-19 06:58:31,852,1,68.6297619048,0.105282738095
2012-10-19 06:58:32,853,1,68.7218005952,0.0920386904762
2012-10-19 06:58:33,854,1,68.7494791667,0.0276785714285
2012-10-19 06:58:34,855,1,68.6478422619,-0.101636904762
2012-10-19 06:58:35,856,1,68.3767857143,-0.271056547619
2012-10-19 06:58:36,857,1,67.9741815476,-0.402604166667
2012-10-19 06:58:37,858,1,67.5645833333,-0.409598214286
2012-10-19 06:58:38,859,1,67.2935267857,-0.271056547619
2012-10-19 06:58:39,860,1,67.2381696429,-0.0553571428572
2012-10-19 06:58:40,861,1,67.3821428571,0.143973214286
2012-10-19 06:58:41,862,1,67.6608630952,0.278720238095
2012-10-19 06:58:42,863,1,68.0037202381,0.342857142857
2012-10-19 06:58:43,864,1,68.3341517857,0.330431547619
2012-10-19 06:58:44,865,1,68.5624255952,0.228273809524
2012-10-19 06:58:45,866,1,68.6186755952,0.05625
2012-10-19 06:58:46,867,1,68.5095982143,-0.109077380952
2012-10-19 06:58:47,868,1,68.3249255952,-0.184672619048
2012-10-19 06:58:48,869,1,68.1671875,-0.157738095238
2012-10-19 06:58:49,870,1,68.0668154762,-0.100372023809
2012-10-19 06:58:50,871,1,67.956547619,-0.110267857143
2012-10-19 06:58:51,872,1,67.7266369048,-0.229910714286
2012-10-19 06:58:52,873,1,67.3177827381,-0.408854166667
2012-10-19 06:58:53,874,1,66.7730654762,-0.544717261905
2012-10-19 06:58:54,875,1,66.2084077381,-0.564657738095
2012-10-19 06:58:55,876,1,65.7350446429,-0.473363095238
2012-10-19 06:58:56,877,1,65.4020089286,-0.333035714286
2012-10-19 06:58:57,878,1,65.2005208333,-0.201488095238
2012-10-19 06:58:58,879,1,65.1036458333,-0.096875
2012-10-19 06:58:59,880,1,65.0852678571,-0.0183779761904
2012-10-19 06:59:00,881,1,65.1168154762,0.0315476190476
2012-10-19 06:59:01,882,1,65.1735119048,0.0566964285714
2012-10-19 06:59:02,883,1,65.2462797619,0.0727678571429
2012-10-19 06:59:03,884,1,65.343452381,0.0971726190476
2012-10-19 06:59:04,885,1,65.485639881,0.1421875
2012-10-19 06:59:05,886,1,65.6946428571,0.20900297619
2012-10-19 06:59:06,887,1,65.9797619048,0.285119047619
2012-10-19 06:59:07,888,1,66.3283482143,0.348586309524
2012-10-19 06:59:08,889,1,66.6959077381,0.36755952381
2012-10-19 06:59:09,890,1,67.0082589286,0.312351190476
2012-10-19 06:59:10,891,1,67.1962797619,0.188020833333
2012-10-19 06:59:11,892,1,67.2384672619,0.0421874999999
2012-10-19 06:59:12,893,1,67.16875,-0.0697172619047
2012-10-19 06:59:13,894,1,67.0465029762,-0.12224702381
2012-10-19 06:59:14,895,1,66.9191220238,-0.127380952381
2012-10-19 06:59:15,896,1,66.8051339286,-0.113988095238
2012-10-19 06:59:16,897,1,66.6994791667,-0.105654761905
2012-10-19 06:59:17,898,1,66.5855654762,-0.113913690476
2012-10-19 06:59:18,899,1,66.4457589286,-0.139806547619
2012-10-19 06:59:19,900,1,66.2707589286,-0.175
2012-10-19 06:59:20,901,1,66.0657738095,-0.204985119048
2012-10-19 06:59:21,902,1,65.8438244048,-0.221949404762
2012-10-19 06:59:22,903,1,65.605952381,-0.23787202381
2012-10-19 06:59:23,904,1,65.3388392857,-0.267113095238
2012-10-19 06:59:24,905,1,65.0527529762,-0.286086309524
2012-10-19 06:59:25,906,1,64.8182291667,-0.234523809524
2012-10-19 06:59:26,907,1,64.7406994048,-0.0775297619048
2012-10-19 06:59:27,908,1,64.8819940476,0.141294642857
2012-10-19 06:59:28,909,1,65.2003720238,0.318377976191
2012-10-19 06:59:29,910,1,65.570610119,0.370238095238
2012-10-19 06:59:30,911,1,65.8704613095,0.299851190476
2012-10-19 06:59:31,912,1,66.0488839286,0.178422619048
2012-10-19 06:59:32,913,1,66.125297619,0.0764136904762
2012-10-19 06:59:33,914,1,66.1515625,0.0262648809524
2012-10-19 06:59:34,915,1,66.1740327381,0.0224702380952
2012-10-19 06:59:35,916,1,66.2046875,0.0306547619048
2012-10-19 06:59:36,917,1,66.2136160714,0.0089285714285
2012-10-19 06:59:37,918,1,66.1550595238,-0.058556547619
2012-10-19 06:59:38,919,1,66.0186755952,-0.136383928571
2012-10-19 06:59:39,920,1,65.8654017857,-0.153273809524
2012-10-19 06:59:40,921,1,65.7962053571,-0.0691964285714
2012-10-19 06:59:41,922,1,65.8706845238,0.0744791666666
2012-10-19 06:59:42,923,1,66.0650297619,0.194345238095
2012-10-19 06:59:43,924,1,66.3046130952,0.239583333333
2012-10-19 06:59:44,925,1,66.5180803571,0.213467261905
2012-10-19 06:59:45,926,1,66.669047619,0.150967261905
2012-10-19 06:59:46,927,1,66.7607142857,0.0916666666667
2012-10-19 06:59:47,928,1,66.8229910714,0.0622767857143
2012-10-19 06:59:48,929,1,66.8972470238,0.0742559523809
2012-10-19 06:59:49,930,1,67.020014881,0.122767857143
2012-10-19 06:59:50,931,1,67.2044642857,0.184449404762
2012-10-19 06:59:51,932,1,67.4363839286,0.231919642857
2012-10-19 06:59:52,933,1,67.6922619048,0.255877976191
2012-10-19 06:59:53,934,1,67.9584821429,0.266220238095
2012-10-19 06:59:54,935,1,68.2286458333,0.270163690476
2012-10-19 06:59:55,936,1,68.4865327381,0.257886904762
2012-10-19 06:59:56,937,1,68.698735119,0.212202380952
2012-10-19 06:59:57,938,1,68.8277529762,0.129017857143
2012-10-19 06:59:58,939,1,68.8601190476,0.0323660714286
2012-10-19 06:59:59,940,1,68.8208333333,-0.0392857142858
2012-10-19 07:00:00,941,1,68.7541666667,-0.0666666666666
2012-10-19 07:00:01,942,1,68.7008928571,-0.0532738095238
2012-10-19 07:00:02,943,1,68.6901785714,-0.0107142857143
2012-10-19 07:00:03,944,1,68.7264880952,0.0363095238095
2012-10-19 07:00:04,945,1,68.7820684524,0.0555803571429
2012-10-19 07:00:05,946,1,68.8129464286,0.0308779761904
2012-10-19 07:00:06,947,1,68.7787946429,-0.0341517857142
2012-10-19 07:00:07,948,1,68.6570684524,-0.121726190476
2012-10-19 07:00:08,949,1,68.4548363095,-0.202232142857
2012-10-19 07:00:09,950,1,68.206547619,-0.248288690476
2012-10-19 07:00:10,951,1,67.9599702381,-0.246577380952
2012-10-19 07:00:11,952,1,67.7622767857,-0.197693452381
2012-10-19 07:00:12,953,1,67.6431547619,-0.11912202381
2012-10-19 07:00:13,954,1,67.5948660714,-0.0482886904762
2012-10-19 07:00:14,955,1,67.5650297619,-0.0298363095238
2012-10-19 07:00:15,956,1,67.4866815476,-0.0783482142858
2012-10-19 07:00:16,957,1,67.3360119048,-0.150669642857
2012-10-19 07:00:17,958,1,67.1552083333,-0.180803571429
2012-10-19 07:00:18,959,1,67.0148809524,-0.140327380952
2012-10-19 07:00:19,960,1,66.962797619,-0.0520833333333
2012-10-19 07:00:20,961,1,66.9962053571,0.0334077380953
2012-10-19 07:00:21,962,1,67.0698660714,0.0736607142857
2012-10-19 07:00:22,963,1,67.1374255952,0.0675595238095
2012-10-19 07:00:23,964,1,67.1766369048,0.0392113095238
2012-10-19 07:00:24,965,1,67.169047619,-0.0075892857143
2012-10-19 07:00:25,966,1,67.087797619,-0.08125
2012-10-19 07:00:26,967,1,66.9181547619,-0.169642857143
2012-10-19 07:00:27,968,1,66.6619791667,-0.256175595238
2012-10-19 07:00:28,969,1,66.3158482143,-0.346130952381
2012-10-19 07:00:29,970,1,65.8585565476,-0.457291666667
2012-10-19 07:00:30,971,1,65.2640625,-0.594494047619
2012-10-19 07:00:31,972,1,64.528125,-0.7359375
2012-10-19 07:00:32,973,1,63.6681547619,-0.859970238095
2012-10-19 07:00:33,974,1,62.6852678571,-0.982886904762
2012-10-19 07:00:34,975,1,61.5497767857,-1.13549107143
2012-10-19 07:00:35,976,1,60.2414434524,-1.30833333333
2012-10-19 07:00:36,977,1,58.7994791667,-1.44196428571
2012-10-19 07:00:37,978,1,57.3337053571,-1.46577380952
2012-10-19 07:00:38,979,1,55.9869047619,-1.34680059524
2012-10-19 07:00:39,980,1,54.8930059524,-1.09389880952
2012-10-19 07:00:40,981,1,54.1669642857,-0.726041666667
2012-10-19 07:00:41,982,1,53.8853422619,-0.281622023809
2012-10-19 07:00:42,983,1,54.0430803571,0.157738095238
2012-10-19 07:00:43,984,1,54.541889881,0.498809523809
2012-10-19 07:00:44,985,1,55.2287202381,0.686830357143
2012-10-19 07:00:45,986,1,55.9560267857,0.727306547619
2012-10-19 07:00:46,987,1,56.6285714286,0.672544642857
2012-10-19 07:00:47,988,1,57.2067708333,0.578199404762
2012-10-19 07:00:48,989,1,57.6819196429,0.475148809524
2012-10-19 07:00:49,990,1,58.0613839286,0.379464285714
2012-10-19 07:00:50,991,1,58.3644345238,0.303050595238
2012-10-19 07:00:51,992,1,58.6135416667,0.249107142857
2012-10-19 07:00:52,993,1,58.826264881,0.212723214286
2012-10-19 07:00:53,994,1,59.0149553571,0.188690476191
2012-10-19 07:00:54,995,1,59.1883928571,0.1734375
2012-10-19 07:00:55,996,1,59.35,0.161607142857
2012-10-19 07:00:56,997,1,59.4962797619,0.146279761905
2012-10-19 07:00:57,998,1,59.6254464286,0.129166666667
2012-10-19 07:00:58,999,1,59.7556547619,0.130208333333
2012-10-19 07:00:59,1000,1,59.9269345238,0.171279761905
2012-10-19 07:01:00,1001,1,60.1730654762,0.246130952381
2012-10-19 07:01:01,1002,1,60.4904761905,0.317410714286
2012-10-19 07:01:02,1003,1,60.8276785714,0.337202380952
2012-10-19 07:01:03,1004,1,61.0959077381,0.268229166667
2012-10-19 07:01:04,1005,1,61.203125,0.107217261905
2012-10-19 07:01:05,1006,1,61.0990327381,-0.104092261905
2012-10-19 07:01:06,1007,1,60.7968005952,-0.302232142857
2012-10-19 07:01:07,1008,1,60.3552083333,-0.441592261905
2012-10-19 07:01:08,1009,1,59.8418154762,-0.513392857143
2012-10-19 07:01:09,1010,1,59.3088541667,-0.532961309524
2012-10-19 07:01:10,1011,1,58.7878720238,-0.520982142857
2012-10-19 07:01:11,1012,1,58.2875744048,-0.500297619048
2012-10-19 07:01:12,1013,1,57.7918154762,-0.495758928571
2012-10-19 07:01:13,1014,1,57.2632440476,-0.528571428572
2012-10-19 07:01:14,1015,1,56.6560267857,-0.607217261905
2012-10-19 07:01:15,1016,1,55.9424107143,-0.713616071429
2012-10-19 07:01:16,1017,1,55.1355654762,-0.806845238095
2012-10-19 07:01:17,1018,1,54.2746279762,-0.8609375
2012-10-19 07:01:18,1019,1,53.3648809524,-0.90974702381
2012-10-19 07:01:19,1020,1,52.321875,-1.04300595238
2012-10-19 07:01:20,1021,1,51.0130952381,-1.3087797619
2012-10-19 07:01:21,1022,1,49.4049107143,-1.60818452381
2012-10-19 07:01:22,1023,1,47.6613839286,-1.74352678571
2012-10-19 07:01:23,1024,1,46.0678571429,-1.59352678571
2012-10-19 07:01:24,1025,1,44.832514881,-1.2353422619
2012-10-19 07:01:25,1026,1,43.9444196429,-0.888095238095
2012-10-19 07:01:26,1027,1,43.2441220238,-0.700297619048
2012-10-19 07:01:27,1028,1,42.6298363095,-0.614285714286
2012-10-19 07:01:28,1029,1,42.1289434524,-0.500892857143
2012-10-19 07:01:29,1030,1,41.738764881,-0.390178571429
2012-10-19 07:01:30,1031,1,41.2367559524,-0.502008928571
2012-10-19 07:01:31,1032,1,40.1930803571,-1.04367559524
2012-10-19 07:01:32,1033,1,38.2015625,-1.99151785714
2012-10-19 07:01:33,1034,1,35.1248511905,-3.07671130952
2012-10-19 07:01:34,1035,1,31.1442708333,-3.98058035714
2012-10-19 07:01:35,1036,1,26.5918526786,-4.55241815476
2012-10-19 07:01:36,1037,1,21.7436011905,-4.8482514881
2012-10-19 07:01:37,1038,1,16.7775297619,-4.96607142857
2012-10-19 07:01:38,1039,1,11.8872767857,-4.89025297619
2012-10-19 07:01:39,1040,1,7.39962797619,-4.48764880952
2012-10-19 07:01:40,1041,1,3.8353422619,-3.56428571429
2012-10-19 07:01:41,1042,1,0.0,-3.8353422619
2012-10-19 07:02:23,1084,42,0.0,0.0
2012-10-19 07:02:24,1085,1,4.03523065476,4.03523065476
2012-10-19 07:02:25,1086,1,7.25498511905,3.21975446429
2012-10-19 07:02:26,1087,1,10.5795386905,3.32455357143
2012-10-19 07:02:27,1088,1,13.3523809524,2.7728422619
2012-10-19 07:02:28,1089,1,15.526264881,2.17388392857
2012-10-19 07:02:29,1090,1,17.4553571429,1.9290922619
2012-10-19 07:02:30,1091,1,19.5019345238,2.04657738095
2012-10-19 07:02:31,1092,1,21.7353422619,2.2334077381
2012-10-19 07:02:32,1093,1,23.9125,2.1771577381
2012-10-19 07:02:33,1094,1,25.7162202381,1.8037202381
2012-10-19 07:02:34,1095,1,27.0119791667,1.29575892857
2012-10-19 07:02:35,1096,1,27.9195684524,0.907589285714
2012-10-19 07:02:36,1097,1,28.7131696429,0.793601190476
2012-10-19 07:02:37,1098,1,29.6505208333,0.937351190476
2012-10-19 07:02:38,1099,1,30.8288690476,1.17834821429
2012-10-19 07:02:39,1100,1,32.1793154762,1.35044642857
2012-10-19 07:02:40,1101,1,33.5775297619,1.39821428571
2012-10-19 07:02:41,1102,1,34.9180803571,1.34055059524
2012-10-19 07:02:42,1103,1,36.1228422619,1.20476190476
2012-10-19 07:02:43,1104,1,37.153125,1.0302827381
2012-10-19 07:02:44,1105,1,38.0147321429,0.861607142857
2012-10-19 07:02:45,1106,1,38.7227678571,0.708035714286
2012-10-19 07:02:46,1107,1,39.25,0.527232142857
2012-10-19 07:02:47,1108,1,39.5186011905,0.268601190476
2012-10-19 07:02:48,1109,1,39.4707589286,-0.0478422619048
2012-10-19 07:02:49,1110,1,39.1432291667,-0.327529761905
2012-10-19 07:02:50,1111,1,38.6428571429,-0.50037202381
2012-10-19 07:02:51,1112,1,38.0435267857,-0.599330357143
2012-10-19 07:02:52,1113,1,37.2894345238,-0.754092261905
2012-10-19 07:02:53,1114,1,36.172172619,-1.11726190476
2012-10-19 07:02:54,1115,1,34.4222470238,-1.74992559524
2012-10-19 07:02:55,1116,1,31.8538690476,-2.56837797619
2012-10-19 07:02:56,1117,1,28.4383822279,-3.41548681973
2012-10-19 07:02:57,1118,1,24.2915603741,-4.14682185374
2012-10-19 07:02:58,1119,1,19.6755846088,-4.61597576531
2012-10-19 07:02:59,1120,1,15.0423044218,-4.63328018707
2012-10-19 07:03:00,1121,1,10.9823129252,-4.0599914966
2012-10-19 07:03:01,1122,1,7.99737457483,-2.98493835034
2012-10-19 07:03:02,1123,1,6.24957482993,-1.7477997449
2012-10-19 07:03:03,1124,1,5.48911564626,-0.760459183673
2012-10-19 07:03:04,1125,1,5.22487244898,-0.264243197279
2012-10-19 07:03:05,1126,1,5.08554421769,-0.139328231293
2012-10-19 07:03:06,1127,1,5.13365221088,0.0481079931973
2012-10-19 07:03:07,1128,1,5.78070790816,0.647055697279
2012-10-19 07:03:08,1129,1,7.3359587585,1.55525085034
2012-10-19 07:03:09,1130,1,9.6984162415,2.36245748299
2012-10-19 07:03:10,1131,1,12.4774872449,2.7790710034
2012-10-19 07:03:11,1132,1,15.3214392007,2.84395195578
2012-10-19 07:03:12,1133,1,18.1307610544,2.80932185374
2012-10-19 07:03:13,1134,1,20.9576743197,2.82691326531
2012-10-19 07:03:14,1135,1,23.730952381,2.77327806122
2012-10-19 07:03:15,1136,1,26.2296130952,2.49866071429
2012-10-19 07:03:16,1137,1,28.3299107143,2.10029761905
2012-10-19 07:03:17,1138,1,30.1192708333,1.78936011905
2012-10-19 07:03:18,1139,1,31.7466517857,1.62738095238
2012-10-19 07:03:19,1140,1,33.245610119,1.49895833333
2012-10-19 07:03:20,1141,1,34.5325892857,1.28697916667
2012-10-19 07:03:21,1142,1,35.5364583333,1.00386904762
2012-10-19 07:03:22,1143,1,36.2625,0.726041666667
2012-10-19 07:03:23,1144,1,36.7357886905,0.473288690476
2012-10-19 07:03:24,1145,1,36.950297619,0.214508928571
2012-10-19 07:03:25,1146,1,36.8923363095,-0.0579613095238
2012-10-19 07:03:26,1147,1,36.5916666667,-0.300669642857
2012-10-19 07:03:27,1148,1,36.1371279762,-0.454538690476
2012-10-19 07:03:28,1149,1,35.6328125,-0.50431547619
2012-10-19 07:03:29,1150,1,35.1336309524,-0.499181547619
2012-10-19 07:03:30,1151,1,34.6164434524,-0.5171875
2012-10-19 07:03:31,1152,1,33.9947916667,-0.621651785714
2012-10-19 07:03:32,1153,1,33.1500744048,-0.844717261905
2012-10-19 07:03:33,1154,1,31.9546130952,-1.19546130952
2012-10-19 07:03:34,1155,1,30.2945684524,-1.66004464286
2012-10-19 07:03:35,1156,1,28.1214285714,-2.17313988095
2012-10-19 07:03:36,1157,1,25.5041666667,-2.61726190476
2012-10-19 07:03:37,1158,1,22.5974950397,-2.90667162698
2012-10-19 07:03:38,1159,1,19.5196924603,-3.07780257936
2012-10-19 07:03:39,1160,1,16.2999255952,-3.21976686508
2012-10-19 07:03:40,1161,1,13.023015873,-3.27690972222
2012-10-19 07:03:41,1162,1,9.98903769841,-3.0339781746
2012-10-19 07:03:42,1163,1,7.62455357143,-2.36448412698
2012-10-19 07:03:43,1164,1,6.21076388889,-1.41378968254
2012-10-19 07:03:44,1165,1,5.68834325397,-0.522420634921
2012-10-19 07:03:45,1166,1,5.70691964286,0.0185763888889
2012-10-19 07:03:46,1167,1,5.88514384921,0.178224206349
2012-10-19 07:03:47,1168,1,6.02162698413,0.136483134921
2012-10-19 07:03:48,1169,1,6.11949404762,0.0978670634921
2012-10-19 07:03:49,1170,1,6.37490079365,0.255406746032
2012-10-19 07:03:50,1171,1,7.11304563492,0.73814484127
2012-10-19 07:03:51,1172,1,8.55602678571,1.44298115079
2012-10-19 07:03:52,1173,1,10.6554563492,2.09942956349
2012-10-19 07:03:53,1174,1,13.1809275794,2.52547123016
2012-10-19 07:03:54,1175,1,15.8787202381,2.69779265873
2012-10-19 07:03:55,1176,1,18.540203373,2.66148313492
2012-10-19 07:03:56,1177,1,20.9824156746,2.44221230159
2012-10-19 07:03:57,1178,1,23.0113839286,2.02896825397
2012-10-19 07:03:58,1179,1,24.4965029762,1.48511904762
2012-10-19 07:03:59,1180,1,25.4868303571,0.990327380952
2012-10-19 07:04:00,1181,1,26.1255208333,0.63869047619
2012-10-19 07:04:01,1182,1,26.3980654762,0.272544642857
2012-10-19 07:04:02,1183,1,26.0183779762,-0.3796875
2012-10-19 07:04:03,1184,1,24.5703125,-1.44806547619
2012-10-19 07:04:04,1185,1,21.7546130952,-2.81569940476
2012-10-19 07:04:05,1186,1,17.6520089286,-4.10260416667
2012-10-19 07:04:06,1187,1,12.968452381,-4.68355654762
2012-10-19 07:04:07,1188,1,8.96398809524,-4.00446428571
2012-10-19 07:04:08,1189,1,6.82819940476,-2.13578869048
2012-10-19 07:04:09,1190,1,6.94040178571,0.112202380952
2012-10-19 07:04:10,1191,1,8.72797619048,1.78757440476
2012-10-19 07:04:11,1192,1,11.2319940476,2.50401785714
2012-10-19 07:04:12,1193,1,13.820014881,2.58802083333
2012-10-19 07:04:13,1194,1,16.4003720238,2.58035714286
2012-10-19 07:04:14,1195,1,19.0343005952,2.63392857143
2012-10-19 07:04:15,1196,1,21.5424107143,2.50811011905
2012-10-19 07:04:16,1197,1,23.6162946429,2.07388392857
2012-10-19 07:04:17,1198,1,25.1527529762,1.53645833333
2012-10-19 07:04:18,1199,1,26.3058779762,1.153125
2012-10-19 07:04:19,1200,1,27.2748511905,0.968973214286
2012-10-19 07:04:20,1201,1,28.1367559524,0.861904761905
2012-10-19 07:04:21,1202,1,28.8680059524,0.73125
2012-10-19 07:04:22,1203,1,29.459077381,0.591071428571
2012-10-19 07:04:23,1204,1,29.9462053571,0.487127976191
2012-10-19 07:04:24,1205,1,30.3425595238,0.396354166667
2012-10-19 07:04:25,1206,1,30.6141369048,0.271577380952
2012-10-19 07:04:26,1207,1,30.7529017857,0.138764880952
2012-10-19 07:04:27,1208,1,30.8342261905,0.0813244047619
2012-10-19 07:04:28,1209,1,30.9741815476,0.139955357143
2012-10-19 07:04:29,1210,1,31.2404017857,0.266220238095
2012-10-19 07:04:30,1211,1,31.6035714286,0.363169642857
2012-10-19 07:04:31,1212,1,31.9602678571,0.356696428571
2012-10-19 07:04:32,1213,1,32.2068452381,0.246577380952
2012-10-19 07:04:33,1214,1,32.3026041667,0.0957589285715
2012-10-19 07:04:34,1215,1,32.2748511905,-0.0277529761905
2012-10-19 07:04:35,1216,1,32.1805059524,-0.0943452380952
2012-10-19 07:04:36,1217,1,32.0623511905,-0.118154761905
2012-10-19 07:04:37,1218,1,31.9334077381,-0.128943452381
2012-10-19 07:04:38,1219,1,31.7918154762,-0.141592261905
2012-10-19 07:04:39,1220,1,31.6283482143,-0.163467261905
2012-10-19 07:04:40,1221,1,31.4240327381,-0.204315476191
2012-10-19 07:04:41,1222,1,31.1648809524,-0.259151785714
2012-10-19 07:04:42,1223,1,30.8601934524,-0.3046875
2012-10-19 07:04:43,1224,1,30.5507440476,-0.309449404762
2012-10-19 07:04:44,1225,1,30.3046130952,-0.246130952381
2012-10-19 07:04:45,1226,1,30.1779761905,-0.126636904762
2012-10-19 07:04:46,1227,1,30.1595238095,-0.0184523809524
2012-10-19 07:04:47,1228,1,30.1532738095,-0.00625
2012-10-19 07:04:48,1229,1,29.9898065476,-0.163467261905
2012-10-19 07:04:49,1230,1,29.4342261905,-0.555580357143
2012-10-19 07:04:50,1231,1,28.2415178571,-1.19270833333
2012-10-19 07:04:51,1232,1,26.2864583333,-1.95505952381
2012-10-19 07:04:52,1233,1,23.6398809524,-2.64657738095
2012-10-19 07:04:53,1234,1,20.4828869048,-3.15699404762
2012-10-19 07:04:54,1235,1,16.9891369048,-3.49375
2012-10-19 07:04:55,1236,1,13.3495535714,-3.63958333333
2012-10-19 07:04:56,1237,1,9.86413690476,-3.48541666667
2012-10-19 07:04:57,1238,1,6.96860119048,-2.89553571429
2012-10-19 07:04:58,1239,1,5.18348214286,-1.78511904762
2012-10-19 07:04:59,1240,1,4.89181547619,-0.291666666667
2012-10-19 07:05:00,1241,1,6.03229166667,1.14047619048
2012-10-19 07:05:01,1242,1,8.13191964286,2.09962797619
2012-10-19 07:05:02,1243,1,10.6692708333,2.53735119048
2012-10-19 07:05:03,1244,1,13.3083333333,2.6390625
2012-10-19 07:05:04,1245,1,15.8912202381,2.58288690476
2012-10-19 07:05:05,1246,1,18.2949404762,2.4037202381
2012-10-19 07:05:06,1247,1,20.2432291667,1.94828869048
2012-10-19 07:05:07,1248,1,21.3215029762,1.07827380952
2012-10-19 07:05:08,1249,1,21.2087053571,-0.112797619048
2012-10-19 07:05:09,1250,1,19.8091517857,-1.39955357143
2012-10-19 07:05:10,1251,1,17.2244791667,-2.58467261905
2012-10-19 07:05:11,1252,1,13.7724702381,-3.45200892857
2012-10-19 07:05:12,1253,1,10.0415178571,-3.73095238095
2012-10-19 07:05:13,1254,1,6.75974702381,-3.28177083333
2012-10-19 07:05:14,1255,1,4.4671875,-2.29255952381
2012-10-19 07:05:15,1256,1,3.26413690476,-1.20305059524
2012-10-19 07:05:16,1257,1,2.85364583333,-0.410491071429
2012-10-19 07:05:17,1258,1,2.83407738095,-0.019568452381
2012-10-19 07:05:18,1259,1,2.96763392857,0.133556547619
2012-10-19 07:05:19,1260,1,3.18102678571,0.213392857143
2012-10-19 07:05:20,1261,1,3.421875,0.240848214286
2012-10-19 07:05:21,1262,1,3.63162202381,0.20974702381
2012-10-19 07:05:22,1263,1,3.79324404762,0.16162202381
2012-10-19 07:05:23,1264,1,3.9037797619,0.110535714286
2012-10-19 07:05:24,1265,1,3.9119047619,0.008125
2012-10-19 07:05:25,1266,1,3.7277827381,-0.18412202381
2012-10-19 07:05:26,1267,1,3.32351190476,-0.404270833333
2012-10-19 07:05:27,1268,1,2.82047619048,-0.503035714286
2012-10-19 07:05:28,1269,1,2.42974702381,-0.390729166667
2012-10-19 07:05:29,1270,1,2.29163690476,-0.138110119048
2012-10-19 07:05:30,1271,1,2.41193452381,0.120297619048
2012-10-19 07:05:31,1272,1,2.74755952381,0.335625
2012-10-19 07:05:32,1273,1,3.2840625,0.53650297619
2012-10-19 07:05:33,1274,1,3.98474702381,0.70068452381
2012-10-19 07:05:34,1275,1,4.69647321429,0.711726190476
2012-10-19 07:05:35,1276,1,5.18854166667,0.492068452381
2012-10-19 07:05:36,1277,1,5.32776785714,0.139226190476
2012-10-19 07:05:37,1278,1,5.19224702381,-0.135520833333
2012-10-19 07:05:38,1279,1,5.01324404762,-0.17900297619
2012-10-19 07:05:39,1280,1,5.02633928571,0.0130952380952
2012-10-19 07:05:40,1281,1,5.33876488095,0.312425595238
2012-10-19 07:05:41,1282,1,5.87046130952,0.531696428571
2012-10-19 07:05:42,1283,1,6.38913690476,0.518675595238
2012-10-19 07:05:43,1284,1,6.63787202381,0.248735119048
2012-10-19 07:05:44,1285,1,6.52202380952,-0.115848214286
2012-10-19 07:05:45,1286,1,6.21458333333,-0.30744047619
2012-10-19 07:05:46,1287,1,6.02946428571,-0.185119047619
2012-10-19 07:05:47,1288,1,6.14620535714,0.116741071429
2012-10-19 07:05:48,1289,1,6.45803571429,0.311830357143
2012-10-19 07:05:49,1290,1,6.69955357143,0.241517857143
2012-10-19 07:05:50,1291,1,6.71867559524,0.0191220238095
2012-10-19 07:05:51,1292,1,6.59732142857,-0.121354166667
2012-10-19 07:05:52,1293,1,6.51413690476,-0.0831845238095
2012-10-19 07:05:53,1294,1,6.55773809524,0.0436011904762
2012-10-19 07:05:54,1295,1,6.6994047619,0.141666666667
2012-10-19 07:05:55,1296,1,6.88236607143,0.182961309524
2012-10-19 07:05:56,1297,1,7.07991071429,0.197544642857
2012-10-19 07:05:57,1298,1,7.28444940476,0.204538690476
2012-10-19 07:05:58,1299,1,7.48779761905,0.203348214286
2012-10-19 07:05:59,1300,1,7.68370535714,0.195907738095
2012-10-19 07:06:00,1301,1,7.86450892857,0.180803571429
2012-10-19 07:06:01,1302,1,7.99828869048,0.133779761905
2012-10-19 07:06:02,1303,1,8.00935639881,0.0110677083333
2012-10-19 07:06:03,1304,1,7.7771484375,-0.23220796131
2012-10-19 07:06:04,1305,1,7.18245907738,-0.594689360119
2012-10-19 07:06:05,1306,1,6.22742745536,-0.955031622024
2012-10-19 07:06:06,1307,1,5.12120535714,-1.10622209821
2012-10-19 07:06:07,1308,1,4.19114583333,-0.93005952381
2012-10-19 07:06:08,1309,1,3.68839285714,-0.50275297619
2012-10-19 07:06:09,1310,1,3.65532924107,-0.0330636160714
2012-10-19 07:06:10,1311,1,3.9357514881,0.280422247024
2012-10-19 07:06:11,1312,1,4.32098214286,0.385230654762
2012-10-19 07:06:12,1313,1,4.70182291667,0.38084077381
2012-10-19 07:06:13,1314,1,5.08499813988,0.383175223214
2012-10-19 07:06:14,1315,1,5.51272321429,0.427725074405
2012-10-19 07:06:15,1316,1,5.99322916667,0.480505952381
2012-10-19 07:06:16,1317,1,6.4802827381,0.487053571429
2012-10-19 07:06:17,1318,1,6.89010726687,0.40982452877
2012-10-19 07:06:18,1319,1,7.10045262897,0.210345362103
2012-10-19 07:06:19,1320,1,6.95261346726,-0.147839161706
2012-10-19 07:06:20,1321,1,6.36690848214,-0.585704985119
2012-10-19 07:06:21,1322,1,5.4865327381,-0.880375744048
2012-10-19 07:06:22,1323,1,4.67819940476,-0.808333333333
2012-10-19 07:06:23,1324,1,4.43122519841,-0.246974206349
2012-10-19 07:06:24,1325,1,5.15858134921,0.727356150794
2012-10-19 07:06:25,1326,1,6.88898809524,1.73040674603
2012-10-19 07:06:26,1327,1,9.13311011905,2.24412202381
2012-10-19 07:06:27,1328,1,11.0924107143,1.95930059524
2012-10-19 07:06:28,1329,1,12.0345982143,0.9421875
2012-10-19 07:06:29,1330,1,11.6473710317,-0.38722718254
2012-10-19 07:06:30,1331,1,10.1576884921,-1.48968253968
2012-10-19 07:06:31,1332,1,8.11212797619,-2.04556051587
2012-10-19 07:06:32,1333,1,6.09017857143,-2.02194940476
2012-10-19 07:06:33,1334,1,4.57901785714,-1.51116071429
2012-10-19 07:06:34,1335,1,3.92120535714,-0.6578125
2012-10-19 07:06:35,1336,1,4.25706845238,0.335863095238
2012-10-19 07:06:36,1337,1,5.46436011905,1.20729166667
2012-10-19 07:06:37,1338,1,7.13296130952,1.66860119048
2012-10-19 07:06:38,1339,1,8.69880952381,1.56584821429
2012-10-19 07:06:39,1340,1,9.68630952381,0.9875
2012-10-19 07:06:40,1341,1,9.84444940476,0.158139880952
2012-10-19 07:06:41,1342,1,9.17854166667,-0.665907738095
2012-10-19 07:06:42,1343,1,7.94084821429,-1.23769345238
2012-10-19 07:06:43,1344,1,6.51694940476,-1.42389880952
2012-10-19 07:06:44,1345,1,5.26257440476,-1.254375
2012-10-19 07:06:45,1346,1,4.3959375,-0.866636904762
2012-10-19 07:06:46,1347,1,3.95056547619,-0.44537202381
2012-10-19 07:06:47,1348,1,3.82761904762,-0.122946428571
2012-10-19 07:06:48,1349,1,3.94328869048,0.115669642857
2012-10-19 07:06:49,1350,1,4.3053125,0.362023809524
2012-10-19 07:06:50,1351,1,4.90499255952,0.599680059524
2012-10-19 07:06:51,1352,1,5.54931175595,0.644319196429
2012-10-19 07:06:52,1353,1,5.87274553571,0.323433779762
2012-10-19 07:06:53,1354,1,5.59600074405,-0.276744791667
2012-10-19 07:06:54,1355,1,4.78087053571,-0.815130208333
2012-10-19 07:06:55,1356,1,3.79187872024,-0.988991815476
2012-10-19 07:06:56,1357,1,3.04787946429,-0.743999255952
2012-10-19 07:06:57,1358,1,2.85111607143,-0.196763392857
2012-10-19 07:06:58,1359,1,3.31677827381,0.465662202381
2012-10-19 07:06:59,1360,1,4.29797247024,0.981194196429
2012-10-19 07:07:00,1361,1,5.41804315476,1.12007068452
2012-10-19 07:07:01,1362,1,6.31843377976,0.900390625
2012-10-19 07:07:02,1363,1,6.95554315476,0.637109375
2012-10-19 07:07:03,1364,1,7.64860491071,0.693061755952
2012-10-19 07:07:04,1365,1,8.74579613095,1.09719122024
2012-10-19 07:07:05,1366,1,10.2087053571,1.46290922619
2012-10-19 07:07:06,1367,1,11.6148065476,1.40610119048
2012-10-19 07:07:07,1368,1,12.5692708333,0.954464285714
2012-10-19 07:07:08,1369,1,13.0026785714,0.433407738095
2012-10-19 07:07:09,1370,1,13.0661458333,0.0634672619047
2012-10-19 07:07:10,1371,1,12.8555059524,-0.210639880952
2012-10-19 07:07:11,1372,1,12.3162450397,-0.539260912699
2012-10-19 07:07:12,1373,1,11.3738219246,-0.942423115079
2012-10-19 07:07:13,1374,1,10.067485119,-1.30633680556
2012-10-19 07:07:14,1375,1,8.56628224206,-1.50120287698
2012-10-19 07:07:15,1376,1,7.10838293651,-1.45789930556
2012-10-19 07:07:16,1377,1,5.90119047619,-1.20719246032
2012-10-19 07:07:17,1378,1,5.03387896825,-0.867311507937
2012-10-19 07:07:18,1379,1,4.46083829365,-0.573040674603
2012-10-19 07:07:19,1380,1,4.07321428571,-0.387624007937
2012-10-19 07:07:20,1381,1,3.83395337302,-0.239260912698
2012-10-19 07:07:21,1382,1,3.85280257937,0.0188492063492
2012-10-19 07:07:22,1383,1,4.31056547619,0.457762896825
2012-10-19 07:07:23,1384,1,5.30895337302,0.998387896825
2012-10-19 07:07:24,1385,1,6.72344990079,1.41449652778
2012-10-19 07:07:25,1386,1,8.13474702381,1.41129712302
2012-10-19 07:07:26,1387,1,8.95973462302,0.824987599206
2012-10-19 07:07:27,1388,1,8.72914186508,-0.230592757937
2012-10-19 07:07:28,1389,1,7.32782738095,-1.40131448413
2012-10-19 07:07:29,1390,1,5.10885416667,-2.21897321429
2012-10-19 07:07:30,1391,1,2.84895833333,-2.25989583333
2012-10-19 07:07:31,1392,1,0.0,-2.84895833333
2012-10-19 07:07:54,1415,23,0.0,0.0
2012-10-19 07:07:55,1416,1,3.4978422619,3.4978422619
2012-10-19 07:07:56,1417,1,5.9775297619,2.4796875
2012-10-19 07:07:57,1418,1,8.228125,2.2505952381
2012-10-19 07:07:58,1419,1,9.57038690476,1.34226190476
2012-10-19 07:07:59,1420,1,9.74345238095,0.17306547619
2012-10-19 07:08:00,1421,1,8.94427083333,-0.799181547619
2012-10-19 07:08:01,1422,1,7.74717261905,-1.19709821429
2012-10-19 07:08:02,1423,1,6.87351190476,-0.873660714286
2012-10-19 07:08:03,1424,1,6.89308035714,0.0195684523809
2012-10-19 07:08:04,1425,1,7.909375,1.01629464286
2012-10-19 07:08:05,1426,1,9.44970238095,1.54032738095
2012-10-19 07:08:06,1427,1,10.730952381,1.28125
2012-10-19 07:08:07,1428,1,11.099702381,0.36875
2012-10-19 07:08:08,1429,1,10.3917410714,-0.707961309524
2012-10-19 07:08:09,1430,1,9.06049107143,-1.33125
2012-10-19 07:08:10,1431,1,7.95744047619,-1.10305059524
2012-10-19 07:08:11,1432,1,7.85230654762,-0.105133928571
2012-10-19 07:08:12,1433,1,8.98936011905,1.13705357143
2012-10-19 07:08:13,1434,1,10.9807291667,1.99136904762
2012-10-19 07:08:14,1435,1,13.123139881,2.14241071429
2012-10-19 07:08:15,1436,1,14.8882440476,1.76510416667
2012-10-19 07:08:16,1437,1,16.2161458333,1.32790178571
2012-10-19 07:08:17,1438,1,17.413764881,1.19761904762
2012-10-19 07:08:18,1439,1,18.7689732143,1.35520833333
2012-10-19 07:08:19,1440,1,20.2591517857,1.49017857143
2012-10-19 07:08:20,1441,1,21.6144345238,1.3552827381
2012-10-19 07:08:21,1442,1,22.5912946429,0.976860119048
2012-10-19 07:08:22,1443,1,23.1604910714,0.569196428571
2012-10-19 07:08:23,1444,1,23.4932291667,0.332738095238
2012-10-19 07:08:24,1445,1,23.8302083333,0.336979166667
2012-10-19 07:08:25,1446,1,24.3547619048,0.524553571429
2012-10-19 07:08:26,1447,1,25.1101190476,0.755357142857
2012-10-19 07:08:27,1448,1,25.9727678571,0.862648809524
2012-10-19 07:08:28,1449,1,26.7203869048,0.747619047619
2012-10-19 07:08:29,1450,1,27.1770833333,0.456696428571
2012-10-19 07:08:30,1451,1,27.3270833333,0.15
2012-10-19 07:08:31,1452,1,27.3052827381,-0.0218005952381
2012-10-19 07:08:32,1453,1,27.2785714286,-0.0267113095238
2012-10-19 07:08:33,1454,1,27.3141369048,0.0355654761905
2012-10-19 07:08:34,1455,1,27.3386160714,0.0244791666667
2012-10-19 07:08:35,1456,1,27.1978422619,-0.140773809524
2012-10-19 07:08:36,1457,1,26.7087797619,-0.4890625
2012-10-19 07:08:37,1458,1,25.634375,-1.0744047619
2012-10-19 07:08:38,1459,1,23.6609375,-1.9734375
2012-10-19 07:08:39,1460,1,20.5247767857,-3.13616071429
2012-10-19 07:08:40,1461,1,16.3366666667,-4.18811011905
2012-10-19 07:08:41,1462,1,11.8244940476,-4.51217261905
2012-10-19 07:08:42,1463,1,8.06168154762,-3.7628125
2012-10-19 07:08:43,1464,1,5.79758928571,-2.2640922619
2012-10-19 07:08:44,1465,1,5.02760416667,-0.769985119048
2012-10-19 07:08:45,1466,1,5.12922619048,0.10162202381
2012-10-19 07:08:46,1467,1,5.37203869048,0.2428125
2012-10-19 07:08:47,1468,1,5.43023809524,0.0581994047619
2012-10-19 07:08:48,1469,1,5.54401785714,0.113779761905
2012-10-19 07:08:49,1470,1,6.22602678571,0.682008928571
2012-10-19 07:08:50,1471,1,7.79644345238,1.57041666667
2012-10-19 07:08:51,1472,1,10.151860119,2.35541666667
2012-10-19 07:08:52,1473,1,12.8823958333,2.73053571429
2012-10-19 07:08:53,1474,1,15.5537946429,2.67139880952
2012-10-19 07:08:54,1475,1,17.9518452381,2.39805059524
2012-10-19 07:08:55,1476,1,20.0914583333,2.13961309524
2012-10-19 07:08:56,1477,1,21.9566964286,1.86523809524
2012-10-19 07:08:57,1478,1,23.3202380952,1.36354166667
2012-10-19 07:08:58,1479,1,23.8732886905,0.553050595238
2012-10-19 07:08:59,1480,1,23.4305059524,-0.442782738095
2012-10-19 07:09:00,1481,1,21.9948660714,-1.43563988095
2012-10-19 07:09:01,1482,1,19.7320684524,-2.26279761905
2012-10-19 07:09:02,1483,1,16.9316220238,-2.80044642857
2012-10-19 07:09:03,1484,1,13.9470982143,-2.98452380952
2012-10-19 07:09:04,1485,1,11.0954613095,-2.85163690476
2012-10-19 07:09:05,1486,1,8.63444940476,-2.46101190476
2012-10-19 07:09:06,1487,1,6.89255952381,-1.74188988095
2012-10-19 07:09:07,1488,1,6.27738095238,-0.615178571429
2012-10-19 07:09:08,1489,1,7.01979166667,0.742410714286
2012-10-19 07:09:09,1490,1,9.00714285714,1.98735119048
2012-10-19 07:09:10,1491,1,11.8994047619,2.89226190476
2012-10-19 07:09:11,1492,1,15.3186755952,3.41927083333
2012-10-19 07:09:12,1493,1,18.9603422619,3.64166666667
2012-10-19 07:09:13,1494,1,22.5754464286,3.61510416667
2012-10-19 07:09:14,1495,1,25.8571428571,3.28169642857
2012-10-19 07:09:15,1496,1,28.4542410714,2.59709821429
2012-10-19 07:09:16,1497,1,30.1694196429,1.71517857143
2012-10-19 07:09:17,1498,1,31.0618303571,0.892410714286
2012-10-19 07:09:18,1499,1,31.3357886905,0.273958333333
2012-10-19 07:09:19,1500,1,31.2317708333,-0.104017857143
2012-10-19 07:09:20,1501,1,31.0107142857,-0.221056547619
2012-10-19 07:09:21,1502,1,30.9029017857,-0.1078125
2012-10-19 07:09:22,1503,1,31.0211309524,0.118229166667
2012-10-19 07:09:23,1504,1,31.3523809524,0.33125
2012-10-19 07:09:24,1505,1,31.8203869048,0.468005952381
2012-10-19 07:09:25,1506,1,32.3406994048,0.5203125
2012-10-19 07:09:26,1507,1,32.8494791667,0.508779761905
2012-10-19 07:09:27,1508,1,33.3174107143,0.467931547619
2012-10-19 07:09:28,1509,1,33.7435267857,0.426116071429
2012-10-19 07:09:29,1510,1,34.1279761905,0.384449404762
2012-10-19 07:09:30,1511,1,34.4402529762,0.312276785714
2012-10-19 07:09:31,1512,1,34.6053571429,0.165104166667
2012-10-19 07:09:32,1513,1,34.514360119,-0.0909970238095
2012-10-19 07:09:33,1514,1,34.0404761905,-0.473883928571
2012-10-19 07:09:34,1515,1,33.0794642857,-0.961011904762
2012-10-19 07:09:35,1516,1,31.6505208333,-1.42894345238
2012-10-19 07:09:36,1517,1,29.9648065476,-1.68571428571
2012-10-19 07:09:37,1518,1,28.3390625,-1.62574404762
2012-10-19 07:09:38,1519,1,27.0111607143,-1.32790178571
2012-10-19 07:09:39,1520,1,25.9848958333,-1.02626488095
2012-10-19 07:09:40,1521,1,25.0111607143,-0.973735119048
2012-10-19 07:09:41,1522,1,23.798735119,-1.21242559524
2012-10-19 07:09:42,1523,1,22.3010416667,-1.49769345238
2012-10-19 07:09:43,1524,1,20.7579613095,-1.54308035714
2012-10-19 07:09:44,1525,1,19.4825892857,-1.27537202381
2012-10-19 07:09:45,1526,1,18.6450892857,-0.8375
2012-10-19 07:09:46,1527,1,18.1998511905,-0.445238095238
2012-10-19 07:09:47,1528,1,17.971577381,-0.228273809524
2012-10-19 07:09:48,1529,1,17.8058779762,-0.165699404762
2012-10-19 07:09:49,1530,1,17.6189732143,-0.186904761905
2012-10-19 07:09:50,1531,1,17.3473958333,-0.271577380952
2012-10-19 07:09:51,1532,1,16.9484375,-0.398958333333
2012-10-19 07:09:52,1533,1,16.4592261905,-0.489211309524
2012-10-19 07:09:53,1534,1,15.9915922619,-0.467633928571
2012-10-19 07:09:54,1535,1,15.657514881,-0.334077380952
2012-10-19 07:09:55,1536,1,15.5273809524,-0.130133928571
2012-10-19 07:09:56,1537,1,15.6616815476,0.134300595238
2012-10-19 07:09:57,1538,1,16.1677827381,0.506101190476
2012-10-19 07:09:58,1539,1,17.1868303571,1.01904761905
2012-10-19 07:09:59,1540,1,18.7529761905,1.56614583333
2012-10-19 07:10:00,1541,1,20.6453869048,1.89241071429
2012-10-19 07:10:01,1542,1,22.4525297619,1.80714285714
2012-10-19 07:10:02,1543,1,23.8415922619,1.3890625
2012-10-19 07:10:03,1544,1,24.764360119,0.922767857143
2012-10-19 07:10:04,1545,1,25.4134672619,0.649107142857
2012-10-19 07:10:05,1546,1,25.9885416667,0.575074404762
2012-10-19 07:10:06,1547,1,26.489360119,0.500818452381
2012-10-19 07:10:07,1548,1,26.7503720238,0.261011904762
2012-10-19 07:10:08,1549,1,26.6602678571,-0.0901041666666
2012-10-19 07:10:09,1550,1,26.2782738095,-0.381994047619
2012-10-19 07:10:10,1551,1,25.7522321429,-0.526041666667
2012-10-19 07:10:11,1552,1,25.2027529762,-0.549479166667
2012-10-19 07:10:12,1553,1,24.6921875,-0.510565476191
2012-10-19 07:10:13,1554,1,24.2633184524,-0.428869047619
2012-10-19 07:10:14,1555,1,23.9723214286,-0.29099702381
2012-10-19 07:10:15,1556,1,23.8577380952,-0.114583333333
2012-10-19 07:10:16,1557,1,23.8901785714,0.0324404761905
2012-10-19 07:10:17,1558,1,23.9681547619,0.0779761904762
2012-10-19 07:10:18,1559,1,23.9305059524,-0.0376488095239
2012-10-19 07:10:19,1560,1,23.5501488095,-0.380357142857
2012-10-19 07:10:20,1561,1,22.5492559524,-1.00089285714
2012-10-19 07:10:21,1562,1,20.697172619,-1.85208333333
2012-10-19 07:10:22,1563,1,17.9727595899,-2.7244130291
2012-10-19 07:10:23,1564,1,14.6429150132,-3.32984457672
2012-10-19 07:10:24,1565,1,11.1631944444,-3.47972056878
2012-10-19 07:10:25,1566,1,8.00725859788,-3.15593584656
2012-10-19 07:10:26,1567,1,5.53081183862,-2.47644675926
2012-10-19 07:10:27,1568,1,3.88487103175,-1.64594080688
2012-10-19 07:10:28,1569,1,3.01144179894,-0.873429232804
2012-10-19 07:10:29,1570,1,2.7078042328,-0.303637566138
2012-10-19 07:10:30,1571,1,2.70969742063,0.00189318783069
2012-10-19 07:10:31,1572,1,2.79163359788,0.0819361772487
2012-10-19 07:10:32,1573,1,2.8382771164,0.0466435185185
2012-10-19 07:10:33,1574,1,2.86500496032,0.0267278439153
2012-10-19 07:10:34,1575,1,3.04249338624,0.177488425926
2012-10-19 07:10:35,1576,1,3.64711474868,0.604621362434
2012-10-19 07:10:36,1577,1,4.86341765873,1.21630291005
2012-10-19 07:10:37,1578,1,6.61665839947,1.75324074074
2012-10-19 07:10:38,1579,1,8.6201223545,2.00346395503
2012-10-19 07:10:39,1580,1,10.6086805556,1.98855820106
2012-10-19 07:10:40,1581,1,12.5519510582,1.94327050265
2012-10-19 07:10:41,1582,1,14.6197999339,2.06784887566
2012-10-19 07:10:42,1583,1,16.945014881,2.32521494709
2012-10-19 07:10:43,1584,1,19.4439732143,2.49895833333
2012-10-19 07:10:44,1585,1,21.8330357143,2.3890625
2012-10-19 07:10:45,1586,1,23.7895089286,1.95647321429
2012-10-19 07:10:46,1587,1,25.1084821429,1.31897321429
2012-10-19 07:10:47,1588,1,25.7584077381,0.649925595238
2012-10-19 07:10:48,1589,1,25.8587053571,0.100297619048
2012-10-19 07:10:49,1590,1,25.5756696429,-0.283035714286
2012-10-19 07:10:50,1591,1,24.9473214286,-0.628348214286
2012-10-19 07:10:51,1592,1,23.7671130952,-1.18020833333
2012-10-19 07:10:52,1593,1,21.6595982143,-2.10751488095
2012-10-19 07:10:53,1594,1,18.405952381,-3.25364583333
2012-10-19 07:10:54,1595,1,14.3411458333,-4.06480654762
2012-10-19 07:10:55,1596,1,10.4052827381,-3.93586309524
2012-10-19 07:10:56,1597,1,7.71168154762,-2.69360119048
2012-10-19 07:10:57,1598,1,6.94025297619,-0.771428571429
2012-10-19 07:10:58,1599,1,7.94270833333,1.00245535714
2012-10-19 07:10:59,1600,1,9.86220238095,1.91949404762
2012-10-19 07:11:00,1601,1,11.7370535714,1.87485119048
2012-10-19 07:11:01,1602,1,13.0619047619,1.32485119048
2012-10-19 07:11:02,1603,1,13.8633928571,0.801488095238
2012-10-19 07:11:03,1604,1,14.3970238095,0.533630952381
2012-10-19 07:11:04,1605,1,14.8264880952,0.429464285714
2012-10-19 07:11:05,1606,1,15.1244791667,0.297991071429
2012-10-19 07:11:06,1607,1,15.2066964286,0.0822172619047
2012-10-19 07:11:07,1608,1,15.128422619,-0.0782738095238
2012-10-19 07:11:08,1609,1,15.1464285714,0.018005952381
2012-10-19 07:11:09,1610,1,15.6051339286,0.458705357143
2012-10-19 07:11:10,1611,1,16.7827380952,1.17760416667
2012-10-19 07:11:11,1612,1,18.7808035714,1.99806547619
2012-10-19 07:11:12,1613,1,21.438764881,2.65796130952
2012-10-19 07:11:13,1614,1,24.3705357143,2.93177083333
2012-10-19 07:11:14,1615,1,27.1677827381,2.79724702381
2012-10-19 07:11:15,1616,1,29.5598214286,2.39203869048
2012-10-19 07:11:16,1617,1,31.4313244048,1.87150297619
2012-10-19 07:11:17,1618,1,32.8141369048,1.3828125
2012-10-19 07:11:18,1619,1,33.8510416667,1.0369047619
2012-10-19 07:11:19,1620,1,34.6858630952,0.834821428571
2012-10-19 07:11:20,1621,1,35.3830357143,0.697172619048
2012-10-19 07:11:21,1622,1,35.9519345238,0.568898809524
2012-10-19 07:11:22,1623,1,36.4154017857,0.463467261905
2012-10-19 07:11:23,1624,1,36.8396577381,0.424255952381
2012-10-19 07:11:24,1625,1,37.278422619,0.438764880952
2012-10-19 07:11:25,1626,1,37.6830357143,0.404613095238
2012-10-19 07:11:26,1627,1,37.9474702381,0.264434523809
2012-10-19 07:11:27,1628,1,38.0859375,0.138467261905
2012-10-19 07:11:28,1629,1,38.2744791667,0.188541666667
2012-10-19 07:11:29,1630,1,38.6704613095,0.395982142857
2012-10-19 07:11:30,1631,1,39.2552827381,0.584821428571
2012-10-19 07:11:31,1632,1,39.8770833333,0.621800595238
2012-10-19 07:11:32,1633,1,40.4148809524,0.537797619048
2012-10-19 07:11:33,1634,1,40.8869047619,0.472023809524
2012-10-19 07:11:34,1635,1,41.408110119,0.521205357143
2012-10-19 07:11:35,1636,1,42.0675595238,0.659449404762
2012-10-19 07:11:36,1637,1,42.8628720238,0.7953125
2012-10-19 07:11:37,1638,1,43.7313988095,0.868526785714
2012-10-19 07:11:38,1639,1,44.6075892857,0.87619047619
2012-10-19 07:11:39,1640,1,45.4369791667,0.829389880952
2012-10-19 07:11:40,1641,1,46.1582589286,0.721279761905
2012-10-19 07:11:41,1642,1,46.7103422619,0.552083333333
2012-10-19 07:11:42,1643,1,47.0729910714,0.362648809524
2012-10-19 07:11:43,1644,1,47.2780505952,0.205059523809
2012-10-19 07:11:44,1645,1,47.3438244048,0.0657738095238
2012-10-19 07:11:45,1646,1,47.209077381,-0.134747023809
2012-10-19 07:11:46,1647,1,46.8073660714,-0.401711309524
2012-10-19 07:11:47,1648,1,46.2536458333,-0.553720238095
2012-10-19 07:11:48,1649,1,45.9105654762,-0.343080357143
2012-10-19 07:11:49,1650,1,46.18125,0.270684523809
2012-10-19 07:11:50,1651,1,47.1791666667,0.997916666667
2012-10-19 07:11:51,1652,1,48.617485119,1.43831845238
2012-10-19 07:11:52,1653,1,50.0605654762,1.44308035714
2012-10-19 07:11:53,1654,1,51.2662202381,1.2056547619
2012-10-19 07:11:54,1655,1,52.2802083333,1.01398809524
2012-10-19 07:11:55,1656,1,53.270014881,0.989806547619
2012-10-19 07:11:56,1657,1,54.3236607143,1.05364583333
2012-10-19 07:11:57,1658,1,55.4055059524,1.0818452381
2012-10-19 07:11:58,1659,1,56.4567708333,1.05126488095
2012-10-19 07:11:59,1660,1,57.4625,1.00572916667
2012-10-19 07:12:00,1661,1,58.4002232143,0.937723214286
2012-10-19 07:12:01,1662,1,59.178125,0.777901785714
2012-10-19 07:12:02,1663,1,59.665625,0.4875
2012-10-19 07:12:03,1664,1,59.7840029762,0.118377976191
2012-10-19 07:12:04,1665,1,59.5648065476,-0.219196428571
2012-10-19 07:12:05,1666,1,59.1289434524,-0.435863095238
2012-10-19 07:12:06,1667,1,58.6145089286,-0.51443452381
2012-10-19 07:12:07,1668,1,58.1210565476,-0.493452380952
2012-10-19 07:12:08,1669,1,57.7021577381,-0.418898809524
2012-10-19 07:12:09,1670,1,57.3761904762,-0.325967261905
2012-10-19 07:12:10,1671,1,57.1340029762,-0.2421875
2012-10-19 07:12:11,1672,1,56.9540922619,-0.179910714286
2012-10-19 07:12:12,1673,1,56.8186755952,-0.135416666667
2012-10-19 07:12:13,1674,1,56.7194940476,-0.0991815476191
2012-10-19 07:12:14,1675,1,56.6582589286,-0.0612351190476
2012-10-19 07:12:15,1676,1,56.6404761905,-0.0177827380952
2012-10-19 07:12:16,1677,1,56.664360119,0.0238839285714
2012-10-19 07:12:17,1678,1,56.7136160714,0.049255952381
2012-10-19 07:12:18,1679,1,56.7588541667,0.0452380952381
2012-10-19 07:12:19,1680,1,56.7770089286,0.0181547619047
2012-10-19 07:12:20,1681,1,56.7822916667,0.0052827380953
2012-10-19 07:12:21,1682,1,56.8354166667,0.053125
2012-10-19 07:12:22,1683,1,57.0105654762,0.175148809524
2012-10-19 07:12:23,1684,1,57.334672619,0.324107142857
2012-10-19 07:12:24,1685,1,57.7469494048,0.412276785714
2012-10-19 07:12:25,1686,1,58.1241071429,0.377157738095
2012-10-19 07:12:26,1687,1,58.3409970238,0.216889880952
2012-10-19 07:12:27,1688,1,58.294047619,-0.0469494047619
2012-10-19 07:12:28,1689,1,57.9008928571,-0.393154761905
2012-10-19 07:12:29,1690,1,57.1369047619,-0.763988095238
2012-10-19 07:12:30,1691,1,56.076860119,-1.06004464286
2012-10-19 07:12:31,1692,1,54.8763392857,-1.20052083333
2012-10-19 07:12:32,1693,1,53.695014881,-1.18132440476
2012-10-19 07:12:33,1694,1,52.5965029762,-1.09851190476
2012-10-19 07:12:34,1695,1,51.5058035714,-1.09069940476
2012-10-19 07:12:35,1696,1,50.3052083333,-1.2005952381
2012-10-19 07:12:36,1697,1,48.9728422619,-1.33236607143
2012-10-19 07:12:37,1698,1,47.5883928571,-1.38444940476
2012-10-19 07:12:38,1699,1,46.2227678571,-1.365625
2012-10-19 07:12:39,1700,1,44.8621279762,-1.36063988095
2012-10-19 07:12:40,1701,1,43.4348214286,-1.42730654762
2012-10-19 07:12:41,1702,1,41.90625,-1.52857142857
2012-10-19 07:12:42,1703,1,40.3482886905,-1.55796130952
2012-10-19 07:12:43,1704,1,38.9042410714,-1.44404761905
2012-10-19 07:12:44,1705,1,37.694047619,-1.21019345238
2012-10-19 07:12:45,1706,1,36.7546875,-0.939360119048
2012-10-19 07:12:46,1707,1,36.0328125,-0.721875
2012-10-19 07:12:47,1708,1,35.4115327381,-0.621279761905
2012-10-19 07:12:48,1709,1,34.7558779762,-0.655654761905
2012-10-19 07:12:49,1710,1,33.9540922619,-0.801785714286
2012-10-19 07:12:50,1711,1,32.9261160714,-1.02797619048
2012-10-19 07:12:51,1712,1,31.587797619,-1.33831845238
2012-10-19 07:12:52,1713,1,29.8564732143,-1.73132440476
2012-10-19 07:12:53,1714,1,27.7622767857,-2.09419642857
2012-10-19 07:12:54,1715,1,25.5479910714,-2.21428571429
2012-10-19 07:12:55,1716,1,23.6401041667,-1.90788690476
2012-10-19 07:12:56,1717,1,22.4738839286,-1.1662202381
2012-10-19 07:12:57,1718,1,22.2363095238,-0.237574404762
2012-10-19 07:12:58,1719,1,22.7568452381,0.520535714286
2012-10-19 07:12:59,1720,1,23.659375,0.902529761905
2012-10-19 07:13:00,1721,1,24.564360119,0.904985119048
2012-10-19 07:13:01,1722,1,25.2017113095,0.637351190476
2012-10-19 07:13:02,1723,1,25.4679315476,0.266220238095
2012-10-19 07:13:03,1724,1,25.4011904762,-0.0667410714285
2012-10-19 07:13:04,1725,1,25.0982142857,-0.302976190476
2012-10-19 07:13:05,1726,1,24.6600446429,-0.438169642857
2012-10-19 07:13:06,1727,1,24.1516369048,-0.508407738095
2012-10-19 07:13:07,1728,1,23.5733630952,-0.578273809524
2012-10-19 07:13:08,1729,1,22.8891369048,-0.684226190476
2012-10-19 07:13:09,1730,1,22.0585565476,-0.830580357143
2012-10-19 07:13:10,1731,1,21.0360119048,-1.02254464286
2012-10-19 07:13:11,1732,1,19.791889881,-1.24412202381
2012-10-19 07:13:12,1733,1,18.3566220238,-1.43526785714
2012-10-19 07:13:13,1734,1,16.8604166667,-1.49620535714
2012-10-19 07:13:14,1735,1,15.5453125,-1.31510416667
2012-10-19 07:13:15,1736,1,14.6697172619,-0.875595238095
2012-10-19 07:13:16,1737,1,14.3371279762,-0.332589285714
2012-10-19 07:13:17,1738,1,14.4154761905,0.0783482142857
2012-10-19 07:13:18,1739,1,14.600297619,0.184821428571
2012-10-19 07:13:19,1740,1,14.5782738095,-0.0220238095238
2012-10-19 07:13:20,1741,1,14.2172619048,-0.361011904762
2012-10-19 07:13:21,1742,1,13.6195684524,-0.597693452381
2012-10-19 07:13:22,1743,1,12.9908482143,-0.628720238095
2012-10-19 07:13:23,1744,1,12.4990327381,-0.49181547619
2012-10-19 07:13:24,1745,1,12.2247767857,-0.274255952381
2012-10-19 07:13:25,1746,1,12.1361607143,-0.0886160714286
2012-10-19 07:13:26,1747,1,12.0688244048,-0.0673363095238
2012-10-19 07:13:27,1748,1,11.7860863095,-0.282738095238
2012-10-19 07:13:28,1749,1,11.1368303571,-0.649255952381
2012-10-19 07:13:29,1750,1,10.1966517857,-0.940178571429
2012-10-19 07:13:30,1751,1,9.24211309524,-0.954538690476
2012-10-19 07:13:31,1752,1,8.55855654762,-0.683556547619
2012-10-19 07:13:32,1753,1,8.26532738095,-0.293229166667
2012-10-19 07:13:33,1754,1,8.30148809524,0.0361607142857
2012-10-19 07:13:34,1755,1,8.51569940476,0.214211309524
2012-10-19 07:13:35,1756,1,8.74263392857,0.22693452381
2012-10-19 07:13:36,1757,1,8.84977678571,0.107142857143
2012-10-19 07:13:37,1758,1,8.80714285714,-0.0426339285714
2012-10-19 07:13:38,1759,1,8.7515625,-0.0555803571429
2012-10-19 07:13:39,1760,1,8.9040922619,0.152529761905
2012-10-19 07:13:40,1761,1,9.36525297619,0.461160714286
2012-10-19 07:13:41,1762,1,10.0554315476,0.690178571429
2012-10-19 07:13:42,1763,1,10.8567708333,0.801339285714
2012-10-19 07:13:43,1764,1,11.7235119048,0.866741071429
2012-10-19 07:13:44,1765,1,12.6598214286,0.93630952381
2012-10-19 07:13:45,1766,1,13.6245535714,0.964732142857
2012-10-19 07:13:46,1767,1,14.4648809524,0.840327380952
2012-10-19 07:13:47,1768,1,15.0165178571,0.551636904762
2012-10-19 07:13:48,1769,1,15.2953125,0.278794642857
2012-10-19 07:13:49,1770,1,15.5367559524,0.241443452381
2012-10-19 07:13:50,1771,1,16.0633184524,0.5265625
2012-10-19 07:13:51,1772,1,17.1126488095,1.04933035714
2012-10-19 07:13:52,1773,1,18.6976934524,1.58504464286
2012-10-19 07:13:53,1774,1,20.5829613095,1.88526785714
2012-10-19 07:13:54,1775,1,22.4185267857,1.83556547619
2012-10-19 07:13:55,1776,1,23.9178571429,1.49933035714
2012-10-19 07:13:56,1777,1,24.9454613095,1.02760416667
2012-10-19 07:13:57,1778,1,25.5058779762,0.560416666667
2012-10-19 07:13:58,1779,1,25.7066964286,0.200818452381
2012-10-19 07:13:59,1780,1,25.7296130952,0.0229166666667
2012-10-19 07:14:00,1781,1,25.7805803571,0.0509672619048
2012-10-19 07:14:01,1782,1,26.0043154762,0.223735119048
2012-10-19 07:14:02,1783,1,26.4162946429,0.411979166667
2012-10-19 07:14:03,1784,1,26.9282738095,0.511979166667
2012-10-19 07:14:04,1785,1,27.4530505952,0.524776785714
2012-10-19 07:14:05,1786,1,27.9761160714,0.52306547619
2012-10-19 07:14:06,1787,1,28.5292410714,0.553125
2012-10-19 07:14:07,1788,1,29.1212797619,0.592038690476
2012-10-19 07:14:08,1789,1,29.7185267857,0.59724702381
2012-10-19 07:14:09,1790,1,30.298735119,0.580208333333
2012-10-19 07:14:10,1791,1,30.9060267857,0.607291666667
2012-10-19 07:14:11,1792,1,31.6166666667,0.710639880952
2012-10-19 07:14:12,1793,1,32.4347470238,0.818080357143
2012-10-19 07:14:13,1794,1,33.2447172619,0.809970238095
2012-10-19 07:14:14,1795,1,33.8771577381,0.63244047619
2012-10-19 07:14:15,1796,1,34.1972470238,0.320089285714
2012-10-19 07:14:16,1797,1,34.1354910714,-0.0617559523809
2012-10-19 07:14:17,1798,1,33.6805059524,-0.454985119048
2012-10-19 07:14:18,1799,1,32.8729910714,-0.807514880952
2012-10-19 07:14:19,1800,1,31.8037202381,-1.06927083333
2012-10-19 07:14:20,1801,1,30.6040922619,-1.19962797619
2012-10-19 07:14:21,1802,1,29.4226934524,-1.18139880952
2012-10-19 07:14:22,1803,1,28.3790178571,-1.04367559524
2012-10-19 07:14:23,1804,1,27.5204613095,-0.858556547619
2012-10-19 07:14:24,1805,1,26.837202381,-0.683258928571
2012-10-19 07:14:25,1806,1,26.3056547619,-0.531547619048
2012-10-19 07:14:26,1807,1,25.8997767857,-0.40587797619
2012-10-19 07:14:27,1808,1,25.6045386905,-0.295238095238
2012-10-19 07:14:28,1809,1,25.4470238095,-0.157514880952
2012-10-19 07:14:29,1810,1,25.479389881,0.0323660714286
2012-10-19 07:14:30,1811,1,25.7076636905,0.228273809524
2012-10-19 07:14:31,1812,1,26.0389880952,0.331324404762
2012-10-19 07:14:32,1813,1,26.309077381,0.270089285714
2012-10-19 07:14:33,1814,1,26.396875,0.0877976190476
2012-10-19 07:14:34,1815,1,26.3427083333,-0.0541666666667
2012-10-19 07:14:35,1816,1,26.3446428571,0.0019345238096
2012-10-19 07:14:36,1817,1,26.6181547619,0.273511904762
2012-10-19 07:14:37,1818,1,27.25,0.631845238095
2012-10-19 07:14:38,1819,1,28.1651041667,0.915104166667
2012-10-19 07:14:39,1820,1,29.198139881,1.03303571429
2012-10-19 07:14:40,1821,1,30.1969494048,0.998809523809
2012-10-19 07:14:41,1822,1,31.0804315476,0.883482142857
2012-10-19 07:14:42,1823,1,31.8123511905,0.731919642857
2012-10-19 07:14:43,1824,1,32.378422619,0.566071428571
2012-10-19 07:14:44,1825,1,32.845610119,0.4671875
2012-10-19 07:14:45,1826,1,33.3986607143,0.553050595238
2012-10-19 07:14:46,1827,1,34.2583333333,0.859672619048
2012-10-19 07:14:47,1828,1,35.538764881,1.28043154762
2012-10-19 07:14:48,1829,1,37.1334821429,1.5947172619
2012-10-19 07:14:49,1830,1,38.7279761905,1.59449404762
2012-10-19 07:14:50,1831,1,39.970014881,1.24203869048
2012-10-19 07:14:51,1832,1,40.6573660714,0.687351190476
2012-10-19 07:14:52,1833,1,40.8180059524,0.160639880952
2012-10-19 07:14:53,1834,1,40.684375,-0.133630952381
2012-10-19 07:14:54,1835,1,40.5646577381,-0.119717261905
2012-10-19 07:14:55,1836,1,40.6491815476,0.0845238095239
2012-10-19 07:14:56,1837,1,40.8857142857,0.236532738095
2012-10-19 07:14:57,1838,1,41.0157738095,0.130059523809
2012-10-19 07:14:58,1839,1,40.7361607143,-0.279613095238
2012-10-19 07:14:59,1840,1,39.8773809524,-0.858779761905
2012-10-19 07:15:00,1841,1,38.4936755952,-1.38370535714
2012-10-19 07:15:01,1842,1,36.822172619,-1.67150297619
2012-10-19 07:15:02,1843,1,35.1485119048,-1.67366071429
2012-10-19 07:15:03,1844,1,33.6723214286,-1.47619047619
2012-10-19 07:15:04,1845,1,32.4652529762,-1.20706845238
2012-10-19 07:15:05,1846,1,31.5337797619,-0.931473214286
2012-10-19 07:15:06,1847,1,30.8942708333,-0.639508928571
2012-10-19 07:15:07,1848,1,30.55625,-0.338020833333
2012-10-19 07:15:08,1849,1,30.4459077381,-0.110342261905
2012-10-19 07:15:09,1850,1,30.410639881,-0.0352678571428
2012-10-19 07:15:10,1851,1,30.3276041667,-0.0830357142857
2012-10-19 07:15:11,1852,1,30.1716517857,-0.155952380952
2012-10-19 07:15:12,1853,1,29.9420386905,-0.229613095238
2012-10-19 07:15:13,1854,1,29.5453869048,-0.396651785714
2012-10-19 07:15:14,1855,1,28.8206845238,-0.724702380952
2012-10-19 07:15:15,1856,1,27.6884672619,-1.1322172619
2012-10-19 07:15:16,1857,1,26.2070684524,-1.48139880952
2012-10-19 07:15:17,1858,1,24.4753720238,-1.73169642857
2012-10-19 07:15:18,1859,1,22.5203125,-1.95505952381
2012-10-19 07:15:19,1860,1,20.2959821429,-2.22433035714
2012-10-19 07:15:20,1861,1,17.8282738095,-2.46770833333
2012-10-19 07:15:21,1862,1,15.3414434524,-2.48683035714
2012-10-19 07:15:22,1863,1,13.1775297619,-2.16391369048
2012-10-19 07:15:23,1864,1,11.6243303571,-1.55319940476
2012-10-19 07:15:24,1865,1,10.8218005952,-0.802529761905
2012-10-19 07:15:25,1866,1,10.7072172619,-0.114583333333
2012-10-19 07:15:26,1867,1,10.9834821429,0.276264880952
2012-10-19 07:15:27,1868,1,11.1808035714,0.197321428571
2012-10-19 07:15:28,1869,1,10.8421875,-0.338616071429
2012-10-19 07:15:29,1870,1,9.79040178571,-1.05178571429
2012-10-19 07:15:30,1871,1,8.30558035714,-1.48482142857
2012-10-19 07:15:31,1872,1,7.03110119048,-1.27447916667
2012-10-19 07:15:32,1873,1,6.63482142857,-0.396279761905
2012-10-19 07:15:33,1874,1,7.43511904762,0.800297619048
2012-10-19 07:15:34,1875,1,9.23266369048,1.79754464286
2012-10-19 07:15:35,1876,1,11.4828125,2.25014880952
2012-10-19 07:15:36,1877,1,13.6833333333,2.20052083333
2012-10-19 07:15:37,1878,1,15.6523065476,1.96897321429
2012-10-19 07:15:38,1879,1,17.4878720238,1.83556547619
2012-10-19 07:15:39,1880,1,19.2958333333,1.80796130952
2012-10-19 07:15:40,1881,1,20.9805803571,1.68474702381
2012-10-19 07:15:41,1882,1,22.3397321429,1.35915178571
2012-10-19 07:15:42,1883,1,23.3331845238,0.993452380952
2012-10-19 07:15:43,1884,1,24.1719494048,0.838764880952
2012-10-19 07:15:44,1885,1,25.1377232143,0.965773809524
2012-10-19 07:15:45,1886,1,26.3581845238,1.22046130952
2012-10-19 07:15:46,1887,1,27.753125,1.39494047619
2012-10-19 07:15:47,1888,1,29.1578869048,1.40476190476
2012-10-19 07:15:48,1889,1,30.4566964286,1.29880952381
2012-10-19 07:15:49,1890,1,31.6104166667,1.1537202381
2012-10-19 07:15:50,1891,1,32.6227678571,1.01235119048
2012-10-19 07:15:51,1892,1,33.5116071429,0.888839285714
2012-10-19 07:15:52,1893,1,34.2985119048,0.786904761905
2012-10-19 07:15:53,1894,1,35.0068452381,0.708333333333
2012-10-19 07:15:54,1895,1,35.6519345238,0.645089285714
2012-10-19 07:15:55,1896,1,36.2369791667,0.585044642857
2012-10-19 07:15:56,1897,1,36.7818452381,0.544866071429
2012-10-19 07:15:57,1898,1,37.3438988095,0.562053571429
2012-10-19 07:15:58,1899,1,37.975297619,0.631398809524
2012-10-19 07:15:59,1900,1,38.6593005952,0.68400297619
2012-10-19 07:16:00,1901,1,39.3043154762,0.645014880952
2012-10-19 07:16:01,1902,1,39.8063988095,0.502083333333
2012-10-19 07:16:02,1903,1,40.1259672619,0.319568452381
2012-10-19 07:16:03,1904,1,40.3099702381,0.18400297619
2012-10-19 07:16:04,1905,1,40.4503720238,0.140401785714
2012-10-19 07:16:05,1906,1,40.6330357143,0.182663690476
2012-10-19 07:16:06,1907,1,40.9094494048,0.276413690476
2012-10-19 07:16:07,1908,1,41.2851934524,0.375744047619
2012-10-19 07:16:08,1909,1,41.7183035714,0.433110119048
2012-10-19 07:16:09,1910,1,42.132514881,0.414211309524
2012-10-19 07:16:10,1911,1,42.4552827381,0.322767857143
2012-10-19 07:16:11,1912,1,42.6590029762,0.203720238095
2012-10-19 07:16:12,1913,1,42.7616815476,0.102678571428
2012-10-19 07:16:13,1914,1,42.7991815476,0.0375
2012-10-19 07:16:14,1915,1,42.8214285714,0.0222470238096
2012-10-19 07:16:15,1916,1,42.9055803571,0.0841517857143
2012-10-19 07:16:16,1917,1,43.1363095238,0.230729166667
2012-10-19 07:16:17,1918,1,43.5563244048,0.420014880952
2012-10-19 07:16:18,1919,1,44.134077381,0.57775297619
2012-10-19 07:16:19,1920,1,44.7722470238,0.638169642857
2012-10-19 07:16:20,1921,1,45.3549107143,0.582663690476
2012-10-19 07:16:21,1922,1,45.815625,0.460714285714
2012-10-19 07:16:22,1923,1,46.1798363095,0.364211309524
2012-10-19 07:16:23,1924,1,46.5398809524,0.360044642857
2012-10-19 07:16:24,1925,1,46.9772321429,0.437351190476
2012-10-19 07:16:25,1926,1,47.4875744048,0.510342261905
2012-10-19 07:16:26,1927,1,47.9697172619,0.482142857143
2012-10-19 07:16:27,1928,1,48.3141369048,0.344419642857
2012-10-19 07:16:28,1929,1,48.5241815476,0.210044642857
2012-10-19 07:16:29,1930,1,48.7292410714,0.20505952381
2012-10-19 07:16:30,1931,1,49.0674107143,0.338169642857
2012-10-19 07:16:31,1932,1,49.5636160714,0.496205357143
2012-10-19 07:16:32,1933,1,50.106547619,0.542931547619
2012-10-19 07:16:33,1934,1,50.5276785714,0.421130952381
2012-10-19 07:16:34,1935,1,50.705952381,0.178273809524
2012-10-19 07:16:35,1936,1,50.6072916667,-0.0986607142857
2012-10-19 07:16:36,1937,1,50.2694196429,-0.33787202381
2012-10-19 07:16:37,1938,1,49.8000744048,-0.469345238095
2012-10-19 07:16:38,1939,1,49.3630952381,-0.436979166667
2012-10-19 07:16:39,1940,1,49.101860119,-0.261235119048
2012-10-19 07:16:40,1941,1,49.0574404762,-0.0444196428571
2012-10-19 07:16:41,1942,1,49.1618303571,0.104389880952
2012-10-19 07:16:42,1943,1,49.3072172619,0.145386904762
2012-10-19 07:16:43,1944,1,49.4323660714,0.125148809524
2012-10-19 07:16:44,1945,1,49.5504464286,0.118080357143
2012-10-19 07:16:45,1946,1,49.7020089286,0.1515625
2012-10-19 07:16:46,1947,1,49.8961309524,0.19412202381
2012-10-19 07:16:47,1948,1,50.0816220238,0.185491071429
2012-10-19 07:16:48,1949,1,50.1472470238,0.065625
2012-10-19 07:16:49,1950,1,49.9671875,-0.180059523809
2012-10-19 07:16:50,1951,1,49.4897321429,-0.477455357143
2012-10-19 07:16:51,1952,1,48.8008928571,-0.688839285714
2012-10-19 07:16:52,1953,1,48.093452381,-0.70744047619
2012-10-19 07:16:53,1954,1,47.5578869048,-0.53556547619
2012-10-19 07:16:54,1955,1,47.2892857143,-0.268601190476
2012-10-19 07:16:55,1956,1,47.2851190476,-0.0041666666667
2012-10-19 07:16:56,1957,1,47.5094494048,0.224330357143
2012-10-19 07:16:57,1958,1,47.9294642857,0.420014880952
2012-10-19 07:16:58,1959,1,48.4763392857,0.546875
2012-10-19 07:16:59,1960,1,49.001860119,0.525520833333
2012-10-19 07:17:00,1961,1,49.3289434524,0.327083333333
2012-10-19 07:17:01,1962,1,49.3657738095,0.0368303571429
2012-10-19 07:17:02,1963,1,49.1609375,-0.204836309524
2012-10-19 07:17:03,1964,1,48.8473214286,-0.313616071429
2012-10-19 07:17:04,1965,1,48.531547619,-0.315773809524
2012-10-19 07:17:05,1966,1,48.2311755952,-0.30037202381
2012-10-19 07:17:06,1967,1,47.9150297619,-0.316145833333
2012-10-19 07:17:07,1968,1,47.5828125,-0.332217261905
2012-10-19 07:17:08,1969,1,47.2861607143,-0.296651785714
2012-10-19 07:17:09,1970,1,47.0828869048,-0.203273809524
2012-10-19 07:17:10,1971,1,46.988764881,-0.0941220238095
2012-10-19 07:17:11,1972,1,46.9885416667,-0.000223214285704
2012-10-19 07:17:12,1973,1,47.0811011905,0.0925595238095
2012-10-19 07:17:13,1974,1,47.2744047619,0.193303571429
2012-10-19 07:17:14,1975,1,47.5462053571,0.271800595238
2012-10-19 07:17:15,1976,1,47.8401041667,0.293898809524
2012-10-19 07:17:16,1977,1,48.0805059524,0.240401785714
2012-10-19 07:17:17,1978,1,48.1845238095,0.104017857143
2012-10-19 07:17:18,1979,1,48.070014881,-0.114508928571
2012-10-19 07:17:19,1980,1,47.6469494048,-0.423065476191
2012-10-19 07:17:20,1981,1,46.8555803571,-0.791369047619
2012-10-19 07:17:21,1982,1,45.7788690476,-1.07671130952
2012-10-19 07:17:22,1983,1,44.6703125,-1.10855654762
2012-10-19 07:17:23,1984,1,43.7998511905,-0.870461309524
2012-10-19 07:17:24,1985,1,43.2772321429,-0.522619047619
2012-10-19 07:17:25,1986,1,43.0378720238,-0.239360119048
2012-10-19 07:17:26,1987,1,42.9763392857,-0.0615327380952
2012-10-19 07:17:27,1988,1,43.0735119048,0.0971726190476
2012-10-19 07:17:28,1989,1,43.3946428571,0.321130952381
2012-10-19 07:17:29,1990,1,43.9798363095,0.585193452381
2012-10-19 07:17:30,1991,1,44.7633184524,0.783482142857
2012-10-19 07:17:31,1992,1,45.594047619,0.830729166667
2012-10-19 07:17:32,1993,1,46.287797619,0.69375
2012-10-19 07:17:33,1994,1,46.661235119,0.3734375
2012-10-19 07:17:34,1995,1,46.5963541667,-0.0648809523809
2012-10-19 07:17:35,1996,1,46.1322916667,-0.4640625
2012-10-19 07:17:36,1997,1,45.476860119,-0.655431547619
2012-10-19 07:17:37,1998,1,44.8694940476,-0.607366071429
2012-10-19 07:17:38,1999,1,44.3943452381,-0.475148809524
2012-10-19 07:17:39,2000,1,43.9417410714,-0.452604166667
2012-10-19 07:17:40,2001,1,43.3735863095,-0.568154761905
2012-10-19 07:17:41,2002,1,42.7159970238,-0.657589285714
2012-10-19 07:17:42,2003,1,42.1786458333,-0.537351190476
2012-10-19 07:17:43,2004,1,41.9727678571,-0.20587797619
2012-10-19 07:17:44,2005,1,42.1016369048,0.128869047619
2012-10-19 07:17:45,2006,1,42.3652529762,0.263616071429
2012-10-19 07:17:46,2007,1,42.5907738095,0.225520833333
2012-10-19 07:17:47,2008,1,42.8147321429,0.223958333333
2012-10-19 07:17:48,2009,1,43.2189732143,0.404241071429
2012-10-19 07:17:49,2010,1,43.9142857143,0.6953125
2012-10-19 07:17:50,2011,1,44.8017857143,0.8875
2012-10-19 07:17:51,2012,1,45.6472470238,0.845461309524
2012-10-19 07:17:52,2013,1,46.2729166667,0.625669642857
2012-10-19 07:17:53,2014,1,46.6517113095,0.378794642857
2012-10-19 07:17:54,2015,1,46.8443452381,0.192633928571
2012-10-19 07:17:55,2016,1,46.9084077381,0.0640625
2012-10-19 07:17:56,2017,1,46.8824404762,-0.0259672619047
2012-10-19 07:17:57,2018,1,46.8136160714,-0.0688244047619
2012-10-19 07:17:58,2019,1,46.7523809524,-0.0612351190477
2012-10-19 07:17:59,2020,1,46.7177827381,-0.0345982142857
2012-10-19 07:18:00,2021,1,46.6982142857,-0.0195684523809
2012-10-19 07:18:01,2022,1,46.6795386905,-0.0186755952381
2012-10-19 07:18:02,2023,1,46.6476190476,-0.0319196428572
2012-10-19 07:18:03,2024,1,46.5904017857,-0.0572172619047
2012-10-19 07:18:04,2025,1,46.5202380952,-0.0701636904762
2012-10-19 07:18:05,2026,1,46.4764880952,-0.04375
2012-10-19 07:18:06,2027,1,46.5110863095,0.0345982142857
2012-10-19 07:18:07,2028,1,46.6650297619,0.153943452381
2012-10-19 07:18:08,2029,1,46.9296130952,0.264583333333
2012-10-19 07:18:09,2030,1,47.2524553571,0.322842261905
2012-10-19 07:18:10,2031,1,47.5984375,0.345982142857
2012-10-19 07:18:11,2032,1,47.9767113095,0.378273809524
2012-10-19 07:18:12,2033,1,48.4147321429,0.438020833333
2012-10-19 07:18:13,2034,1,48.9235119048,0.508779761905
2012-10-19 07:18:14,2035,1,49.4655505952,0.542038690476
2012-10-19 07:18:15,2036,1,49.9452380952,0.4796875
2012-10-19 07:18:16,2037,1,50.2472470238,0.302008928571
2012-10-19 07:18:17,2038,1,50.3039434524,0.0566964285714
2012-10-19 07:18:18,2039,1,50.1482142857,-0.155729166667
2012-10-19 07:18:19,2040,1,49.9043154762,-0.243898809524
2012-10-19 07:18:20,2041,1,49.6938988095,-0.210416666667
2012-10-19 07:18:21,2042,1,49.5205357143,-0.173363095238
2012-10-19 07:18:22,2043,1,49.254985119,-0.265550595238
2012-10-19 07:18:23,2044,1,48.7554315476,-0.499553571429
2012-10-19 07:18:24,2045,1,47.9884672619,-0.766964285714
2012-10-19 07:18:25,2046,1,47.0150297619,-0.9734375
2012-10-19 07:18:26,2047,1,45.9038690476,-1.11116071429
2012-10-19 07:18:27,2048,1,44.7067708333,-1.19709821429
2012-10-19 07:18:28,2049,1,43.4942708333,-1.2125
2012-10-19 07:18:29,2050,1,42.3719494048,-1.12232142857
2012-10-19 07:18:30,2051,1,41.4216517857,-0.950297619048
2012-10-19 07:18:31,2052,1,40.5976934524,-0.823958333333
2012-10-19 07:18:32,2053,1,39.728422619,-0.869270833333
2012-10-19 07:18:33,2054,1,38.6811011905,-1.04732142857
2012-10-19 07:18:34,2055,1,37.5023809524,-1.1787202381
2012-10-19 07:18:35,2056,1,36.3693452381,-1.13303571429
2012-10-19 07:18:36,2057,1,35.410639881,-0.958705357143
2012-10-19 07:18:37,2058,1,34.5534970238,-0.857142857143
2012-10-19 07:18:38,2059,1,33.5383184524,-1.01517857143
2012-10-19 07:18:39,2060,1,32.1343005952,-1.40401785714
2012-10-19 07:18:40,2061,1,30.3575892857,-1.77671130952
2012-10-19 07:18:41,2062,1,28.4131696429,-1.94441964286
2012-10-19 07:18:42,2063,1,26.3924107143,-2.02075892857
2012-10-19 07:18:43,2064,1,24.109077381,-2.28333333333
2012-10-19 07:18:44,2065,1,21.3057291667,-2.80334821429
2012-10-19 07:18:45,2066,1,18.042485119,-3.26324404762
2012-10-19 07:18:46,2067,1,14.9114583333,-3.13102678571
2012-10-19 07:18:47,2068,1,12.7957589286,-2.11569940476
2012-10-19 07:18:48,2069,1,12.3037946429,-0.491964285714
2012-10-19 07:18:49,2070,1,13.4480654762,1.14427083333
2012-10-19 07:18:50,2071,1,15.7577380952,2.30967261905
2012-10-19 07:18:51,2072,1,18.4645833333,2.7068452381
2012-10-19 07:18:52,2073,1,20.6341517857,2.16956845238
2012-10-19 07:18:53,2074,1,21.3511160714,0.716964285714
2012-10-19 07:18:54,2075,1,19.9898065476,-1.36130952381
2012-10-19 07:18:55,2076,1,16.6340029762,-3.35580357143
2012-10-19 07:18:56,2077,1,12.3872767857,-4.24672619048
2012-10-19 07:18:57,2078,1,8.96897321429,-3.41830357143
2012-10-19 07:18:58,2079,1,7.69069940476,-1.27827380952
2012-10-19 07:18:59,2080,1,8.75498511905,1.06428571429
2012-10-19 07:19:00,2081,1,11.4261160714,2.67113095238
2012-10-19 07:19:01,2082,1,14.7295386905,3.30342261905
2012-10-19 07:19:02,2083,1,18.034672619,3.30513392857
2012-10-19 07:19:03,2084,1,21.1156994048,3.08102678571
2012-10-19 07:19:04,2085,1,23.8505208333,2.73482142857
2012-10-19 07:19:05,2086,1,26.0764136905,2.22589285714
2012-10-19 07:19:06,2087,1,27.7253720238,1.64895833333
2012-10-19 07:19:07,2088,1,28.898139881,1.17276785714
2012-10-19 07:19:08,2089,1,29.7287202381,0.830580357143
2012-10-19 07:19:09,2090,1,30.2658482143,0.537127976191
2012-10-19 07:19:10,2091,1,30.5415922619,0.275744047619
2012-10-19 07:19:11,2092,1,30.675,0.133407738095
2012-10-19 07:19:12,2093,1,30.8293154762,0.154315476191
2012-10-19 07:19:13,2094,1,31.0977678571,0.268452380952
2012-10-19 07:19:14,2095,1,31.456547619,0.358779761905
2012-10-19 07:19:15,2096,1,31.8037202381,0.347172619048
2012-10-19 07:19:16,2097,1,32.0420386905,0.238318452381
2012-10-19 07:19:17,2098,1,32.1420386905,0.1
2012-10-19 07:19:18,2099,1,32.1398065476,-0.0022321428572
2012-10-19 07:19:19,2100,1,32.0865327381,-0.0532738095238
2012-10-19 07:19:20,2101,1,32.0020833333,-0.0844494047619
2012-10-19 07:19:21,2102,1,31.8665178571,-0.13556547619
2012-10-19 07:19:22,2103,1,31.6430059524,-0.223511904762
2012-10-19 07:19:23,2104,1,31.3097470238,-0.333258928571
2012-10-19 07:19:24,2105,1,30.8604166667,-0.449330357143
2012-10-19 07:19:25,2106,1,30.2329613095,-0.627455357143
2012-10-19 07:19:26,2107,1,29.2225446429,-1.01041666667
2012-10-19 07:19:27,2108,1,27.494047619,-1.72849702381
2012-10-19 07:19:28,2109,1,24.7336309524,-2.76041666667
2012-10-19 07:19:29,2110,1,20.8709077381,-3.86272321429
2012-10-19 07:19:30,2111,1,16.2300595238,-4.64084821429
2012-10-19 07:19:31,2112,1,11.5322172619,-4.6978422619
2012-10-19 07:19:32,2113,1,7.7609375,-3.7712797619
2012-10-19 07:19:33,2114,1,5.81681547619,-1.94412202381
2012-10-19 07:19:34,2115,1,6.04337797619,0.2265625
2012-10-19 07:19:35,2116,1,8.0724702381,2.0290922619
2012-10-19 07:19:36,2117,1,11.1546130952,3.08214285714
2012-10-19 07:19:37,2118,1,14.573735119,3.41912202381
2012-10-19 07:19:38,2119,1,17.841889881,3.2681547619
2012-10-19 07:19:39,2120,1,20.6906994048,2.84880952381
2012-10-19 07:19:40,2121,1,22.9729166667,2.2822172619
2012-10-19 07:19:41,2122,1,24.6529761905,1.68005952381
2012-10-19 07:19:42,2123,1,25.8688244048,1.21584821429
2012-10-19 07:19:43,2124,1,26.8113095238,0.942485119048
2012-10-19 07:19:44,2125,1,27.5047619048,0.693452380952
2012-10-19 07:19:45,2126,1,27.8556547619,0.350892857143
2012-10-19 07:19:46,2127,1,27.9192708333,0.0636160714285
2012-10-19 07:19:47,2128,1,27.9931547619,0.0738839285715
2012-10-19 07:19:48,2129,1,28.4165922619,0.4234375
2012-10-19 07:19:49,2130,1,29.2997767857,0.88318452381
2012-10-19 07:19:50,2131,1,30.4372767857,1.1375
2012-10-19 07:19:51,2132,1,31.4745535714,1.03727678571
2012-10-19 07:19:52,2133,1,32.1714285714,0.696875
2012-10-19 07:19:53,2134,1,32.540327381,0.368898809524
2012-10-19 07:19:54,2135,1,32.7810267857,0.240699404762
2012-10-19 07:19:55,2136,1,33.105952381,0.324925595238
2012-10-19 07:19:56,2137,1,33.6,0.494047619048
2012-10-19 07:19:57,2138,1,34.1883928571,0.588392857143
2012-10-19 07:19:58,2139,1,34.6886160714,0.500223214286
2012-10-19 07:19:59,2140,1,34.909672619,0.221056547619
2012-10-19 07:20:00,2141,1,34.7729910714,-0.136681547619
2012-10-19 07:20:01,2142,1,34.3648065476,-0.40818452381
2012-10-19 07:20:02,2143,1,33.8451636905,-0.519642857143
2012-10-19 07:20:03,2144,1,33.2945684524,-0.550595238095
2012-10-19 07:20:04,2145,1,32.6412202381,-0.653348214286
2012-10-19 07:20:05,2146,1,31.7093005952,-0.931919642857
2012-10-19 07:20:06,2147,1,30.3287202381,-1.38058035714
2012-10-19 07:20:07,2148,1,28.4259672619,-1.90275297619
2012-10-19 07:20:08,2149,1,26.0348958333,-2.39107142857
2012-10-19 07:20:09,2150,1,23.2104166667,-2.82447916667
2012-10-19 07:20:10,2151,1,19.9359375,-3.27447916667
2012-10-19 07:20:11,2152,1,16.2289434524,-3.70699404762
2012-10-19 07:20:12,2153,1,12.4695684524,-3.759375
2012-10-19 07:20:13,2154,1,9.53013392857,-2.93943452381
2012-10-19 07:20:14,2155,1,8.3515625,-1.17857142857
2012-10-19 07:20:15,2156,1,9.32016369048,0.968601190476
2012-10-19 07:20:16,2157,1,12.0385416667,2.71837797619
2012-10-19 07:20:17,2158,1,15.6134672619,3.57492559524
2012-10-19 07:20:18,2159,1,19.1870535714,3.57358630952
2012-10-19 07:20:19,2160,1,22.2847470238,3.09769345238
2012-10-19 07:20:20,2161,1,24.7436011905,2.45885416667
2012-10-19 07:20:21,2162,1,26.5206845238,1.77708333333
2012-10-19 07:20:22,2163,1,27.6886160714,1.16793154762
2012-10-19 07:20:23,2164,1,28.4238095238,0.735193452381
2012-10-19 07:20:24,2165,1,28.8622767857,0.438467261905
2012-10-19 07:20:25,2166,1,29.0533482143,0.191071428571
2012-10-19 07:20:26,2167,1,29.0587053571,0.0053571428572
2012-10-19 07:20:27,2168,1,29.0035714286,-0.0551339285715
2012-10-19 07:20:28,2169,1,29.0264880952,0.0229166666667
2012-10-19 07:20:29,2170,1,29.2009672619,0.174479166667
2012-10-19 07:20:30,2171,1,29.4941220238,0.293154761905
2012-10-19 07:20:31,2172,1,29.811235119,0.317113095238
2012-10-19 07:20:32,2173,1,30.0929315476,0.281696428572
2012-10-19 07:20:33,2174,1,30.3616071429,0.268675595238
2012-10-19 07:20:34,2175,1,30.6770089286,0.315401785714
2012-10-19 07:20:35,2176,1,31.0545386905,0.377529761905
2012-10-19 07:20:36,2177,1,31.424702381,0.370163690476
2012-10-19 07:20:37,2178,1,31.6726190476,0.247916666667
2012-10-19 07:20:38,2179,1,31.716889881,0.0442708333334
2012-10-19 07:20:39,2180,1,31.5564732143,-0.160416666667
2012-10-19 07:20:40,2181,1,31.2647321429,-0.291741071429
2012-10-19 07:20:41,2182,1,30.9456845238,-0.319047619048
2012-10-19 07:20:42,2183,1,30.6779017857,-0.267782738095
2012-10-19 07:20:43,2184,1,30.4849702381,-0.192931547619
2012-10-19 07:20:44,2185,1,30.349702381,-0.135267857143
2012-10-19 07:20:45,2186,1,30.2568452381,-0.0928571428572
2012-10-19 07:20:46,2187,1,30.2270089286,-0.0298363095238
2012-10-19 07:20:47,2188,1,30.2889136905,0.0619047619048
2012-10-19 07:20:48,2189,1,30.3952380952,0.106324404762
2012-10-19 07:20:49,2190,1,30.3819940476,-0.0132440476191
2012-10-19 07:20:50,2191,1,30.041889881,-0.340104166667
2012-10-19 07:20:51,2192,1,29.2368303571,-0.80505952381
2012-10-19 07:20:52,2193,1,27.9245535714,-1.31227678571
2012-10-19 07:20:53,2194,1,26.0938244048,-1.83072916667
2012-10-19 07:20:54,2195,1,23.6941220238,-2.39970238095
2012-10-19 07:20:55,2196,1,20.6302827381,-3.06383928571
2012-10-19 07:20:56,2197,1,16.8919642857,-3.73831845238
2012-10-19 07:20:57,2198,1,12.8104166667,-4.08154761905
2012-10-19 07:20:58,2199,1,9.19322916667,-3.6171875
2012-10-19 07:20:59,2200,1,7.03452380952,-2.15870535714
2012-10-19 07:21:00,2201,1,6.90200892857,-0.132514880952
2012-10-19 07:21:01,2202,1,8.54732142857,1.6453125
2012-10-19 07:21:02,2203,1,11.1506696429,2.60334821429
2012-10-19 07:21:03,2204,1,13.959375,2.80870535714
2012-10-19 07:21:04,2205,1,16.6774553571,2.71808035714
2012-10-19 07:21:05,2206,1,19.3054315476,2.62797619048
2012-10-19 07:21:06,2207,1,21.7790178571,2.47358630952
2012-10-19 07:21:07,2208,1,23.8955357143,2.11651785714
2012-10-19 07:21:08,2209,1,25.5335565476,1.63802083333
2012-10-19 07:21:09,2210,1,26.7834077381,1.24985119048
2012-10-19 07:21:10,2211,1,27.8058779762,1.0224702381
2012-10-19 07:21:11,2212,1,28.6503720238,0.844494047619
2012-10-19 07:21:12,2213,1,29.2819196429,0.631547619048
2012-10-19 07:21:13,2214,1,29.7167410714,0.434821428571
2012-10-19 07:21:14,2215,1,30.0331845238,0.316443452381
2012-10-19 07:21:15,2216,1,30.274702381,0.241517857143
2012-10-19 07:21:16,2217,1,30.4203125,0.145610119048
2012-10-19 07:21:17,2218,1,30.4575892857,0.0372767857143
2012-10-19 07:21:18,2219,1,30.4429315476,-0.0146577380953
2012-10-19 07:21:19,2220,1,30.4700892857,0.0271577380953
2012-10-19 07:21:20,2221,1,30.5851190476,0.115029761905
2012-10-19 07:21:21,2222,1,30.7139880952,0.128869047619
2012-10-19 07:21:22,2223,1,30.6381696429,-0.075818452381
2012-10-19 07:21:23,2224,1,30.0680059524,-0.570163690476
2012-10-19 07:21:24,2225,1,28.8294642857,-1.23854166667
2012-10-19 07:21:25,2226,1,27.0591517857,-1.7703125
2012-10-19 07:21:26,2227,1,25.2464285714,-1.81272321429
2012-10-19 07:21:27,2228,1,24.0332589286,-1.21316964286
2012-10-19 07:21:28,2229,1,23.8837053571,-0.149553571428
2012-10-19 07:21:29,2230,1,24.8938988095,1.01019345238
2012-10-19 07:21:30,2231,1,26.8474702381,1.95357142857
2012-10-19 07:21:31,2232,1,29.3640625,2.5165922619
2012-10-19 07:21:32,2233,1,32.0180803571,2.65401785714
2012-10-19 07:21:33,2234,1,34.4394345238,2.42135416667
2012-10-19 07:21:34,2235,1,36.4098214286,1.97038690476
2012-10-19 07:21:35,2236,1,37.9156994048,1.50587797619
2012-10-19 07:21:36,2237,1,39.1048363095,1.18913690476
2012-10-19 07:21:37,2238,1,40.1509672619,1.04613095238
2012-10-19 07:21:38,2239,1,41.1367559524,0.985788690476
2012-10-19 07:21:39,2240,1,42.0574404762,0.920684523809
2012-10-19 07:21:40,2241,1,42.8878720238,0.830431547619
2012-10-19 07:21:41,2242,1,43.6121279762,0.724255952381
2012-10-19 07:21:42,2243,1,44.2267857143,0.614657738095
2012-10-19 07:21:43,2244,1,44.7344494048,0.507663690476
2012-10-19 07:21:44,2245,1,45.1188244048,0.384375
2012-10-19 07:21:45,2246,1,45.3462797619,0.227455357143
2012-10-19 07:21:46,2247,1,45.3999255952,0.0536458333333
2012-10-19 07:21:47,2248,1,45.2944940476,-0.105431547619
2012-10-19 07:21:48,2249,1,45.0691964286,-0.225297619048
2012-10-19 07:21:49,2250,1,44.7720982143,-0.297098214286
2012-10-19 07:21:50,2251,1,44.4436011905,-0.328497023809
2012-10-19 07:21:51,2252,1,44.1302827381,-0.313318452381
2012-10-19 07:21:52,2253,1,43.8991071429,-0.231175595238
2012-10-19 07:21:53,2254,1,43.7921130952,-0.106994047619
2012-10-19 07:21:54,2255,1,43.7828869048,-0.0092261904762
2012-10-19 07:21:55,2256,1,43.8116071429,0.0287202380952
2012-10-19 07:21:56,2257,1,43.8449404762,0.0333333333334
2012-10-19 07:21:57,2258,1,43.898735119,0.0537946428571
2012-10-19 07:21:58,2259,1,44.0209077381,0.122172619048
2012-10-19 07:21:59,2260,1,44.2391369048,0.218229166667
2012-10-19 07:22:00,2261,1,44.5252232143,0.286086309524
2012-10-19 07:22:01,2262,1,44.8261160714,0.300892857143
2012-10-19 07:22:02,2263,1,45.1088541667,0.282738095238
2012-10-19 07:22:03,2264,1,45.3630952381,0.254241071428
2012-10-19 07:22:04,2265,1,45.5808779762,0.217782738095
2012-10-19 07:22:05,2266,1,45.7413690476,0.160491071429
2012-10-19 07:22:06,2267,1,45.8189732143,0.0776041666667
2012-10-19 07:22:07,2268,1,45.8149553571,-0.0040178571428
2012-10-19 07:22:08,2269,1,45.7679315476,-0.0470238095238
2012-10-19 07:22:09,2270,1,45.7252232143,-0.0427083333334
2012-10-19 07:22:10,2271,1,45.7185267857,-0.0066964285714
2012-10-19 07:22:11,2272,1,45.765327381,0.0468005952381
2012-10-19 07:22:12,2273,1,45.8756696429,0.110342261905
2012-10-19 07:22:13,2274,1,46.0538690476,0.178199404762
2012-10-19 07:22:14,2275,1,46.2952380952,0.241369047619
2012-10-19 07:22:15,2276,1,46.581547619,0.286309523809
2012-10-19 07:22:16,2277,1,46.8875744048,0.306026785714
2012-10-19 07:22:17,2278,1,47.1927083333,0.305133928571
2012-10-19 07:22:18,2279,1,47.4770089286,0.284300595238
2012-10-19 07:22:19,2280,1,47.709077381,0.232068452381
2012-10-19 07:22:20,2281,1,47.8509672619,0.141889880952
2012-10-19 07:22:21,2282,1,47.8765625,0.0255952380952
2012-10-19 07:22:22,2283,1,47.7796130952,-0.0969494047619
2012-10-19 07:22:23,2284,1,47.5704613095,-0.209151785714
2012-10-19 07:22:24,2285,1,47.2710565476,-0.299404761905
2012-10-19 07:22:25,2286,1,46.9056547619,-0.365401785714
2012-10-19 07:22:26,2287,1,46.4969494048,-0.408705357143
2012-10-19 07:22:27,2288,1,46.0738095238,-0.423139880952
2012-10-19 07:22:28,2289,1,45.6672619048,-0.406547619048
2012-10-19 07:22:29,2290,1,45.2904017857,-0.376860119048
2012-10-19 07:22:30,2291,1,44.9306547619,-0.35974702381
2012-10-19 07:22:31,2292,1,44.5706845238,-0.359970238095
2012-10-19 07:22:32,2293,1,44.222172619,-0.348511904762
2012-10-19 07:22:33,2294,1,43.9299107143,-0.292261904762
2012-10-19 07:22:34,2295,1,43.7265625,-0.203348214286
2012-10-19 07:22:35,2296,1,43.5844494048,-0.142113095238
2012-10-19 07:22:36,2297,1,43.4270833333,-0.157366071429
2012-10-19 07:22:37,2298,1,43.203422619,-0.223660714286
2012-10-19 07:22:38,2299,1,42.9538690476,-0.249553571429
2012-10-19 07:22:39,2300,1,42.7919642857,-0.161904761905
2012-10-19 07:22:40,2301,1,42.8132440476,0.0212797619047
2012-10-19 07:22:41,2302,1,43.0270833333,0.213839285714
2012-10-19 07:22:42,2303,1,43.3796875,0.352604166667
2012-10-19 07:22:43,2304,1,43.824702381,0.445014880952
2012-10-19 07:22:44,2305,1,44.3549107143,0.530208333333
2012-10-19 07:22:45,2306,1,44.9755208333,0.620610119048
2012-10-19 07:22:46,2307,1,45.6519345238,0.676413690476
2012-10-19 07:22:47,2308,1,46.2813244048,0.629389880952
2012-10-19 07:22:48,2309,1,46.7383928571,0.457068452381
2012-10-19 07:22:49,2310,1,46.9641369048,0.225744047619
2012-10-19 07:22:50,2311,1,47.0032738095,0.0391369047619
2012-10-19 07:22:51,2312,1,46.969047619,-0.0342261904762
2012-10-19 07:22:52,2313,1,46.9758184524,0.0067708333333
2012-10-19 07:22:53,2314,1,47.0712797619,0.0954613095239
2012-10-19 07:22:54,2315,1,47.2161458333,0.144866071429
2012-10-19 07:22:55,2316,1,47.3313244048,0.115178571429
2012-10-19 07:22:56,2317,1,47.3526041667,0.0212797619048
2012-10-19 07:22:57,2318,1,47.2484375,-0.104166666667
2012-10-19 07:22:58,2319,1,47.0207589286,-0.227678571429
2012-10-19 07:22:59,2320,1,46.7011904762,-0.319568452381
2012-10-19 07:23:00,2321,1,46.3373511905,-0.363839285714
2012-10-19 07:23:01,2322,1,45.9797619048,-0.357589285714
2012-10-19 07:23:02,2323,1,45.6732142857,-0.306547619048
2012-10-19 07:23:03,2324,1,45.4425595238,-0.230654761905
2012-10-19 07:23:04,2325,1,45.2879464286,-0.154613095238
2012-10-19 07:23:05,2326,1,45.2094494048,-0.0784970238095
2012-10-19 07:23:06,2327,1,45.2235119048,0.0140625
2012-10-19 07:23:07,2328,1,45.3260416667,0.102529761905
2012-10-19 07:23:08,2329,1,45.4308035714,0.104761904762
2012-10-19 07:23:09,2330,1,45.3357886905,-0.0950148809524
2012-10-19 07:23:10,2331,1,44.7555803571,-0.580208333333
2012-10-19 07:23:11,2332,1,43.4413690476,-1.31421130952
2012-10-19 07:23:12,2333,1,41.3058035714,-2.13556547619
2012-10-19 07:23:13,2334,1,38.4270089286,-2.87879464286
2012-10-19 07:23:14,2335,1,34.9756696429,-3.45133928571
2012-10-19 07:23:15,2336,1,31.2047619048,-3.7709077381
2012-10-19 07:23:16,2337,1,27.5005208333,-3.70424107143
2012-10-19 07:23:17,2338,1,24.3725446429,-3.12797619048
2012-10-19 07:23:18,2339,1,22.2947172619,-2.07782738095
2012-10-19 07:23:19,2340,1,21.4546875,-0.840029761905
2012-10-19 07:23:20,2341,1,21.6459077381,0.191220238095
2012-10-19 07:23:21,2342,1,22.4463541667,0.800446428572
2012-10-19 07:23:22,2343,1,23.4848958333,1.03854166667
2012-10-19 07:23:23,2344,1,24.5508184524,1.06592261905
2012-10-19 07:23:24,2345,1,25.5618303571,1.01101190476
2012-10-19 07:23:25,2346,1,26.495014881,0.93318452381
2012-10-19 07:23:26,2347,1,27.349702381,0.8546875
2012-10-19 07:23:27,2348,1,28.159077381,0.809375
2012-10-19 07:23:28,2349,1,28.9642857143,0.805208333333
2012-10-19 07:23:29,2350,1,29.7364583333,0.772172619048
2012-10-19 07:23:30,2351,1,30.3568452381,0.620386904762
2012-10-19 07:23:31,2352,1,30.6550595238,0.298214285714
2012-10-19 07:23:32,2353,1,30.4154017857,-0.239657738095
2012-10-19 07:23:33,2354,1,29.3510416667,-1.06436011905
2012-10-19 07:23:34,2355,1,27.1120535714,-2.23898809524
2012-10-19 07:23:35,2356,1,23.4298363095,-3.6822172619
2012-10-19 07:23:36,2357,1,18.4794642857,-4.95037202381
2012-10-19 07:23:37,2358,1,13.2019345238,-5.2775297619
2012-10-19 07:23:38,2359,1,9.03504464286,-4.16688988095
2012-10-19 07:23:39,2360,1,7.0568452381,-1.97819940476
2012-10-19 07:23:40,2361,1,7.35245535714,0.295610119048
2012-10-19 07:23:41,2362,1,9.17723214286,1.82477678571
2012-10-19 07:23:42,2363,1,11.6263392857,2.44910714286
2012-10-19 07:23:43,2364,1,14.1611607143,2.53482142857
2012-10-19 07:23:44,2365,1,16.6151785714,2.45401785714
2012-10-19 07:23:45,2366,1,18.8935267857,2.27834821429
2012-10-19 07:23:46,2367,1,20.8722470238,1.9787202381
2012-10-19 07:23:47,2368,1,22.5478422619,1.6755952381
2012-10-19 07:23:48,2369,1,24.051860119,1.50401785714
2012-10-19 07:23:49,2370,1,25.4476190476,1.39575892857
2012-10-19 07:23:50,2371,1,26.619047619,1.17142857143
2012-10-19 07:23:51,2372,1,27.382514881,0.763467261905
2012-10-19 07:23:52,2373,1,27.6405505952,0.258035714286
2012-10-19 07:23:53,2374,1,27.4379464286,-0.202604166667
2012-10-19 07:23:54,2375,1,26.9400297619,-0.497916666667
2012-10-19 07:23:55,2376,1,26.3764880952,-0.563541666667
2012-10-19 07:23:56,2377,1,25.9607886905,-0.415699404762
2012-10-19 07:23:57,2378,1,25.7997767857,-0.161011904762
2012-10-19 07:23:58,2379,1,25.8564732143,0.0566964285714
2012-10-19 07:23:59,2380,1,26.0075892857,0.151116071429
2012-10-19 07:24:00,2381,1,26.1292410714,0.121651785714
2012-10-19 07:24:01,2382,1,26.1401785714,0.0109375
2012-10-19 07:24:02,2383,1,26.0133928571,-0.126785714286
2012-10-19 07:24:03,2384,1,25.7753720238,-0.238020833333
2012-10-19 07:24:04,2385,1,25.5002232143,-0.275148809524
2012-10-19 07:24:05,2386,1,25.3061755952,-0.194047619048
2012-10-19 07:24:06,2387,1,25.327827381,0.0216517857143
2012-10-19 07:24:07,2388,1,25.6511904762,0.323363095238
2012-10-19 07:24:08,2389,1,26.2616071429,0.610416666667
2012-10-19 07:24:09,2390,1,27.0412946429,0.7796875
2012-10-19 07:24:10,2391,1,27.8069196429,0.765625
2012-10-19 07:24:11,2392,1,28.3784970238,0.571577380952
2012-10-19 07:24:12,2393,1,28.6519345238,0.2734375
2012-10-19 07:24:13,2394,1,28.6241071429,-0.0278273809524
2012-10-19 07:24:14,2395,1,28.3683035714,-0.255803571428
2012-10-19 07:24:15,2396,1,27.9996279762,-0.368675595238
2012-10-19 07:24:16,2397,1,27.6392857143,-0.360342261905
2012-10-19 07:24:17,2398,1,27.3727678571,-0.266517857143
2012-10-19 07:24:18,2399,1,27.2241071429,-0.148660714286
2012-10-19 07:24:19,2400,1,27.162202381,-0.0619047619047
2012-10-19 07:24:20,2401,1,27.132514881,-0.0296875
2012-10-19 07:24:21,2402,1,27.0947172619,-0.0377976190476
2012-10-19 07:24:22,2403,1,27.0321428571,-0.0625744047619
2012-10-19 07:24:23,2404,1,26.935639881,-0.0965029761905
2012-10-19 07:24:24,2405,1,26.8046130952,-0.131026785714
2012-10-19 07:24:25,2406,1,26.661235119,-0.143377976191
2012-10-19 07:24:26,2407,1,26.5464285714,-0.114806547619
2012-10-19 07:24:27,2408,1,26.4964285714,-0.05
2012-10-19 07:24:28,2409,1,26.5007440476,0.0043154761904
2012-10-19 07:24:29,2410,1,26.465327381,-0.0354166666666
2012-10-19 07:24:30,2411,1,26.234375,-0.230952380952
2012-10-19 07:24:31,2412,1,25.6563244048,-0.578050595238
2012-10-19 07:24:32,2413,1,24.618452381,-1.03787202381
2012-10-19 07:24:33,2414,1,23.0421130952,-1.57633928571
2012-10-19 07:24:34,2415,1,20.9074404762,-2.13467261905
2012-10-19 07:24:35,2416,1,18.3203869048,-2.58705357143
2012-10-19 07:24:36,2417,1,15.5298363095,-2.79055059524
2012-10-19 07:24:37,2418,1,12.8284970238,-2.70133928571
2012-10-19 07:24:38,2419,1,10.4116071429,-2.41688988095
2012-10-19 07:24:39,2420,1,8.33511904762,-2.07648809524
2012-10-19 07:24:40,2421,1,6.61049107143,-1.72462797619
2012-10-19 07:24:41,2422,1,5.28772321429,-1.32276785714
2012-10-19 07:24:42,2423,1,4.36644345238,-0.921279761905
2012-10-19 07:24:43,2424,1,3.64508928571,-0.721354166667
2012-10-19 07:24:44,2425,1,2.80758928571,-0.8375
2012-10-19 07:24:45,2426,1,1.79092261905,-1.01666666667
2012-10-19 07:24:46,2427,1,0.0,-1.79092261905
2012-10-19 08:16:58,5559,3132,0.0,0.0
2012-10-19 08:16:59,5560,1,1.6136656746,1.6136656746
2012-10-19 08:17:00,5561,1,2.50910218254,0.895436507937
2012-10-19 08:17:01,5562,1,3.128125,0.61902281746
2012-10-19 08:17:02,5563,1,3.34174107143,0.213616071429
2012-10-19 08:17:03,5564,1,3.26547619048,-0.0762648809524
2012-10-19 08:17:04,5565,1,3.06852678571,-0.196949404762
2012-10-19 08:17:05,5566,1,2.99283234127,-0.0756944444445
2012-10-19 08:17:06,5567,1,3.36795634921,0.375124007937
2012-10-19 08:17:07,5568,1,4.44635416667,1.07839781746
2012-10-19 08:17:08,5569,1,6.24501488095,1.79866071429
2012-10-19 08:17:09,5570,1,8.54709821429,2.30208333333
2012-10-19 08:17:10,5571,1,11.0238095238,2.47671130952
2012-10-19 08:17:11,5572,1,13.3931299603,2.36932043651
2012-10-19 08:17:12,5573,1,15.4896081349,2.0964781746
2012-10-19 08:17:13,5574,1,17.223139881,1.73353174603
2012-10-19 08:17:14,5575,1,18.562202381,1.3390625
2012-10-19 08:17:15,5576,1,19.5595982143,0.997395833333
2012-10-19 08:17:16,5577,1,20.3180059524,0.758407738095
2012-10-19 08:17:17,5578,1,20.9171875,0.599181547619
2012-10-19 08:17:18,5579,1,21.4026041667,0.485416666667
2012-10-19 08:17:19,5580,1,21.8188244048,0.416220238095
2012-10-19 08:17:20,5581,1,22.2037946429,0.384970238095
2012-10-19 08:17:21,5582,1,22.5570684524,0.353273809524
2012-10-19 08:17:22,5583,1,22.8506696429,0.293601190476
2012-10-19 08:17:23,5584,1,23.0785714286,0.227901785714
2012-10-19 08:17:24,5585,1,23.2827380952,0.204166666667
2012-10-19 08:17:25,5586,1,23.513764881,0.231026785714
2012-10-19 08:17:26,5587,1,23.7640625,0.250297619048
2012-10-19 08:17:27,5588,1,23.9662946429,0.202232142857
2012-10-19 08:17:28,5589,1,24.0659970238,0.0997023809524
2012-10-19 08:17:29,5590,1,24.0732886905,0.0072916666667
2012-10-19 08:17:30,5591,1,24.0417410714,-0.0315476190476
2012-10-19 08:17:31,5592,1,24.0119791667,-0.0297619047619
2012-10-19 08:17:32,5593,1,23.976860119,-0.0351190476191
2012-10-19 08:17:33,5594,1,23.9023809524,-0.0744791666667
2012-10-19 08:17:34,5595,1,23.7827380952,-0.119642857143
2012-10-19 08:17:35,5596,1,23.6676339286,-0.115104166667
2012-10-19 08:17:36,5597,1,23.6438244048,-0.0238095238095
2012-10-19 08:17:37,5598,1,23.7855654762,0.141741071429
2012-10-19 08:17:38,5599,1,24.072172619,0.286607142857
2012-10-19 08:17:39,5600,1,24.3343005952,0.262127976191
2012-10-19 08:17:40,5601,1,24.3390625,0.0047619047619
2012-10-19 08:17:41,5602,1,23.9819196429,-0.357142857143
2012-10-19 08:17:42,5603,1,23.4037946429,-0.578125
2012-10-19 08:17:43,5604,1,22.9084821429,-0.4953125
2012-10-19 08:17:44,5605,1,22.7416666667,-0.16681547619
2012-10-19 08:17:45,5606,1,22.9401785714,0.198511904762
2012-10-19 08:17:46,5607,1,23.393452381,0.453273809524
2012-10-19 08:17:47,5608,1,24.0005952381,0.607142857143
2012-10-19 08:17:48,5609,1,24.7174107143,0.71681547619
2012-10-19 08:17:49,5610,1,25.4932291667,0.775818452381
2012-10-19 08:17:50,5611,1,26.2347470238,0.741517857143
2012-10-19 08:17:51,5612,1,26.8360863095,0.601339285714
2012-10-19 08:17:52,5613,1,27.214360119,0.378273809524
2012-10-19 08:17:53,5614,1,27.3099702381,0.0956101190476
2012-10-19 08:17:54,5615,1,27.0800595238,-0.229910714286
2012-10-19 08:17:55,5616,1,26.5470982143,-0.532961309524
2012-10-19 08:17:56,5617,1,25.8790922619,-0.668005952381
2012-10-19 08:17:57,5618,1,25.3717261905,-0.507366071429
2012-10-19 08:17:58,5619,1,25.2889136905,-0.0828125
2012-10-19 08:17:59,5620,1,25.6943452381,0.405431547619
2012-10-19 08:18:00,5621,1,26.4071428571,0.712797619048
2012-10-19 08:18:01,5622,1,27.084077381,0.676934523809
2012-10-19 08:18:02,5623,1,27.3588541667,0.274776785714
2012-10-19 08:18:03,5624,1,26.9645089286,-0.394345238095
2012-10-19 08:18:04,5625,1,25.7772321429,-1.18727678571
2012-10-19 08:18:05,5626,1,23.7685267857,-2.00870535714
2012-10-19 08:18:06,5627,1,20.9335565476,-2.8349702381
2012-10-19 08:18:07,5628,1,17.3378720238,-3.59568452381
2012-10-19 08:18:08,5629,1,13.3531994048,-3.98467261905
2012-10-19 08:18:09,5630,1,9.8130952381,-3.54010416667
2012-10-19 08:18:10,5631,1,7.70818452381,-2.10491071429
2012-10-19 08:18:11,5632,1,7.60267857143,-0.105505952381
2012-10-19 08:18:12,5633,1,9.35104166667,1.74836309524
2012-10-19 08:18:13,5634,1,12.2970982143,2.94605654762
2012-10-19 08:18:14,5635,1,15.6938988095,3.39680059524
2012-10-19 08:18:15,5636,1,19.0177827381,3.32388392857
2012-10-19 08:18:16,5637,1,21.990922619,2.97313988095
2012-10-19 08:18:17,5638,1,24.4571428571,2.4662202381
2012-10-19 08:18:18,5639,1,26.3585565476,1.90141369048
2012-10-19 08:18:19,5640,1,27.745014881,1.38645833333
2012-10-19 08:18:20,5641,1,28.6813988095,0.936383928571
2012-10-19 08:18:21,5642,1,29.1897321429,0.508333333333
2012-10-19 08:18:22,5643,1,29.3282738095,0.138541666667
2012-10-19 08:18:23,5644,1,29.2495535714,-0.0787202380952
2012-10-19 08:18:24,5645,1,29.1194940476,-0.13005952381
2012-10-19 08:18:25,5646,1,28.9814732143,-0.138020833333
2012-10-19 08:18:26,5647,1,28.6708333333,-0.310639880952
2012-10-19 08:18:27,5648,1,27.8241815476,-0.846651785714
2012-10-19 08:18:28,5649,1,25.99765625,-1.82652529762
2012-10-19 08:18:29,5650,1,22.8701822917,-3.12747395833
2012-10-19 08:18:30,5651,1,18.49296875,-4.37721354167
2012-10-19 08:18:31,5652,1,13.4650855655,-5.02788318452
2012-10-19 08:18:32,5653,1,8.78355654762,-4.68152901786
2012-10-19 08:18:33,5654,1,5.34308035714,-3.44047619048
2012-10-19 08:18:34,5655,1,3.48563988095,-1.85744047619
2012-10-19 08:18:35,5656,1,2.93718377976,-0.54845610119
2012-10-19 08:18:36,5657,1,3.09799107143,0.160807291667
2012-10-19 08:18:37,5658,1,3.45260416667,0.354613095238
2012-10-19 08:18:38,5659,1,3.78385416667,0.33125
2012-10-19 08:18:39,5660,1,4.05783110119,0.273976934524
2012-10-19 08:18:40,5661,1,4.23139880952,0.173567708333
2012-10-19 08:18:41,5662,1,4.23571428571,0.00431547619048
2012-10-19 08:18:42,5663,1,4.06383928571,-0.171875
2012-10-19 08:18:43,5664,1,3.7947358631,-0.269103422619
2012-10-19 08:18:44,5665,1,3.54177827381,-0.252957589286
2012-10-19 08:18:45,5666,1,3.40712425595,-0.134654017857
2012-10-19 08:18:46,5667,1,3.4466889881,0.0395647321429
2012-10-19 08:18:47,5668,1,3.62938988095,0.182700892857
2012-10-19 08:18:48,5669,1,3.92358630952,0.294196428571
2012-10-19 08:18:49,5670,1,4.50327380952,0.5796875
2012-10-19 08:18:50,5671,1,5.73117559524,1.22790178571
2012-10-19 08:18:51,5672,1,7.8740327381,2.14285714286
2012-10-19 08:18:52,5673,1,10.9322916667,3.05825892857
2012-10-19 08:18:53,5674,1,14.6691964286,3.7369047619
2012-10-19 08:18:54,5675,1,18.7037946429,4.03459821429
2012-10-19 08:18:55,5676,1,22.6829613095,3.97916666667
2012-10-19 08:18:56,5677,1,26.3929315476,3.7099702381
2012-10-19 08:18:57,5678,1,29.6776785714,3.28474702381
2012-10-19 08:18:58,5679,1,32.3901785714,2.7125
2012-10-19 08:18:59,5680,1,34.4717261905,2.08154761905
2012-10-19 08:19:00,5681,1,35.9601190476,1.48839285714
2012-10-19 08:19:01,5682,1,36.9447172619,0.984598214286
2012-10-19 08:19:02,5683,1,37.5944196429,0.649702380952
2012-10-19 08:19:03,5684,1,38.1283482143,0.533928571429
2012-10-19 08:19:04,5685,1,38.656547619,0.528199404762
2012-10-19 08:19:05,5686,1,39.1066964286,0.450148809524
2012-10-19 08:19:06,5687,1,39.360639881,0.253943452381
2012-10-19 08:19:07,5688,1,39.4226190476,0.0619791666666
2012-10-19 08:19:08,5689,1,39.4276041667,0.0049851190477
2012-10-19 08:19:09,5690,1,39.5174107143,0.089806547619
2012-10-19 08:19:10,5691,1,39.7276785714,0.210267857143
2012-10-19 08:19:11,5692,1,39.9677083333,0.240029761905
2012-10-19 08:19:12,5693,1,40.0907738095,0.123065476191
2012-10-19 08:19:13,5694,1,40.0105654762,-0.0802083333333
2012-10-19 08:19:14,5695,1,39.7932291667,-0.217336309524
2012-10-19 08:19:15,5696,1,39.6621279762,-0.131101190476
2012-10-19 08:19:16,5697,1,39.8813988095,0.219270833333
2012-10-19 08:19:17,5698,1,40.554389881,0.672991071429
2012-10-19 08:19:18,5699,1,41.4970982143,0.942708333333
2012-10-19 08:19:19,5700,1,42.3254464286,0.828348214286
2012-10-19 08:19:20,5701,1,42.7013392857,0.375892857143
2012-10-19 08:19:21,5702,1,42.5619047619,-0.139434523809
2012-10-19 08:19:22,5703,1,42.1593005952,-0.402604166667
2012-10-19 08:19:23,5704,1,41.8663690476,-0.292931547619
2012-10-19 08:19:24,5705,1,41.9222470238,0.0558779761905
2012-10-19 08:19:25,5706,1,42.3243303571,0.402083333333
2012-10-19 08:19:26,5707,1,42.896577381,0.57224702381
2012-10-19 08:19:27,5708,1,43.4378720238,0.541294642857
2012-10-19 08:19:28,5709,1,43.8282738095,0.390401785714
2012-10-19 08:19:29,5710,1,44.0254464286,0.197172619048
2012-10-19 08:19:30,5711,1,44.0068452381,-0.0186011904762
2012-10-19 08:19:31,5712,1,43.7586309524,-0.248214285714
2012-10-19 08:19:32,5713,1,43.3189732143,-0.439657738095
2012-10-19 08:19:33,5714,1,42.7983630952,-0.520610119048
2012-10-19 08:19:34,5715,1,42.3371279762,-0.461235119048
2012-10-19 08:19:35,5716,1,42.0395833333,-0.297544642857
2012-10-19 08:19:36,5717,1,41.934375,-0.105208333333
2012-10-19 08:19:37,5718,1,41.9761904762,0.0418154761905
2012-10-19 08:19:38,5719,1,42.0824404762,0.10625
2012-10-19 08:19:39,5720,1,42.1816220238,0.099181547619
2012-10-19 08:19:40,5721,1,42.2348958333,0.0532738095238
2012-10-19 08:19:41,5722,1,42.2297619048,-0.0051339285714
2012-10-19 08:19:42,5723,1,42.1906994048,-0.0390625
2012-10-19 08:19:43,5724,1,42.1944196429,0.0037202380952
2012-10-19 08:19:44,5725,1,42.3248511905,0.130431547619
2012-10-19 08:19:45,5726,1,42.5866071429,0.261755952381
2012-10-19 08:19:46,5727,1,42.8814732143,0.294866071429
2012-10-19 08:19:47,5728,1,43.1020089286,0.220535714286
2012-10-19 08:19:48,5729,1,43.2506696429,0.148660714286
2012-10-19 08:19:49,5730,1,43.441889881,0.191220238095
2012-10-19 08:19:50,5731,1,43.7870535714,0.345163690476
2012-10-19 08:19:51,5732,1,44.2834821429,0.496428571429
2012-10-19 08:19:52,5733,1,44.8071428571,0.523660714286
2012-10-19 08:19:53,5734,1,45.2194196429,0.412276785714
2012-10-19 08:19:54,5735,1,45.4686755952,0.249255952381
2012-10-19 08:19:55,5736,1,45.5816220238,0.112946428571
2012-10-19 08:19:56,5737,1,45.6121279762,0.030505952381
2012-10-19 08:19:57,5738,1,45.6186755952,0.0065476190476
2012-10-19 08:19:58,5739,1,45.6354166667,0.0167410714286
2012-10-19 08:19:59,5740,1,45.6401041667,0.0046875
2012-10-19 08:20:00,5741,1,45.5797619048,-0.0603422619048
2012-10-19 08:20:01,5742,1,45.4510416667,-0.128720238095
2012-10-19 08:20:02,5743,1,45.3406994048,-0.110342261905
2012-10-19 08:20:03,5744,1,45.3651041667,0.0244047619048
2012-10-19 08:20:04,5745,1,45.5764880952,0.211383928571
2012-10-19 08:20:05,5746,1,45.9305803571,0.354092261905
2012-10-19 08:20:06,5747,1,46.3363839286,0.405803571428
2012-10-19 08:20:07,5748,1,46.7368303571,0.400446428571
2012-10-19 08:20:08,5749,1,47.123139881,0.38630952381
2012-10-19 08:20:09,5750,1,47.4636160714,0.340476190476
2012-10-19 08:20:10,5751,1,47.6587797619,0.195163690476
2012-10-19 08:20:11,5752,1,47.5982886905,-0.0604910714286
2012-10-19 08:20:12,5753,1,47.2662946429,-0.331994047619
2012-10-19 08:20:13,5754,1,46.7963541667,-0.46994047619
2012-10-19 08:20:14,5755,1,46.4151041667,-0.38125
2012-10-19 08:20:15,5756,1,46.3039434524,-0.111160714286
2012-10-19 08:20:16,5757,1,46.4805803571,0.176636904762
2012-10-19 08:20:17,5758,1,46.7857886905,0.305208333333
2012-10-19 08:20:18,5759,1,46.9866071429,0.200818452381
2012-10-19 08:20:19,5760,1,46.9217261905,-0.0648809523809
2012-10-19 08:20:20,5761,1,46.5802827381,-0.341443452381
2012-10-19 08:20:21,5762,1,46.0788690476,-0.501413690476
2012-10-19 08:20:22,5763,1,45.5927827381,-0.486086309524
2012-10-19 08:20:23,5764,1,45.2919642857,-0.300818452381
2012-10-19 08:20:24,5765,1,45.2808035714,-0.0111607142857
2012-10-19 08:20:25,5766,1,45.5441964286,0.263392857143
2012-10-19 08:20:26,5767,1,45.9388392857,0.394642857143
2012-10-19 08:20:27,5768,1,46.2575892857,0.31875
2012-10-19 08:20:28,5769,1,46.3357886905,0.0781994047619
2012-10-19 08:20:29,5770,1,46.129985119,-0.205803571429
2012-10-19 08:20:30,5771,1,45.7205357143,-0.409449404762
2012-10-19 08:20:31,5772,1,45.2444940476,-0.476041666667
2012-10-19 08:20:32,5773,1,44.8090029762,-0.435491071429
2012-10-19 08:20:33,5774,1,44.4427827381,-0.366220238095
2012-10-19 08:20:34,5775,1,44.0952380952,-0.347544642857
2012-10-19 08:20:35,5776,1,43.6482142857,-0.447023809524
2012-10-19 08:20:36,5777,1,42.9522321429,-0.695982142857
2012-10-19 08:20:37,5778,1,41.9117559524,-1.04047619048
2012-10-19 08:20:38,5779,1,40.5282738095,-1.38348214286
2012-10-19 08:20:39,5780,1,38.8234375,-1.70483630952
2012-10-19 08:20:40,5781,1,36.7476190476,-2.07581845238
2012-10-19 08:20:41,5782,1,34.1791666667,-2.56845238095
2012-10-19 08:20:42,5783,1,30.9950892857,-3.18407738095
2012-10-19 08:20:43,5784,1,27.1880952381,-3.80699404762
2012-10-19 08:20:44,5785,1,22.947172619,-4.24092261905
2012-10-19 08:20:45,5786,1,18.5832932692,-4.36387934982
2012-10-19 08:20:46,5787,1,14.3838541667,-4.19943910256
2012-10-19 08:20:47,5788,1,10.5679258242,-3.81592834249
2012-10-19 08:20:48,5789,1,7.3276614011,-3.24026442308
2012-10-19 08:20:49,5790,1,4.84091117216,-2.48675022894
2012-10-19 08:20:50,5791,1,3.21699290293,-1.62391826923
2012-10-19 08:20:51,5792,1,2.41872710623,-0.798265796703
2012-10-19 08:20:52,5793,1,2.23634386447,-0.182383241758
2012-10-19 08:20:53,5794,1,2.37049565018,0.134151785714
2012-10-19 08:20:54,5795,1,2.5836595696,0.213163919414
2012-10-19 08:20:55,5796,1,2.7810782967,0.197418727106
2012-10-19 08:20:56,5797,1,2.96153846154,0.180460164835
2012-10-19 08:20:57,5798,1,3.13846153846,0.176923076923
2012-10-19 08:20:58,5799,1,3.31341575092,0.174954212454
2012-10-19 08:20:59,5800,1,3.47742673993,0.164010989011
2012-10-19 08:21:00,5801,1,3.62570970696,0.148282967033
2012-10-19 08:21:01,5802,1,3.81224244505,0.186532738095
2012-10-19 08:21:02,5803,1,4.21125801282,0.399015567766
2012-10-19 08:21:03,5804,1,5.09684638278,0.885588369963
2012-10-19 08:21:04,5805,1,6.70901442308,1.61216804029
2012-10-19 08:21:05,5806,1,9.06571657509,2.35670215201
2012-10-19 08:21:06,5807,1,11.8694253663,2.80370879121
2012-10-19 08:21:07,5808,1,14.6545386905,2.78511332418
2012-10-19 08:21:08,5809,1,17.0777930403,2.42325434982
2012-10-19 08:21:09,5810,1,19.0758184524,1.99802541209
2012-10-19 08:21:10,5811,1,20.7783482143,1.7025297619
2012-10-19 08:21:11,5812,1,22.2872767857,1.50892857143
2012-10-19 08:21:12,5813,1,23.5408482143,1.25357142857
2012-10-19 08:21:13,5814,1,24.4083333333,0.867485119048
2012-10-19 08:21:14,5815,1,24.864360119,0.456026785714
2012-10-19 08:21:15,5816,1,24.9991815476,0.134821428571
2012-10-19 08:21:16,5817,1,24.8617559524,-0.137425595238
2012-10-19 08:21:17,5818,1,24.3453125,-0.516443452381
2012-10-19 08:21:18,5819,1,23.3401041667,-1.00520833333
2012-10-19 08:21:19,5820,1,22.0555059524,-1.28459821429
2012-10-19 08:21:20,5821,1,21.0842261905,-0.971279761905
2012-10-19 08:21:21,5822,1,21.0746279762,-0.0095982142857
2012-10-19 08:21:22,5823,1,22.3406994048,1.26607142857
2012-10-19 08:21:23,5824,1,24.719047619,2.37834821429
2012-10-19 08:21:24,5825,1,27.7234375,3.00438988095
2012-10-19 08:21:25,5826,1,30.8145833333,3.09114583333
2012-10-19 08:21:26,5827,1,33.5589285714,2.7443452381
2012-10-19 08:21:27,5828,1,35.6680059524,2.10907738095
2012-10-19 08:21:28,5829,1,37.0267113095,1.35870535714
2012-10-19 08:21:29,5830,1,37.7134672619,0.686755952381
2012-10-19 08:21:30,5831,1,37.9511904762,0.237723214286
2012-10-19 08:21:31,5832,1,38.001860119,0.0506696428571
2012-10-19 08:21:32,5833,1,38.0975446429,0.0956845238095
2012-10-19 08:21:33,5834,1,38.4197916667,0.32224702381
2012-10-19 08:21:34,5835,1,39.0489583333,0.629166666667
2012-10-19 08:21:35,5836,1,39.9110863095,0.862127976191
2012-10-19 08:21:36,5837,1,40.8191220238,0.908035714286
2012-10-19 08:21:37,5838,1,41.5915922619,0.772470238095
2012-10-19 08:21:38,5839,1,42.1449404762,0.553348214286
2012-10-19 08:21:39,5840,1,42.4896577381,0.344717261905
2012-10-19 08:21:40,5841,1,42.6530505952,0.163392857143
2012-10-19 08:21:41,5842,1,42.623139881,-0.0299107142857
2012-10-19 08:21:42,5843,1,42.3711309524,-0.252008928571
2012-10-19 08:21:43,5844,1,41.9073660714,-0.463764880952
2012-10-19 08:21:44,5845,1,41.2962053571,-0.611160714286
2012-10-19 08:21:45,5846,1,40.6148809524,-0.681324404762
2012-10-19 08:21:46,5847,1,39.9049107143,-0.709970238095
2012-10-19 08:21:47,5848,1,39.176264881,-0.728645833333
2012-10-19 08:21:48,5849,1,38.4619047619,-0.714360119048
2012-10-19 08:21:49,5850,1,37.8494791667,-0.612425595238
2012-10-19 08:21:50,5851,1,37.4478422619,-0.401636904762
2012-10-19 08:21:51,5852,1,37.3255952381,-0.12224702381
2012-10-19 08:21:52,5853,1,37.4757440476,0.150148809524
2012-10-19 08:21:53,5854,1,37.8322172619,0.356473214286
2012-10-19 08:21:54,5855,1,38.3177083333,0.485491071428
2012-10-19 08:21:55,5856,1,38.8671130952,0.549404761905
2012-10-19 08:21:56,5857,1,39.4098958333,0.542782738095
2012-10-19 08:21:57,5858,1,39.8574404762,0.447544642857
2012-10-19 08:21:58,5859,1,40.1305803571,0.273139880952
2012-10-19 08:21:59,5860,1,40.1994791667,0.0688988095238
2012-10-19 08:22:00,5861,1,40.085639881,-0.113839285714
2012-10-19 08:22:01,5862,1,39.8271577381,-0.258482142857
2012-10-19 08:22:02,5863,1,39.4517113095,-0.375446428571
2012-10-19 08:22:03,5864,1,38.9785714286,-0.473139880952
2012-10-19 08:22:04,5865,1,38.4351934524,-0.54337797619
2012-10-19 08:22:05,5866,1,37.865327381,-0.569866071428
2012-10-19 08:22:06,5867,1,37.3186011905,-0.546726190476
2012-10-19 08:22:07,5868,1,36.8377232143,-0.48087797619
2012-10-19 08:22:08,5869,1,36.4585565476,-0.379166666667
2012-10-19 08:22:09,5870,1,36.204985119,-0.253571428571
2012-10-19 08:22:10,5871,1,36.0700892857,-0.134895833333
2012-10-19 08:22:11,5872,1,36.0196428571,-0.0504464285714
2012-10-19 08:22:12,5873,1,36.020014881,0.000372023809504
2012-10-19 08:22:13,5874,1,36.0376488095,0.0176339285714
2012-10-19 08:22:14,5875,1,36.0139880952,-0.0236607142857
2012-10-19 08:22:15,5876,1,35.866889881,-0.147098214286
2012-10-19 08:22:16,5877,1,35.5255208333,-0.341369047619
2012-10-19 08:22:17,5878,1,34.9898809524,-0.535639880952
2012-10-19 08:22:18,5879,1,34.3824404762,-0.60744047619
2012-10-19 08:22:19,5880,1,33.9145833333,-0.467857142857
2012-10-19 08:22:20,5881,1,33.7686755952,-0.145907738095
2012-10-19 08:22:21,5882,1,34.0013392857,0.232663690476
2012-10-19 08:22:22,5883,1,34.5361607143,0.534821428571
2012-10-19 08:22:23,5884,1,35.2212797619,0.685119047619
2012-10-19 08:22:24,5885,1,35.8808035714,0.659523809524
2012-10-19 08:22:25,5886,1,36.3088541667,0.428050595238
2012-10-19 08:22:26,5887,1,36.243452381,-0.0654017857143
2012-10-19 08:22:27,5888,1,35.403422619,-0.840029761905
2012-10-19 08:22:28,5889,1,33.5892857143,-1.81413690476
2012-10-19 08:22:29,5890,1,30.743266369,-2.84601934524
2012-10-19 08:22:30,5891,1,26.904594494,-3.838671875
2012-10-19 08:22:31,5892,1,22.1967633929,-4.70783110119
2012-10-19 08:22:32,5893,1,16.9778459821,-5.21891741071
2012-10-19 08:22:33,5894,1,11.9185639881,-5.05928199405
2012-10-19 08:22:34,5895,1,7.74756324405,-4.17100074405
2012-10-19 08:22:35,5896,1,4.91506696429,-2.83249627976
2012-10-19 08:22:36,5897,1,3.52425595238,-1.3908110119
2012-10-19 08:22:37,5898,1,3.46216517857,-0.0620907738095
2012-10-19 08:22:38,5899,1,4.52118675595,1.05902157738
2012-10-19 08:22:39,5900,1,6.40145089286,1.8802641369
2012-10-19 08:22:40,5901,1,8.61917782738,2.21772693452
2012-10-19 08:22:41,5902,1,10.58046875,1.96129092262
2012-10-19 08:22:42,5903,1,11.914453125,1.333984375
2012-10-19 08:22:43,5904,1,12.6774925595,0.763039434524
2012-10-19 08:22:44,5905,1,13.1836309524,0.506138392857
2012-10-19 08:22:45,5906,1,13.745610119,0.561979166667
2012-10-19 08:22:46,5907,1,14.594047619,0.8484375
2012-10-19 08:22:47,5908,1,15.8883184524,1.29427083333
2012-10-19 08:22:48,5909,1,17.6665922619,1.77827380952
2012-10-19 08:22:49,5910,1,19.7944196429,2.12782738095
2012-10-19 08:22:50,5911,1,22.0576636905,2.26324404762
2012-10-19 08:22:51,5912,1,24.3366071429,2.27894345238
2012-10-19 08:22:52,5913,1,26.6507440476,2.31413690476
2012-10-19 08:22:53,5914,1,29.0060267857,2.3552827381
2012-10-19 08:22:54,5915,1,31.2039434524,2.19791666667
2012-10-19 08:22:55,5916,1,32.8567708333,1.65282738095
2012-10-19 08:22:56,5917,1,33.6419642857,0.785193452381
2012-10-19 08:22:57,5918,1,33.5303571429,-0.111607142857
2012-10-19 08:22:58,5919,1,32.7694196429,-0.7609375
2012-10-19 08:22:59,5920,1,31.7118303571,-1.05758928571
2012-10-19 08:23:00,5921,1,30.701860119,-1.0099702381
2012-10-19 08:23:01,5922,1,29.9944940476,-0.707366071429
2012-10-19 08:23:02,5923,1,29.5575892857,-0.436904761905
2012-10-19 08:23:03,5924,1,28.970014881,-0.587574404762
2012-10-19 08:23:04,5925,1,27.7301339286,-1.23988095238
2012-10-19 08:23:05,5926,1,25.7438988095,-1.98623511905
2012-10-19 08:23:06,5927,1,23.4849702381,-2.25892857143
2012-10-19 08:23:07,5928,1,21.6444940476,-1.84047619048
2012-10-19 08:23:08,5929,1,20.5614583333,-1.08303571429
2012-10-19 08:23:09,5930,1,19.9948660714,-0.566592261905
2012-10-19 08:23:10,5931,1,19.461235119,-0.533630952381
2012-10-19 08:23:11,5932,1,18.7111607143,-0.750074404762
2012-10-19 08:23:12,5933,1,17.848139881,-0.863020833333
2012-10-19 08:23:13,5934,1,17.0941964286,-0.753943452381
2012-10-19 08:23:14,5935,1,16.5505952381,-0.543601190476
2012-10-19 08:23:15,5936,1,16.1550595238,-0.395535714286
2012-10-19 08:23:16,5937,1,15.7663690476,-0.38869047619
2012-10-19 08:23:17,5938,1,15.2866071429,-0.479761904762
2012-10-19 08:23:18,5939,1,14.7610119048,-0.525595238095
2012-10-19 08:23:19,5940,1,14.3730654762,-0.387946428571
2012-10-19 08:23:20,5941,1,14.3465029762,-0.0265625
2012-10-19 08:23:21,5942,1,14.8459821429,0.499479166667
2012-10-19 08:23:22,5943,1,15.908110119,1.06212797619
2012-10-19 08:23:23,5944,1,17.3904761905,1.48236607143
2012-10-19 08:23:24,5945,1,18.9935267857,1.60305059524
2012-10-19 08:23:25,5946,1,20.4189732143,1.42544642857
2012-10-19 08:23:26,5947,1,21.5647321429,1.14575892857
2012-10-19 08:23:27,5948,1,22.5786458333,1.01391369048
2012-10-19 08:23:28,5949,1,23.7212053571,1.14255952381
2012-10-19 08:23:29,5950,1,25.1316220238,1.41041666667
2012-10-19 08:23:30,5951,1,26.7056547619,1.5740327381
2012-10-19 08:23:31,5952,1,28.2267113095,1.52105654762
2012-10-19 08:23:32,5953,1,29.5716517857,1.34494047619
2012-10-19 08:23:33,5954,1,30.7266369048,1.15498511905
2012-10-19 08:23:34,5955,1,31.6636160714,0.936979166667
2012-10-19 08:23:35,5956,1,32.3132440476,0.649627976191
2012-10-19 08:23:36,5957,1,32.6832589286,0.370014880952
2012-10-19 08:23:37,5958,1,32.943452381,0.260193452381
2012-10-19 08:23:38,5959,1,33.336235119,0.392782738095
2012-10-19 08:23:39,5960,1,33.979985119,0.64375
2012-10-19 08:23:40,5961,1,34.7396577381,0.759672619048
2012-10-19 08:23:41,5962,1,35.2803571429,0.540699404762
2012-10-19 08:23:42,5963,1,35.2491815476,-0.0311755952381
2012-10-19 08:23:43,5964,1,34.4121279762,-0.837053571429
2012-10-19 08:23:44,5965,1,32.714360119,-1.69776785714
2012-10-19 08:23:45,5966,1,30.3464285714,-2.36793154762
2012-10-19 08:23:46,5967,1,27.7056547619,-2.64077380952
2012-10-19 08:23:47,5968,1,25.1307291667,-2.57492559524
2012-10-19 08:23:48,5969,1,22.6124702381,-2.51825892857
2012-10-19 08:23:49,5970,1,19.7751785714,-2.83729166667
2012-10-19 08:23:50,5971,1,16.2307291667,-3.54444940476
2012-10-19 08:23:51,5972,1,12.0954017857,-4.13532738095
2012-10-19 08:23:52,5973,1,8.12388392857,-3.97151785714
2012-10-19 08:23:53,5974,1,5.21276785714,-2.91111607143
2012-10-19 08:23:54,5975,1,3.78730654762,-1.42546130952
2012-10-19 08:23:55,5976,1,3.6340625,-0.153244047619
2012-10-19 08:23:56,5977,1,4.17441964286,0.540357142857
2012-10-19 08:23:57,5978,1,4.84818452381,0.673764880952
2012-10-19 08:23:58,5979,1,5.3027827381,0.454598214286
2012-10-19 08:23:59,5980,1,5.35788690476,0.0551041666667
2012-10-19 08:24:00,5981,1,4.96337797619,-0.394508928571
2012-10-19 08:24:01,5982,1,4.24494047619,-0.7184375
2012-10-19 08:24:02,5983,1,3.49900297619,-0.7459375
2012-10-19 08:24:03,5984,1,3.03633928571,-0.462663690476
2012-10-19 08:24:04,5985,1,2.99047619048,-0.0458630952381
2012-10-19 08:24:05,5986,1,3.27061011905,0.280133928571
2012-10-19 08:24:06,5987,1,3.66391369048,0.393303571429
2012-10-19 08:24:07,5988,1,3.96986607143,0.305952380952
2012-10-19 08:24:08,5989,1,4.09136904762,0.12150297619
2012-10-19 08:24:09,5990,1,4.05193452381,-0.0394345238095
2012-10-19 08:24:10,5991,1,3.94270833333,-0.109226190476
2012-10-19 08:24:11,5992,1,3.84791666667,-0.0947916666667
2012-10-19 08:24:12,5993,1,3.79672619048,-0.0511904761905
2012-10-19 08:24:13,5994,1,3.77552083333,-0.0212053571429
2012-10-19 08:24:14,5995,1,3.80476190476,0.0292410714286
2012-10-19 08:24:15,5996,1,3.99427083333,0.189508928571
2012-10-19 08:24:16,5997,1,4.48080357143,0.486532738095
2012-10-19 08:24:17,5998,1,5.29880952381,0.818005952381
2012-10-19 08:24:18,5999,1,6.31160714286,1.01279761905
2012-10-19 08:24:19,6000,1,7.26733630952,0.955729166667
2012-10-19 08:24:20,6001,1,7.9796875,0.712351190476
2012-10-19 08:24:21,6002,1,8.50736607143,0.527678571429
2012-10-19 08:24:22,6003,1,9.12038690476,0.613020833333
2012-10-19 08:24:23,6004,1,10.0563244048,0.9359375
2012-10-19 08:24:24,6005,1,11.3265625,1.27023809524
2012-10-19 08:24:25,6006,1,12.7547619048,1.42819940476
2012-10-19 08:24:26,6007,1,14.1645089286,1.40974702381
2012-10-19 08:24:27,6008,1,15.4884672619,1.32395833333
2012-10-19 08:24:28,6009,1,16.6845238095,1.19605654762
2012-10-19 08:24:29,6010,1,17.6189732143,0.934449404762
2012-10-19 08:24:30,6011,1,18.1477678571,0.528794642857
2012-10-19 08:24:31,6012,1,18.3305059524,0.182738095238
2012-10-19 08:24:32,6013,1,18.4772321429,0.146726190476
2012-10-19 08:24:33,6014,1,18.9399553571,0.462723214286
2012-10-19 08:24:34,6015,1,19.870610119,0.930654761905
2012-10-19 08:24:35,6016,1,21.1533482143,1.28273809524
2012-10-19 08:24:36,6017,1,22.5377232143,1.384375
2012-10-19 08:24:37,6018,1,23.835639881,1.29791666667
2012-10-19 08:24:38,6019,1,24.9884672619,1.15282738095
2012-10-19 08:24:39,6020,1,25.9988095238,1.0103422619
2012-10-19 08:24:40,6021,1,26.8822916667,0.883482142857
2012-10-19 08:24:41,6022,1,27.6866071429,0.80431547619
2012-10-19 08:24:42,6023,1,28.521577381,0.834970238095
2012-10-19 08:24:43,6024,1,29.5343005952,1.01272321429
2012-10-19 08:24:44,6025,1,30.7771577381,1.24285714286
2012-10-19 08:24:45,6026,1,32.0677083333,1.29055059524
2012-10-19 08:24:46,6027,1,33.0506696429,0.982961309524
2012-10-19 08:24:47,6028,1,33.4875,0.436830357143
2012-10-19 08:24:48,6029,1,33.515922619,0.0284226190476
2012-10-19 08:24:49,6030,1,33.6026041667,0.0866815476191
2012-10-19 08:24:50,6031,1,34.2277529762,0.625148809524
2012-10-19 08:24:51,6032,1,35.5979910714,1.37023809524
2012-10-19 08:24:52,6033,1,37.5647321429,1.96674107143
2012-10-19 08:24:53,6034,1,39.7183779762,2.15364583333
2012-10-19 08:24:54,6035,1,41.5840029762,1.865625
2012-10-19 08:24:55,6036,1,42.8186011905,1.23459821429
2012-10-19 08:24:56,6037,1,43.3186755952,0.500074404762
2012-10-19 08:24:57,6038,1,43.2323660714,-0.0863095238095
2012-10-19 08:24:58,6039,1,42.8736607143,-0.358705357143
2012-10-19 08:24:59,6040,1,42.5444196429,-0.329241071429
2012-10-19 08:25:00,6041,1,42.4098958333,-0.134523809524
2012-10-19 08:25:01,6042,1,42.5473214286,0.137425595238
2012-10-19 08:25:02,6043,1,43.0227678571,0.475446428572
2012-10-19 08:25:03,6044,1,43.8287202381,0.805952380952
2012-10-19 08:25:04,6045,1,44.7851934524,0.956473214286
2012-10-19 08:25:05,6046,1,45.5711309524,0.7859375
2012-10-19 08:25:06,6047,1,45.873139881,0.302008928571
2012-10-19 08:25:07,6048,1,45.5450892857,-0.328050595238
2012-10-19 08:25:08,6049,1,44.6654761905,-0.879613095238
2012-10-19 08:25:09,6050,1,43.4228422619,-1.24263392857
2012-10-19 08:25:10,6051,1,41.9269345238,-1.4959077381
2012-10-19 08:25:11,6052,1,40.1191220238,-1.8078125
2012-10-19 08:25:12,6053,1,37.8308779762,-2.28824404762
2012-10-19 08:25:13,6054,1,34.938764881,-2.89211309524
2012-10-19 08:25:14,6055,1,31.5025297619,-3.43623511905
2012-10-19 08:25:15,6056,1,27.7764880952,-3.72604166667
2012-10-19 08:25:16,6057,1,24.1331845238,-3.64330357143
2012-10-19 08:25:17,6058,1,20.9603422619,-3.1728422619
2012-10-19 08:25:18,6059,1,18.5214285714,-2.43891369048
2012-10-19 08:25:19,6060,1,16.8608630952,-1.66056547619
2012-10-19 08:25:20,6061,1,15.8341517857,-1.02671130952
2012-10-19 08:25:21,6062,1,15.2006696429,-0.633482142857
2012-10-19 08:25:22,6063,1,14.7142113095,-0.486458333333
2012-10-19 08:25:23,6064,1,14.2110119048,-0.503199404762
2012-10-19 08:25:24,6065,1,13.6979910714,-0.513020833333
2012-10-19 08:25:25,6066,1,13.4167410714,-0.28125
2012-10-19 08:25:26,6067,1,13.8272321429,0.410491071429
2012-10-19 08:25:27,6068,1,15.4163690476,1.58913690476
2012-10-19 08:25:28,6069,1,18.2965029762,2.88013392857
2012-10-19 08:25:29,6070,1,21.9033482143,3.6068452381
2012-10-19 08:25:30,6071,1,25.2252232143,3.321875
2012-10-19 08:25:31,6072,1,27.4035714286,2.17834821429
2012-10-19 08:25:32,6073,1,28.1450892857,0.741517857143
2012-10-19 08:25:33,6074,1,27.7286458333,-0.416443452381
2012-10-19 08:25:34,6075,1,26.7142857143,-1.01436011905
2012-10-19 08:25:35,6076,1,25.5843005952,-1.12998511905
2012-10-19 08:25:36,6077,1,24.5938988095,-0.990401785714
2012-10-19 08:25:37,6078,1,23.8385416667,-0.755357142857
2012-10-19 08:25:38,6079,1,23.3389880952,-0.499553571429
2012-10-19 08:25:39,6080,1,23.0975446429,-0.241443452381
2012-10-19 08:25:40,6081,1,23.148139881,0.0505952380953
2012-10-19 08:25:41,6082,1,23.5371279762,0.388988095238
2012-10-19 08:25:42,6083,1,24.2067708333,0.669642857143
2012-10-19 08:25:43,6084,1,24.8878720238,0.681101190476
2012-10-19 08:25:44,6085,1,25.1769345238,0.2890625
2012-10-19 08:25:45,6086,1,24.8108630952,-0.366071428571
2012-10-19 08:25:46,6087,1,23.884672619,-0.926190476191
2012-10-19 08:25:47,6088,1,22.7891369048,-1.09553571429
2012-10-19 08:25:48,6089,1,21.9287202381,-0.860416666667
2012-10-19 08:25:49,6090,1,21.4697172619,-0.45900297619
2012-10-19 08:25:50,6091,1,21.3569196429,-0.112797619048
2012-10-19 08:25:51,6092,1,21.5485863095,0.191666666667
2012-10-19 08:25:52,6093,1,22.1249255952,0.576339285714
2012-10-19 08:25:53,6094,1,23.1345982143,1.00967261905
2012-10-19 08:25:54,6095,1,24.4243303571,1.28973214286
2012-10-19 08:25:55,6096,1,25.6602678571,1.2359375
2012-10-19 08:25:56,6097,1,26.5099702381,0.849702380952
2012-10-19 08:25:57,6098,1,26.8305803571,0.320610119048
2012-10-19 08:25:58,6099,1,26.7222470238,-0.108333333333
2012-10-19 08:25:59,6100,1,26.4463541667,-0.275892857143
2012-10-19 08:26:00,6101,1,26.2968005952,-0.149553571429
2012-10-19 08:26:01,6102,1,26.4665922619,0.169791666667
2012-10-19 08:26:02,6103,1,26.9426339286,0.476041666667
2012-10-19 08:26:03,6104,1,27.5030505952,0.560416666667
2012-10-19 08:26:04,6105,1,27.877827381,0.374776785714
2012-10-19 08:26:05,6106,1,28.002827381,0.125
2012-10-19 08:26:06,6107,1,28.1225446429,0.119717261905
2012-10-19 08:26:07,6108,1,28.5819940476,0.459449404762
2012-10-19 08:26:08,6109,1,29.4851190476,0.903125
2012-10-19 08:26:09,6110,1,30.5436011905,1.05848214286
2012-10-19 08:26:10,6111,1,31.2613095238,0.717708333333
2012-10-19 08:26:11,6112,1,31.3130952381,0.0517857142857
2012-10-19 08:26:12,6113,1,30.7920386905,-0.521056547619
2012-10-19 08:26:13,6114,1,30.1154761905,-0.6765625
2012-10-19 08:26:14,6115,1,29.712202381,-0.403273809524
2012-10-19 08:26:15,6116,1,29.7623511905,0.0501488095238
2012-10-19 08:26:16,6117,1,30.1335565476,0.371205357143
2012-10-19 08:26:17,6118,1,30.4990327381,0.365476190476
2012-10-19 08:26:18,6119,1,30.5405505952,0.0415178571429
2012-10-19 08:26:19,6120,1,30.1204613095,-0.420089285714
2012-10-19 08:26:20,6121,1,29.3320684524,-0.788392857143
2012-10-19 08:26:21,6122,1,28.3897321429,-0.942336309524
2012-10-19 08:26:22,6123,1,27.4486607143,-0.941071428571
2012-10-19 08:26:23,6124,1,26.5267113095,-0.921949404762
2012-10-19 08:26:24,6125,1,25.580952381,-0.945758928571
2012-10-19 08:26:25,6126,1,24.6441964286,-0.936755952381
2012-10-19 08:26:26,6127,1,23.8948660714,-0.749330357143
2012-10-19 08:26:27,6128,1,23.5923363095,-0.302529761905
2012-10-19 08:26:28,6129,1,23.9405505952,0.348214285714
2012-10-19 08:26:29,6130,1,24.9945684524,1.05401785714
2012-10-19 08:26:30,6131,1,26.6488839286,1.65431547619
2012-10-19 08:26:31,6132,1,28.6882440476,2.03936011905
2012-10-19 08:26:32,6133,1,30.8654761905,2.17723214286
2012-10-19 08:26:33,6134,1,32.9772321429,2.11175595238
2012-10-19 08:26:34,6135,1,34.9095982143,1.93236607143
2012-10-19 08:26:35,6136,1,36.6146577381,1.70505952381
2012-10-19 08:26:36,6137,1,38.0449404762,1.4302827381
2012-10-19 08:26:37,6138,1,39.1280505952,1.08311011905
2012-10-19 08:26:38,6139,1,39.8091517857,0.681101190476
2012-10-19 08:26:39,6140,1,40.1264880952,0.317336309524
2012-10-19 08:26:40,6141,1,40.2432291667,0.116741071429
2012-10-19 08:26:41,6142,1,40.3755208333,0.132291666667
2012-10-19 08:26:42,6143,1,40.675,0.299479166667
2012-10-19 08:26:43,6144,1,41.1811755952,0.506175595238
2012-10-19 08:26:44,6145,1,41.8720238095,0.690848214286
2012-10-19 08:26:45,6146,1,42.7335565476,0.861532738095
2012-10-19 08:26:46,6147,1,43.7602678571,1.02671130952
2012-10-19 08:26:47,6148,1,44.8958333333,1.13556547619
2012-10-19 08:26:48,6149,1,46.0055803571,1.10974702381
2012-10-19 08:26:49,6150,1,46.940625,0.935044642857
2012-10-19 08:26:50,6151,1,47.6415922619,0.700967261905
2012-10-19 08:26:51,6152,1,48.1728422619,0.53125
2012-10-19 08:26:52,6153,1,48.662797619,0.489955357143
2012-10-19 08:26:53,6154,1,49.2155505952,0.55275297619
2012-10-19 08:26:54,6155,1,49.8492559524,0.633705357143
2012-10-19 08:26:55,6156,1,50.4951636905,0.645907738095
2012-10-19 08:26:56,6157,1,51.0616815476,0.566517857143
2012-10-19 08:26:57,6158,1,51.5117559524,0.450074404762
2012-10-19 08:26:58,6159,1,51.8916666667,0.379910714286
2012-10-19 08:26:59,6160,1,52.2883184524,0.396651785714
2012-10-19 08:27:00,6161,1,52.7490327381,0.460714285714
2012-10-19 08:27:01,6162,1,53.2287202381,0.4796875
2012-10-19 08:27:02,6163,1,53.5979910714,0.369270833333
2012-10-19 08:27:03,6164,1,53.7127232143,0.114732142857
2012-10-19 08:27:04,6165,1,53.5014880952,-0.211235119048
2012-10-19 08:27:05,6166,1,52.9874255952,-0.5140625
2012-10-19 08:27:06,6167,1,52.2558779762,-0.731547619048
2012-10-19 08:27:07,6168,1,51.4373511905,-0.818526785714
2012-10-19 08:27:08,6169,1,50.6658482143,-0.77150297619
2012-10-19 08:27:09,6170,1,50.0055803571,-0.660267857143
2012-10-19 08:27:10,6171,1,49.4462797619,-0.559300595238
2012-10-19 08:27:11,6172,1,48.9517857143,-0.494494047619
2012-10-19 08:27:12,6173,1,48.490922619,-0.460863095238
2012-10-19 08:27:13,6174,1,48.0716517857,-0.419270833333
2012-10-19 08:27:14,6175,1,47.7553571429,-0.316294642857
2012-10-19 08:27:15,6176,1,47.6120535714,-0.143303571428
2012-10-19 08:27:16,6177,1,47.6722470238,0.0601934523809
2012-10-19 08:27:17,6178,1,47.8931547619,0.220907738095
2012-10-19 08:27:18,6179,1,48.1305803571,0.237425595238
2012-10-19 08:27:19,6180,1,48.1960565476,0.0654761904762
2012-10-19 08:27:20,6181,1,47.9886904762,-0.207366071429
2012-10-19 08:27:21,6182,1,47.545610119,-0.443080357143
2012-10-19 08:27:22,6183,1,46.9795386905,-0.566071428571
2012-10-19 08:27:23,6184,1,46.401860119,-0.577678571429
2012-10-19 08:27:24,6185,1,45.8726934524,-0.529166666667
2012-10-19 08:27:25,6186,1,45.4104166667,-0.462276785714
2012-10-19 08:27:26,6187,1,45.0578125,-0.352604166667
2012-10-19 08:27:27,6188,1,44.8842261905,-0.173586309524
2012-10-19 08:27:28,6189,1,44.90625,0.0220238095238
2012-10-19 08:27:29,6190,1,45.0712797619,0.165029761905
2012-10-19 08:27:30,6191,1,45.3206845238,0.249404761905
2012-10-19 08:27:31,6192,1,45.626860119,0.306175595238
2012-10-19 08:27:32,6193,1,45.9805803571,0.353720238095
2012-10-19 08:27:33,6194,1,46.3408482143,0.360267857143
2012-10-19 08:27:34,6195,1,46.5959077381,0.255059523809
2012-10-19 08:27:35,6196,1,46.636235119,0.0403273809524
2012-10-19 08:27:36,6197,1,46.4683779762,-0.167857142857
2012-10-19 08:27:37,6198,1,46.2026041667,-0.265773809524
2012-10-19 08:27:38,6199,1,45.9626488095,-0.239955357143
2012-10-19 08:27:39,6200,1,45.8383184524,-0.124330357143
2012-10-19 08:27:40,6201,1,45.8804315476,0.0421130952381
2012-10-19 08:27:41,6202,1,46.1165922619,0.236160714286
2012-10-19 08:27:42,6203,1,46.5523809524,0.435788690476
2012-10-19 08:27:43,6204,1,47.1451636905,0.592782738095
2012-10-19 08:27:44,6205,1,47.8220982143,0.676934523809
2012-10-19 08:27:45,6206,1,48.5374255952,0.715327380952
2012-10-19 08:27:46,6207,1,49.2753720238,0.737946428571
2012-10-19 08:27:47,6208,1,50.0025297619,0.727157738095
2012-10-19 08:27:48,6209,1,50.653125,0.650595238095
2012-10-19 08:27:49,6210,1,51.1711309524,0.518005952381
2012-10-19 08:27:50,6211,1,51.5415178571,0.370386904762
2012-10-19 08:27:51,6212,1,51.7554315476,0.213913690476
2012-10-19 08:27:52,6213,1,51.7755952381,0.0201636904762
2012-10-19 08:27:53,6214,1,51.5826636905,-0.192931547619
2012-10-19 08:27:54,6215,1,51.2435267857,-0.339136904762
2012-10-19 08:27:55,6216,1,50.8988095238,-0.344717261905
2012-10-19 08:27:56,6217,1,50.6734375,-0.225372023809
2012-10-19 08:27:57,6218,1,50.5979910714,-0.0754464285714
2012-10-19 08:27:58,6219,1,50.6180803571,0.0200892857143
2012-10-19 08:27:59,6220,1,50.6777529762,0.0596726190476
2012-10-19 08:28:00,6221,1,50.7790178571,0.101264880952
2012-10-19 08:28:01,6222,1,50.959672619,0.180654761905
2012-10-19 08:28:02,6223,1,51.2317708333,0.272098214286
2012-10-19 08:28:03,6224,1,51.5558035714,0.324032738095
2012-10-19 08:28:04,6225,1,51.8773809524,0.321577380952
2012-10-19 08:28:05,6226,1,52.1758184524,0.2984375
2012-10-19 08:28:06,6227,1,52.4692708333,0.293452380952
2012-10-19 08:28:07,6228,1,52.7928571429,0.323586309524
2012-10-19 08:28:08,6229,1,53.1792410714,0.386383928571
2012-10-19 08:28:09,6230,1,53.6383928571,0.459151785714
2012-10-19 08:28:10,6231,1,54.1522321429,0.513839285714
2012-10-19 08:28:11,6232,1,54.697172619,0.54494047619
2012-10-19 08:28:12,6233,1,55.2579613095,0.560788690476
2012-10-19 08:28:13,6234,1,55.8133928571,0.555431547619
2012-10-19 08:28:14,6235,1,56.3201636905,0.506770833333
2012-10-19 08:28:15,6236,1,56.7094494048,0.389285714286
2012-10-19 08:28:16,6237,1,56.9064732143,0.197023809524
2012-10-19 08:28:17,6238,1,56.8811011905,-0.0253720238095
2012-10-19 08:28:18,6239,1,56.6869047619,-0.194196428571
2012-10-19 08:28:19,6240,1,56.4411458333,-0.245758928571
2012-10-19 08:28:20,6241,1,56.2633928571,-0.17775297619
2012-10-19 08:28:21,6242,1,56.2193452381,-0.0440476190477
2012-10-19 08:28:22,6243,1,56.2995535714,0.0802083333334
2012-10-19 08:28:23,6244,1,56.4414434524,0.141889880952
2012-10-19 08:28:24,6245,1,56.5741815476,0.132738095238
2012-10-19 08:28:25,6246,1,56.6566220238,0.0824404761905
2012-10-19 08:28:26,6247,1,56.697172619,0.0405505952381
2012-10-19 08:28:27,6248,1,56.7482886905,0.0511160714286
2012-10-19 08:28:28,6249,1,56.8723958333,0.124107142857
2012-10-19 08:28:29,6250,1,57.1052827381,0.232886904762
2012-10-19 08:28:30,6251,1,57.4491071429,0.343824404762
2012-10-19 08:28:31,6252,1,57.8919642857,0.442857142857
2012-10-19 08:28:32,6253,1,58.4226190476,0.530654761905
2012-10-19 08:28:33,6254,1,59.0194196429,0.596800595238
2012-10-19 08:28:34,6255,1,59.6317708333,0.612351190476
2012-10-19 08:28:35,6256,1,60.1889136905,0.557142857143
2012-10-19 08:28:36,6257,1,60.6302083333,0.441294642857
2012-10-19 08:28:37,6258,1,60.9255952381,0.295386904762
2012-10-19 08:28:38,6259,1,61.088764881,0.163169642857
2012-10-19 08:28:39,6260,1,61.1859375,0.0971726190476
2012-10-19 08:28:40,6261,1,61.3074404762,0.12150297619
2012-10-19 08:28:41,6262,1,61.5047619048,0.197321428571
2012-10-19 08:28:42,6263,1,61.7526041667,0.247842261905
2012-10-19 08:28:43,6264,1,61.9694940476,0.216889880952
2012-10-19 08:28:44,6265,1,62.0675595238,0.0980654761905
2012-10-19 08:28:45,6266,1,61.9848958333,-0.0826636904762
2012-10-19 08:28:46,6267,1,61.688764881,-0.296130952381
2012-10-19 08:28:47,6268,1,61.1686011905,-0.520163690476
2012-10-19 08:28:48,6269,1,60.4249255952,-0.743675595238
2012-10-19 08:28:49,6270,1,59.444047619,-0.98087797619
2012-10-19 08:28:50,6271,1,58.1685267857,-1.27552083333
2012-10-19 08:28:51,6272,1,56.5022321429,-1.66629464286
2012-10-19 08:28:52,6273,1,54.3776041667,-2.12462797619
2012-10-19 08:28:53,6274,1,51.8470982143,-2.53050595238
2012-10-19 08:28:54,6275,1,49.1156994048,-2.73139880952
2012-10-19 08:28:55,6276,1,46.4857142857,-2.62998511905
2012-10-19 08:28:56,6277,1,44.2548363095,-2.23087797619
2012-10-19 08:28:57,6278,1,42.6061011905,-1.64873511905
2012-10-19 08:28:58,6279,1,41.5345238095,-1.07157738095
2012-10-19 08:28:59,6280,1,40.8665178571,-0.668005952381
2012-10-19 08:29:00,6281,1,40.3515625,-0.514955357143
2012-10-19 08:29:01,6282,1,39.7432291667,-0.608333333333
2012-10-19 08:29:02,6283,1,38.8324404762,-0.910788690476
2012-10-19 08:29:03,6284,1,37.4668154762,-1.365625
2012-10-19 08:29:04,6285,1,35.6191964286,-1.84761904762
2012-10-19 08:29:05,6286,1,33.4826636905,-2.1365327381
2012-10-19 08:29:06,6287,1,31.4382440476,-2.04441964286
2012-10-19 08:29:07,6288,1,29.8452380952,-1.59300595238
2012-10-19 08:29:08,6289,1,28.8416666667,-1.00357142857
2012-10-19 08:29:09,6290,1,28.3270833333,-0.514583333333
2012-10-19 08:29:10,6291,1,28.0991815476,-0.227901785714
2012-10-19 08:29:11,6292,1,28.0014136905,-0.0977678571428
2012-10-19 08:29:12,6293,1,27.9406994048,-0.0607142857143
2012-10-19 08:29:13,6294,1,27.7636904762,-0.177008928571
2012-10-19 08:29:14,6295,1,27.1807291667,-0.582961309524
2012-10-19 08:29:15,6296,1,25.9107142857,-1.27001488095
2012-10-19 08:29:16,6297,1,23.9389880952,-1.97172619048
2012-10-19 08:29:17,6298,1,21.6244047619,-2.31458333333
2012-10-19 08:29:18,6299,1,19.5265625,-2.0978422619
2012-10-19 08:29:19,6300,1,18.0595982143,-1.46696428571
2012-10-19 08:29:20,6301,1,17.2866815476,-0.772916666667
2012-10-19 08:29:21,6302,1,17.076264881,-0.210416666667
2012-10-19 08:29:22,6303,1,17.3748511905,0.298586309524
2012-10-19 08:29:23,6304,1,18.2037946429,0.828943452381
2012-10-19 08:29:24,6305,1,19.442485119,1.23869047619
2012-10-19 08:29:25,6306,1,20.7452380952,1.30275297619
2012-10-19 08:29:26,6307,1,21.6789434524,0.933705357143
2012-10-19 08:29:27,6308,1,21.8979166667,0.218973214286
2012-10-19 08:29:28,6309,1,21.2186011905,-0.67931547619
2012-10-19 08:29:29,6310,1,19.6095982143,-1.60900297619
2012-10-19 08:29:30,6311,1,17.1877232143,-2.421875
2012-10-19 08:29:31,6312,1,14.251264881,-2.93645833333
2012-10-19 08:29:32,6313,1,11.230952381,-3.0203125
2012-10-19 08:29:33,6314,1,8.47745535714,-2.75349702381
2012-10-19 08:29:34,6315,1,6.07953869048,-2.39791666667
2012-10-19 08:29:35,6316,1,3.96212797619,-2.11741071429
2012-10-19 08:29:36,6317,1,2.16257440476,-1.79955357143
2012-10-19 08:29:37,6318,1,0.0,-2.16257440476
2012-10-19 08:29:51,6332,14,0.0,0.0
2012-10-19 08:29:52,6333,1,0.0989955357143,0.0989955357143
2012-10-19 08:29:53,6334,1,0.0,-0.0989955357143
2012-10-19 08:30:12,6353,19,0.0,0.0
2012-10-19 08:30:13,6354,1,3.53415178571,3.53415178571
2012-10-19 08:30:14,6355,1,6.29553571429,2.76138392857
2012-10-19 08:30:15,6356,1,9.02589285714,2.73035714286
2012-10-19 08:30:16,6357,1,11.1966517857,2.17075892857
2012-10-19 08:30:17,6358,1,12.7386904762,1.54203869048
2012-10-19 08:30:18,6359,1,13.8884300595,1.14973958333
2012-10-19 08:30:19,6360,1,14.9063988095,1.01796875
2012-10-19 08:30:20,6361,1,15.8855654762,0.979166666667
2012-10-19 08:30:21,6362,1,16.7150297619,0.829464285714
2012-10-19 08:30:22,6363,1,17.2151041667,0.500074404762
2012-10-19 08:30:23,6364,1,17.3248511905,0.10974702381
2012-10-19 08:30:24,6365,1,17.1334821429,-0.191369047619
2012-10-19 08:30:25,6366,1,16.759077381,-0.374404761905
2012-10-19 08:30:26,6367,1,16.2506696429,-0.508407738095
2012-10-19 08:30:27,6368,1,15.5784970238,-0.672172619048
2012-10-19 08:30:28,6369,1,14.6873511905,-0.891145833333
2012-10-19 08:30:29,6370,1,13.6084077381,-1.07894345238
2012-10-19 08:30:30,6371,1,12.5686755952,-1.03973214286
2012-10-19 08:30:31,6372,1,11.9657738095,-0.602901785714
2012-10-19 08:30:32,6373,1,12.1604166667,0.194642857143
2012-10-19 08:30:33,6374,1,13.2039434524,1.04352678571
2012-10-19 08:30:34,6375,1,14.6900297619,1.48608630952
2012-10-19 08:30:35,6376,1,15.880952381,1.19092261905
2012-10-19 08:30:36,6377,1,16.0835813492,0.202628968254
2012-10-19 08:30:37,6378,1,14.9974454365,-1.0861359127
2012-10-19 08:30:38,6379,1,12.7962797619,-2.2011656746
2012-10-19 08:30:39,6380,1,10.0082589286,-2.78802083333
2012-10-19 08:30:40,6381,1,7.31414930556,-2.69410962302
2012-10-19 08:30:41,6382,1,5.28274429563,-2.03140500992
2012-10-19 08:30:42,6383,1,4.14559771825,-1.13714657738
2012-10-19 08:30:43,6384,1,3.7476624504,-0.397935267857
2012-10-19 08:30:44,6385,1,3.70381944444,-0.0438430059524
2012-10-19 08:30:45,6386,1,3.67663690476,-0.0271825396825
2012-10-19 08:30:46,6387,1,3.55798611111,-0.118650793651
2012-10-19 08:30:47,6388,1,3.40453249008,-0.153453621032
2012-10-19 08:30:48,6389,1,3.2730530754,-0.131479414683
2012-10-19 08:30:49,6390,1,3.16329985119,-0.109753224206
2012-10-19 08:30:50,6391,1,3.05760168651,-0.105698164683
2012-10-19 08:30:51,6392,1,2.95,-0.107601686508
2012-10-19 08:30:52,6393,1,2.83317212302,-0.116827876984
2012-10-19 08:30:53,6394,1,2.67960689484,-0.153565228175
2012-10-19 08:30:54,6395,1,2.5111235119,-0.168483382937
2012-10-19 08:30:55,6396,1,2.56853298611,0.0574094742064
2012-10-19 08:30:56,6397,1,3.31783234127,0.749299355159
2012-10-19 08:30:57,6398,1,5.12157738095,1.80374503968
2012-10-19 08:30:58,6399,1,7.8855406746,2.76396329365
2012-10-19 08:30:59,6400,1,11.0180121528,3.13247147817
2012-10-19 08:31:00,6401,1,13.7159598214,2.69794766865
2012-10-19 08:31:01,6402,1,15.4415116567,1.72555183532
2012-10-19 08:31:02,6403,1,16.2589905754,0.817478918651
2012-10-19 08:31:03,6404,1,16.7203125,0.461321924603
2012-10-19 08:31:04,6405,1,17.4449404762,0.724627976191
2012-10-19 08:31:05,6406,1,18.753422619,1.30848214286
2012-10-19 08:31:06,6407,1,20.5402529762,1.78683035714
2012-10-19 08:31:07,6408,1,22.4264880952,1.88623511905
2012-10-19 08:31:08,6409,1,24.0783482143,1.65186011905
2012-10-19 08:31:09,6410,1,25.4241071429,1.34575892857
2012-10-19 08:31:10,6411,1,26.5947916667,1.17068452381
2012-10-19 08:31:11,6412,1,27.7040178571,1.10922619048
2012-10-19 08:31:12,6413,1,28.7104910714,1.00647321429
2012-10-19 08:31:13,6414,1,29.4491815476,0.73869047619
2012-10-19 08:31:14,6415,1,29.7488095238,0.299627976191
2012-10-19 08:31:15,6416,1,29.5385416667,-0.210267857143
2012-10-19 08:31:16,6417,1,28.8930803571,-0.645461309524
2012-10-19 08:31:17,6418,1,28.0121279762,-0.880952380952
2012-10-19 08:31:18,6419,1,27.1656994048,-0.846428571429
2012-10-19 08:31:19,6420,1,26.6243303571,-0.541369047619
2012-10-19 08:31:20,6421,1,26.5609375,-0.0633928571429
2012-10-19 08:31:21,6422,1,26.9511160714,0.390178571429
2012-10-19 08:31:22,6423,1,27.5677827381,0.616666666667
2012-10-19 08:31:23,6424,1,28.1152529762,0.547470238095
2012-10-19 08:31:24,6425,1,28.3997767857,0.284523809524
2012-10-19 08:31:25,6426,1,28.3915922619,-0.0081845238095
2012-10-19 08:31:26,6427,1,28.1694940476,-0.222098214286
2012-10-19 08:31:27,6428,1,27.84375,-0.325744047619
2012-10-19 08:31:28,6429,1,27.50625,-0.3375
2012-10-19 08:31:29,6430,1,27.1962797619,-0.309970238095
2012-10-19 08:31:30,6431,1,26.8552083333,-0.341071428571
2012-10-19 08:31:31,6432,1,26.2777529762,-0.577455357143
2012-10-19 08:31:32,6433,1,25.1295386905,-1.14821428571
2012-10-19 08:31:33,6434,1,23.0563244048,-2.07321428571
2012-10-19 08:31:34,6435,1,19.8705357143,-3.18578869048
2012-10-19 08:31:35,6436,1,15.7943452381,-4.07619047619
2012-10-19 08:31:36,6437,1,11.5351934524,-4.25915178571
2012-10-19 08:31:37,6438,1,7.95907738095,-3.57611607143
2012-10-19 08:31:38,6439,1,5.59181547619,-2.36726190476
2012-10-19 08:31:39,6440,1,4.43831845238,-1.15349702381
2012-10-19 08:31:40,6441,1,4.27276785714,-0.165550595238
2012-10-19 08:31:41,6442,1,4.98325892857,0.710491071429
2012-10-19 08:31:42,6443,1,6.47827380952,1.49501488095
2012-10-19 08:31:43,6444,1,8.35669642857,1.87842261905
2012-10-19 08:31:44,6445,1,9.92857142857,1.571875
2012-10-19 08:31:45,6446,1,10.6502232143,0.721651785714
2012-10-19 08:31:46,6447,1,10.5320684524,-0.118154761905
2012-10-19 08:31:47,6448,1,10.1087797619,-0.423288690476
2012-10-19 08:31:48,6449,1,9.99047619048,-0.118303571429
2012-10-19 08:31:49,6450,1,10.4790922619,0.488616071429
2012-10-19 08:31:50,6451,1,11.5758184524,1.09672619048
2012-10-19 08:31:51,6452,1,13.1526785714,1.57686011905
2012-10-19 08:31:52,6453,1,14.9818452381,1.82916666667
2012-10-19 08:31:53,6454,1,16.6610863095,1.67924107143
2012-10-19 08:31:54,6455,1,17.6450892857,0.98400297619
2012-10-19 08:31:55,6456,1,17.4752232143,-0.169866071429
2012-10-19 08:31:56,6457,1,16.0777529762,-1.3974702381
2012-10-19 08:31:57,6458,1,13.8444196429,-2.23333333333
2012-10-19 08:31:58,6459,1,11.3880208333,-2.45639880952
2012-10-19 08:31:59,6460,1,9.22291666667,-2.16510416667
2012-10-19 08:32:00,6461,1,7.61986607143,-1.60305059524
2012-10-19 08:32:01,6462,1,6.6390625,-0.980803571429
2012-10-19 08:32:02,6463,1,6.21294642857,-0.426116071429
2012-10-19 08:32:03,6464,1,6.15290178571,-0.0600446428571
2012-10-19 08:32:04,6465,1,6.14895833333,-0.00394345238096
2012-10-19 08:32:05,6466,1,5.92321428571,-0.225744047619
2012-10-19 08:32:06,6467,1,5.41964285714,-0.503571428571
2012-10-19 08:32:07,6468,1,4.7978422619,-0.621800595238
2012-10-19 08:32:08,6469,1,4.2552827381,-0.54255952381
2012-10-19 08:32:09,6470,1,3.88206845238,-0.373214285714
2012-10-19 08:32:10,6471,1,3.68854166667,-0.193526785714
2012-10-19 08:32:11,6472,1,3.71629464286,0.0277529761905
2012-10-19 08:32:12,6473,1,4.0240327381,0.307738095238
2012-10-19 08:32:13,6474,1,4.5662202381,0.5421875
2012-10-19 08:32:14,6475,1,5.15989583333,0.593675595238
2012-10-19 08:32:15,6476,1,5.59285714286,0.432961309524
2012-10-19 08:32:16,6477,1,5.7681547619,0.175297619048
2012-10-19 08:32:17,6478,1,5.72589285714,-0.0422619047619
2012-10-19 08:32:18,6479,1,5.47552083333,-0.25037202381
2012-10-19 08:32:19,6480,1,4.86116071429,-0.614360119048
2012-10-19 08:32:20,6481,1,3.73325892857,-1.12790178571
2012-10-19 08:32:21,6482,1,2.29508928571,-1.43816964286
2012-10-19 08:32:22,6483,1,0.0,-2.29508928571
2012-10-19 08:56:32,7933,1450,0.0,0.0
2012-10-19 08:56:33,7934,1,1.14828869048,1.14828869048
2012-10-19 08:56:34,7935,1,1.69508928571,0.546800595238
2012-10-19 08:56:35,7936,1,2.0396577381,0.344568452381
2012-10-19 08:56:36,7937,1,2.21123511905,0.171577380952
2012-10-19 08:56:37,7938,1,2.53035714286,0.31912202381
2012-10-19 08:56:38,7939,1,3.30186011905,0.77150297619
2012-10-19 08:56:39,7940,1,4.55930059524,1.25744047619
2012-10-19 08:56:40,7941,1,6.02358630952,1.46428571429
2012-10-19 08:56:41,7942,1,7.26733630952,1.24375
2012-10-19 08:56:42,7943,1,7.96726190476,0.699925595238
2012-10-19 08:56:43,7944,1,8.09642857143,0.129166666667
2012-10-19 08:56:44,7945,1,7.86636904762,-0.23005952381
2012-10-19 08:56:45,7946,1,7.48571428571,-0.380654761905
2012-10-19 08:56:46,7947,1,7.04553571429,-0.440178571429
2012-10-19 08:56:47,7948,1,6.55133928571,-0.494196428571
2012-10-19 08:56:48,7949,1,5.94196428571,-0.609375
2012-10-19 08:56:49,7950,1,5.18117559524,-0.760788690476
2012-10-19 08:56:50,7951,1,4.43697916667,-0.744196428571
2012-10-19 08:56:51,7952,1,4.10714285714,-0.329836309524
2012-10-19 08:56:52,7953,1,4.61949404762,0.512351190476
2012-10-19 08:56:53,7954,1,6.1521577381,1.53266369048
2012-10-19 08:56:54,7955,1,8.46488095238,2.31272321429
2012-10-19 08:56:55,7956,1,11.0728422619,2.60796130952
2012-10-19 08:56:56,7957,1,13.6436011905,2.57075892857
2012-10-19 08:56:57,7958,1,16.1328869048,2.48928571429
2012-10-19 08:56:58,7959,1,18.5789434524,2.44605654762
2012-10-19 08:56:59,7960,1,20.9072916667,2.32834821429
2012-10-19 08:57:00,7961,1,22.9299107143,2.02261904762
2012-10-19 08:57:01,7962,1,24.4974702381,1.56755952381
2012-10-19 08:57:02,7963,1,25.6338541667,1.13638392857
2012-10-19 08:57:03,7964,1,26.4704613095,0.836607142857
2012-10-19 08:57:04,7965,1,27.0759672619,0.605505952381
2012-10-19 08:57:05,7966,1,27.4244791667,0.348511904762
2012-10-19 08:57:06,7967,1,27.5134672619,0.0889880952381
2012-10-19 08:57:07,7968,1,27.448139881,-0.0653273809524
2012-10-19 08:57:08,7969,1,27.390625,-0.0575148809524
2012-10-19 08:57:09,7970,1,27.445610119,0.0549851190476
2012-10-19 08:57:10,7971,1,27.614360119,0.16875
2012-10-19 08:57:11,7972,1,27.849702381,0.235342261905
2012-10-19 08:57:12,7973,1,28.1089285714,0.259226190476
2012-10-19 08:57:13,7974,1,28.3311755952,0.22224702381
2012-10-19 08:57:14,7975,1,28.4000744048,0.0688988095238
2012-10-19 08:57:15,7976,1,28.1511904762,-0.248883928571
2012-10-19 08:57:16,7977,1,27.426860119,-0.724330357143
2012-10-19 08:57:17,7978,1,26.1805059524,-1.24635416667
2012-10-19 08:57:18,7979,1,24.5538690476,-1.62663690476
2012-10-19 08:57:19,7980,1,22.8286458333,-1.72522321429
2012-10-19 08:57:20,7981,1,21.3138392857,-1.51480654762
2012-10-19 08:57:21,7982,1,20.2629464286,-1.05089285714
2012-10-19 08:57:22,7983,1,19.8167410714,-0.446205357143
2012-10-19 08:57:23,7984,1,19.991889881,0.175148809524
2012-10-19 08:57:24,7985,1,20.7240327381,0.732142857143
2012-10-19 08:57:25,7986,1,21.8827380952,1.15870535714
2012-10-19 08:57:26,7987,1,23.2444196429,1.36168154762
2012-10-19 08:57:27,7988,1,24.5180803571,1.27366071429
2012-10-19 08:57:28,7989,1,25.4550595238,0.936979166667
2012-10-19 08:57:29,7990,1,25.9336309524,0.478571428572
2012-10-19 08:57:30,7991,1,25.8675595238,-0.0660714285715
2012-10-19 08:57:31,7992,1,25.016889881,-0.850669642857
2012-10-19 08:57:32,7993,1,23.0453125,-1.97157738095
2012-10-19 08:57:33,7994,1,19.8763392857,-3.16897321429
2012-10-19 08:57:34,7995,1,15.9159970238,-3.9603422619
2012-10-19 08:57:35,7996,1,11.8601934524,-4.05580357143
2012-10-19 08:57:36,7997,1,8.26212797619,-3.59806547619
2012-10-19 08:57:37,7998,1,5.2765625,-2.98556547619
2012-10-19 08:57:38,7999,1,2.89985119048,-2.37671130952
2012-10-19 08:57:39,8000,1,0.0,-2.89985119048
2012-10-19 08:58:11,8032,32,0.0,0.0
2012-10-19 08:58:12,8033,1,1.43824404762,1.43824404762
2012-10-19 08:58:13,8034,1,2.47053571429,1.03229166667
2012-10-19 08:58:14,8035,1,3.678125,1.20758928571
2012-10-19 08:58:15,8036,1,5.10639880952,1.42827380952
2012-10-19 08:58:16,8037,1,6.94516369048,1.83876488095
2012-10-19 08:58:17,8038,1,9.17514880952,2.22998511905
2012-10-19 08:58:18,8039,1,11.4327380952,2.25758928571
2012-10-19 08:58:19,8040,1,13.2067708333,1.7740327381
2012-10-19 08:58:20,8041,1,14.1656994048,0.958928571429
2012-10-19 08:58:21,8042,1,14.3204613095,0.154761904762
2012-10-19 08:58:22,8043,1,13.9173363095,-0.403125
2012-10-19 08:58:23,8044,1,13.1787202381,-0.738616071429
2012-10-19 08:58:24,8045,1,12.1281994048,-1.05052083333
2012-10-19 08:58:25,8046,1,10.6328869048,-1.4953125
2012-10-19 08:58:26,8047,1,8.57075892857,-2.06212797619
2012-10-19 08:58:27,8048,1,6.02276785714,-2.54799107143
2012-10-19 08:58:28,8049,1,3.46242559524,-2.5603422619
2012-10-19 08:58:29,8050,1,0.0,-3.46242559524
2012-10-19 08:58:55,8076,26,0.0,0.0
2012-10-19 08:58:56,8077,1,3.75625,3.75625
2012-10-19 08:58:57,8078,1,7.35758928571,3.60133928571
2012-10-19 08:58:58,8079,1,11.6943452381,4.33675595238
2012-10-19 08:58:59,8080,1,15.9255208333,4.23117559524
2012-10-19 08:59:00,8081,1,19.565327381,3.63980654762
2012-10-19 08:59:01,8082,1,22.596875,3.03154761905
2012-10-19 08:59:02,8083,1,25.2819196429,2.68504464286
2012-10-19 08:59:03,8084,1,27.7619791667,2.48005952381
2012-10-19 08:59:04,8085,1,29.8961309524,2.13415178571
2012-10-19 08:59:05,8086,1,31.5229166667,1.62678571429
2012-10-19 08:59:06,8087,1,32.7480654762,1.22514880952
2012-10-19 08:59:07,8088,1,33.9240327381,1.1759672619
2012-10-19 08:59:08,8089,1,35.3827380952,1.45870535714
2012-10-19 08:59:09,8090,1,37.1712797619,1.78854166667
2012-10-19 08:59:10,8091,1,39.0552827381,1.88400297619
2012-10-19 08:59:11,8092,1,40.7901785714,1.73489583333
2012-10-19 08:59:12,8093,1,42.3465029762,1.55632440476
2012-10-19 08:59:13,8094,1,43.8792410714,1.53273809524
2012-10-19 08:59:14,8095,1,45.5288690476,1.64962797619
2012-10-19 08:59:15,8096,1,47.2452380952,1.71636904762
2012-10-19 08:59:16,8097,1,48.8061011905,1.56086309524
2012-10-19 08:59:17,8098,1,50.0396577381,1.23355654762
2012-10-19 08:59:18,8099,1,50.9907738095,0.951116071429
2012-10-19 08:59:19,8100,1,51.831547619,0.840773809524
2012-10-19 08:59:20,8101,1,52.6555803571,0.824032738095
2012-10-19 08:59:21,8102,1,53.3761904762,0.720610119048
2012-10-19 08:59:22,8103,1,53.7960565476,0.419866071429
2012-10-19 08:59:23,8104,1,53.7839285714,-0.0121279761904
2012-10-19 08:59:24,8105,1,53.3918154762,-0.392113095238
2012-10-19 08:59:25,8106,1,52.8061011905,-0.585714285714
2012-10-19 08:59:26,8107,1,52.2276785714,-0.578422619048
2012-10-19 08:59:27,8108,1,51.8126488095,-0.415029761905
2012-10-19 08:59:28,8109,1,51.6834077381,-0.129241071429
2012-10-19 08:59:29,8110,1,51.952827381,0.269419642857
2012-10-19 08:59:30,8111,1,52.7141369048,0.76130952381
2012-10-19 08:59:31,8112,1,53.997172619,1.28303571429
2012-10-19 08:59:32,8113,1,55.7349702381,1.73779761905
2012-10-19 08:59:33,8114,1,57.7713541667,2.03638392857
2012-10-19 08:59:34,8115,1,59.8874255952,2.11607142857
2012-10-19 08:59:35,8116,1,61.8132440476,1.92581845238
2012-10-19 08:59:36,8117,1,63.2661458333,1.45290178571
2012-10-19 08:59:37,8118,1,64.0689732143,0.802827380952
2012-10-19 08:59:38,8119,1,64.2652529762,0.196279761905
2012-10-19 08:59:39,8120,1,64.1020089286,-0.163244047619
2012-10-19 08:59:40,8121,1,63.8811011905,-0.220907738095
2012-10-19 08:59:41,8122,1,63.7925595238,-0.0885416666667
2012-10-19 08:59:42,8123,1,63.8561755952,0.0636160714286
2012-10-19 08:59:43,8124,1,63.9975446429,0.141369047619
2012-10-19 08:59:44,8125,1,64.1421130952,0.144568452381
2012-10-19 08:59:45,8126,1,64.2313988095,0.0892857142857
2012-10-19 08:59:46,8127,1,64.2054315476,-0.0259672619048
2012-10-19 08:59:47,8128,1,64.0186011905,-0.186830357143
2012-10-19 08:59:48,8129,1,63.6770089286,-0.341592261905
2012-10-19 08:59:49,8130,1,63.2506696429,-0.426339285714
2012-10-19 08:59:50,8131,1,62.837797619,-0.412872023809
2012-10-19 08:59:51,8132,1,62.4986607143,-0.339136904762
2012-10-19 08:59:52,8133,1,62.2095982143,-0.2890625
2012-10-19 08:59:53,8134,1,61.8837053571,-0.325892857143
2012-10-19 08:59:54,8135,1,61.4453125,-0.438392857143
2012-10-19 08:59:55,8136,1,60.8889880952,-0.556324404762
2012-10-19 08:59:56,8137,1,60.2782738095,-0.610714285714
2012-10-19 08:59:57,8138,1,59.7016369048,-0.576636904762
2012-10-19 08:59:58,8139,1,59.2310267857,-0.470610119048
2012-10-19 08:59:59,8140,1,58.9185267857,-0.3125
2012-10-19 09:00:00,8141,1,58.8125,-0.106026785714
2012-10-19 09:00:01,8142,1,58.945014881,0.132514880952
2012-10-19 09:00:02,8143,1,59.2998511905,0.354836309524
2012-10-19 09:00:03,8144,1,59.8057291667,0.505877976191
2012-10-19 09:00:04,8145,1,60.3712053571,0.565476190476
2012-10-19 09:00:05,8146,1,60.9421130952,0.570907738095
2012-10-19 09:00:06,8147,1,61.5197172619,0.577604166667
2012-10-19 09:00:07,8148,1,62.1072172619,0.5875
2012-10-19 09:00:08,8149,1,62.6557291667,0.548511904762
2012-10-19 09:00:09,8150,1,63.0798363095,0.424107142857
2012-10-19 09:00:10,8151,1,63.3171875,0.237351190476
2012-10-19 09:00:11,8152,1,63.3710565476,0.053869047619
2012-10-19 09:00:12,8153,1,63.3023065476,-0.06875
2012-10-19 09:00:13,8154,1,63.1788690476,-0.1234375
2012-10-19 09:00:14,8155,1,63.0280505952,-0.150818452381
2012-10-19 09:00:15,8156,1,62.8323660714,-0.195684523809
2012-10-19 09:00:16,8157,1,62.5614583333,-0.270907738095
2012-10-19 09:00:17,8158,1,62.1948660714,-0.366592261905
2012-10-19 09:00:18,8159,1,61.7122767857,-0.482589285714
2012-10-19 09:00:19,8160,1,61.0851190476,-0.627157738095
2012-10-19 09:00:20,8161,1,60.3104910714,-0.774627976191
2012-10-19 09:00:21,8162,1,59.467485119,-0.843005952381
2012-10-19 09:00:22,8163,1,58.725297619,-0.7421875
2012-10-19 09:00:23,8164,1,58.2654017857,-0.459895833333
2012-10-19 09:00:24,8165,1,58.1727678571,-0.0926339285714
2012-10-19 09:00:25,8166,1,58.3892857143,0.216517857143
2012-10-19 09:00:26,8167,1,58.7645089286,0.375223214286
2012-10-19 09:00:27,8168,1,59.1569940476,0.392485119048
2012-10-19 09:00:28,8169,1,59.5027529762,0.345758928571
2012-10-19 09:00:29,8170,1,59.8130208333,0.310267857143
2012-10-19 09:00:30,8171,1,60.1316220238,0.318601190476
2012-10-19 09:00:31,8172,1,60.4844494048,0.352827380952
2012-10-19 09:00:32,8173,1,60.8485863095,0.364136904762
2012-10-19 09:00:33,8174,1,61.1746279762,0.326041666667
2012-10-19 09:00:34,8175,1,61.4421875,0.26755952381
2012-10-19 09:00:35,8176,1,61.6848214286,0.242633928571
2012-10-19 09:00:36,8177,1,61.9538690476,0.269047619048
2012-10-19 09:00:37,8178,1,62.255952381,0.302083333333
2012-10-19 09:00:38,8179,1,62.5415922619,0.285639880952
2012-10-19 09:00:39,8180,1,62.7632440476,0.221651785714
2012-10-19 09:00:40,8181,1,62.9214285714,0.15818452381
2012-10-19 09:00:41,8182,1,63.0480654762,0.126636904762
2012-10-19 09:00:42,8183,1,63.1634672619,0.115401785714
2012-10-19 09:00:43,8184,1,63.2523065476,0.0888392857142
2012-10-19 09:00:44,8185,1,63.2786458333,0.0263392857143
2012-10-19 09:00:45,8186,1,63.2210565476,-0.0575892857143
2012-10-19 09:00:46,8187,1,63.0827380952,-0.138318452381
2012-10-19 09:00:47,8188,1,62.8834077381,-0.199330357143
2012-10-19 09:00:48,8189,1,62.66875,-0.214657738095
2012-10-19 09:00:49,8190,1,62.509672619,-0.159077380952
2012-10-19 09:00:50,8191,1,62.4658482143,-0.0438244047619
2012-10-19 09:00:51,8192,1,62.5627232143,0.096875
2012-10-19 09:00:52,8193,1,62.8020089286,0.239285714286
2012-10-19 09:00:53,8194,1,63.1740327381,0.372023809524
2012-10-19 09:00:54,8195,1,63.6609375,0.486904761905
2012-10-19 09:00:55,8196,1,64.2117559524,0.550818452381
2012-10-19 09:00:56,8197,1,64.7127232143,0.500967261905
2012-10-19 09:00:57,8198,1,65.0404761905,0.32775297619
2012-10-19 09:00:58,8199,1,65.1585565476,0.118080357143
2012-10-19 09:00:59,8200,1,65.1241071429,-0.0344494047619
2012-10-19 09:01:00,8201,1,65.0208333333,-0.103273809524
2012-10-19 09:01:01,8202,1,64.9195684524,-0.101264880952
2012-10-19 09:01:02,8203,1,64.883110119,-0.0364583333334
2012-10-19 09:01:03,8204,1,64.9872767857,0.104166666667
2012-10-19 09:01:04,8205,1,65.3216517857,0.334375
2012-10-19 09:01:05,8206,1,65.9357886905,0.614136904762
2012-10-19 09:01:06,8207,1,66.7817708333,0.845982142857
2012-10-19 09:01:07,8208,1,67.7372767857,0.955505952381
2012-10-19 09:01:08,8209,1,68.682514881,0.945238095238
2012-10-19 09:01:09,8210,1,69.5456845238,0.863169642857
2012-10-19 09:01:10,8211,1,70.3031994048,0.757514880952
2012-10-19 09:01:11,8212,1,70.9639136905,0.660714285714
2012-10-19 09:01:12,8213,1,71.5355654762,0.571651785714
2012-10-19 09:01:13,8214,1,71.9860863095,0.450520833333
2012-10-19 09:01:14,8215,1,72.254985119,0.268898809524
2012-10-19 09:01:15,8216,1,72.3052827381,0.0502976190476
2012-10-19 09:01:16,8217,1,72.1395089286,-0.165773809524
2012-10-19 09:01:17,8218,1,71.7679315476,-0.371577380952
2012-10-19 09:01:18,8219,1,71.1870535714,-0.58087797619
2012-10-19 09:01:19,8220,1,70.4188988095,-0.768154761905
2012-10-19 09:01:20,8221,1,69.5805803571,-0.838318452381
2012-10-19 09:01:21,8222,1,68.8683779762,-0.712202380952
2012-10-19 09:01:22,8223,1,68.425,-0.443377976191
2012-10-19 09:01:23,8224,1,68.2223214286,-0.202678571429
2012-10-19 09:01:24,8225,1,68.0976934524,-0.124627976191
2012-10-19 09:01:25,8226,1,67.9269345238,-0.170758928571
2012-10-19 09:01:26,8227,1,67.7423363095,-0.184598214286
2012-10-19 09:01:27,8228,1,67.647172619,-0.0951636904762
2012-10-19 09:01:28,8229,1,67.6491071429,0.00193452380951
2012-10-19 09:01:29,8230,1,67.6283482143,-0.0207589285714
2012-10-19 09:01:30,8231,1,67.459672619,-0.168675595238
2012-10-19 09:01:31,8232,1,67.1448660714,-0.314806547619
2012-10-19 09:01:32,8233,1,66.8270089286,-0.317857142857
2012-10-19 09:01:33,8234,1,66.6780505952,-0.148958333333
2012-10-19 09:01:34,8235,1,66.7583333333,0.0802827380952
2012-10-19 09:01:35,8236,1,66.9181547619,0.159821428572
2012-10-19 09:01:36,8237,1,66.768452381,-0.149702380952
2012-10-19 09:01:37,8238,1,65.8279017857,-0.940550595238
2012-10-19 09:01:38,8239,1,63.868452381,-1.95944940476
2012-10-19 09:01:39,8240,1,61.171577381,-2.696875
2012-10-19 09:01:40,8241,1,58.4014880952,-2.77008928571
2012-10-19 09:01:41,8242,1,56.1641369048,-2.23735119048
2012-10-19 09:01:42,8243,1,54.6063988095,-1.55773809524
2012-10-19 09:01:43,8244,1,53.4192708333,-1.18712797619
2012-10-19 09:01:44,8245,1,52.2307291667,-1.18854166667
2012-10-19 09:01:45,8246,1,50.936235119,-1.29449404762
2012-10-19 09:01:46,8247,1,49.6827380952,-1.25349702381
2012-10-19 09:01:47,8248,1,48.672172619,-1.01056547619
2012-10-19 09:01:48,8249,1,48.0129464286,-0.659226190476
2012-10-19 09:01:49,8250,1,47.6983630952,-0.314583333333
2012-10-19 09:01:50,8251,1,47.6727678571,-0.0255952380952
2012-10-19 09:01:51,8252,1,47.8805059524,0.207738095238
2012-10-19 09:01:52,8253,1,48.2671875,0.386681547619
2012-10-19 09:01:53,8254,1,48.7783482143,0.511160714286
2012-10-19 09:01:54,8255,1,49.3630952381,0.584747023809
2012-10-19 09:01:55,8256,1,49.9744791667,0.611383928571
2012-10-19 09:01:56,8257,1,50.5830357143,0.608556547619
2012-10-19 09:01:57,8258,1,51.1978422619,0.614806547619
2012-10-19 09:01:58,8259,1,51.8587797619,0.6609375
2012-10-19 09:01:59,8260,1,52.5986607143,0.739880952381
2012-10-19 09:02:00,8261,1,53.4139880952,0.815327380952
2012-10-19 09:02:01,8262,1,54.2608630952,0.846875
2012-10-19 09:02:02,8263,1,55.070014881,0.809151785714
2012-10-19 09:02:03,8264,1,55.7673363095,0.697321428571
2012-10-19 09:02:04,8265,1,56.2802827381,0.512946428571
2012-10-19 09:02:05,8266,1,56.5460565476,0.265773809524
2012-10-19 09:02:06,8267,1,56.5468005952,0.000744047619101
2012-10-19 09:02:07,8268,1,56.3427827381,-0.204017857143
2012-10-19 09:02:08,8269,1,56.0604910714,-0.282291666667
2012-10-19 09:02:09,8270,1,55.8323660714,-0.228125
2012-10-19 09:02:10,8271,1,55.7269345238,-0.105431547619
2012-10-19 09:02:11,8272,1,55.7224702381,-0.0044642857143
2012-10-19 09:02:12,8273,1,55.7351934524,0.0127232142858
2012-10-19 09:02:13,8274,1,55.6728422619,-0.0623511904762
2012-10-19 09:02:14,8275,1,55.4822916667,-0.190550595238
2012-10-19 09:02:15,8276,1,55.165327381,-0.316964285714
2012-10-19 09:02:16,8277,1,54.7761160714,-0.389211309524
2012-10-19 09:02:17,8278,1,54.4290178571,-0.347098214286
2012-10-19 09:02:18,8279,1,54.284375,-0.144642857143
2012-10-19 09:02:19,8280,1,54.4795386905,0.195163690476
2012-10-19 09:02:20,8281,1,55.0464285714,0.566889880952
2012-10-19 09:02:21,8282,1,55.8787946429,0.832366071429
2012-10-19 09:02:22,8283,1,56.7821428571,0.903348214286
2012-10-19 09:02:23,8284,1,57.5806547619,0.798511904762
2012-10-19 09:02:24,8285,1,58.1983630952,0.617708333333
2012-10-19 09:02:25,8286,1,58.653422619,0.45505952381
2012-10-19 09:02:26,8287,1,58.9891369048,0.335714285714
2012-10-19 09:02:27,8288,1,59.2244791667,0.235342261905
2012-10-19 09:02:28,8289,1,59.3668154762,0.142336309524
2012-10-19 09:02:29,8290,1,59.4386904762,0.071875
2012-10-19 09:02:30,8291,1,59.4769345238,0.038244047619
2012-10-19 09:02:31,8292,1,59.5136160714,0.0366815476191
2012-10-19 09:02:32,8293,1,59.539360119,0.025744047619
2012-10-19 09:02:33,8294,1,59.496875,-0.0424851190476
2012-10-19 09:02:34,8295,1,59.3609375,-0.1359375
2012-10-19 09:02:35,8296,1,59.2003720238,-0.16056547619
2012-10-19 09:02:36,8297,1,59.1300595238,-0.0703125
2012-10-19 09:02:37,8298,1,59.2342261905,0.104166666667
2012-10-19 09:02:38,8299,1,59.5080357143,0.273809523809
2012-10-19 09:02:39,8300,1,59.8318452381,0.32380952381
2012-10-19 09:02:40,8301,1,60.0303571429,0.198511904762
2012-10-19 09:02:41,8302,1,59.9558779762,-0.0744791666666
2012-10-19 09:02:42,8303,1,59.5236607143,-0.432217261905
2012-10-19 09:02:43,8304,1,58.7316220238,-0.792038690476
2012-10-19 09:02:44,8305,1,57.6631696429,-1.06845238095
2012-10-19 09:02:45,8306,1,56.4727678571,-1.19040178571
2012-10-19 09:02:46,8307,1,55.3828869048,-1.08988095238
2012-10-19 09:02:47,8308,1,54.6337053571,-0.749181547619
2012-10-19 09:02:48,8309,1,54.355952381,-0.27775297619
2012-10-19 09:02:49,8310,1,54.4845238095,0.128571428571
2012-10-19 09:02:50,8311,1,54.811235119,0.326711309524
2012-10-19 09:02:51,8312,1,55.1351190476,0.323883928571
2012-10-19 09:02:52,8313,1,55.3877232143,0.252604166667
2012-10-19 09:02:53,8314,1,55.6257440476,0.238020833333
2012-10-19 09:02:54,8315,1,55.9149553571,0.289211309524
2012-10-19 09:02:55,8316,1,56.2513392857,0.336383928571
2012-10-19 09:02:56,8317,1,56.588764881,0.337425595238
2012-10-19 09:02:57,8318,1,56.8969494048,0.30818452381
2012-10-19 09:02:58,8319,1,57.1804315476,0.283482142857
2012-10-19 09:02:59,8320,1,57.4711309524,0.290699404762
2012-10-19 09:03:00,8321,1,57.8083333333,0.337202380952
2012-10-19 09:03:01,8322,1,58.2020833333,0.39375
2012-10-19 09:03:02,8323,1,58.6147321429,0.412648809524
2012-10-19 09:03:03,8324,1,58.990625,0.375892857143
2012-10-19 09:03:04,8325,1,59.2988095238,0.30818452381
2012-10-19 09:03:05,8326,1,59.5525297619,0.253720238095
2012-10-19 09:03:06,8327,1,59.8058779762,0.253348214286
2012-10-19 09:03:07,8328,1,60.1225446429,0.316666666667
2012-10-19 09:03:08,8329,1,60.5272321429,0.4046875
2012-10-19 09:03:09,8330,1,60.9855654762,0.458333333333
2012-10-19 09:03:10,8331,1,61.4322916667,0.446726190476
2012-10-19 09:03:11,8332,1,61.8235119048,0.391220238095
2012-10-19 09:03:12,8333,1,62.1747767857,0.351264880952
2012-10-19 09:03:13,8334,1,62.5398065476,0.365029761905
2012-10-19 09:03:14,8335,1,62.9238839286,0.384077380952
2012-10-19 09:03:15,8336,1,63.2180059524,0.294122023809
2012-10-19 09:03:16,8337,1,63.2546130952,0.0366071428572
2012-10-19 09:03:17,8338,1,62.9538690476,-0.300744047619
2012-10-19 09:03:18,8339,1,62.398139881,-0.555729166667
2012-10-19 09:03:19,8340,1,61.7380952381,-0.660044642857
2012-10-19 09:03:20,8341,1,61.0351190476,-0.702976190476
2012-10-19 09:03:21,8342,1,60.2113839286,-0.823735119048
2012-10-19 09:03:22,8343,1,59.1511160714,-1.06026785714
2012-10-19 09:03:23,8344,1,57.8520089286,-1.29910714286
2012-10-19 09:03:24,8345,1,56.4714285714,-1.38058035714
2012-10-19 09:03:25,8346,1,55.2133928571,-1.25803571429
2012-10-19 09:03:26,8347,1,54.1988839286,-1.01450892857
2012-10-19 09:03:27,8348,1,53.4493303571,-0.749553571428
2012-10-19 09:03:28,8349,1,52.9188988095,-0.530431547619
2012-10-19 09:03:29,8350,1,52.5034970238,-0.415401785714
2012-10-19 09:03:30,8351,1,52.0570684524,-0.446428571428
2012-10-19 09:03:31,8352,1,51.435639881,-0.621428571429
2012-10-19 09:03:32,8353,1,50.5685267857,-0.867113095238
2012-10-19 09:03:33,8354,1,49.5148809524,-1.05364583333
2012-10-19 09:03:34,8355,1,48.4040178571,-1.11086309524
2012-10-19 09:03:35,8356,1,47.2736607143,-1.13035714286
2012-10-19 09:03:36,8357,1,45.9895089286,-1.28415178571
2012-10-19 09:03:37,8358,1,44.3604166667,-1.6290922619
2012-10-19 09:03:38,8359,1,42.315922619,-2.04449404762
2012-10-19 09:03:39,8360,1,39.9239583333,-2.39196428571
2012-10-19 09:03:40,8361,1,37.2517113095,-2.67224702381
2012-10-19 09:03:41,8362,1,34.2933035714,-2.9584077381
2012-10-19 09:03:42,8363,1,31.0992559524,-3.19404761905
2012-10-19 09:03:43,8364,1,27.9627232143,-3.1365327381
2012-10-19 09:03:44,8365,1,25.358110119,-2.60461309524
2012-10-19 09:03:45,8366,1,23.5962053571,-1.7619047619
2012-10-19 09:03:46,8367,1,22.5775297619,-1.01867559524
2012-10-19 09:03:47,8368,1,21.9191220238,-0.658407738095
2012-10-19 09:03:48,8369,1,21.2889136905,-0.630208333333
2012-10-19 09:03:49,8370,1,20.6102678571,-0.678645833333
2012-10-19 09:03:50,8371,1,19.9858630952,-0.624404761905
2012-10-19 09:03:51,8372,1,19.5397321429,-0.446130952381
2012-10-19 09:03:52,8373,1,19.4162946429,-0.1234375
2012-10-19 09:03:53,8374,1,19.8303571429,0.4140625
2012-10-19 09:03:54,8375,1,20.9837053571,1.15334821429
2012-10-19 09:03:55,8376,1,22.904985119,1.9212797619
2012-10-19 09:03:56,8377,1,25.3694196429,2.46443452381
2012-10-19 09:03:57,8378,1,27.9851190476,2.61569940476
2012-10-19 09:03:58,8379,1,30.3860863095,2.4009672619
2012-10-19 09:03:59,8380,1,32.3755208333,1.98943452381
2012-10-19 09:04:00,8381,1,33.948139881,1.57261904762
2012-10-19 09:04:01,8382,1,35.2316964286,1.28355654762
2012-10-19 09:04:02,8383,1,36.3973958333,1.16569940476
2012-10-19 09:04:03,8384,1,37.5569940476,1.15959821429
2012-10-19 09:04:04,8385,1,38.673139881,1.11614583333
2012-10-19 09:04:05,8386,1,39.5644345238,0.891294642857
2012-10-19 09:04:06,8387,1,40.0436011905,0.479166666667
2012-10-19 09:04:07,8388,1,40.0641369048,0.0205357142857
2012-10-19 09:04:08,8389,1,39.7259672619,-0.338169642857
2012-10-19 09:04:09,8390,1,39.1738839286,-0.552083333333
2012-10-19 09:04:10,8391,1,38.5203869048,-0.653497023809
2012-10-19 09:04:11,8392,1,37.8435267857,-0.676860119048
2012-10-19 09:04:12,8393,1,37.2382440476,-0.605282738095
2012-10-19 09:04:13,8394,1,36.8447172619,-0.393526785714
2012-10-19 09:04:14,8395,1,36.7796130952,-0.0651041666667
2012-10-19 09:04:15,8396,1,37.0510416667,0.271428571429
2012-10-19 09:04:16,8397,1,37.5779761905,0.52693452381
2012-10-19 09:04:17,8398,1,38.2744791667,0.696502976191
2012-10-19 09:04:18,8399,1,39.1114583333,0.836979166667
2012-10-19 09:04:19,8400,1,40.1236607143,1.01220238095
2012-10-19 09:04:20,8401,1,41.341889881,1.21822916667
2012-10-19 09:04:21,8402,1,42.6966517857,1.35476190476
2012-10-19 09:04:22,8403,1,44.004389881,1.30773809524
2012-10-19 09:04:23,8404,1,45.0654761905,1.06108630952
2012-10-19 09:04:24,8405,1,45.7868303571,0.721354166667
2012-10-19 09:04:25,8406,1,46.232514881,0.44568452381
2012-10-19 09:04:26,8407,1,46.5662202381,0.333705357143
2012-10-19 09:04:27,8408,1,46.9291666667,0.362946428572
2012-10-19 09:04:28,8409,1,47.3473214286,0.418154761905
2012-10-19 09:04:29,8410,1,47.7138392857,0.366517857143
2012-10-19 09:04:30,8411,1,47.8351190476,0.121279761905
2012-10-19 09:04:31,8412,1,47.550297619,-0.284821428571
2012-10-19 09:04:32,8413,1,46.8825892857,-0.667708333333
2012-10-19 09:04:33,8414,1,46.059375,-0.823214285714
2012-10-19 09:04:34,8415,1,45.3182291667,-0.741145833333
2012-10-19 09:04:35,8416,1,44.6639880952,-0.654241071429
2012-10-19 09:04:36,8417,1,43.8181547619,-0.845833333333
2012-10-19 09:04:37,8418,1,42.4140625,-1.4040922619
2012-10-19 09:04:38,8419,1,40.267485119,-2.14657738095
2012-10-19 09:04:39,8420,1,37.5035714286,-2.76391369048
2012-10-19 09:04:40,8421,1,34.4552827381,-3.04828869048
2012-10-19 09:04:41,8422,1,31.4392857143,-3.01599702381
2012-10-19 09:04:42,8423,1,28.5834821429,-2.85580357143
2012-10-19 09:04:43,8424,1,25.7754464286,-2.80803571429
2012-10-19 09:04:44,8425,1,22.727827381,-3.04761904762
2012-10-19 09:04:45,8426,1,19.1732142857,-3.55461309524
2012-10-19 09:04:46,8427,1,15.1176339286,-4.05558035714
2012-10-19 09:04:47,8428,1,10.9807291667,-4.1369047619
2012-10-19 09:04:48,8429,1,7.5052827381,-3.47544642857
2012-10-19 09:04:49,8430,1,5.4478422619,-2.05744047619
2012-10-19 09:04:50,8431,1,5.21532738095,-0.232514880952
2012-10-19 09:04:51,8432,1,6.675,1.45967261905
2012-10-19 09:04:52,8433,1,9.23080357143,2.55580357143
2012-10-19 09:04:53,8434,1,12.1147321429,2.88392857143
2012-10-19 09:04:54,8435,1,14.709077381,2.5943452381
2012-10-19 09:04:55,8436,1,16.6557291667,1.94665178571
2012-10-19 09:04:56,8437,1,17.7793154762,1.12358630952
2012-10-19 09:04:57,8438,1,18.0639880952,0.284672619048
2012-10-19 09:04:58,8439,1,17.7211309524,-0.342857142857
2012-10-19 09:04:59,8440,1,17.1954613095,-0.525669642857
2012-10-19 09:05:00,8441,1,17.0084077381,-0.187053571429
2012-10-19 09:05:01,8442,1,17.5011904762,0.492782738095
2012-10-19 09:05:02,8443,1,18.6777529762,1.1765625
2012-10-19 09:05:03,8444,1,20.2569940476,1.57924107143
2012-10-19 09:05:04,8445,1,21.8494791667,1.59248511905
2012-10-19 09:05:05,8446,1,23.1328869048,1.2834077381
2012-10-19 09:05:06,8447,1,23.9573660714,0.824479166667
2012-10-19 09:05:07,8448,1,24.3651041667,0.407738095238
2012-10-19 09:05:08,8449,1,24.5276785714,0.162574404762
2012-10-19 09:05:09,8450,1,24.6242559524,0.0965773809524
2012-10-19 09:05:10,8451,1,24.7495535714,0.125297619048
2012-10-19 09:05:11,8452,1,24.9296130952,0.18005952381
2012-10-19 09:05:12,8453,1,25.1978422619,0.268229166667
2012-10-19 09:05:13,8454,1,25.6212797619,0.4234375
2012-10-19 09:05:14,8455,1,26.2369047619,0.615625
2012-10-19 09:05:15,8456,1,26.9712797619,0.734375
2012-10-19 09:05:16,8457,1,27.654389881,0.683110119048
2012-10-19 09:05:17,8458,1,28.1420386905,0.487648809524
2012-10-19 09:05:18,8459,1,28.4349702381,0.292931547619
2012-10-19 09:05:19,8460,1,28.6648809524,0.229910714286
2012-10-19 09:05:20,8461,1,28.9423363095,0.277455357143
2012-10-19 09:05:21,8462,1,29.2261160714,0.283779761905
2012-10-19 09:05:22,8463,1,29.362797619,0.136681547619
2012-10-19 09:05:23,8464,1,29.2453125,-0.117485119048
2012-10-19 09:05:24,8465,1,28.9011904762,-0.34412202381
2012-10-19 09:05:25,8466,1,28.4055803571,-0.495610119048
2012-10-19 09:05:26,8467,1,27.7375744048,-0.668005952381
2012-10-19 09:05:27,8468,1,26.7676339286,-0.969940476191
2012-10-19 09:05:28,8469,1,25.3558779762,-1.41175595238
2012-10-19 09:05:29,8470,1,23.4308779762,-1.925
2012-10-19 09:05:30,8471,1,21.0534970238,-2.37738095238
2012-10-19 09:05:31,8472,1,18.4692708333,-2.58422619048
2012-10-19 09:05:32,8473,1,16.0642857143,-2.40498511905
2012-10-19 09:05:33,8474,1,14.2535714286,-1.81071428571
2012-10-19 09:05:34,8475,1,13.3770089286,-0.8765625
2012-10-19 09:05:35,8476,1,13.5788690476,0.201860119048
2012-10-19 09:05:36,8477,1,14.723139881,1.14427083333
2012-10-19 09:05:37,8478,1,16.4524553571,1.72931547619
2012-10-19 09:05:38,8479,1,18.3457589286,1.89330357143
2012-10-19 09:05:39,8480,1,20.082514881,1.73675595238
2012-10-19 09:05:40,8481,1,21.5556547619,1.47313988095
2012-10-19 09:05:41,8482,1,22.8425595238,1.2869047619
2012-10-19 09:05:42,8483,1,24.0645833333,1.22202380952
2012-10-19 09:05:43,8484,1,25.3061755952,1.2415922619
2012-10-19 09:05:44,8485,1,26.6223214286,1.31614583333
2012-10-19 09:05:45,8486,1,28.023735119,1.40141369048
2012-10-19 09:05:46,8487,1,29.4151785714,1.39144345238
2012-10-19 09:05:47,8488,1,30.5577380952,1.14255952381
2012-10-19 09:05:48,8489,1,31.1385416667,0.580803571429
2012-10-19 09:05:49,8490,1,30.9534970238,-0.185044642857
2012-10-19 09:05:50,8491,1,30.0864583333,-0.867038690476
2012-10-19 09:05:51,8492,1,28.9624255952,-1.1240327381
2012-10-19 09:05:52,8493,1,28.1837053571,-0.778720238095
2012-10-19 09:05:53,8494,1,28.1548363095,-0.0288690476191
2012-10-19 09:05:54,8495,1,28.7951636905,0.640327380952
2012-10-19 09:05:55,8496,1,29.6517857143,0.856622023809
2012-10-19 09:05:56,8497,1,30.2828125,0.631026785714
2012-10-19 09:05:57,8498,1,30.5546875,0.271875
2012-10-19 09:05:58,8499,1,30.6586309524,0.103943452381
2012-10-19 09:05:59,8500,1,30.8729910714,0.214360119048
2012-10-19 09:06:00,8501,1,31.3193452381,0.446354166667
2012-10-19 09:06:01,8502,1,31.9494791667,0.630133928571
2012-10-19 09:06:02,8503,1,32.6747767857,0.725297619048
2012-10-19 09:06:03,8504,1,33.423735119,0.748958333333
2012-10-19 09:06:04,8505,1,34.1212053571,0.697470238095
2012-10-19 09:06:05,8506,1,34.6802827381,0.559077380952
2012-10-19 09:06:06,8507,1,35.0125744048,0.332291666667
2012-10-19 09:06:07,8508,1,35.0364583333,0.0238839285714
2012-10-19 09:06:08,8509,1,34.6777529762,-0.358705357143
2012-10-19 09:06:09,8510,1,33.8404017857,-0.837351190476
2012-10-19 09:06:10,8511,1,32.3491071429,-1.49129464286
2012-10-19 09:06:11,8512,1,29.9255952381,-2.42351190476
2012-10-19 09:06:12,8513,1,26.290141369,-3.63545386905
2012-10-19 09:06:13,8514,1,21.4304315476,-4.85970982143
2012-10-19 09:06:14,8515,1,15.8814732143,-5.54895833333
2012-10-19 09:06:15,8516,1,10.7081845238,-5.17328869048
2012-10-19 09:06:16,8517,1,7.06357886905,-3.64460565476
2012-10-19 09:06:17,8518,1,5.53578869048,-1.52779017857
2012-10-19 09:06:18,8519,1,5.76781994048,0.23203125
2012-10-19 09:06:19,8520,1,6.79330357143,1.02548363095
2012-10-19 09:06:20,8521,1,7.8271577381,1.03385416667
2012-10-19 09:06:21,8522,1,8.67224702381,0.845089285714
2012-10-19 09:06:22,8523,1,9.45226934524,0.780022321429
2012-10-19 09:06:23,8524,1,10.1689732143,0.716703869048
2012-10-19 09:06:24,8525,1,10.5807291667,0.411755952381
2012-10-19 09:06:25,8526,1,10.4770833333,-0.103645833333
2012-10-19 09:06:26,8527,1,10.0072172619,-0.469866071429
2012-10-19 09:06:27,8528,1,9.62767857143,-0.379538690476
2012-10-19 09:06:28,8529,1,9.71108630952,0.0834077380952
2012-10-19 09:06:29,8530,1,10.2708333333,0.559747023809
2012-10-19 09:06:30,8531,1,11.0186011905,0.747767857143
2012-10-19 09:06:31,8532,1,11.5805059524,0.561904761905
2012-10-19 09:06:32,8533,1,11.7035714286,0.12306547619
2012-10-19 09:06:33,8534,1,11.4015625,-0.302008928571
2012-10-19 09:06:34,8535,1,10.9423363095,-0.459226190476
2012-10-19 09:06:35,8536,1,10.6406994048,-0.301636904762
2012-10-19 09:06:36,8537,1,10.6311755952,-0.0095238095238
2012-10-19 09:06:37,8538,1,10.8126488095,0.181473214286
2012-10-19 09:06:38,8539,1,10.9725446429,0.159895833333
2012-10-19 09:06:39,8540,1,10.9488095238,-0.0237351190476
2012-10-19 09:06:40,8541,1,10.666889881,-0.281919642857
2012-10-19 09:06:41,8542,1,10.0567708333,-0.610119047619
2012-10-19 09:06:42,8543,1,9.04389880952,-1.01287202381
2012-10-19 09:06:43,8544,1,7.67574404762,-1.3681547619
2012-10-19 09:06:44,8545,1,6.19754464286,-1.47819940476
2012-10-19 09:06:45,8546,1,4.94375,-1.25379464286
2012-10-19 09:06:46,8547,1,4.12065972222,-0.823090277778
2012-10-19 09:06:47,8548,1,3.66847718254,-0.452182539683
2012-10-19 09:06:48,8549,1,3.35186011905,-0.316617063492
2012-10-19 09:06:49,8550,1,2.99211309524,-0.35974702381
2012-10-19 09:06:50,8551,1,2.58950892857,-0.402604166667
2012-10-19 09:06:51,8552,1,2.26889880952,-0.320610119048
2012-10-19 09:06:52,8553,1,2.18896329365,-0.079935515873
2012-10-19 09:06:53,8554,1,2.47807539683,0.289112103175
2012-10-19 09:06:54,8555,1,3.16071428571,0.682638888889
2012-10-19 09:06:55,8556,1,4.09761904762,0.936904761905
2012-10-19 09:06:56,8557,1,4.99955357143,0.90193452381
2012-10-19 09:06:57,8558,1,5.54144345238,0.541889880952
2012-10-19 09:06:58,8559,1,5.54722222222,0.00577876984127
2012-10-19 09:06:59,8560,1,5.09578373016,-0.451438492063
2012-10-19 09:07:00,8561,1,4.39761904762,-0.69816468254
2012-10-19 09:07:01,8562,1,3.56592261905,-0.831696428571
2012-10-19 09:07:02,8563,1,2.58816964286,-0.97775297619
2012-10-19 09:07:03,8564,1,1.5599702381,-1.02819940476
2012-10-19 09:07:04,8565,1,0.0,-1.5599702381
2012-10-19 09:47:17,10978,2413,0.0,0.0
2012-10-19 09:47:18,10979,1,1.34077380952,1.34077380952
2012-10-19 09:47:19,10980,1,2.04665178571,0.70587797619
2012-10-19 09:47:20,10981,1,2.53043154762,0.483779761905
2012-10-19 09:47:21,10982,1,2.78370535714,0.253273809524
2012-10-19 09:47:22,10983,1,3.06125992063,0.277554563492
2012-10-19 09:47:23,10984,1,3.60243055556,0.541170634921
2012-10-19 09:47:24,10985,1,4.38526785714,0.782837301587
2012-10-19 09:47:25,10986,1,5.09419642857,0.708928571429
2012-10-19 09:47:26,10987,1,5.39680059524,0.302604166667
2012-10-19 09:47:27,10988,1,5.30111607143,-0.0956845238095
2012-10-19 09:47:28,10989,1,5.22710813492,-0.0740079365079
2012-10-19 09:47:29,10990,1,5.68591269841,0.458804563492
2012-10-19 09:47:30,10991,1,6.82648809524,1.14057539683
2012-10-19 09:47:31,10992,1,8.27455357143,1.44806547619
2012-10-19 09:47:32,10993,1,9.38772321429,1.11316964286
2012-10-19 09:47:33,10994,1,9.61867559524,0.230952380952
2012-10-19 09:47:34,10995,1,8.75394345238,-0.864732142857
2012-10-19 09:47:35,10996,1,7.03363095238,-1.7203125
2012-10-19 09:47:36,10997,1,5.10438988095,-1.92924107143
2012-10-19 09:47:37,10998,1,3.7671875,-1.33720238095
2012-10-19 09:47:38,10999,1,3.62105654762,-0.146130952381
2012-10-19 09:47:39,11000,1,4.7759672619,1.15491071429
2012-10-19 09:47:40,11001,1,6.853125,2.0771577381
2012-10-19 09:47:41,11002,1,9.303125,2.45
2012-10-19 09:47:42,11003,1,11.7123511905,2.40922619048
2012-10-19 09:47:43,11004,1,13.8522321429,2.13988095238
2012-10-19 09:47:44,11005,1,15.6279761905,1.77574404762
2012-10-19 09:47:45,11006,1,17.0898809524,1.4619047619
2012-10-19 09:47:46,11007,1,18.4289434524,1.3390625
2012-10-19 09:47:47,11008,1,19.8696428571,1.44069940476
2012-10-19 09:47:48,11009,1,21.4838541667,1.61421130952
2012-10-19 09:47:49,11010,1,23.0598214286,1.5759672619
2012-10-19 09:47:50,11011,1,24.2088541667,1.1490327381
2012-10-19 09:47:51,11012,1,24.677827381,0.468973214286
2012-10-19 09:47:52,11013,1,24.5740327381,-0.103794642857
2012-10-19 09:47:53,11014,1,24.2917410714,-0.282291666667
2012-10-19 09:47:54,11015,1,24.2438988095,-0.0478422619048
2012-10-19 09:47:55,11016,1,24.6507440476,0.406845238095
2012-10-19 09:47:56,11017,1,25.4826636905,0.831919642857
2012-10-19 09:47:57,11018,1,26.4993303571,1.01666666667
2012-10-19 09:47:58,11019,1,27.3738095238,0.874479166667
2012-10-19 09:47:59,11020,1,27.8794642857,0.505654761905
2012-10-19 09:48:00,11021,1,27.9984375,0.118973214286
2012-10-19 09:48:01,11022,1,27.8715029762,-0.12693452381
2012-10-19 09:48:02,11023,1,27.6808035714,-0.190699404762
2012-10-19 09:48:03,11024,1,27.5713541667,-0.109449404762
2012-10-19 09:48:04,11025,1,27.6274553571,0.0561011904762
2012-10-19 09:48:05,11026,1,27.8813244048,0.253869047619
2012-10-19 09:48:06,11027,1,28.3267113095,0.445386904762
2012-10-19 09:48:07,11028,1,28.9119047619,0.585193452381
2012-10-19 09:48:08,11029,1,29.5311011905,0.619196428571
2012-10-19 09:48:09,11030,1,30.0540178571,0.522916666667
2012-10-19 09:48:10,11031,1,30.3706845238,0.316666666667
2012-10-19 09:48:11,11032,1,30.4142857143,0.0436011904762
2012-10-19 09:48:12,11033,1,30.1821428571,-0.232142857143
2012-10-19 09:48:13,11034,1,29.7536458333,-0.42849702381
2012-10-19 09:48:14,11035,1,29.262202381,-0.491443452381
2012-10-19 09:48:15,11036,1,28.8388392857,-0.423363095238
2012-10-19 09:48:16,11037,1,28.5897321429,-0.249107142857
2012-10-19 09:48:17,11038,1,28.5974702381,0.0077380952381
2012-10-19 09:48:18,11039,1,28.8910714286,0.293601190476
2012-10-19 09:48:19,11040,1,29.4037202381,0.512648809524
2012-10-19 09:48:20,11041,1,29.9813988095,0.577678571429
2012-10-19 09:48:21,11042,1,30.4594494048,0.478050595238
2012-10-19 09:48:22,11043,1,30.7660714286,0.306622023809
2012-10-19 09:48:23,11044,1,30.9561755952,0.190104166667
2012-10-19 09:48:24,11045,1,31.1189732143,0.162797619048
2012-10-19 09:48:25,11046,1,31.2615327381,0.14255952381
2012-10-19 09:48:26,11047,1,31.2908482143,0.0293154761905
2012-10-19 09:48:27,11048,1,31.0623511905,-0.228497023809
2012-10-19 09:48:28,11049,1,30.4279761905,-0.634375
2012-10-19 09:48:29,11050,1,29.2947916667,-1.13318452381
2012-10-19 09:48:30,11051,1,27.6878720238,-1.60691964286
2012-10-19 09:48:31,11052,1,25.7998511905,-1.88802083333
2012-10-19 09:48:32,11053,1,24.0234375,-1.77641369048
2012-10-19 09:48:33,11054,1,22.8697916667,-1.15364583333
2012-10-19 09:48:34,11055,1,22.7294642857,-0.140327380952
2012-10-19 09:48:35,11056,1,23.6497767857,0.9203125
2012-10-19 09:48:36,11057,1,25.2863839286,1.63660714286
2012-10-19 09:48:37,11058,1,27.072172619,1.78578869048
2012-10-19 09:48:38,11059,1,28.5590029762,1.48683035714
2012-10-19 09:48:39,11060,1,29.659672619,1.10066964286
2012-10-19 09:48:40,11061,1,30.5507440476,0.891071428571
2012-10-19 09:48:41,11062,1,31.3946428571,0.843898809524
2012-10-19 09:48:42,11063,1,32.1719494048,0.777306547619
2012-10-19 09:48:43,11064,1,32.7283482143,0.556398809524
2012-10-19 09:48:44,11065,1,32.9633928571,0.235044642857
2012-10-19 09:48:45,11066,1,32.9616815476,-0.0017113095239
2012-10-19 09:48:46,11067,1,32.925297619,-0.0363839285714
2012-10-19 09:48:47,11068,1,32.9993303571,0.0740327380953
2012-10-19 09:48:48,11069,1,33.1703869048,0.171056547619
2012-10-19 09:48:49,11070,1,33.3086309524,0.138244047619
2012-10-19 09:48:50,11071,1,33.3006696429,-0.0079613095239
2012-10-19 09:48:51,11072,1,33.1589285714,-0.141741071428
2012-10-19 09:48:52,11073,1,33.0150297619,-0.143898809524
2012-10-19 09:48:53,11074,1,33.0026041667,-0.0124255952381
2012-10-19 09:48:54,11075,1,33.1339285714,0.131324404762
2012-10-19 09:48:55,11076,1,33.2803571429,0.146428571429
2012-10-19 09:48:56,11077,1,33.2598214286,-0.0205357142857
2012-10-19 09:48:57,11078,1,32.9515625,-0.308258928571
2012-10-19 09:48:58,11079,1,32.3783482143,-0.573214285714
2012-10-19 09:48:59,11080,1,31.7202380952,-0.658110119048
2012-10-19 09:49:00,11081,1,31.2399553571,-0.480282738095
2012-10-19 09:49:01,11082,1,31.1488839286,-0.0910714285715
2012-10-19 09:49:02,11083,1,31.4726190476,0.323735119048
2012-10-19 09:49:03,11084,1,31.9982886905,0.525669642857
2012-10-19 09:49:04,11085,1,32.374702381,0.376413690476
2012-10-19 09:49:05,11086,1,32.3094494048,-0.0652529761905
2012-10-19 09:49:06,11087,1,31.7101190476,-0.599330357143
2012-10-19 09:49:07,11088,1,30.6880952381,-1.02202380952
2012-10-19 09:49:08,11089,1,29.4587053571,-1.22938988095
2012-10-19 09:49:09,11090,1,28.2296130952,-1.2290922619
2012-10-19 09:49:10,11091,1,27.1651041667,-1.06450892857
2012-10-19 09:49:11,11092,1,26.4133184524,-0.751785714286
2012-10-19 09:49:12,11093,1,26.0902529762,-0.32306547619
2012-10-19 09:49:13,11094,1,26.1925595238,0.102306547619
2012-10-19 09:49:14,11095,1,26.5245535714,0.331994047619
2012-10-19 09:49:15,11096,1,26.7129464286,0.188392857143
2012-10-19 09:49:16,11097,1,26.3619047619,-0.351041666667
2012-10-19 09:49:17,11098,1,25.3103422619,-1.0515625
2012-10-19 09:49:18,11099,1,23.7661458333,-1.54419642857
2012-10-19 09:49:19,11100,1,22.1773809524,-1.58876488095
2012-10-19 09:49:20,11101,1,20.9456845238,-1.23169642857
2012-10-19 09:49:21,11102,1,20.1659970238,-0.7796875
2012-10-19 09:49:22,11103,1,19.6569196429,-0.509077380952
2012-10-19 09:49:23,11104,1,19.3044642857,-0.352455357143
2012-10-19 09:49:24,11105,1,19.236235119,-0.0682291666667
2012-10-19 09:49:25,11106,1,19.6205357143,0.384300595238
2012-10-19 09:49:26,11107,1,20.45,0.829464285714
2012-10-19 09:49:27,11108,1,21.5148809524,1.06488095238
2012-10-19 09:49:28,11109,1,22.546577381,1.03169642857
2012-10-19 09:49:29,11110,1,23.4212053571,0.87462797619
2012-10-19 09:49:30,11111,1,24.1703869048,0.749181547619
2012-10-19 09:49:31,11112,1,24.8358630952,0.665476190476
2012-10-19 09:49:32,11113,1,25.4453869048,0.609523809524
2012-10-19 09:49:33,11114,1,26.0648809524,0.619494047619
2012-10-19 09:49:34,11115,1,26.7300595238,0.665178571429
2012-10-19 09:49:35,11116,1,27.3360863095,0.606026785714
2012-10-19 09:49:36,11117,1,27.684375,0.348288690476
2012-10-19 09:49:37,11118,1,27.6644345238,-0.0199404761905
2012-10-19 09:49:38,11119,1,27.3735863095,-0.290848214286
2012-10-19 09:49:39,11120,1,27.0668154762,-0.306770833333
2012-10-19 09:49:40,11121,1,26.9771577381,-0.0896577380953
2012-10-19 09:49:41,11122,1,27.1524553571,0.175297619048
2012-10-19 09:49:42,11123,1,27.4547619048,0.302306547619
2012-10-19 09:49:43,11124,1,27.6894345238,0.234672619048
2012-10-19 09:49:44,11125,1,27.7277529762,0.038318452381
2012-10-19 09:49:45,11126,1,27.5482886905,-0.179464285714
2012-10-19 09:49:46,11127,1,27.1697916667,-0.378497023809
2012-10-19 09:49:47,11128,1,26.5351190476,-0.634672619048
2012-10-19 09:49:48,11129,1,25.4796130952,-1.05550595238
2012-10-19 09:49:49,11130,1,23.8129464286,-1.66666666667
2012-10-19 09:49:50,11131,1,21.429389881,-2.38355654762
2012-10-19 09:49:51,11132,1,18.390625,-3.03876488095
2012-10-19 09:49:52,11133,1,14.9789434524,-3.41168154762
2012-10-19 09:49:53,11134,1,11.6944940476,-3.28444940476
2012-10-19 09:49:54,11135,1,9.128125,-2.56636904762
2012-10-19 09:49:55,11136,1,7.70483630952,-1.42328869048
2012-10-19 09:49:56,11137,1,7.42455357143,-0.280282738095
2012-10-19 09:49:57,11138,1,7.77864583333,0.354092261905
2012-10-19 09:49:58,11139,1,7.97767857143,0.199032738095
2012-10-19 09:49:59,11140,1,7.45479910714,-0.522879464286
2012-10-19 09:50:00,11141,1,6.27271205357,-1.18208705357
2012-10-19 09:50:01,11142,1,5.00517113095,-1.26754092262
2012-10-19 09:50:02,11143,1,4.20734747024,-0.797823660714
2012-10-19 09:50:03,11144,1,3.99973958333,-0.207607886905
2012-10-19 09:50:04,11145,1,4.06218377976,0.0624441964286
2012-10-19 09:50:05,11146,1,3.99373759921,-0.0684461805555
2012-10-19 09:50:06,11147,1,3.71039186508,-0.283345734127
2012-10-19 09:50:07,11148,1,3.43493303571,-0.275458829365
2012-10-19 09:50:08,11149,1,3.33484002976,-0.100093005952
2012-10-19 09:50:09,11150,1,3.32064732143,-0.0141927083333
2012-10-19 09:50:10,11151,1,3.22509300595,-0.0955543154762
2012-10-19 09:50:11,11152,1,3.15571676587,-0.0693762400794
2012-10-19 09:50:12,11153,1,3.62413814484,0.468421378968
2012-10-19 09:50:13,11154,1,5.18017113095,1.55603298611
2012-10-19 09:50:14,11155,1,7.8765625,2.69639136905
2012-10-19 09:50:15,11156,1,11.1750744048,3.29851190476
2012-10-19 09:50:16,11157,1,14.3738095238,3.19873511905
2012-10-19 09:50:17,11158,1,17.1033730159,2.72956349206
2012-10-19 09:50:18,11159,1,19.4327132937,2.32934027778
2012-10-19 09:50:19,11160,1,21.5225446429,2.08983134921
2012-10-19 09:50:20,11161,1,23.2895089286,1.76696428571
2012-10-19 09:50:21,11162,1,24.5087797619,1.21927083333
2012-10-19 09:50:22,11163,1,25.1272321429,0.618452380952
2012-10-19 09:50:23,11164,1,25.3368303571,0.209598214286
2012-10-19 09:50:24,11165,1,25.4049107143,0.0680803571428
2012-10-19 09:50:25,11166,1,25.5039434524,0.0990327380953
2012-10-19 09:50:26,11167,1,25.6607886905,0.156845238095
2012-10-19 09:50:27,11168,1,25.8256696429,0.164880952381
2012-10-19 09:50:28,11169,1,25.9398809524,0.114211309524
2012-10-19 09:50:29,11170,1,25.8729910714,-0.0668898809524
2012-10-19 09:50:30,11171,1,25.3203869048,-0.552604166667
2012-10-19 09:50:31,11172,1,23.8616815476,-1.45870535714
2012-10-19 09:50:32,11173,1,21.1932291667,-2.66845238095
2012-10-19 09:50:33,11174,1,17.3486607143,-3.84456845238
2012-10-19 09:50:34,11175,1,12.7521577381,-4.59650297619
2012-10-19 09:50:35,11176,1,8.10944940476,-4.64270833333
2012-10-19 09:50:36,11177,1,4.25186011905,-3.85758928571
2012-10-19 09:50:37,11178,1,0.0,-4.25186011905
2012-10-19 09:50:57,11198,20,0.0,0.0
2012-10-19 09:50:58,11199,1,2.97351190476,2.97351190476
2012-10-19 09:50:59,11200,1,4.90729166667,1.9337797619
2012-10-19 09:51:00,11201,1,6.49040178571,1.58311011905
2012-10-19 09:51:01,11202,1,7.3396577381,0.849255952381
2012-10-19 09:51:02,11203,1,7.62232142857,0.282663690476
2012-10-19 09:51:03,11204,1,7.69345238095,0.0711309523809
2012-10-19 09:51:04,11205,1,7.79821428571,0.104761904762
2012-10-19 09:51:05,11206,1,7.99933035714,0.201116071429
2012-10-19 09:51:06,11207,1,8.25147746599,0.252147108844
2012-10-19 09:51:07,11208,1,8.41068239796,0.159204931973
2012-10-19 09:51:08,11209,1,8.20095663265,-0.209725765306
2012-10-19 09:51:09,11210,1,7.39230442177,-0.808652210884
2012-10-19 09:51:10,11211,1,6.08915816327,-1.3031462585
2012-10-19 09:51:11,11212,1,4.72416028912,-1.36499787415
2012-10-19 09:51:12,11213,1,3.72978316327,-0.99437712585
2012-10-19 09:51:13,11214,1,3.24573767007,-0.484045493197
2012-10-19 09:51:14,11215,1,3.11170280612,-0.134034863946
2012-10-19 09:51:15,11216,1,3.09491921769,-0.0167835884354
2012-10-19 09:51:16,11217,1,3.0937712585,-0.00114795918367
2012-10-19 09:51:17,11218,1,3.12762542517,0.0338541666667
2012-10-19 09:51:18,11219,1,3.20081845238,0.0731930272109
2012-10-19 09:51:19,11220,1,3.23610756803,0.0352891156463
2012-10-19 09:51:20,11221,1,3.13438562925,-0.101721938776
2012-10-19 09:51:21,11222,1,2.87142857143,-0.262957057823
2012-10-19 09:51:22,11223,1,2.52831632653,-0.343112244898
2012-10-19 09:51:23,11224,1,2.23251488095,-0.295801445578
2012-10-19 09:51:24,11225,1,2.06176658163,-0.17074829932
2012-10-19 09:51:25,11226,1,1.99820365646,-0.0635629251701
2012-10-19 09:51:26,11227,1,1.97642431973,-0.0217793367347
2012-10-19 09:51:27,11228,1,1.95571853741,-0.0207057823129
2012-10-19 09:51:28,11229,1,1.93133503401,-0.0243835034014
2012-10-19 09:51:29,11230,1,1.90626417234,-0.025070861678
2012-10-19 09:51:30,11231,1,1.88934594671,-0.0169182256236
2012-10-19 09:51:31,11232,1,1.91787840136,0.0285324546485
2012-10-19 09:51:32,11233,1,2.0440795068,0.126201105442
2012-10-19 09:51:33,11234,1,2.28328018707,0.239200680272
2012-10-19 09:51:34,11235,1,2.61632653061,0.333046343537
2012-10-19 09:51:35,11236,1,3.06356646825,0.447239937642
2012-10-19 09:51:36,11237,1,3.70734126984,0.643774801587
2012-10-19 09:51:37,11238,1,4.60595238095,0.898611111111
2012-10-19 09:51:38,11239,1,5.66889880952,1.06294642857
2012-10-19 09:51:39,11240,1,6.57857142857,0.909672619048
2012-10-19 09:51:40,11241,1,6.88973214286,0.311160714286
2012-10-19 09:51:41,11242,1,6.34437003968,-0.545362103175
2012-10-19 09:51:42,11243,1,5.12765376984,-1.21671626984
2012-10-19 09:51:43,11244,1,3.80230654762,-1.32534722222
2012-10-19 09:51:44,11245,1,2.9799957483,-0.82231079932
2012-10-19 09:51:45,11246,1,2.92458545918,-0.0554102891156
2012-10-19 09:51:46,11247,1,3.36742134354,0.442835884354
2012-10-19 09:51:47,11248,1,3.76870748299,0.401286139456
2012-10-19 09:51:48,11249,1,3.78599064626,0.0172831632653
2012-10-19 09:51:49,11250,1,3.47241709184,-0.313573554422
2012-10-19 09:51:50,11251,1,3.11419005102,-0.358227040816
2012-10-19 09:51:51,11252,1,2.94778911565,-0.166400935374
2012-10-19 09:51:52,11253,1,3.00072278912,0.0529336734694
2012-10-19 09:51:53,11254,1,3.16676232993,0.166039540816
2012-10-19 09:51:54,11255,1,3.35578231293,0.189019982993
2012-10-19 09:51:55,11256,1,3.47680697279,0.121024659864
2012-10-19 09:51:56,11257,1,3.34030612245,-0.13650085034
2012-10-19 09:51:57,11258,1,2.75195578231,-0.588350340136
2012-10-19 09:51:58,11259,1,1.79753135629,-0.95442442602
2012-10-19 09:51:59,11260,1,0.0,-1.79753135629
2012-10-19 10:19:36,12917,1657,0.0,0.0
2012-10-19 10:19:37,12918,1,1.22424532313,1.22424532313
2012-10-19 10:19:38,12919,1,2.03390997024,0.809664647109
2012-10-19 10:19:39,12920,1,2.83563988095,0.801729910714
2012-10-19 10:19:40,12921,1,3.596875,0.761235119048
2012-10-19 10:19:41,12922,1,4.45866815476,0.861793154762
2012-10-19 10:19:42,12923,1,5.47315848214,1.01449032738
2012-10-19 10:19:43,12924,1,6.52064732143,1.04748883929
2012-10-19 10:19:44,12925,1,7.426953125,0.906305803571
2012-10-19 10:19:45,12926,1,8.10561755952,0.678664434524
2012-10-19 10:19:46,12927,1,8.5974516369,0.491834077381
2012-10-19 10:19:47,12928,1,8.97890625,0.381454613095
2012-10-19 10:19:48,12929,1,9.21004464286,0.231138392857
2012-10-19 10:19:49,12930,1,9.08805803571,-0.121986607143
2012-10-19 10:19:50,12931,1,8.41101190476,-0.677046130952
2012-10-19 10:19:51,12932,1,7.21804315476,-1.19296875
2012-10-19 10:19:52,12933,1,5.84136904762,-1.37667410714
2012-10-19 10:19:53,12934,1,4.71011904762,-1.13125
2012-10-19 10:19:54,12935,1,4.09791666667,-0.612202380952
2012-10-19 10:19:55,12936,1,3.99832589286,-0.0995907738095
2012-10-19 10:19:56,12937,1,4.19806547619,0.199739583333
2012-10-19 10:19:57,12938,1,4.47883184524,0.280766369048
2012-10-19 10:19:58,12939,1,4.74330357143,0.26447172619
2012-10-19 10:19:59,12940,1,4.9748139881,0.231510416667
2012-10-19 10:20:00,12941,1,5.18816964286,0.213355654762
2012-10-19 10:20:01,12942,1,5.49609375,0.307924107143
2012-10-19 10:20:02,12943,1,6.15334821429,0.657254464286
2012-10-19 10:20:03,12944,1,7.41287202381,1.25952380952
2012-10-19 10:20:04,12945,1,9.31755952381,1.9046875
2012-10-19 10:20:05,12946,1,11.6637276786,2.34616815476
2012-10-19 10:20:06,12947,1,14.15,2.48627232143
2012-10-19 10:20:07,12948,1,16.5545758929,2.40457589286
2012-10-19 10:20:08,12949,1,18.7955357143,2.24095982143
2012-10-19 10:20:09,12950,1,20.8474702381,2.05193452381
2012-10-19 10:20:10,12951,1,22.6426339286,1.79516369048
2012-10-19 10:20:11,12952,1,24.06875,1.42611607143
2012-10-19 10:20:12,12953,1,25.0223958333,0.953645833333
2012-10-19 10:20:13,12954,1,25.4436755952,0.421279761905
2012-10-19 10:20:14,12955,1,25.3426339286,-0.101041666667
2012-10-19 10:20:15,12956,1,24.8242559524,-0.51837797619
2012-10-19 10:20:16,12957,1,24.0193452381,-0.804910714286
2012-10-19 10:20:17,12958,1,22.9272321429,-1.09211309524
2012-10-19 10:20:18,12959,1,21.3927827381,-1.53444940476
2012-10-19 10:20:19,12960,1,19.2911458333,-2.10163690476
2012-10-19 10:20:20,12961,1,16.7139136905,-2.57723214286
2012-10-19 10:20:21,12962,1,13.991889881,-2.72202380952
2012-10-19 10:20:22,12963,1,11.5002604167,-2.49162946429
2012-10-19 10:20:23,12964,1,9.37805059524,-2.12220982143
2012-10-19 10:20:24,12965,1,7.52433035714,-1.8537202381
2012-10-19 10:20:25,12966,1,5.9259672619,-1.59836309524
2012-10-19 10:20:26,12967,1,4.91759672619,-1.00837053571
2012-10-19 10:20:27,12968,1,5.06145833333,0.143861607143
2012-10-19 10:20:28,12969,1,6.69229910714,1.63084077381
2012-10-19 10:20:29,12970,1,9.56376488095,2.87146577381
2012-10-19 10:20:30,12971,1,13.0095982143,3.44583333333
2012-10-19 10:20:31,12972,1,16.395610119,3.38601190476
2012-10-19 10:20:32,12973,1,19.3865699405,2.99095982143
2012-10-19 10:20:33,12974,1,21.9140625,2.52749255952
2012-10-19 10:20:34,12975,1,23.9996279762,2.08556547619
2012-10-19 10:20:35,12976,1,25.6579613095,1.65833333333
2012-10-19 10:20:36,12977,1,26.9322916667,1.27433035714
2012-10-19 10:20:37,12978,1,27.8849702381,0.952678571428
2012-10-19 10:20:38,12979,1,28.5336309524,0.648660714286
2012-10-19 10:20:39,12980,1,28.8930803571,0.359449404762
2012-10-19 10:20:40,12981,1,29.0712797619,0.178199404762
2012-10-19 10:20:41,12982,1,29.2428571429,0.171577380952
2012-10-19 10:20:42,12983,1,29.5211309524,0.278273809524
2012-10-19 10:20:43,12984,1,29.893452381,0.372321428571
2012-10-19 10:20:44,12985,1,30.2799107143,0.386458333333
2012-10-19 10:20:45,12986,1,30.6302083333,0.350297619048
2012-10-19 10:20:46,12987,1,30.9541666667,0.323958333333
2012-10-19 10:20:47,12988,1,31.2639880952,0.309821428571
2012-10-19 10:20:48,12989,1,31.5080357143,0.244047619048
2012-10-19 10:20:49,12990,1,31.5895089286,0.0814732142857
2012-10-19 10:20:50,12991,1,31.4590029762,-0.130505952381
2012-10-19 10:20:51,12992,1,31.1693452381,-0.289657738095
2012-10-19 10:20:52,12993,1,30.8158482143,-0.353497023809
2012-10-19 10:20:53,12994,1,30.4212053571,-0.394642857143
2012-10-19 10:20:54,12995,1,29.8897321429,-0.531473214286
2012-10-19 10:20:55,12996,1,29.0912946429,-0.7984375
2012-10-19 10:20:56,12997,1,28.0449404762,-1.04635416667
2012-10-19 10:20:57,12998,1,27.0644345238,-0.980505952381
2012-10-19 10:20:58,12999,1,26.6263392857,-0.438095238095
2012-10-19 10:20:59,13000,1,26.9394345238,0.313095238095
2012-10-19 10:21:00,13001,1,27.6647321429,0.725297619048
2012-10-19 10:21:01,13002,1,28.1585565476,0.493824404762
2012-10-19 10:21:02,13003,1,27.9852678571,-0.173288690476
2012-10-19 10:21:03,13004,1,27.2439732143,-0.741294642857
2012-10-19 10:21:04,13005,1,26.4912946429,-0.752678571429
2012-10-19 10:21:05,13006,1,26.2844494048,-0.206845238095
2012-10-19 10:21:06,13007,1,26.7351934524,0.450744047619
2012-10-19 10:21:07,13008,1,27.4873511905,0.752157738095
2012-10-19 10:21:08,13009,1,28.0034970238,0.516145833333
2012-10-19 10:21:09,13010,1,27.8776785714,-0.125818452381
2012-10-19 10:21:10,13011,1,27.0772321429,-0.800446428572
2012-10-19 10:21:11,13012,1,25.951264881,-1.1259672619
2012-10-19 10:21:12,13013,1,24.9271577381,-1.02410714286
2012-10-19 10:21:13,13014,1,24.1864583333,-0.740699404762
2012-10-19 10:21:14,13015,1,23.6395833333,-0.546875
2012-10-19 10:21:15,13016,1,23.1604166667,-0.479166666667
2012-10-19 10:21:16,13017,1,22.7848214286,-0.375595238095
2012-10-19 10:21:17,13018,1,22.6354166667,-0.149404761905
2012-10-19 10:21:18,13019,1,22.641889881,0.0064732142857
2012-10-19 10:21:19,13020,1,22.4056547619,-0.236235119048
2012-10-19 10:21:20,13021,1,21.4073040675,-0.998350694445
2012-10-19 10:21:21,13022,1,19.3388454861,-2.06845858135
2012-10-19 10:21:22,13023,1,16.294233631,-3.04461185516
2012-10-19 10:21:23,13024,1,12.7682229663,-3.52601066468
2012-10-19 10:21:24,13025,1,9.45203373016,-3.31618923611
2012-10-19 10:21:25,13026,1,6.90498511905,-2.54704861111
2012-10-19 10:21:26,13027,1,5.33373015873,-1.57125496032
2012-10-19 10:21:27,13028,1,4.58377356151,-0.749956597222
2012-10-19 10:21:28,13029,1,4.29319196429,-0.290581597222
2012-10-19 10:21:29,13030,1,4.13162822421,-0.161563740079
2012-10-19 10:21:30,13031,1,3.95298859127,-0.178639632937
2012-10-19 10:21:31,13032,1,3.75,-0.20298859127
2012-10-19 10:21:32,13033,1,3.54001736111,-0.209982638889
2012-10-19 10:21:33,13034,1,3.32380332341,-0.216214037698
2012-10-19 10:21:34,13035,1,3.10561755952,-0.218185763889
2012-10-19 10:21:35,13036,1,2.92091393849,-0.184703621032
2012-10-19 10:21:36,13037,1,2.84104662698,-0.0798673115079
2012-10-19 10:21:37,13038,1,2.95714285714,0.116096230159
2012-10-19 10:21:38,13039,1,3.36552579365,0.408382936508
2012-10-19 10:21:39,13040,1,4.14487227183,0.779346478175
2012-10-19 10:21:40,13041,1,5.3079985119,1.16312624008
2012-10-19 10:21:41,13042,1,6.76569320437,1.45769469246
2012-10-19 10:21:42,13043,1,8.34954117063,1.58384796627
2012-10-19 10:21:43,13044,1,9.8728422619,1.52330109127
2012-10-19 10:21:44,13045,1,11.1853422619,1.3125
2012-10-19 10:21:45,13046,1,12.226264881,1.04092261905
2012-10-19 10:21:46,13047,1,13.0723214286,0.846056547619
2012-10-19 10:21:47,13048,1,13.9105654762,0.838244047619
2012-10-19 10:21:48,13049,1,14.8904017857,0.979836309524
2012-10-19 10:21:49,13050,1,15.9551339286,1.06473214286
2012-10-19 10:21:50,13051,1,16.8591517857,0.904017857143
2012-10-19 10:21:51,13052,1,17.4436755952,0.584523809524
2012-10-19 10:21:52,13053,1,17.9297619048,0.486086309524
2012-10-19 10:21:53,13054,1,18.8695684524,0.939806547619
2012-10-19 10:21:54,13055,1,20.7066220238,1.83705357143
2012-10-19 10:21:55,13056,1,23.3619791667,2.65535714286
2012-10-19 10:21:56,13057,1,26.2967261905,2.93474702381
2012-10-19 10:21:57,13058,1,28.966889881,2.67016369048
2012-10-19 10:21:58,13059,1,31.2040922619,2.23720238095
2012-10-19 10:21:59,13060,1,33.2430803571,2.03898809524
2012-10-19 10:22:00,13061,1,35.4563244048,2.21324404762
2012-10-19 10:22:01,13062,1,38.0584077381,2.60208333333
2012-10-19 10:22:02,13063,1,41.0052083333,2.94680059524
2012-10-19 10:22:03,13064,1,44.0695684524,3.06436011905
2012-10-19 10:22:04,13065,1,46.9905505952,2.92098214286
2012-10-19 10:22:05,13066,1,49.604985119,2.61443452381
2012-10-19 10:22:06,13067,1,51.8327380952,2.22775297619
2012-10-19 10:22:07,13068,1,53.5796130952,1.746875
2012-10-19 10:22:08,13069,1,54.7764136905,1.19680059524
2012-10-19 10:22:09,13070,1,55.5167410714,0.740327380952
2012-10-19 10:22:10,13071,1,56.064360119,0.547619047619
2012-10-19 10:22:11,13072,1,56.6832589286,0.618898809524
2012-10-19 10:22:12,13073,1,57.4470238095,0.763764880952
2012-10-19 10:22:13,13074,1,58.2148065476,0.767782738095
2012-10-19 10:22:14,13075,1,58.821577381,0.606770833333
2012-10-19 10:22:15,13076,1,59.2615327381,0.439955357143
2012-10-19 10:22:16,13077,1,59.6343005952,0.372767857143
2012-10-19 10:22:17,13078,1,59.9816220238,0.347321428571
2012-10-19 10:22:18,13079,1,60.2630952381,0.281473214286
2012-10-19 10:22:19,13080,1,60.444047619,0.180952380952
2012-10-19 10:22:20,13081,1,60.5352678571,0.0912202380952
2012-10-19 10:22:21,13082,1,60.556547619,0.0212797619048
2012-10-19 10:22:22,13083,1,60.4994791667,-0.0570684523809
2012-10-19 10:22:23,13084,1,60.345014881,-0.154464285714
2012-10-19 10:22:24,13085,1,60.1068452381,-0.238169642857
2012-10-19 10:22:25,13086,1,59.8353422619,-0.27150297619
2012-10-19 10:22:26,13087,1,59.5882440476,-0.247098214286
2012-10-19 10:22:27,13088,1,59.415922619,-0.172321428572
2012-10-19 10:22:28,13089,1,59.3581845238,-0.0577380952381
2012-10-19 10:22:29,13090,1,59.4292410714,0.0710565476191
2012-10-19 10:22:30,13091,1,59.5998511905,0.170610119048
2012-10-19 10:22:31,13092,1,59.8008928571,0.201041666667
2012-10-19 10:22:32,13093,1,59.9594494048,0.158556547619
2012-10-19 10:22:33,13094,1,60.0438244048,0.084375
2012-10-19 10:22:34,13095,1,60.0688988095,0.0250744047619
2012-10-19 10:22:35,13096,1,60.0507440476,-0.0181547619048
2012-10-19 10:22:36,13097,1,59.9693452381,-0.0813988095238
2012-10-19 10:22:37,13098,1,59.79375,-0.175595238095
2012-10-19 10:22:38,13099,1,59.540327381,-0.253422619048
2012-10-19 10:22:39,13100,1,59.2943452381,-0.245982142857
2012-10-19 10:22:40,13101,1,59.1629464286,-0.131398809524
2012-10-19 10:22:41,13102,1,59.1898065476,0.0268601190476
2012-10-19 10:22:42,13103,1,59.315922619,0.126116071429
2012-10-19 10:22:43,13104,1,59.4401041667,0.124181547619
2012-10-19 10:22:44,13105,1,59.5099702381,0.0698660714285
2012-10-19 10:22:45,13106,1,59.5423363095,0.0323660714286
2012-10-19 10:22:46,13107,1,59.5857886905,0.0434523809524
2012-10-19 10:22:47,13108,1,59.6938244048,0.108035714286
2012-10-19 10:22:48,13109,1,59.9131696429,0.219345238095
2012-10-19 10:22:49,13110,1,60.2638392857,0.350669642857
2012-10-19 10:22:50,13111,1,60.7165922619,0.452752976191
2012-10-19 10:22:51,13112,1,61.182514881,0.465922619048
2012-10-19 10:22:52,13113,1,61.5306547619,0.348139880952
2012-10-19 10:22:53,13114,1,61.651264881,0.120610119048
2012-10-19 10:22:54,13115,1,61.5441964286,-0.107068452381
2012-10-19 10:22:55,13116,1,61.3549107143,-0.189285714286
2012-10-19 10:22:56,13117,1,61.3025297619,-0.052380952381
2012-10-19 10:22:57,13118,1,61.5445684524,0.242038690476
2012-10-19 10:22:58,13119,1,62.0769345238,0.532366071429
2012-10-19 10:22:59,13120,1,62.740922619,0.663988095238
2012-10-19 10:23:00,13121,1,63.3355654762,0.594642857143
2012-10-19 10:23:01,13122,1,63.7373511905,0.401785714286
2012-10-19 10:23:02,13123,1,63.9200892857,0.182738095238
2012-10-19 10:23:03,13124,1,63.8956845238,-0.0244047619048
2012-10-19 10:23:04,13125,1,63.6805803571,-0.215104166667
2012-10-19 10:23:05,13126,1,63.3118303571,-0.36875
2012-10-19 10:23:06,13127,1,62.8539434524,-0.457886904762
2012-10-19 10:23:07,13128,1,62.3757440476,-0.478199404762
2012-10-19 10:23:08,13129,1,61.9264880952,-0.449255952381
2012-10-19 10:23:09,13130,1,61.5302827381,-0.396205357143
2012-10-19 10:23:10,13131,1,61.1932291667,-0.337053571429
2012-10-19 10:23:11,13132,1,60.9104166667,-0.2828125
2012-10-19 10:23:12,13133,1,60.6689732143,-0.241443452381
2012-10-19 10:23:13,13134,1,60.4494791667,-0.219494047619
2012-10-19 10:23:14,13135,1,60.2263392857,-0.223139880952
2012-10-19 10:23:15,13136,1,59.9638392857,-0.2625
2012-10-19 10:23:16,13137,1,59.615922619,-0.347916666667
2012-10-19 10:23:17,13138,1,59.1598214286,-0.456101190476
2012-10-19 10:23:18,13139,1,58.6490327381,-0.510788690476
2012-10-19 10:23:19,13140,1,58.2125744048,-0.436458333333
2012-10-19 10:23:20,13141,1,57.9852678571,-0.227306547619
2012-10-19 10:23:21,13142,1,58.0285714286,0.0433035714285
2012-10-19 10:23:22,13143,1,58.2988839286,0.2703125
2012-10-19 10:23:23,13144,1,58.6930059524,0.39412202381
2012-10-19 10:23:24,13145,1,59.1318452381,0.438839285714
2012-10-19 10:23:25,13146,1,59.5936011905,0.461755952381
2012-10-19 10:23:26,13147,1,60.0813988095,0.487797619048
2012-10-19 10:23:27,13148,1,60.5838541667,0.502455357143
2012-10-19 10:23:28,13149,1,61.0589285714,0.475074404762
2012-10-19 10:23:29,13150,1,61.4426339286,0.383705357143
2012-10-19 10:23:30,13151,1,61.6843005952,0.241666666667
2012-10-19 10:23:31,13152,1,61.7835565476,0.099255952381
2012-10-19 10:23:32,13153,1,61.7912946429,0.007738095238
2012-10-19 10:23:33,13154,1,61.774702381,-0.0165922619047
2012-10-19 10:23:34,13155,1,61.7801339286,0.005431547619
2012-10-19 10:23:35,13156,1,61.8228422619,0.0427083333333
2012-10-19 10:23:36,13157,1,61.9020833333,0.0792410714286
2012-10-19 10:23:37,13158,1,62.0176339286,0.115550595238
2012-10-19 10:23:38,13159,1,62.1764880952,0.158854166667
2012-10-19 10:23:39,13160,1,62.3938988095,0.217410714286
2012-10-19 10:23:40,13161,1,62.6899553571,0.296056547619
2012-10-19 10:23:41,13162,1,63.0755952381,0.385639880952
2012-10-19 10:23:42,13163,1,63.525297619,0.449702380952
2012-10-19 10:23:43,13164,1,63.9677083333,0.442410714286
2012-10-19 10:23:44,13165,1,64.3223958333,0.3546875
2012-10-19 10:23:45,13166,1,64.54375,0.221354166667
2012-10-19 10:23:46,13167,1,64.6310267857,0.0872767857143
2012-10-19 10:23:47,13168,1,64.6171875,-0.0138392857143
2012-10-19 10:23:48,13169,1,64.5514136905,-0.0657738095238
2012-10-19 10:23:49,13170,1,64.4822916667,-0.0691220238095
2012-10-19 10:23:50,13171,1,64.4483630952,-0.0339285714286
2012-10-19 10:23:51,13172,1,64.4644345238,0.0160714285714
2012-10-19 10:23:52,13173,1,64.5054315476,0.0409970238096
2012-10-19 10:23:53,13174,1,64.51875,0.0133184523809
2012-10-19 10:23:54,13175,1,64.4668154762,-0.0519345238095
2012-10-19 10:23:55,13176,1,64.3560267857,-0.110788690476
2012-10-19 10:23:56,13177,1,64.2326636905,-0.123363095238
2012-10-19 10:23:57,13178,1,64.1674107143,-0.0652529761905
2012-10-19 10:23:58,13179,1,64.229389881,0.0619791666667
2012-10-19 10:23:59,13180,1,64.4401041667,0.210714285714
2012-10-19 10:24:00,13181,1,64.7421875,0.302083333333
2012-10-19 10:24:01,13182,1,65.0261160714,0.283928571429
2012-10-19 10:24:02,13183,1,65.2023065476,0.17619047619
2012-10-19 10:24:03,13184,1,65.2595982143,0.0572916666667
2012-10-19 10:24:04,13185,1,65.2572916667,-0.002306547619
2012-10-19 10:24:05,13186,1,65.2549107143,-0.002380952381
2012-10-19 10:24:06,13187,1,65.2521577381,-0.00275297619049
2012-10-19 10:24:07,13188,1,65.2054315476,-0.0467261904762
2012-10-19 10:24:08,13189,1,65.0933035714,-0.11212797619
2012-10-19 10:24:09,13190,1,64.9505208333,-0.142782738095
2012-10-19 10:24:10,13191,1,64.8429315476,-0.107589285714
2012-10-19 10:24:11,13192,1,64.8188244048,-0.0241071428571
2012-10-19 10:24:12,13193,1,64.8879464286,0.0691220238095
2012-10-19 10:24:13,13194,1,65.0468005952,0.158854166667
2012-10-19 10:24:14,13195,1,65.3035714286,0.256770833333
2012-10-19 10:24:15,13196,1,65.6575892857,0.354017857143
2012-10-19 10:24:16,13197,1,66.0636904762,0.406101190476
2012-10-19 10:24:17,13198,1,66.4375,0.373809523809
2012-10-19 10:24:18,13199,1,66.7104166667,0.272916666667
2012-10-19 10:24:19,13200,1,66.8766369048,0.166220238095
2012-10-19 10:24:20,13201,1,66.967485119,0.0908482142857
2012-10-19 10:24:21,13202,1,66.989360119,0.021875
2012-10-19 10:24:22,13203,1,66.9215029762,-0.0678571428571
2012-10-19 10:24:23,13204,1,66.7746279762,-0.146875
2012-10-19 10:24:24,13205,1,66.6150297619,-0.159598214286
2012-10-19 10:24:25,13206,1,66.5029761905,-0.112053571429
2012-10-19 10:24:26,13207,1,66.4207589286,-0.0822172619048
2012-10-19 10:24:27,13208,1,66.2764136905,-0.144345238095
2012-10-19 10:24:28,13209,1,65.937202381,-0.339211309524
2012-10-19 10:24:29,13210,1,65.2974702381,-0.639732142857
2012-10-19 10:24:30,13211,1,64.4497767857,-0.847693452381
2012-10-19 10:24:31,13212,1,63.7306547619,-0.71912202381
2012-10-19 10:24:32,13213,1,63.4602678571,-0.270386904762
2012-10-19 10:24:33,13214,1,63.6889880952,0.228720238095
2012-10-19 10:24:34,13215,1,64.1816220238,0.492633928571
2012-10-19 10:24:35,13216,1,64.5839285714,0.402306547619
2012-10-19 10:24:36,13217,1,64.7090029762,0.125074404762
2012-10-19 10:24:37,13218,1,64.654389881,-0.0546130952381
2012-10-19 10:24:38,13219,1,64.5806547619,-0.0737351190476
2012-10-19 10:24:39,13220,1,64.5220238095,-0.058630952381
2012-10-19 10:24:40,13221,1,64.445014881,-0.0770089285714
2012-10-19 10:24:41,13222,1,64.3354166667,-0.109598214286
2012-10-19 10:24:42,13223,1,64.200297619,-0.135119047619
2012-10-19 10:24:43,13224,1,64.0507440476,-0.149553571429
2012-10-19 10:24:44,13225,1,63.8963541667,-0.154389880952
2012-10-19 10:24:45,13226,1,63.7488839286,-0.147470238095
2012-10-19 10:24:46,13227,1,63.6271577381,-0.121726190476
2012-10-19 10:24:47,13228,1,63.5561755952,-0.0709821428571
2012-10-19 10:24:48,13229,1,63.5576636905,0.00148809523809
2012-10-19 10:24:49,13230,1,63.6256696429,0.0680059523809
2012-10-19 10:24:50,13231,1,63.7015625,0.0758928571429
2012-10-19 10:24:51,13232,1,63.6883184524,-0.0132440476191
2012-10-19 10:24:52,13233,1,63.5104166667,-0.177901785714
2012-10-19 10:24:53,13234,1,63.1726190476,-0.337797619048
2012-10-19 10:24:54,13235,1,62.7680803571,-0.404538690476
2012-10-19 10:24:55,13236,1,62.421577381,-0.346502976191
2012-10-19 10:24:56,13237,1,62.2054315476,-0.216145833333
2012-10-19 10:24:57,13238,1,62.0977678571,-0.107663690476
2012-10-19 10:24:58,13239,1,62.0159970238,-0.0817708333334
2012-10-19 10:24:59,13240,1,61.8878720238,-0.128125
2012-10-19 10:25:00,13241,1,61.6962797619,-0.191592261905
2012-10-19 10:25:01,13242,1,61.4729910714,-0.223288690476
2012-10-19 10:25:02,13243,1,61.2645833333,-0.208407738095
2012-10-19 10:25:03,13244,1,61.1008928571,-0.16369047619
2012-10-19 10:25:04,13245,1,60.9904761905,-0.110416666667
2012-10-19 10:25:05,13246,1,60.9423363095,-0.0481398809524
2012-10-19 10:25:06,13247,1,60.9656994048,0.0233630952381
2012-10-19 10:25:07,13248,1,61.0367559524,0.071056547619
2012-10-19 10:25:08,13249,1,61.0982886905,0.0615327380953
2012-10-19 10:25:09,13250,1,61.1070684524,0.0087797619048
2012-10-19 10:25:10,13251,1,61.0650297619,-0.0420386904762
2012-10-19 10:25:11,13252,1,61.0113839286,-0.0536458333334
2012-10-19 10:25:12,13253,1,61.0016369048,-0.0097470238095
2012-10-19 10:25:13,13254,1,61.0848958333,0.0832589285714
2012-10-19 10:25:14,13255,1,61.2853422619,0.200446428572
2012-10-19 10:25:15,13256,1,61.5949404762,0.309598214286
2012-10-19 10:25:16,13257,1,61.970014881,0.375074404762
2012-10-19 10:25:17,13258,1,62.3351190476,0.365104166667
2012-10-19 10:25:18,13259,1,62.6165922619,0.281473214286
2012-10-19 10:25:19,13260,1,62.7819196429,0.165327380952
2012-10-19 10:25:20,13261,1,62.8238839286,0.0419642857143
2012-10-19 10:25:21,13262,1,62.7207589286,-0.103125
2012-10-19 10:25:22,13263,1,62.4544642857,-0.266294642857
2012-10-19 10:25:23,13264,1,62.0478422619,-0.40662202381
2012-10-19 10:25:24,13265,1,61.5460565476,-0.501785714286
2012-10-19 10:25:25,13266,1,60.9744047619,-0.571651785714
2012-10-19 10:25:26,13267,1,60.3240327381,-0.65037202381
2012-10-19 10:25:27,13268,1,59.579389881,-0.744642857143
2012-10-19 10:25:28,13269,1,58.7771577381,-0.802232142857
2012-10-19 10:25:29,13270,1,58.0253720238,-0.751785714286
2012-10-19 10:25:30,13271,1,57.4372767857,-0.588095238095
2012-10-19 10:25:31,13272,1,57.0585565476,-0.378720238095
2012-10-19 10:25:32,13273,1,56.8629464286,-0.195610119048
2012-10-19 10:25:33,13274,1,56.7796875,-0.0832589285714
2012-10-19 10:25:34,13275,1,56.7133184524,-0.0663690476191
2012-10-19 10:25:35,13276,1,56.5744047619,-0.138913690476
2012-10-19 10:25:36,13277,1,56.3070684524,-0.267336309524
2012-10-19 10:25:37,13278,1,55.8790178571,-0.428050595238
2012-10-19 10:25:38,13279,1,55.2585565476,-0.620461309524
2012-10-19 10:25:39,13280,1,54.3977678571,-0.860788690476
2012-10-19 10:25:40,13281,1,53.2216517857,-1.17611607143
2012-10-19 10:25:41,13282,1,51.6689732143,-1.55267857143
2012-10-19 10:25:42,13283,1,49.764360119,-1.90461309524
2012-10-19 10:25:43,13284,1,47.6229166667,-2.14144345238
2012-10-19 10:25:44,13285,1,45.408110119,-2.21480654762
2012-10-19 10:25:45,13286,1,43.3008928571,-2.1072172619
2012-10-19 10:25:46,13287,1,41.4572916667,-1.84360119048
2012-10-19 10:25:47,13288,1,40.0057291667,-1.4515625
2012-10-19 10:25:48,13289,1,39.0855654762,-0.920163690476
2012-10-19 10:25:49,13290,1,38.7688244048,-0.316741071429
2012-10-19 10:25:50,13291,1,38.9188244048,0.15
2012-10-19 10:25:51,13292,1,39.2194196429,0.300595238095
2012-10-19 10:25:52,13293,1,39.3675595238,0.148139880952
2012-10-19 10:25:53,13294,1,39.2732142857,-0.0943452380952
2012-10-19 10:25:54,13295,1,39.1374255952,-0.135788690476
2012-10-19 10:25:55,13296,1,39.2958333333,0.158407738095
2012-10-19 10:25:56,13297,1,39.9264136905,0.630580357143
2012-10-19 10:25:57,13298,1,40.8918154762,0.965401785714
2012-10-19 10:25:58,13299,1,41.8217261905,0.929910714286
2012-10-19 10:25:59,13300,1,42.3417410714,0.520014880952
2012-10-19 10:26:00,13301,1,42.2927827381,-0.0489583333334
2012-10-19 10:26:01,13302,1,41.790922619,-0.501860119048
2012-10-19 10:26:02,13303,1,41.0845982143,-0.706324404762
2012-10-19 10:26:03,13304,1,40.3355654762,-0.749032738095
2012-10-19 10:26:04,13305,1,39.536235119,-0.799330357143
2012-10-19 10:26:05,13306,1,38.6277529762,-0.908482142857
2012-10-19 10:26:06,13307,1,37.6386160714,-0.989136904762
2012-10-19 10:26:07,13308,1,36.6811755952,-0.95744047619
2012-10-19 10:26:08,13309,1,35.8376488095,-0.843526785714
2012-10-19 10:26:09,13310,1,35.0462797619,-0.791369047619
2012-10-19 10:26:10,13311,1,34.0942708333,-0.952008928572
2012-10-19 10:26:11,13312,1,32.7375744048,-1.35669642857
2012-10-19 10:26:12,13313,1,30.8162202381,-1.92135416667
2012-10-19 10:26:13,13314,1,28.2732886905,-2.54293154762
2012-10-19 10:26:14,13315,1,25.1417410714,-3.13154761905
2012-10-19 10:26:15,13316,1,21.5455357143,-3.59620535714
2012-10-19 10:26:16,13317,1,17.698735119,-3.84680059524
2012-10-19 10:26:17,13318,1,13.8970982143,-3.80163690476
2012-10-19 10:26:18,13319,1,10.4556547619,-3.44144345238
2012-10-19 10:26:19,13320,1,7.56755952381,-2.8880952381
2012-10-19 10:26:20,13321,1,5.2119047619,-2.3556547619
2012-10-19 10:26:21,13322,1,3.26197916667,-1.94992559524
2012-10-19 10:26:22,13323,1,1.76168154762,-1.50029761905
2012-10-19 10:26:23,13324,1,0.0,-1.76168154762
2012-10-19 10:27:25,13386,62,0.0,0.0
2012-10-19 10:27:26,13387,1,3.86763392857,3.86763392857
2012-10-19 10:27:27,13388,1,6.56681547619,2.69918154762
2012-10-19 10:27:28,13389,1,9.06398809524,2.49717261905
2012-10-19 10:27:29,13390,1,10.9181547619,1.85416666667
2012-10-19 10:27:30,13391,1,12.0767113095,1.15855654762
2012-10-19 10:27:31,13392,1,12.6526785714,0.575967261905
2012-10-19 10:27:32,13393,1,12.852827381,0.200148809524
2012-10-19 10:27:33,13394,1,12.939360119,0.0865327380952
2012-10-19 10:27:34,13395,1,13.1261904762,0.186830357143
2012-10-19 10:27:35,13396,1,13.4864583333,0.360267857143
2012-10-19 10:27:36,13397,1,13.9245535714,0.438095238095
2012-10-19 10:27:37,13398,1,14.2420386905,0.317485119048
2012-10-19 10:27:38,13399,1,14.2767113095,0.0346726190476
2012-10-19 10:27:39,13400,1,14.0046875,-0.272023809524
2012-10-19 10:27:40,13401,1,13.5537202381,-0.450967261905
2012-10-19 10:27:41,13402,1,13.1342261905,-0.419494047619
2012-10-19 10:27:42,13403,1,12.887202381,-0.247023809524
2012-10-19 10:27:43,13404,1,12.7493303571,-0.137872023809
2012-10-19 10:27:44,13405,1,12.4756696429,-0.273660714286
2012-10-19 10:27:45,13406,1,11.8365327381,-0.639136904762
2012-10-19 10:27:46,13407,1,10.8744047619,-0.96212797619
2012-10-19 10:27:47,13408,1,9.97782738095,-0.896577380952
2012-10-19 10:27:48,13409,1,9.62938988095,-0.3484375
2012-10-19 10:27:49,13410,1,10.0671875,0.437797619048
2012-10-19 10:27:50,13411,1,11.1575892857,1.09040178571
2012-10-19 10:27:51,13412,1,12.4855654762,1.32797619048
2012-10-19 10:27:52,13413,1,13.5646577381,1.0790922619
2012-10-19 10:27:53,13414,1,14.0645089286,0.499851190476
2012-10-19 10:27:54,13415,1,13.9279761905,-0.136532738095
2012-10-19 10:27:55,13416,1,13.3652529762,-0.562723214286
2012-10-19 10:27:56,13417,1,12.7611607143,-0.604092261905
2012-10-19 10:27:57,13418,1,12.4543154762,-0.306845238095
2012-10-19 10:27:58,13419,1,12.4636904762,0.009375
2012-10-19 10:27:59,13420,1,12.4220238095,-0.0416666666667
2012-10-19 10:28:00,13421,1,11.840625,-0.581398809524
2012-10-19 10:28:01,13422,1,10.4964285714,-1.34419642857
2012-10-19 10:28:02,13423,1,8.61063988095,-1.88578869048
2012-10-19 10:28:03,13424,1,6.6943452381,-1.91629464286
2012-10-19 10:28:04,13425,1,5.21354166667,-1.48080357143
2012-10-19 10:28:05,13426,1,4.32931547619,-0.884226190476
2012-10-19 10:28:06,13427,1,3.90238095238,-0.42693452381
2012-10-19 10:28:07,13428,1,3.71703869048,-0.185342261905
2012-10-19 10:28:08,13429,1,3.63683035714,-0.0802083333333
2012-10-19 10:28:09,13430,1,3.59055059524,-0.0462797619048
2012-10-19 10:28:10,13431,1,3.58452380952,-0.00602678571428
2012-10-19 10:28:11,13432,1,3.72105654762,0.136532738095
2012-10-19 10:28:12,13433,1,4.07961309524,0.358556547619
2012-10-19 10:28:13,13434,1,4.61175595238,0.532142857143
2012-10-19 10:28:14,13435,1,5.16584821429,0.554092261905
2012-10-19 10:28:15,13436,1,5.56867559524,0.402827380952
2012-10-19 10:28:16,13437,1,5.75052083333,0.181845238095
2012-10-19 10:28:17,13438,1,5.81041666667,0.0598958333333
2012-10-19 10:28:18,13439,1,5.89672619048,0.0863095238095
2012-10-19 10:28:19,13440,1,6.0646577381,0.167931547619
2012-10-19 10:28:20,13441,1,6.28883928571,0.224181547619
2012-10-19 10:28:21,13442,1,6.5384672619,0.24962797619
2012-10-19 10:28:22,13443,1,6.78504464286,0.246577380952
2012-10-19 10:28:23,13444,1,6.97008928571,0.185044642857
2012-10-19 10:28:24,13445,1,7.00610119048,0.0360119047619
2012-10-19 10:28:25,13446,1,6.81495535714,-0.191145833333
2012-10-19 10:28:26,13447,1,6.36800595238,-0.446949404762
2012-10-19 10:28:27,13448,1,5.70691964286,-0.661086309524
2012-10-19 10:28:28,13449,1,4.94144345238,-0.765476190476
2012-10-19 10:28:29,13450,1,4.22135416667,-0.720089285714
2012-10-19 10:28:30,13451,1,3.68727678571,-0.534077380952
2012-10-19 10:28:31,13452,1,3.42380952381,-0.263467261905
2012-10-19 10:28:32,13453,1,3.43742559524,0.0136160714286
2012-10-19 10:28:33,13454,1,3.66495535714,0.227529761905
2012-10-19 10:28:34,13455,1,4.00758928571,0.342633928571
2012-10-19 10:28:35,13456,1,4.36614583333,0.358556547619
2012-10-19 10:28:36,13457,1,4.64479166667,0.278645833333
2012-10-19 10:28:37,13458,1,4.73869047619,0.0938988095238
2012-10-19 10:28:38,13459,1,4.56681547619,-0.171875
2012-10-19 10:28:39,13460,1,4.14947916667,-0.417336309524
2012-10-19 10:28:40,13461,1,3.63601190476,-0.513467261905
2012-10-19 10:28:41,13462,1,3.22648809524,-0.409523809524
2012-10-19 10:28:42,13463,1,3.05119047619,-0.175297619048
2012-10-19 10:28:43,13464,1,3.10364583333,0.0524553571429
2012-10-19 10:28:44,13465,1,3.2712797619,0.167633928571
2012-10-19 10:28:45,13466,1,3.44642857143,0.175148809524
2012-10-19 10:28:46,13467,1,3.63132440476,0.184895833333
2012-10-19 10:28:47,13468,1,3.94055059524,0.309226190476
2012-10-19 10:28:48,13469,1,4.50662202381,0.566071428571
2012-10-19 10:28:49,13470,1,5.36912202381,0.8625
2012-10-19 10:28:50,13471,1,6.40491071429,1.03578869048
2012-10-19 10:28:51,13472,1,7.34464285714,0.939732142857
2012-10-19 10:28:52,13473,1,7.90193452381,0.557291666667
2012-10-19 10:28:53,13474,1,7.95014880952,0.0482142857143
2012-10-19 10:28:54,13475,1,7.61860119048,-0.331547619048
2012-10-19 10:28:55,13476,1,7.22604166667,-0.39255952381
2012-10-19 10:28:56,13477,1,7.08258928571,-0.143452380952
2012-10-19 10:28:57,13478,1,7.29360119048,0.211011904762
2012-10-19 10:28:58,13479,1,7.70706845238,0.413467261905
2012-10-19 10:28:59,13480,1,8.0490327381,0.341964285714
2012-10-19 10:29:00,13481,1,8.15520833333,0.106175595238
2012-10-19 10:29:01,13482,1,8.10892857143,-0.0462797619048
2012-10-19 10:29:02,13483,1,8.15290178571,0.0439732142857
2012-10-19 10:29:03,13484,1,8.465625,0.312723214286
2012-10-19 10:29:04,13485,1,9.02410714286,0.558482142857
2012-10-19 10:29:05,13486,1,9.65044642857,0.626339285714
2012-10-19 10:29:06,13487,1,10.161235119,0.510788690476
2012-10-19 10:29:07,13488,1,10.4629464286,0.301711309524
2012-10-19 10:29:08,13489,1,10.4828497024,0.0199032738096
2012-10-19 10:29:09,13490,1,10.0508184524,-0.43203125
2012-10-19 10:29:10,13491,1,8.9849702381,-1.06584821429
2012-10-19 10:29:11,13492,1,7.36962797619,-1.6153422619
2012-10-19 10:29:12,13493,1,5.68710565476,-1.68252232143
2012-10-19 10:29:13,13494,1,4.55513392857,-1.13197172619
2012-10-19 10:29:14,13495,1,4.27314732143,-0.281986607143
2012-10-19 10:29:15,13496,1,4.6390625,0.365915178571
2012-10-19 10:29:16,13497,1,5.17863095238,0.539568452381
2012-10-19 10:29:17,13498,1,5.51727678571,0.338645833333
2012-10-19 10:29:18,13499,1,5.6160639881,0.0987872023809
2012-10-19 10:29:19,13500,1,5.74885416667,0.132790178571
2012-10-19 10:29:20,13501,1,6.25013392857,0.501279761905
2012-10-19 10:29:21,13502,1,7.23119047619,0.981056547619
2012-10-19 10:29:22,13503,1,8.46882440476,1.23763392857
2012-10-19 10:29:23,13504,1,9.51758928571,1.04876488095
2012-10-19 10:29:24,13505,1,9.97760416667,0.460014880952
2012-10-19 10:29:25,13506,1,9.75928571429,-0.218318452381
2012-10-19 10:29:26,13507,1,9.12099702381,-0.638288690476
2012-10-19 10:29:27,13508,1,8.43988095238,-0.681116071429
2012-10-19 10:29:28,13509,1,7.97299107143,-0.466889880952
2012-10-19 10:29:29,13510,1,7.80446428571,-0.168526785714
2012-10-19 10:29:30,13511,1,7.90788690476,0.103422619048
2012-10-19 10:29:31,13512,1,8.2084077381,0.300520833333
2012-10-19 10:29:32,13513,1,8.60758928571,0.399181547619
2012-10-19 10:29:33,13514,1,8.97961309524,0.372023809524
2012-10-19 10:29:34,13515,1,9.1984375,0.218824404762
2012-10-19 10:29:35,13516,1,9.22485119048,0.0264136904762
2012-10-19 10:29:36,13517,1,9.15758928571,-0.0672619047619
2012-10-19 10:29:37,13518,1,9.15267857143,-0.00491071428572
2012-10-19 10:29:38,13519,1,9.27544642857,0.122767857143
2012-10-19 10:29:39,13520,1,9.43645833333,0.161011904762
2012-10-19 10:29:40,13521,1,9.48430059524,0.0478422619048
2012-10-19 10:29:41,13522,1,9.37299107143,-0.11130952381
2012-10-19 10:29:42,13523,1,9.21912202381,-0.153869047619
2012-10-19 10:29:43,13524,1,9.17879464286,-0.0403273809524
2012-10-19 10:29:44,13525,1,9.30930059524,0.130505952381
2012-10-19 10:29:45,13526,1,9.57462797619,0.265327380952
2012-10-19 10:29:46,13527,1,9.92470238095,0.350074404762
2012-10-19 10:29:47,13528,1,10.31875,0.394047619048
2012-10-19 10:29:48,13529,1,10.7066220238,0.387872023809
2012-10-19 10:29:49,13530,1,11.0282738095,0.321651785714
2012-10-19 10:29:50,13531,1,11.232514881,0.204241071429
2012-10-19 10:29:51,13532,1,11.3037946429,0.0712797619047
2012-10-19 10:29:52,13533,1,11.2732886905,-0.0305059523809
2012-10-19 10:29:53,13534,1,11.1975446429,-0.0757440476191
2012-10-19 10:29:54,13535,1,11.1463541667,-0.0511904761904
2012-10-19 10:29:55,13536,1,11.1943452381,0.0479910714285
2012-10-19 10:29:56,13537,1,11.3536458333,0.159300595238
2012-10-19 10:29:57,13538,1,11.5003720238,0.146726190476
2012-10-19 10:29:58,13539,1,11.3880208333,-0.112351190476
2012-10-19 10:29:59,13540,1,10.7324404762,-0.655580357143
2012-10-19 10:30:00,13541,1,9.38072916667,-1.35171130952
2012-10-19 10:30:01,13542,1,7.56071428571,-1.82001488095
2012-10-19 10:30:02,13543,1,5.94523809524,-1.61547619048
2012-10-19 10:30:03,13544,1,5.2943452381,-0.650892857143
2012-10-19 10:30:04,13545,1,5.93199404762,0.637648809524
2012-10-19 10:30:05,13546,1,7.54352678571,1.6115327381
2012-10-19 10:30:06,13547,1,9.4650297619,1.92150297619
2012-10-19 10:30:07,13548,1,11.1976190476,1.73258928571
2012-10-19 10:30:08,13549,1,12.6598214286,1.46220238095
2012-10-19 10:30:09,13550,1,13.9560267857,1.29620535714
2012-10-19 10:30:10,13551,1,15.0211309524,1.06510416667
2012-10-19 10:30:11,13552,1,15.596577381,0.575446428571
2012-10-19 10:30:12,13553,1,15.4848214286,-0.111755952381
2012-10-19 10:30:13,13554,1,14.753422619,-0.731398809524
2012-10-19 10:30:14,13555,1,13.745610119,-1.0078125
2012-10-19 10:30:15,13556,1,12.9217261905,-0.823883928571
2012-10-19 10:30:16,13557,1,12.6097470238,-0.311979166667
2012-10-19 10:30:17,13558,1,12.7930059524,0.183258928571
2012-10-19 10:30:18,13559,1,13.0552083333,0.262202380952
2012-10-19 10:30:19,13560,1,12.7615327381,-0.293675595238
2012-10-19 10:30:20,13561,1,11.4292410714,-1.33229166667
2012-10-19 10:30:21,13562,1,9.03467261905,-2.39456845238
2012-10-19 10:30:22,13563,1,6.04947916667,-2.98519345238
2012-10-19 10:30:23,13564,1,3.28928571429,-2.76019345238
2012-10-19 10:30:24,13565,1,0.0,-3.28928571429
2012-10-19 10:30:48,13589,24,0.0,0.0
2012-10-19 10:30:49,13590,1,4.03459821429,4.03459821429
2012-10-19 10:30:50,13591,1,7.17224702381,3.13764880952
2012-10-19 10:30:51,13592,1,10.2905505952,3.11830357143
2012-10-19 10:30:52,13593,1,12.6104166667,2.31986607143
2012-10-19 10:30:53,13594,1,13.9296130952,1.31919642857
2012-10-19 10:30:54,13595,1,14.5544642857,0.624851190476
2012-10-19 10:30:55,13596,1,15.0180803571,0.463616071429
2012-10-19 10:30:56,13597,1,15.8500744048,0.831994047619
2012-10-19 10:30:57,13598,1,17.4354910714,1.58541666667
2012-10-19 10:30:58,13599,1,19.8181547619,2.38266369048
2012-10-19 10:30:59,13600,1,22.5998511905,2.78169642857
2012-10-19 10:31:00,13601,1,25.16875,2.56889880952
2012-10-19 10:31:01,13602,1,27.1054315476,1.93668154762
2012-10-19 10:31:02,13603,1,28.4119047619,1.30647321429
2012-10-19 10:31:03,13604,1,29.3697916667,0.957886904762
2012-10-19 10:31:04,13605,1,30.1786458333,0.808854166667
2012-10-19 10:31:05,13606,1,30.7820684524,0.603422619048
2012-10-19 10:31:06,13607,1,31.0444196429,0.262351190476
2012-10-19 10:31:07,13608,1,30.9866815476,-0.0577380952381
2012-10-19 10:31:08,13609,1,30.7870535714,-0.19962797619
2012-10-19 10:31:09,13610,1,30.5999255952,-0.18712797619
2012-10-19 10:31:10,13611,1,30.4558779762,-0.144047619048
2012-10-19 10:31:11,13612,1,30.3533482143,-0.102529761905
2012-10-19 10:31:12,13613,1,30.3624255952,0.0090773809524
2012-10-19 10:31:13,13614,1,30.5781994048,0.215773809524
2012-10-19 10:31:14,13615,1,31.0142113095,0.436011904762
2012-10-19 10:31:15,13616,1,31.5917410714,0.577529761905
2012-10-19 10:31:16,13617,1,32.2343005952,0.64255952381
2012-10-19 10:31:17,13618,1,32.9430059524,0.708705357143
2012-10-19 10:31:18,13619,1,33.7419642857,0.798958333333
2012-10-19 10:31:19,13620,1,34.5610863095,0.819122023809
2012-10-19 10:31:20,13621,1,35.2386904762,0.677604166667
2012-10-19 10:31:21,13622,1,35.6614583333,0.422767857143
2012-10-19 10:31:22,13623,1,35.8625,0.201041666667
2012-10-19 10:31:23,13624,1,35.9726934524,0.110193452381
2012-10-19 10:31:24,13625,1,36.1005208333,0.127827380952
2012-10-19 10:31:25,13626,1,36.2613839286,0.160863095238
2012-10-19 10:31:26,13627,1,36.3990327381,0.137648809524
2012-10-19 10:31:27,13628,1,36.4398065476,0.0407738095238
2012-10-19 10:31:28,13629,1,36.3211309524,-0.118675595238
2012-10-19 10:31:29,13630,1,36.0223958333,-0.298735119048
2012-10-19 10:31:30,13631,1,35.6080357143,-0.414360119048
2012-10-19 10:31:31,13632,1,35.2033482143,-0.4046875
2012-10-19 10:31:32,13633,1,34.8895089286,-0.313839285714
2012-10-19 10:31:33,13634,1,34.6400297619,-0.249479166667
2012-10-19 10:31:34,13635,1,34.3786458333,-0.261383928571
2012-10-19 10:31:35,13636,1,34.0939732143,-0.284672619048
2012-10-19 10:31:36,13637,1,33.8861607143,-0.2078125
2012-10-19 10:31:37,13638,1,33.8773065476,-0.0088541666666
2012-10-19 10:31:38,13639,1,34.0662202381,0.188913690476
2012-10-19 10:31:39,13640,1,34.288764881,0.222544642857
2012-10-19 10:31:40,13641,1,34.3267113095,0.0379464285714
2012-10-19 10:31:41,13642,1,34.0713541667,-0.255357142857
2012-10-19 10:31:42,13643,1,33.6389136905,-0.432440476191
2012-10-19 10:31:43,13644,1,33.3508184524,-0.288095238095
2012-10-19 10:31:44,13645,1,33.5390625,0.188244047619
2012-10-19 10:31:45,13646,1,34.3015625,0.7625
2012-10-19 10:31:46,13647,1,35.4257440476,1.12418154762
2012-10-19 10:31:47,13648,1,36.54375,1.11800595238
2012-10-19 10:31:48,13649,1,37.375297619,0.831547619048
2012-10-19 10:31:49,13650,1,37.862202381,0.486904761905
2012-10-19 10:31:50,13651,1,38.1161458333,0.253943452381
2012-10-19 10:31:51,13652,1,38.2850446429,0.168898809524
2012-10-19 10:31:52,13653,1,38.4750744048,0.190029761905
2012-10-19 10:31:53,13654,1,38.7424107143,0.267336309524
2012-10-19 10:31:54,13655,1,39.1031994048,0.360788690476
2012-10-19 10:31:55,13656,1,39.5306547619,0.427455357143
2012-10-19 10:31:56,13657,1,39.9504464286,0.419791666667
2012-10-19 10:31:57,13658,1,40.2635416667,0.313095238095
2012-10-19 10:31:58,13659,1,40.3886904762,0.125148809524
2012-10-19 10:31:59,13660,1,40.2979910714,-0.0906994047619
2012-10-19 10:32:00,13661,1,40.0299107143,-0.268080357143
2012-10-19 10:32:01,13662,1,39.6618303571,-0.368080357143
2012-10-19 10:32:02,13663,1,39.2553571429,-0.406473214286
2012-10-19 10:32:03,13664,1,38.8322172619,-0.423139880952
2012-10-19 10:32:04,13665,1,38.4111607143,-0.421056547619
2012-10-19 10:32:05,13666,1,38.0570684524,-0.354092261905
2012-10-19 10:32:06,13667,1,37.8682291667,-0.188839285714
2012-10-19 10:32:07,13668,1,37.9047619048,0.0365327380952
2012-10-19 10:32:08,13669,1,38.134077381,0.229315476191
2012-10-19 10:32:09,13670,1,38.4299107143,0.295833333333
2012-10-19 10:32:10,13671,1,38.5947916667,0.164880952381
2012-10-19 10:32:11,13672,1,38.398139881,-0.196651785714
2012-10-19 10:32:12,13673,1,37.640327381,-0.7578125
2012-10-19 10:32:13,13674,1,36.1864583333,-1.45386904762
2012-10-19 10:32:14,13675,1,33.9220238095,-2.26443452381
2012-10-19 10:32:15,13676,1,30.7052083333,-3.21681547619
2012-10-19 10:32:16,13677,1,26.4260416667,-4.27916666667
2012-10-19 10:32:17,13678,1,21.167485119,-5.25855654762
2012-10-19 10:32:18,13679,1,15.3344494048,-5.83303571429
2012-10-19 10:32:19,13680,1,9.64151785714,-5.69293154762
2012-10-19 10:32:20,13681,1,4.99308035714,-4.6484375
2012-10-19 10:32:21,13682,1,0.0,-4.99308035714
2012-10-19 10:32:41,13702,20,0.0,0.0
2012-10-19 10:32:42,13703,1,3.91175595238,3.91175595238
2012-10-19 10:32:43,13704,1,7.27008928571,3.35833333333
2012-10-19 10:32:44,13705,1,11.2158482143,3.94575892857
2012-10-19 10:32:45,13706,1,15.2115327381,3.99568452381
2012-10-19 10:32:46,13707,1,18.9369047619,3.72537202381
2012-10-19 10:32:47,13708,1,22.120014881,3.18311011905
2012-10-19 10:32:48,13709,1,24.5598958333,2.43988095238
2012-10-19 10:32:49,13710,1,26.2103422619,1.65044642857
2012-10-19 10:32:50,13711,1,27.2050595238,0.994717261905
2012-10-19 10:32:51,13712,1,27.8030505952,0.597991071429
2012-10-19 10:32:52,13713,1,28.2459077381,0.442857142857
2012-10-19 10:32:53,13714,1,28.6594494048,0.413541666667
2012-10-19 10:32:54,13715,1,29.0860863095,0.426636904762
2012-10-19 10:32:55,13716,1,29.5066220238,0.420535714286
2012-10-19 10:32:56,13717,1,29.8113839286,0.304761904762
2012-10-19 10:32:57,13718,1,29.8774553571,0.0660714285715
2012-10-19 10:32:58,13719,1,29.712202381,-0.16525297619
2012-10-19 10:32:59,13720,1,29.4517857143,-0.260416666667
2012-10-19 10:33:00,13721,1,29.2417410714,-0.210044642857
2012-10-19 10:33:01,13722,1,29.1828125,-0.0589285714286
2012-10-19 10:33:02,13723,1,29.3585565476,0.175744047619
2012-10-19 10:33:03,13724,1,29.8510416667,0.492485119048
2012-10-19 10:33:04,13725,1,30.6961309524,0.845089285714
2012-10-19 10:33:05,13726,1,31.8014136905,1.1052827381
2012-10-19 10:33:06,13727,1,32.9323660714,1.13095238095
2012-10-19 10:33:07,13728,1,33.8321428571,0.899776785714
2012-10-19 10:33:08,13729,1,34.3640625,0.531919642857
2012-10-19 10:33:09,13730,1,34.5482142857,0.184151785714
2012-10-19 10:33:10,13731,1,34.5126488095,-0.0355654761905
2012-10-19 10:33:11,13732,1,34.4139136905,-0.0987351190476
2012-10-19 10:33:12,13733,1,34.3410714286,-0.0728422619048
2012-10-19 10:33:13,13734,1,34.2568452381,-0.0842261904762
2012-10-19 10:33:14,13735,1,34.04375,-0.213095238095
2012-10-19 10:33:15,13736,1,33.6295386905,-0.414211309524
2012-10-19 10:33:16,13737,1,33.0817708333,-0.547767857143
2012-10-19 10:33:17,13738,1,32.5802827381,-0.501488095238
2012-10-19 10:33:18,13739,1,32.2831845238,-0.297098214286
2012-10-19 10:33:19,13740,1,32.2235863095,-0.0595982142857
2012-10-19 10:33:20,13741,1,32.3394345238,0.115848214286
2012-10-19 10:33:21,13742,1,32.5558779762,0.216443452381
2012-10-19 10:33:22,13743,1,32.8134672619,0.257589285714
2012-10-19 10:33:23,13744,1,33.0609375,0.247470238095
2012-10-19 10:33:24,13745,1,33.2508928571,0.189955357143
2012-10-19 10:33:25,13746,1,33.3432291667,0.0923363095238
2012-10-19 10:33:26,13747,1,33.313764881,-0.0294642857143
2012-10-19 10:33:27,13748,1,33.1501488095,-0.163616071429
2012-10-19 10:33:28,13749,1,32.8479166667,-0.302232142857
2012-10-19 10:33:29,13750,1,32.4355654762,-0.412351190476
2012-10-19 10:33:30,13751,1,31.9886160714,-0.446949404762
2012-10-19 10:33:31,13752,1,31.5786458333,-0.409970238095
2012-10-19 10:33:32,13753,1,31.2023809524,-0.376264880952
2012-10-19 10:33:33,13754,1,30.7827380952,-0.419642857143
2012-10-19 10:33:34,13755,1,30.2461309524,-0.536607142857
2012-10-19 10:33:35,13756,1,29.5991071429,-0.647023809524
2012-10-19 10:33:36,13757,1,28.9319196429,-0.6671875
2012-10-19 10:33:37,13758,1,28.3359375,-0.595982142857
2012-10-19 10:33:38,13759,1,27.8241071429,-0.511830357143
2012-10-19 10:33:39,13760,1,27.3519345238,-0.472172619048
2012-10-19 10:33:40,13761,1,26.8962797619,-0.455654761905
2012-10-19 10:33:41,13762,1,26.490922619,-0.405357142857
2012-10-19 10:33:42,13763,1,26.2109375,-0.279985119048
2012-10-19 10:33:43,13764,1,26.1442708333,-0.0666666666667
2012-10-19 10:33:44,13765,1,26.3423363095,0.198065476191
2012-10-19 10:33:45,13766,1,26.7524553571,0.410119047619
2012-10-19 10:33:46,13767,1,27.1902529762,0.437797619048
2012-10-19 10:33:47,13768,1,27.38125,0.19099702381
2012-10-19 10:33:48,13769,1,27.0665922619,-0.314657738095
2012-10-19 10:33:49,13770,1,26.1338541667,-0.932738095238
2012-10-19 10:33:50,13771,1,24.6462053571,-1.48764880952
2012-10-19 10:33:51,13772,1,22.7337797619,-1.91242559524
2012-10-19 10:33:52,13773,1,20.5008928571,-2.23288690476
2012-10-19 10:33:53,13774,1,18.0235119048,-2.47738095238
2012-10-19 10:33:54,13775,1,15.3517857143,-2.67172619048
2012-10-19 10:33:55,13776,1,12.4876488095,-2.86413690476
2012-10-19 10:33:56,13777,1,9.41510416667,-3.07254464286
2012-10-19 10:33:57,13778,1,6.24866071429,-3.16644345238
2012-10-19 10:33:58,13779,1,3.45736607143,-2.79129464286
2012-10-19 10:33:59,13780,1,0.0,-3.45736607143
2012-10-19 10:34:43,13824,44,0.0,0.0
2012-10-19 10:34:44,13825,1,4.91257440476,4.91257440476
2012-10-19 10:34:45,13826,1,8.26800595238,3.35543154762
2012-10-19 10:34:46,13827,1,11.2119791667,2.94397321429
2012-10-19 10:34:47,13828,1,13.1207589286,1.9087797619
2012-10-19 10:34:48,13829,1,14.1597470238,1.03898809524
2012-10-19 10:34:49,13830,1,14.8976190476,0.737872023809
2012-10-19 10:34:50,13831,1,15.8177083333,0.920089285714
2012-10-19 10:34:51,13832,1,17.0431547619,1.22544642857
2012-10-19 10:34:52,13833,1,18.4030505952,1.35989583333
2012-10-19 10:34:53,13834,1,19.670014881,1.26696428571
2012-10-19 10:34:54,13835,1,20.7511904762,1.08117559524
2012-10-19 10:34:55,13836,1,21.7364583333,0.985267857143
2012-10-19 10:34:56,13837,1,22.7694196429,1.03296130952
2012-10-19 10:34:57,13838,1,23.8297619048,1.0603422619
2012-10-19 10:34:58,13839,1,24.6369791667,0.807217261905
2012-10-19 10:34:59,13840,1,24.7766369048,0.139657738095
2012-10-19 10:35:00,13841,1,23.9289434524,-0.847693452381
2012-10-19 10:35:01,13842,1,21.9948660714,-1.93407738095
2012-10-19 10:35:02,13843,1,19.0677827381,-2.92708333333
2012-10-19 10:35:03,13844,1,15.4304315476,-3.63735119048
2012-10-19 10:35:04,13845,1,11.6453869048,-3.78504464286
2012-10-19 10:35:05,13846,1,8.46450892857,-3.18087797619
2012-10-19 10:35:06,13847,1,6.42983630952,-2.03467261905
2012-10-19 10:35:07,13848,1,5.54888392857,-0.880952380952
2012-10-19 10:35:08,13849,1,5.40974702381,-0.139136904762
2012-10-19 10:35:09,13850,1,5.57827380952,0.168526785714
2012-10-19 10:35:10,13851,1,5.86994047619,0.291666666667
2012-10-19 10:35:11,13852,1,6.29962797619,0.4296875
2012-10-19 10:35:12,13853,1,6.82983630952,0.530208333333
2012-10-19 10:35:13,13854,1,7.22053571429,0.390699404762
2012-10-19 10:35:14,13855,1,7.1681547619,-0.0523809523809
2012-10-19 10:35:15,13856,1,6.54910714286,-0.619047619048
2012-10-19 10:35:16,13857,1,5.48214285714,-1.06696428571
2012-10-19 10:35:17,13858,1,4.27172619048,-1.21041666667
2012-10-19 10:35:18,13859,1,3.35334821429,-0.91837797619
2012-10-19 10:35:19,13860,1,3.06488095238,-0.288467261905
2012-10-19 10:35:20,13861,1,3.3334077381,0.268526785714
2012-10-19 10:35:21,13862,1,3.73162202381,0.398214285714
2012-10-19 10:35:22,13863,1,3.85885416667,0.127232142857
2012-10-19 10:35:23,13864,1,3.60305059524,-0.255803571429
2012-10-19 10:35:24,13865,1,3.14794146825,-0.455109126984
2012-10-19 10:35:25,13866,1,2.76850198413,-0.379439484127
2012-10-19 10:35:26,13867,1,2.57172619048,-0.196775793651
2012-10-19 10:35:27,13868,1,2.4832093254,-0.0885168650794
2012-10-19 10:35:28,13869,1,2.43174603175,-0.0514632936508
2012-10-19 10:35:29,13870,1,2.42083333333,-0.0109126984127
2012-10-19 10:35:30,13871,1,2.46884920635,0.0480158730159
2012-10-19 10:35:31,13872,1,2.57259424603,0.103745039683
2012-10-19 10:35:32,13873,1,2.71220238095,0.139608134921
2012-10-19 10:35:33,13874,1,2.84742063492,0.135218253968
2012-10-19 10:35:34,13875,1,2.88643353175,0.0390128968254
2012-10-19 10:35:35,13876,1,2.67276785714,-0.213665674603
2012-10-19 10:35:36,13877,1,2.09563492063,-0.577132936508
2012-10-19 10:35:37,13878,1,1.3292906746,-0.766344246032
2012-10-19 10:35:38,13879,1,0.0,-1.3292906746
2012-10-19 10:36:13,13914,35,0.0,0.0
2012-10-19 10:36:14,13915,1,2.27638888889,2.27638888889
2012-10-19 10:36:15,13916,1,2.76041666667,0.484027777778
2012-10-19 10:36:16,13917,1,2.24806547619,-0.512351190476
2012-10-19 10:36:17,13918,1,0.0,-2.24806547619
2012-10-19 10:36:31,13932,14,0.0,0.0
2012-10-19 10:36:32,13933,1,1.03824404762,1.03824404762
2012-10-19 10:36:33,13934,1,1.59404761905,0.555803571429
2012-10-19 10:36:34,13935,1,2.0162202381,0.422172619048
2012-10-19 10:36:35,13936,1,2.1943452381,0.178125
2012-10-19 10:36:36,13937,1,2.23511904762,0.0407738095238
2012-10-19 10:36:37,13938,1,2.29181547619,0.0566964285714
2012-10-19 10:36:38,13939,1,2.48363095238,0.19181547619
2012-10-19 10:36:39,13940,1,2.83586309524,0.352232142857
2012-10-19 10:36:40,13941,1,3.27068452381,0.434821428571
2012-10-19 10:36:41,13942,1,3.66235119048,0.391666666667
2012-10-19 10:36:42,13943,1,3.86488095238,0.202529761905
2012-10-19 10:36:43,13944,1,3.70401785714,-0.160863095238
2012-10-19 10:36:44,13945,1,3.04419642857,-0.659821428571
2012-10-19 10:36:45,13946,1,1.99739583333,-1.04680059524
2012-10-19 10:36:46,13947,1,0.0,-1.99739583333
2012-10-19 12:14:53,19834,5887,0.0,0.0
2012-10-19 12:14:54,19835,1,1.05930059524,1.05930059524
2012-10-19 12:14:55,19836,1,1.64516369048,0.585863095238
2012-10-19 12:14:56,19837,1,2.11841517857,0.473251488095
2012-10-19 12:14:57,19838,1,2.46101190476,0.34259672619
2012-10-19 12:14:58,19839,1,2.84110863095,0.38009672619
2012-10-19 12:14:59,19840,1,3.38392857143,0.542819940476
2012-10-19 12:15:00,19841,1,4.13284970238,0.748921130952
2012-10-19 12:15:01,19842,1,5.08742559524,0.954575892857
2012-10-19 12:15:02,19843,1,6.16536458333,1.0779389881
2012-10-19 12:15:03,19844,1,7.1587797619,0.993415178571
2012-10-19 12:15:04,19845,1,7.79858630952,0.639806547619
2012-10-19 12:15:05,19846,1,7.9275297619,0.128943452381
2012-10-19 12:15:06,19847,1,7.66450892857,-0.263020833333
2012-10-19 12:15:07,19848,1,7.36369047619,-0.300818452381
2012-10-19 12:15:08,19849,1,7.36071428571,-0.00297619047619
2012-10-19 12:15:09,19850,1,7.75617559524,0.395461309524
2012-10-19 12:15:10,19851,1,8.3865327381,0.630357142857
2012-10-19 12:15:11,19852,1,8.96049107143,0.573958333333
2012-10-19 12:15:12,19853,1,9.2869047619,0.326413690476
2012-10-19 12:15:13,19854,1,9.39657738095,0.109672619048
2012-10-19 12:15:14,19855,1,9.43913690476,0.0425595238095
2012-10-19 12:15:15,19856,1,9.53467261905,0.0955357142857
2012-10-19 12:15:16,19857,1,9.75119047619,0.216517857143
2012-10-19 12:15:17,19858,1,10.1511160714,0.399925595238
2012-10-19 12:15:18,19859,1,10.8115327381,0.660416666667
2012-10-19 12:15:19,19860,1,11.7523809524,0.940848214286
2012-10-19 12:15:20,19861,1,12.7718005952,1.01941964286
2012-10-19 12:15:21,19862,1,13.4000744048,0.628273809524
2012-10-19 12:15:22,19863,1,13.1258928571,-0.274181547619
2012-10-19 12:15:23,19864,1,11.71875,-1.40714285714
2012-10-19 12:15:24,19865,1,9.46078869048,-2.25796130952
2012-10-19 12:15:25,19866,1,7.16651785714,-2.29427083333
2012-10-19 12:15:26,19867,1,5.82269345238,-1.34382440476
2012-10-19 12:15:27,19868,1,6.02738095238,0.2046875
2012-10-19 12:15:28,19869,1,7.68727678571,1.65989583333
2012-10-19 12:15:29,19870,1,10.1374255952,2.45014880952
2012-10-19 12:15:30,19871,1,12.565327381,2.42790178571
2012-10-19 12:15:31,19872,1,14.466889881,1.9015625
2012-10-19 12:15:32,19873,1,15.7758928571,1.30900297619
2012-10-19 12:15:33,19874,1,16.6620535714,0.886160714286
2012-10-19 12:15:34,19875,1,17.3069940476,0.64494047619
2012-10-19 12:15:35,19876,1,17.7694196429,0.462425595238
2012-10-19 12:15:36,19877,1,17.8965029762,0.127083333333
2012-10-19 12:15:37,19878,1,17.3452380952,-0.551264880952
2012-10-19 12:15:38,19879,1,15.7780505952,-1.5671875
2012-10-19 12:15:39,19880,1,13.125,-2.65305059524
2012-10-19 12:15:40,19881,1,9.70520833333,-3.41979166667
2012-10-19 12:15:41,19882,1,6.14025297619,-3.56495535714
2012-10-19 12:15:42,19883,1,3.178125,-2.96212797619
2012-10-19 12:15:43,19884,1,0.0,-3.178125
2012-10-19 12:16:01,19902,18,0.0,0.0
2012-10-19 12:16:02,19903,1,2.32056760204,2.32056760204
2012-10-19 12:16:03,19904,1,3.50790816327,1.18734056122
2012-10-19 12:16:04,19905,1,4.1606505102,0.652742346939
2012-10-19 12:16:05,19906,1,4.12923044218,-0.0314200680272
2012-10-19 12:16:06,19907,1,3.72761479592,-0.401615646259
2012-10-19 12:16:07,19908,1,3.31814413265,-0.409470663265
2012-10-19 12:16:08,19909,1,3.01422193878,-0.303922193878
2012-10-19 12:16:09,19910,1,2.78123937075,-0.232982568027
2012-10-19 12:16:10,19911,1,2.7934630102,0.0122236394558
2012-10-19 12:16:11,19912,1,3.51695365646,0.723490646259
2012-10-19 12:16:12,19913,1,5.34703443878,1.83008078231
2012-10-19 12:16:13,19914,1,8.25088222789,2.90384778912
2012-10-19 12:16:14,19915,1,11.8109162415,3.56003401361
2012-10-19 12:16:15,19916,1,15.5764562075,3.76553996599
2012-10-19 12:16:16,19917,1,19.357642432,3.78118622449
2012-10-19 12:16:17,19918,1,23.1655187075,3.80787627551
2012-10-19 12:16:18,19919,1,26.8997767857,3.73425807823
2012-10-19 12:16:19,19920,1,30.2131696429,3.31339285714
2012-10-19 12:16:20,19921,1,32.7228422619,2.50967261905
2012-10-19 12:16:21,19922,1,34.2645089286,1.54166666667
2012-10-19 12:16:22,19923,1,34.8998511905,0.635342261905
2012-10-19 12:16:23,19924,1,34.7877232143,-0.112127976191
2012-10-19 12:16:24,19925,1,34.1485863095,-0.639136904762
2012-10-19 12:16:25,19926,1,33.2757440476,-0.872842261905
2012-10-19 12:16:26,19927,1,32.4438988095,-0.831845238095
2012-10-19 12:16:27,19928,1,31.7834077381,-0.660491071429
2012-10-19 12:16:28,19929,1,31.2925595238,-0.490848214286
2012-10-19 12:16:29,19930,1,30.9811011905,-0.311458333333
2012-10-19 12:16:30,19931,1,30.9488839286,-0.0322172619048
2012-10-19 12:16:31,19932,1,31.2942708333,0.345386904762
2012-10-19 12:16:32,19933,1,31.9904761905,0.696205357143
2012-10-19 12:16:33,19934,1,32.8959077381,0.905431547619
2012-10-19 12:16:34,19935,1,33.8818452381,0.9859375
2012-10-19 12:16:35,19936,1,34.9093005952,1.02745535714
2012-10-19 12:16:36,19937,1,35.9469494048,1.03764880952
2012-10-19 12:16:37,19938,1,36.8875744048,0.940625
2012-10-19 12:16:38,19939,1,37.6392857143,0.751711309524
2012-10-19 12:16:39,19940,1,38.244047619,0.604761904762
2012-10-19 12:16:40,19941,1,38.8274553571,0.583407738095
2012-10-19 12:16:41,19942,1,39.4367559524,0.609300595238
2012-10-19 12:16:42,19943,1,39.9347470238,0.497991071429
2012-10-19 12:16:43,19944,1,40.0802827381,0.145535714286
2012-10-19 12:16:44,19945,1,39.7417410714,-0.338541666667
2012-10-19 12:16:45,19946,1,39.0016369048,-0.740104166667
2012-10-19 12:16:46,19947,1,38.0663690476,-0.935267857143
2012-10-19 12:16:47,19948,1,37.1188244048,-0.947544642857
2012-10-19 12:16:48,19949,1,36.2179315476,-0.900892857143
2012-10-19 12:16:49,19950,1,35.3016369048,-0.916294642857
2012-10-19 12:16:50,19951,1,34.2985863095,-1.00305059524
2012-10-19 12:16:51,19952,1,33.1912946429,-1.10729166667
2012-10-19 12:16:52,19953,1,31.9165178571,-1.27477678571
2012-10-19 12:16:53,19954,1,30.2677083333,-1.64880952381
2012-10-19 12:16:54,19955,1,28.0166666667,-2.25104166667
2012-10-19 12:16:55,19956,1,25.1752232143,-2.84144345238
2012-10-19 12:16:56,19957,1,22.0691220238,-3.10610119048
2012-10-19 12:16:57,19958,1,19.0676835317,-3.00143849206
2012-10-19 12:16:58,19959,1,16.2628968254,-2.80478670635
2012-10-19 12:16:59,19960,1,13.5008928571,-2.76200396825
2012-10-19 12:17:00,19961,1,10.7186507937,-2.78224206349
2012-10-19 12:17:01,19962,1,8.15277777778,-2.56587301587
2012-10-19 12:17:02,19963,1,6.16703869048,-1.9857390873
2012-10-19 12:17:03,19964,1,4.89699900794,-1.27003968254
2012-10-19 12:17:04,19965,1,4.11803075397,-0.778968253968
2012-10-19 12:17:05,19966,1,3.52678571429,-0.591245039683
2012-10-19 12:17:06,19967,1,3.16939484127,-0.357390873016
2012-10-19 12:17:07,19968,1,3.53060515873,0.36121031746
2012-10-19 12:17:08,19969,1,5.1546875,1.62408234127
2012-10-19 12:17:09,19970,1,8.18539186508,3.03070436508
2012-10-19 12:17:10,19971,1,12.2442212302,4.05882936508
2012-10-19 12:17:11,19972,1,16.6906994048,4.4464781746
2012-10-19 12:17:12,19973,1,20.9714781746,4.28077876984
2012-10-19 12:17:13,19974,1,24.7422867063,3.77080853175
2012-10-19 12:17:14,19975,1,27.7871279762,3.04484126984
2012-10-19 12:17:15,19976,1,30.0151785714,2.22805059524
2012-10-19 12:17:16,19977,1,31.5796130952,1.56443452381
2012-10-19 12:17:17,19978,1,32.8497767857,1.27016369048
2012-10-19 12:17:18,19979,1,34.1113839286,1.26160714286
2012-10-19 12:17:19,19980,1,35.2712053571,1.15982142857
2012-10-19 12:17:20,19981,1,35.9107886905,0.639583333333
2012-10-19 12:17:21,19982,1,35.625,-0.285788690476
2012-10-19 12:17:22,19983,1,34.2713541667,-1.35364583333
2012-10-19 12:17:23,19984,1,31.9485119048,-2.3228422619
2012-10-19 12:17:24,19985,1,28.8285714286,-3.11994047619
2012-10-19 12:17:25,19986,1,25.0249255952,-3.80364583333
2012-10-19 12:17:26,19987,1,20.6228422619,-4.40208333333
2012-10-19 12:17:27,19988,1,15.865327381,-4.75751488095
2012-10-19 12:17:28,19989,1,11.2997767857,-4.56555059524
2012-10-19 12:17:29,19990,1,7.70483630952,-3.59494047619
2012-10-19 12:17:30,19991,1,5.7671875,-1.93764880952
2012-10-19 12:17:31,19992,1,5.65625,-0.1109375
2012-10-19 12:17:32,19993,1,6.84516369048,1.18891369048
2012-10-19 12:17:33,19994,1,8.39211309524,1.54694940476
2012-10-19 12:17:34,19995,1,9.47938988095,1.08727678571
2012-10-19 12:17:35,19996,1,9.82276785714,0.34337797619
2012-10-19 12:17:36,19997,1,9.67224702381,-0.150520833333
2012-10-19 12:17:37,19998,1,9.46964285714,-0.202604166667
2012-10-19 12:17:38,19999,1,9.55967261905,0.0900297619048
2012-10-19 12:17:39,20000,1,10.1711309524,0.611458333333
2012-10-19 12:17:40,20001,1,11.4863095238,1.31517857143
2012-10-19 12:17:41,20002,1,13.5784970238,2.0921875
2012-10-19 12:17:42,20003,1,16.2444940476,2.66599702381
2012-10-19 12:17:43,20004,1,18.987202381,2.74270833333
2012-10-19 12:17:44,20005,1,21.2875744048,2.30037202381
2012-10-19 12:17:45,20006,1,22.9130952381,1.62552083333
2012-10-19 12:17:46,20007,1,23.9615327381,1.0484375
2012-10-19 12:17:47,20008,1,24.6749255952,0.713392857143
2012-10-19 12:17:48,20009,1,25.2601190476,0.585193452381
2012-10-19 12:17:49,20010,1,25.876264881,0.616145833333
2012-10-19 12:17:50,20011,1,26.6915178571,0.815252976191
2012-10-19 12:17:51,20012,1,27.7962797619,1.10476190476
2012-10-19 12:17:52,20013,1,29.0514880952,1.25520833333
2012-10-19 12:17:53,20014,1,30.1398809524,1.08839285714
2012-10-19 12:17:54,20015,1,30.815327381,0.675446428571
2012-10-19 12:17:55,20016,1,31.089360119,0.274032738095
2012-10-19 12:17:56,20017,1,31.1938988095,0.104538690476
2012-10-19 12:17:57,20018,1,31.390327381,0.196428571429
2012-10-19 12:17:58,20019,1,31.7754464286,0.385119047619
2012-10-19 12:17:59,20020,1,32.1970238095,0.421577380952
2012-10-19 12:18:00,20021,1,32.3617559524,0.164732142857
2012-10-19 12:18:01,20022,1,32.0848214286,-0.27693452381
2012-10-19 12:18:02,20023,1,31.4611607143,-0.623660714286
2012-10-19 12:18:03,20024,1,30.8101934524,-0.650967261905
2012-10-19 12:18:04,20025,1,30.443452381,-0.366741071429
2012-10-19 12:18:05,20026,1,30.4301339286,-0.013318452381
2012-10-19 12:18:06,20027,1,30.5804315476,0.150297619048
2012-10-19 12:18:07,20028,1,30.6850446429,0.104613095238
2012-10-19 12:18:08,20029,1,30.7332589286,0.0482142857143
2012-10-19 12:18:09,20030,1,30.8525297619,0.119270833333
2012-10-19 12:18:10,20031,1,31.0915922619,0.2390625
2012-10-19 12:18:11,20032,1,31.3459077381,0.25431547619
2012-10-19 12:18:12,20033,1,31.4671130952,0.121205357143
2012-10-19 12:18:13,20034,1,31.3659970238,-0.101116071429
2012-10-19 12:18:14,20035,1,31.0232886905,-0.342708333333
2012-10-19 12:18:15,20036,1,30.4709077381,-0.552380952381
2012-10-19 12:18:16,20037,1,29.7943452381,-0.6765625
2012-10-19 12:18:17,20038,1,29.1461309524,-0.648214285714
2012-10-19 12:18:18,20039,1,28.7189732143,-0.427157738095
2012-10-19 12:18:19,20040,1,28.6563988095,-0.0625744047619
2012-10-19 12:18:20,20041,1,28.9697172619,0.313318452381
2012-10-19 12:18:21,20042,1,29.5504464286,0.580729166667
2012-10-19 12:18:22,20043,1,30.2651785714,0.714732142857
2012-10-19 12:18:23,20044,1,31.0204613095,0.755282738095
2012-10-19 12:18:24,20045,1,31.740327381,0.719866071429
2012-10-19 12:18:25,20046,1,32.3264136905,0.586086309524
2012-10-19 12:18:26,20047,1,32.6756696429,0.349255952381
2012-10-19 12:18:27,20048,1,32.738764881,0.0630952380953
2012-10-19 12:18:28,20049,1,32.5416666667,-0.197098214286
2012-10-19 12:18:29,20050,1,32.1345238095,-0.407142857143
2012-10-19 12:18:30,20051,1,31.5469494048,-0.587574404762
2012-10-19 12:18:31,20052,1,30.8267857143,-0.720163690476
2012-10-19 12:18:32,20053,1,30.092485119,-0.734300595238
2012-10-19 12:18:33,20054,1,29.4950892857,-0.597395833333
2012-10-19 12:18:34,20055,1,29.1214285714,-0.373660714286
2012-10-19 12:18:35,20056,1,28.9475446429,-0.173883928571
2012-10-19 12:18:36,20057,1,28.881547619,-0.0659970238095
2012-10-19 12:18:37,20058,1,28.8368303571,-0.0447172619047
2012-10-19 12:18:38,20059,1,28.7619047619,-0.0749255952381
2012-10-19 12:18:39,20060,1,28.6293154762,-0.132589285714
2012-10-19 12:18:40,20061,1,28.4373511905,-0.191964285714
2012-10-19 12:18:41,20062,1,28.2107142857,-0.226636904762
2012-10-19 12:18:42,20063,1,27.9462053571,-0.264508928571
2012-10-19 12:18:43,20064,1,27.5796130952,-0.366592261905
2012-10-19 12:18:44,20065,1,27.0875744048,-0.492038690476
2012-10-19 12:18:45,20066,1,26.6098214286,-0.47775297619
2012-10-19 12:18:46,20067,1,26.3915922619,-0.218229166667
2012-10-19 12:18:47,20068,1,26.5921875,0.200595238095
2012-10-19 12:18:48,20069,1,27.1673363095,0.575148809524
2012-10-19 12:18:49,20070,1,27.9109375,0.743601190476
2012-10-19 12:18:50,20071,1,28.5561755952,0.645238095238
2012-10-19 12:18:51,20072,1,28.8166666667,0.260491071429
2012-10-19 12:18:52,20073,1,28.4119047619,-0.404761904762
2012-10-19 12:18:53,20074,1,27.1781994048,-1.23370535714
2012-10-19 12:18:54,20075,1,25.2072172619,-1.97098214286
2012-10-19 12:18:55,20076,1,22.878125,-2.3290922619
2012-10-19 12:18:56,20077,1,20.7351190476,-2.14300595238
2012-10-19 12:18:57,20078,1,19.2659970238,-1.46912202381
2012-10-19 12:18:58,20079,1,18.7215029762,-0.544494047619
2012-10-19 12:18:59,20080,1,19.0639880952,0.342485119048
2012-10-19 12:19:00,20081,1,19.9904017857,0.926413690476
2012-10-19 12:19:01,20082,1,21.0142857143,1.02388392857
2012-10-19 12:19:02,20083,1,21.6734375,0.659151785714
2012-10-19 12:19:03,20084,1,21.78125,0.1078125
2012-10-19 12:19:04,20085,1,21.5200892857,-0.261160714286
2012-10-19 12:19:05,20086,1,21.2693452381,-0.250744047619
2012-10-19 12:19:06,20087,1,21.252827381,-0.0165178571428
2012-10-19 12:19:07,20088,1,21.3465029762,0.0936755952381
2012-10-19 12:19:08,20089,1,21.3119047619,-0.0345982142857
2012-10-19 12:19:09,20090,1,21.1686011905,-0.143303571429
2012-10-19 12:19:10,20091,1,21.2416666667,0.0730654761905
2012-10-19 12:19:11,20092,1,21.863764881,0.622098214286
2012-10-19 12:19:12,20093,1,23.0626488095,1.19888392857
2012-10-19 12:19:13,20094,1,24.5533482143,1.49069940476
2012-10-19 12:19:14,20095,1,26.0234375,1.47008928571
2012-10-19 12:19:15,20096,1,27.3367559524,1.31331845238
2012-10-19 12:19:16,20097,1,28.4543154762,1.11755952381
2012-10-19 12:19:17,20098,1,29.2996279762,0.8453125
2012-10-19 12:19:18,20099,1,29.7623511905,0.462723214286
2012-10-19 12:19:19,20100,1,29.7463541667,-0.0159970238095
2012-10-19 12:19:20,20101,1,29.1669642857,-0.579389880952
2012-10-19 12:19:21,20102,1,27.9567708333,-1.21019345238
2012-10-19 12:19:22,20103,1,26.1334821429,-1.82328869048
2012-10-19 12:19:23,20104,1,23.9219494048,-2.2115327381
2012-10-19 12:19:24,20105,1,21.840922619,-2.08102678571
2012-10-19 12:19:25,20106,1,20.5430803571,-1.2978422619
2012-10-19 12:19:26,20107,1,20.4203869048,-0.122693452381
2012-10-19 12:19:27,20108,1,21.3634672619,0.943080357143
2012-10-19 12:19:28,20109,1,22.8882440476,1.52477678571
2012-10-19 12:19:29,20110,1,24.4586309524,1.57038690476
2012-10-19 12:19:30,20111,1,25.7748511905,1.3162202381
2012-10-19 12:19:31,20112,1,26.8260416667,1.05119047619
2012-10-19 12:19:32,20113,1,27.6750744048,0.849032738095
2012-10-19 12:19:33,20114,1,28.2515625,0.576488095238
2012-10-19 12:19:34,20115,1,28.3843005952,0.132738095238
2012-10-19 12:19:35,20116,1,28.0013392857,-0.382961309524
2012-10-19 12:19:36,20117,1,27.2979166667,-0.703422619048
2012-10-19 12:19:37,20118,1,26.7110863095,-0.586830357143
2012-10-19 12:19:38,20119,1,26.6765625,-0.0345238095238
2012-10-19 12:19:39,20120,1,27.3433035714,0.666741071429
2012-10-19 12:19:40,20121,1,28.4689732143,1.12566964286
2012-10-19 12:19:41,20122,1,29.5578125,1.08883928571
2012-10-19 12:19:42,20123,1,30.1328869048,0.575074404762
2012-10-19 12:19:43,20124,1,29.9816964286,-0.151190476191
2012-10-19 12:19:44,20125,1,29.2709077381,-0.710788690476
2012-10-19 12:19:45,20126,1,28.4799107143,-0.790997023809
2012-10-19 12:19:46,20127,1,28.1331845238,-0.346726190476
2012-10-19 12:19:47,20128,1,28.4838541667,0.350669642857
2012-10-19 12:19:48,20129,1,29.4007440476,0.916889880952
2012-10-19 12:19:49,20130,1,30.493452381,1.09270833333
2012-10-19 12:19:50,20131,1,31.3438988095,0.850446428571
2012-10-19 12:19:51,20132,1,31.7253720238,0.381473214286
2012-10-19 12:19:52,20133,1,31.6892113095,-0.0361607142857
2012-10-19 12:19:53,20134,1,31.4823660714,-0.206845238095
2012-10-19 12:19:54,20135,1,31.363764881,-0.118601190476
2012-10-19 12:19:55,20136,1,31.4307291667,0.0669642857143
2012-10-19 12:19:56,20137,1,31.5852678571,0.154538690476
2012-10-19 12:19:57,20138,1,31.6435267857,0.0582589285715
2012-10-19 12:19:58,20139,1,31.4782738095,-0.165252976191
2012-10-19 12:19:59,20140,1,31.1029017857,-0.375372023809
2012-10-19 12:20:00,20141,1,30.6339285714,-0.468973214286
2012-10-19 12:20:01,20142,1,30.1984375,-0.435491071429
2012-10-19 12:20:02,20143,1,29.8901041667,-0.308333333333
2012-10-19 12:20:03,20144,1,29.7201636905,-0.169940476191
2012-10-19 12:20:04,20145,1,29.5872767857,-0.132886904762
2012-10-19 12:20:05,20146,1,29.3901785714,-0.197098214286
2012-10-19 12:20:06,20147,1,29.1451636905,-0.245014880952
2012-10-19 12:20:07,20148,1,28.9120535714,-0.233110119048
2012-10-19 12:20:08,20149,1,28.6796875,-0.232366071429
2012-10-19 12:20:09,20150,1,28.4068452381,-0.272842261905
2012-10-19 12:20:10,20151,1,28.1232142857,-0.283630952381
2012-10-19 12:20:11,20152,1,27.9540178571,-0.169196428571
2012-10-19 12:20:12,20153,1,28.048139881,0.0941220238095
2012-10-19 12:20:13,20154,1,28.4398809524,0.391741071429
2012-10-19 12:20:14,20155,1,28.977827381,0.537946428571
2012-10-19 12:20:15,20156,1,29.4293154762,0.451488095238
2012-10-19 12:20:16,20157,1,29.6590029762,0.2296875
2012-10-19 12:20:17,20158,1,29.6980654762,0.0390625
2012-10-19 12:20:18,20159,1,29.653125,-0.0449404761905
2012-10-19 12:20:19,20160,1,29.5850446429,-0.0680803571429
2012-10-19 12:20:20,20161,1,29.4848958333,-0.100148809524
2012-10-19 12:20:21,20162,1,29.3405505952,-0.144345238095
2012-10-19 12:20:22,20163,1,29.225,-0.115550595238
2012-10-19 12:20:23,20164,1,29.2744047619,0.0494047619048
2012-10-19 12:20:24,20165,1,29.5063244048,0.231919642857
2012-10-19 12:20:25,20166,1,29.7098958333,0.203571428571
2012-10-19 12:20:26,20167,1,29.6118303571,-0.0980654761904
2012-10-19 12:20:27,20168,1,29.1544642857,-0.457366071429
2012-10-19 12:20:28,20169,1,28.5541666667,-0.600297619048
2012-10-19 12:20:29,20170,1,28.0607142857,-0.493452380952
2012-10-19 12:20:30,20171,1,27.7169642857,-0.34375
2012-10-19 12:20:31,20172,1,27.3892857143,-0.327678571429
2012-10-19 12:20:32,20173,1,26.9582589286,-0.431026785714
2012-10-19 12:20:33,20174,1,26.4319196429,-0.526339285714
2012-10-19 12:20:34,20175,1,25.9151785714,-0.516741071428
2012-10-19 12:20:35,20176,1,25.5072916667,-0.407886904762
2012-10-19 12:20:36,20177,1,25.2443452381,-0.262946428571
2012-10-19 12:20:37,20178,1,25.1340029762,-0.110342261905
2012-10-19 12:20:38,20179,1,25.1969494048,0.0629464285714
2012-10-19 12:20:39,20180,1,25.4533482143,0.256398809524
2012-10-19 12:20:40,20181,1,25.9109375,0.457589285714
2012-10-19 12:20:41,20182,1,26.5752232143,0.664285714286
2012-10-19 12:20:42,20183,1,27.4239583333,0.848735119048
2012-10-19 12:20:43,20184,1,28.3595238095,0.935565476191
2012-10-19 12:20:44,20185,1,29.2215029762,0.861979166667
2012-10-19 12:20:45,20186,1,29.8503720238,0.628869047619
2012-10-19 12:20:46,20187,1,30.0780505952,0.227678571429
2012-10-19 12:20:47,20188,1,29.626860119,-0.451190476191
2012-10-19 12:20:48,20189,1,28.1122767857,-1.51458333333
2012-10-19 12:20:49,20190,1,25.2625744048,-2.84970238095
2012-10-19 12:20:50,20191,1,21.1828125,-4.07976190476
2012-10-19 12:20:51,20192,1,16.3970982143,-4.78571428571
2012-10-19 12:20:52,20193,1,11.5790922619,-4.81800595238
2012-10-19 12:20:53,20194,1,7.25007440476,-4.32901785714
2012-10-19 12:20:54,20195,1,3.83895089286,-3.4111235119
2012-10-19 12:20:55,20196,1,0.0,-3.83895089286
2012-10-19 12:21:37,20238,42,0.0,0.0
2012-10-19 12:21:38,20239,1,4.21964285714,4.21964285714
2012-10-19 12:21:39,20240,1,7.5990327381,3.37938988095
2012-10-19 12:21:40,20241,1,11.2366071429,3.63757440476
2012-10-19 12:21:41,20242,1,14.441889881,3.2052827381
2012-10-19 12:21:42,20243,1,16.8941220238,2.45223214286
2012-10-19 12:21:43,20244,1,18.5853050595,1.69118303571
2012-10-19 12:21:44,20245,1,19.712797619,1.12749255952
2012-10-19 12:21:45,20246,1,20.427827381,0.715029761905
2012-10-19 12:21:46,20247,1,20.5932291667,0.165401785714
2012-10-19 12:21:47,20248,1,19.8010044643,-0.792224702381
2012-10-19 12:21:48,20249,1,17.6869791667,-2.11402529762
2012-10-19 12:21:49,20250,1,14.3142113095,-3.37276785714
2012-10-19 12:21:50,20251,1,10.2537202381,-4.06049107143
2012-10-19 12:21:51,20252,1,6.2990327381,-3.9546875
2012-10-19 12:21:52,20253,1,3.1896577381,-3.109375
2012-10-19 12:21:53,20254,1,0.0,-3.1896577381
2012-10-19 12:22:15,20276,22,0.0,0.0
2012-10-19 12:22:16,20277,1,3.44720982143,3.44720982143
2012-10-19 12:22:17,20278,1,6.2296875,2.78247767857
2012-10-19 12:22:18,20279,1,9.23363095238,3.00394345238
2012-10-19 12:22:19,20280,1,11.9027529762,2.66912202381
2012-10-19 12:22:20,20281,1,14.0749255952,2.17217261905
2012-10-19 12:22:21,20282,1,15.9733630952,1.8984375
2012-10-19 12:22:22,20283,1,18.0107886905,2.03742559524
2012-10-19 12:22:23,20284,1,20.4666666667,2.45587797619
2012-10-19 12:22:24,20285,1,23.2179315476,2.75126488095
2012-10-19 12:22:25,20286,1,25.7441220238,2.52619047619
2012-10-19 12:22:26,20287,1,27.4592261905,1.71510416667
2012-10-19 12:22:27,20288,1,28.0818452381,0.622619047619
2012-10-19 12:22:28,20289,1,27.7243303571,-0.357514880952
2012-10-19 12:22:29,20290,1,26.7092261905,-1.01510416667
2012-10-19 12:22:30,20291,1,25.3258184524,-1.3834077381
2012-10-19 12:22:31,20292,1,23.7005208333,-1.62529761905
2012-10-19 12:22:32,20293,1,21.8308035714,-1.8697172619
2012-10-19 12:22:33,20294,1,19.6989583333,-2.1318452381
2012-10-19 12:22:34,20295,1,17.3395585317,-2.35939980159
2012-10-19 12:22:35,20296,1,14.8186259921,-2.52093253968
2012-10-19 12:22:36,20297,1,12.2040922619,-2.61453373016
2012-10-19 12:22:37,20298,1,9.61555059524,-2.58854166667
2012-10-19 12:22:38,20299,1,7.2912202381,-2.32433035714
2012-10-19 12:22:39,20300,1,5.57849702381,-1.71272321429
2012-10-19 12:22:40,20301,1,4.85458829365,-0.723908730159
2012-10-19 12:22:41,20302,1,5.34704861111,0.49246031746
2012-10-19 12:22:42,20303,1,6.9287202381,1.58167162698
2012-10-19 12:22:43,20304,1,9.12946428571,2.20074404762
2012-10-19 12:22:44,20305,1,11.3304315476,2.2009672619
2012-10-19 12:22:45,20306,1,12.9573660714,1.62693452381
2012-10-19 12:22:46,20307,1,13.7102430556,0.752876984127
2012-10-19 12:22:47,20308,1,13.7381200397,0.0278769841269
2012-10-19 12:22:48,20309,1,13.5697172619,-0.168402777778
2012-10-19 12:22:49,20310,1,13.8860863095,0.316369047619
2012-10-19 12:22:50,20311,1,15.221875,1.33578869048
2012-10-19 12:22:51,20312,1,17.6421130952,2.42023809524
2012-10-19 12:22:52,20313,1,20.6438988095,3.00178571429
2012-10-19 12:22:53,20314,1,23.4030505952,2.75915178571
2012-10-19 12:22:54,20315,1,25.1581845238,1.75513392857
2012-10-19 12:22:55,20316,1,25.4792410714,0.321056547619
2012-10-19 12:22:56,20317,1,24.3229910714,-1.15625
2012-10-19 12:22:57,20318,1,21.9494047619,-2.37358630952
2012-10-19 12:22:58,20319,1,18.8113095238,-3.1380952381
2012-10-19 12:22:59,20320,1,15.4639880952,-3.34732142857
2012-10-19 12:23:00,20321,1,12.4875,-2.97648809524
2012-10-19 12:23:01,20322,1,10.3798363095,-2.10766369048
2012-10-19 12:23:02,20323,1,9.43936011905,-0.940476190476
2012-10-19 12:23:03,20324,1,9.70290178571,0.263541666667
2012-10-19 12:23:04,20325,1,10.9494791667,1.24657738095
2012-10-19 12:23:05,20326,1,12.7764136905,1.82693452381
2012-10-19 12:23:06,20327,1,14.7319196429,1.95550595238
2012-10-19 12:23:07,20328,1,16.4265625,1.69464285714
2012-10-19 12:23:08,20329,1,17.6011904762,1.17462797619
2012-10-19 12:23:09,20330,1,18.1898809524,0.588690476191
2012-10-19 12:23:10,20331,1,18.362797619,0.172916666667
2012-10-19 12:23:11,20332,1,18.4444940476,0.0816964285714
2012-10-19 12:23:12,20333,1,18.681547619,0.237053571429
2012-10-19 12:23:13,20334,1,19.0714285714,0.389880952381
2012-10-19 12:23:14,20335,1,19.4361607143,0.364732142857
2012-10-19 12:23:15,20336,1,19.6240327381,0.18787202381
2012-10-19 12:23:16,20337,1,19.6212797619,-0.0027529761904
2012-10-19 12:23:17,20338,1,19.4758184524,-0.145461309524
2012-10-19 12:23:18,20339,1,19.1157738095,-0.360044642857
2012-10-19 12:23:19,20340,1,18.3196428571,-0.796130952381
2012-10-19 12:23:20,20341,1,16.9533482143,-1.36629464286
2012-10-19 12:23:21,20342,1,15.1955357143,-1.7578125
2012-10-19 12:23:22,20343,1,13.4628720238,-1.73266369048
2012-10-19 12:23:23,20344,1,12.1357886905,-1.32708333333
2012-10-19 12:23:24,20345,1,11.3558779762,-0.779910714286
2012-10-19 12:23:25,20346,1,11.0458333333,-0.310044642857
2012-10-19 12:23:26,20347,1,11.1122767857,0.066443452381
2012-10-19 12:23:27,20348,1,11.5921875,0.479910714286
2012-10-19 12:23:28,20349,1,12.5792410714,0.987053571429
2012-10-19 12:23:29,20350,1,14.0633928571,1.48415178571
2012-10-19 12:23:30,20351,1,15.8435267857,1.78013392857
2012-10-19 12:23:31,20352,1,17.5364583333,1.69293154762
2012-10-19 12:23:32,20353,1,18.7046875,1.16822916667
2012-10-19 12:23:33,20354,1,19.0756696429,0.370982142857
2012-10-19 12:23:34,20355,1,18.7008184524,-0.374851190476
2012-10-19 12:23:35,20356,1,17.9144345238,-0.786383928571
2012-10-19 12:23:36,20357,1,17.0869047619,-0.827529761905
2012-10-19 12:23:37,20358,1,16.3385416667,-0.748363095238
2012-10-19 12:23:38,20359,1,15.474702381,-0.863839285714
2012-10-19 12:23:39,20360,1,14.2003348214,-1.27436755952
2012-10-19 12:23:40,20361,1,12.3634486607,-1.83688616071
2012-10-19 12:23:41,20362,1,10.0480282738,-2.3154203869
2012-10-19 12:23:42,20363,1,7.57836681548,-2.46966145833
2012-10-19 12:23:43,20364,1,5.43969494048,-2.138671875
2012-10-19 12:23:44,20365,1,4.07375372024,-1.36594122024
2012-10-19 12:23:45,20366,1,3.6845610119,-0.389192708333
2012-10-19 12:23:46,20367,1,4.1822172619,0.49765625
2012-10-19 12:23:47,20368,1,5.2591889881,1.07697172619
2012-10-19 12:23:48,20369,1,6.60310639881,1.34391741071
2012-10-19 12:23:49,20370,1,8.12399553571,1.5208891369
2012-10-19 12:23:50,20371,1,9.92669270833,1.80269717262
2012-10-19 12:23:51,20372,1,12.0785342262,2.15184151786
2012-10-19 12:23:52,20373,1,14.503813244,2.42527901786
2012-10-19 12:23:53,20374,1,17.046391369,2.542578125
2012-10-19 12:23:54,20375,1,19.537797619,2.49140625
2012-10-19 12:23:55,20376,1,21.8392113095,2.30141369048
2012-10-19 12:23:56,20377,1,23.8217261905,1.98251488095
2012-10-19 12:23:57,20378,1,25.3085565476,1.48683035714
2012-10-19 12:23:58,20379,1,26.1552083333,0.846651785714
2012-10-19 12:23:59,20380,1,26.4198660714,0.264657738095
2012-10-19 12:24:00,20381,1,26.3544642857,-0.0654017857143
2012-10-19 12:24:01,20382,1,26.2032738095,-0.151190476191
2012-10-19 12:24:02,20383,1,26.0571428571,-0.146130952381
2012-10-19 12:24:03,20384,1,25.9002232143,-0.156919642857
2012-10-19 12:24:04,20385,1,25.755952381,-0.144270833333
2012-10-19 12:24:05,20386,1,25.75,-0.0059523809524
2012-10-19 12:24:06,20387,1,25.998735119,0.248735119048
2012-10-19 12:24:07,20388,1,26.4242559524,0.425520833333
2012-10-19 12:24:08,20389,1,26.7023065476,0.278050595238
2012-10-19 12:24:09,20390,1,26.4275297619,-0.274776785714
2012-10-19 12:24:10,20391,1,25.3648809524,-1.06264880952
2012-10-19 12:24:11,20392,1,23.5878720238,-1.77700892857
2012-10-19 12:24:12,20393,1,21.4132440476,-2.17462797619
2012-10-19 12:24:13,20394,1,19.194047619,-2.21919642857
2012-10-19 12:24:14,20395,1,17.1272321429,-2.06681547619
2012-10-19 12:24:15,20396,1,15.2095238095,-1.91770833333
2012-10-19 12:24:16,20397,1,13.3468005952,-1.86272321429
2012-10-19 12:24:17,20398,1,11.4988839286,-1.84791666667
2012-10-19 12:24:18,20399,1,9.71227678571,-1.78660714286
2012-10-19 12:24:19,20400,1,8.00513392857,-1.70714285714
2012-10-19 12:24:20,20401,1,6.27142857143,-1.73370535714
2012-10-19 12:24:21,20402,1,4.4015625,-1.86986607143
2012-10-19 12:24:22,20403,1,2.56450892857,-1.83705357143
2012-10-19 12:24:23,20404,1,0.0,-2.56450892857
2012-10-19 12:25:02,20443,39,0.0,0.0
2012-10-19 12:25:03,20444,1,2.05022321429,2.05022321429
2012-10-19 12:25:04,20445,1,3.61636904762,1.56614583333
2012-10-19 12:25:05,20446,1,5.43563988095,1.81927083333
2012-10-19 12:25:06,20447,1,7.43988095238,2.00424107143
2012-10-19 12:25:07,20448,1,9.67790178571,2.23802083333
2012-10-19 12:25:08,20449,1,12.1047619048,2.42686011905
2012-10-19 12:25:09,20450,1,14.5804315476,2.47566964286
2012-10-19 12:25:10,20451,1,16.946875,2.36644345238
2012-10-19 12:25:11,20452,1,19.0767857143,2.12991071429
2012-10-19 12:25:12,20453,1,20.8427083333,1.76592261905
2012-10-19 12:25:13,20454,1,22.0627232143,1.22001488095
2012-10-19 12:25:14,20455,1,22.5420386905,0.479315476191
2012-10-19 12:25:15,20456,1,22.1308035714,-0.411235119048
2012-10-19 12:25:16,20457,1,20.7142113095,-1.4165922619
2012-10-19 12:25:17,20458,1,18.2697172619,-2.44449404762
2012-10-19 12:25:18,20459,1,15.0117559524,-3.25796130952
2012-10-19 12:25:19,20460,1,11.4318452381,-3.57991071429
2012-10-19 12:25:20,20461,1,8.14464285714,-3.28720238095
2012-10-19 12:25:21,20462,1,5.62061011905,-2.5240327381
2012-10-19 12:25:22,20463,1,3.98869047619,-1.63191964286
2012-10-19 12:25:23,20464,1,3.08139880952,-0.907291666667
2012-10-19 12:25:24,20465,1,2.61118551587,-0.470213293651
2012-10-19 12:25:25,20466,1,2.25662202381,-0.354563492064
2012-10-19 12:25:26,20467,1,1.75282738095,-0.503794642857
2012-10-19 12:25:27,20468,1,1.13020833333,-0.622619047619
2012-10-19 12:25:28,20469,1,0.0,-1.13020833333
2012-10-19 12:33:33,20954,485,0.0,0.0
2012-10-19 12:33:34,20955,1,3.85493551587,3.85493551587
2012-10-19 12:33:35,20956,1,6.9984375,3.14350198413
2012-10-19 12:33:36,20957,1,10.3425595238,3.34412202381
2012-10-19 12:33:37,20958,1,13.1615327381,2.81897321429
2012-10-19 12:33:38,20959,1,14.9707589286,1.80922619048
2012-10-19 12:33:39,20960,1,15.5665178571,0.595758928572
2012-10-19 12:33:40,20961,1,15.0063492063,-0.560168650794
2012-10-19 12:33:41,20962,1,13.503844246,-1.50250496032
2012-10-19 12:33:42,20963,1,11.3189732143,-2.18487103175
2012-10-19 12:33:43,20964,1,8.8130952381,-2.50587797619
2012-10-19 12:33:44,20965,1,6.58504464286,-2.22805059524
2012-10-19 12:33:45,20966,1,5.36011904762,-1.22492559524
2012-10-19 12:33:46,20967,1,5.60193452381,0.24181547619
2012-10-19 12:33:47,20968,1,7.21577380952,1.61383928571
2012-10-19 12:33:48,20969,1,9.65163690476,2.43586309524
2012-10-19 12:33:49,20970,1,12.3280505952,2.67641369048
2012-10-19 12:33:50,20971,1,14.9402529762,2.61220238095
2012-10-19 12:33:51,20972,1,17.3568452381,2.4165922619
2012-10-19 12:33:52,20973,1,19.3501488095,1.99330357143
2012-10-19 12:33:53,20974,1,20.5589285714,1.2087797619
2012-10-19 12:33:54,20975,1,20.7209821429,0.162053571429
2012-10-19 12:33:55,20976,1,19.9025297619,-0.818452380952
2012-10-19 12:33:56,20977,1,18.4849702381,-1.41755952381
2012-10-19 12:33:57,20978,1,16.9419642857,-1.54300595238
2012-10-19 12:33:58,20979,1,15.6292410714,-1.31272321429
2012-10-19 12:33:59,20980,1,14.7045386905,-0.924702380952
2012-10-19 12:34:00,20981,1,14.1229910714,-0.581547619048
2012-10-19 12:34:01,20982,1,13.7078125,-0.415178571429
2012-10-19 12:34:02,20983,1,13.3270833333,-0.380729166667
2012-10-19 12:34:03,20984,1,13.0081845238,-0.318898809524
2012-10-19 12:34:04,20985,1,12.8676339286,-0.140550595238
2012-10-19 12:34:05,20986,1,13.0146577381,0.147023809524
2012-10-19 12:34:06,20987,1,13.5198660714,0.505208333333
2012-10-19 12:34:07,20988,1,14.3898065476,0.86994047619
2012-10-19 12:34:08,20989,1,15.546875,1.15706845238
2012-10-19 12:34:09,20990,1,16.7733630952,1.22648809524
2012-10-19 12:34:10,20991,1,17.6492559524,0.875892857143
2012-10-19 12:34:11,20992,1,17.6854910714,0.0362351190476
2012-10-19 12:34:12,20993,1,16.603125,-1.08236607143
2012-10-19 12:34:13,20994,1,14.4677083333,-2.13541666667
2012-10-19 12:34:14,20995,1,11.6071428571,-2.86056547619
2012-10-19 12:34:15,20996,1,8.43921130952,-3.16793154762
2012-10-19 12:34:16,20997,1,5.3662202381,-3.07299107143
2012-10-19 12:34:17,20998,1,2.8515625,-2.5146577381
2012-10-19 12:34:18,20999,1,0.0,-2.8515625
2012-10-19 12:34:37,21018,19,0.0,0.0
2012-10-19 12:34:38,21019,1,3.95037202381,3.95037202381
2012-10-19 12:34:39,21020,1,6.94367559524,2.99330357143
2012-10-19 12:34:40,21021,1,10.078422619,3.13474702381
2012-10-19 12:34:41,21022,1,13.0488839286,2.97046130952
2012-10-19 12:34:42,21023,1,16.0115327381,2.96264880952
2012-10-19 12:34:43,21024,1,19.1121279762,3.1005952381
2012-10-19 12:34:44,21025,1,22.1246279762,3.0125
2012-10-19 12:34:45,21026,1,24.5803571429,2.45572916667
2012-10-19 12:34:46,21027,1,26.2188988095,1.63854166667
2012-10-19 12:34:47,21028,1,27.2319940476,1.0130952381
2012-10-19 12:34:48,21029,1,28.0621279762,0.830133928571
2012-10-19 12:34:49,21030,1,29.0339285714,0.971800595238
2012-10-19 12:34:50,21031,1,30.2113095238,1.17738095238
2012-10-19 12:34:51,21032,1,31.5274553571,1.31614583333
2012-10-19 12:34:52,21033,1,32.9139136905,1.38645833333
2012-10-19 12:34:53,21034,1,34.2716517857,1.35773809524
2012-10-19 12:34:54,21035,1,35.4379464286,1.16629464286
2012-10-19 12:34:55,21036,1,36.3118303571,0.873883928572
2012-10-19 12:34:56,21037,1,37.0113095238,0.699479166667
2012-10-19 12:34:57,21038,1,37.8140625,0.80275297619
2012-10-19 12:34:58,21039,1,38.8967261905,1.08266369048
2012-10-19 12:34:59,21040,1,40.1758184524,1.2790922619
2012-10-19 12:35:00,21041,1,41.4513392857,1.27552083333
2012-10-19 12:35:01,21042,1,42.6748511905,1.22351190476
2012-10-19 12:35:02,21043,1,44.0270089286,1.3521577381
2012-10-19 12:35:03,21044,1,45.7444196429,1.71741071429
2012-10-19 12:35:04,21045,1,47.8790178571,2.13459821429
2012-10-19 12:35:05,21046,1,50.2141369048,2.33511904762
2012-10-19 12:35:06,21047,1,52.4340029762,2.21986607143
2012-10-19 12:35:07,21048,1,54.3683035714,1.93430059524
2012-10-19 12:35:08,21049,1,56.0677827381,1.69947916667
2012-10-19 12:35:09,21050,1,57.7107142857,1.64293154762
2012-10-19 12:35:10,21051,1,59.4542410714,1.74352678571
2012-10-19 12:35:11,21052,1,61.3011904762,1.84694940476
2012-10-19 12:35:12,21053,1,63.0600446429,1.75885416667
2012-10-19 12:35:13,21054,1,64.4363095238,1.37626488095
2012-10-19 12:35:14,21055,1,65.2103422619,0.774032738095
2012-10-19 12:35:15,21056,1,65.400297619,0.189955357143
2012-10-19 12:35:16,21057,1,65.2723214286,-0.127976190476
2012-10-19 12:35:17,21058,1,65.1413690476,-0.130952380952
2012-10-19 12:35:18,21059,1,65.1034970238,-0.0378720238095
2012-10-19 12:35:19,21060,1,64.960639881,-0.142857142857
2012-10-19 12:35:20,21061,1,64.450297619,-0.510342261905
2012-10-19 12:35:21,21062,1,63.5430059524,-0.907291666667
2012-10-19 12:35:22,21063,1,62.4741071429,-1.06889880952
2012-10-19 12:35:23,21064,1,61.5225446429,-0.9515625
2012-10-19 12:35:24,21065,1,60.8276041667,-0.69494047619
2012-10-19 12:35:25,21066,1,60.3854910714,-0.442113095238
2012-10-19 12:35:26,21067,1,60.1298363095,-0.255654761905
2012-10-19 12:35:27,21068,1,59.9883184524,-0.141517857143
2012-10-19 12:35:28,21069,1,59.8991815476,-0.0891369047619
2012-10-19 12:35:29,21070,1,59.825297619,-0.0738839285714
2012-10-19 12:35:30,21071,1,59.7869791667,-0.0383184523809
2012-10-19 12:35:31,21072,1,59.8648065476,0.0778273809523
2012-10-19 12:35:32,21073,1,60.134672619,0.269866071429
2012-10-19 12:35:33,21074,1,60.5912202381,0.456547619048
2012-10-19 12:35:34,21075,1,61.1302827381,0.5390625
2012-10-19 12:35:35,21076,1,61.6058035714,0.475520833333
2012-10-19 12:35:36,21077,1,61.9264880952,0.320684523809
2012-10-19 12:35:37,21078,1,62.1100446429,0.183556547619
2012-10-19 12:35:38,21079,1,62.2404761905,0.130431547619
2012-10-19 12:35:39,21080,1,62.375,0.134523809524
2012-10-19 12:35:40,21081,1,62.4852678571,0.110267857143
2012-10-19 12:35:41,21082,1,62.4824404762,-0.0028273809524
2012-10-19 12:35:42,21083,1,62.3118303571,-0.170610119048
2012-10-19 12:35:43,21084,1,62.0185267857,-0.293303571429
2012-10-19 12:35:44,21085,1,61.7107886905,-0.307738095238
2012-10-19 12:35:45,21086,1,61.483110119,-0.227678571429
2012-10-19 12:35:46,21087,1,61.3733630952,-0.10974702381
2012-10-19 12:35:47,21088,1,61.3496279762,-0.0237351190476
2012-10-19 12:35:48,21089,1,61.3330357143,-0.0165922619048
2012-10-19 12:35:49,21090,1,61.2618303571,-0.0712053571428
2012-10-19 12:35:50,21091,1,61.137202381,-0.12462797619
2012-10-19 12:35:51,21092,1,61.0055059524,-0.131696428572
2012-10-19 12:35:52,21093,1,60.9026785714,-0.102827380952
2012-10-19 12:35:53,21094,1,60.8117559524,-0.0909226190477
2012-10-19 12:35:54,21095,1,60.6720982143,-0.139657738095
2012-10-19 12:35:55,21096,1,60.4355654762,-0.236532738095
2012-10-19 12:35:56,21097,1,60.1110119048,-0.324553571429
2012-10-19 12:35:57,21098,1,59.7613839286,-0.349627976191
2012-10-19 12:35:58,21099,1,59.4831845238,-0.278199404762
2012-10-19 12:35:59,21100,1,59.3799107143,-0.103273809524
2012-10-19 12:36:00,21101,1,59.5011904762,0.121279761905
2012-10-19 12:36:01,21102,1,59.7732886905,0.272098214286
2012-10-19 12:36:02,21103,1,60.0061011905,0.2328125
2012-10-19 12:36:03,21104,1,60.0140625,0.0079613095238
2012-10-19 12:36:04,21105,1,59.7722470238,-0.241815476191
2012-10-19 12:36:05,21106,1,59.4597470238,-0.3125
2012-10-19 12:36:06,21107,1,59.3197916667,-0.139955357143
2012-10-19 12:36:07,21108,1,59.4570684524,0.137276785714
2012-10-19 12:36:08,21109,1,59.7770833333,0.320014880952
2012-10-19 12:36:09,21110,1,60.1107142857,0.333630952381
2012-10-19 12:36:10,21111,1,60.3682291667,0.257514880952
2012-10-19 12:36:11,21112,1,60.5782738095,0.210044642857
2012-10-19 12:36:12,21113,1,60.8168154762,0.238541666667
2012-10-19 12:36:13,21114,1,61.1279761905,0.311160714286
2012-10-19 12:36:14,21115,1,61.5063988095,0.378422619048
2012-10-19 12:36:15,21116,1,61.9197172619,0.413318452381
2012-10-19 12:36:16,21117,1,62.3316220238,0.411904761905
2012-10-19 12:36:17,21118,1,62.7180803571,0.386458333333
2012-10-19 12:36:18,21119,1,63.0654761905,0.347395833333
2012-10-19 12:36:19,21120,1,63.3516369048,0.286160714286
2012-10-19 12:36:20,21121,1,63.5460565476,0.194419642857
2012-10-19 12:36:21,21122,1,63.6407738095,0.0947172619048
2012-10-19 12:36:22,21123,1,63.6784970238,0.0377232142857
2012-10-19 12:36:23,21124,1,63.7465029762,0.068005952381
2012-10-19 12:36:24,21125,1,63.9313988095,0.184895833333
2012-10-19 12:36:25,21126,1,64.2730654762,0.341666666667
2012-10-19 12:36:26,21127,1,64.7641369048,0.491071428571
2012-10-19 12:36:27,21128,1,65.3773065476,0.613169642857
2012-10-19 12:36:28,21129,1,66.0743303571,0.697023809524
2012-10-19 12:36:29,21130,1,66.7879464286,0.713616071429
2012-10-19 12:36:30,21131,1,67.4094494048,0.62150297619
2012-10-19 12:36:31,21132,1,67.8338541667,0.424404761905
2012-10-19 12:36:32,21133,1,68.0404761905,0.20662202381
2012-10-19 12:36:33,21134,1,68.0954613095,0.0549851190476
2012-10-19 12:36:34,21135,1,68.0372767857,-0.0581845238095
2012-10-19 12:36:35,21136,1,67.7706845238,-0.266592261905
2012-10-19 12:36:36,21137,1,67.1265625,-0.64412202381
2012-10-19 12:36:37,21138,1,66.0613839286,-1.06517857143
2012-10-19 12:36:38,21139,1,64.7876488095,-1.27373511905
2012-10-19 12:36:39,21140,1,63.696875,-1.09077380952
2012-10-19 12:36:40,21141,1,63.132514881,-0.564360119048
2012-10-19 12:36:41,21142,1,63.1948660714,0.0623511904762
2012-10-19 12:36:42,21143,1,63.729389881,0.534523809524
2012-10-19 12:36:43,21144,1,64.4541666667,0.724776785714
2012-10-19 12:36:44,21145,1,65.0923363095,0.638169642857
2012-10-19 12:36:45,21146,1,65.4600446429,0.367708333333
2012-10-19 12:36:46,21147,1,65.4803571429,0.0203125
2012-10-19 12:36:47,21148,1,65.1212797619,-0.359077380952
2012-10-19 12:36:48,21149,1,64.3446428571,-0.776636904762
2012-10-19 12:36:49,21150,1,63.138764881,-1.20587797619
2012-10-19 12:36:50,21151,1,61.6250744048,-1.51369047619
2012-10-19 12:36:51,21152,1,60.1289434524,-1.49613095238
2012-10-19 12:36:52,21153,1,59.0655505952,-1.06339285714
2012-10-19 12:36:53,21154,1,58.6787946429,-0.386755952381
2012-10-19 12:36:54,21155,1,58.8758184524,0.197023809524
2012-10-19 12:36:55,21156,1,59.3023065476,0.426488095238
2012-10-19 12:36:56,21157,1,59.5702380952,0.267931547619
2012-10-19 12:36:57,21158,1,59.4585565476,-0.111681547619
2012-10-19 12:36:58,21159,1,58.960639881,-0.497916666667
2012-10-19 12:36:59,21160,1,58.1929315476,-0.767708333333
2012-10-19 12:37:00,21161,1,57.2969494048,-0.895982142857
2012-10-19 12:37:01,21162,1,56.4165178571,-0.880431547619
2012-10-19 12:37:02,21163,1,55.7083333333,-0.70818452381
2012-10-19 12:37:03,21164,1,55.3180059524,-0.390327380952
2012-10-19 12:37:04,21165,1,55.3124255952,-0.0055803571428
2012-10-19 12:37:05,21166,1,55.6288690476,0.316443452381
2012-10-19 12:37:06,21167,1,56.1071428571,0.478273809524
2012-10-19 12:37:07,21168,1,56.5832589286,0.476116071428
2012-10-19 12:37:08,21169,1,56.9473214286,0.3640625
2012-10-19 12:37:09,21170,1,57.1271577381,0.179836309524
2012-10-19 12:37:10,21171,1,57.0697916667,-0.0573660714285
2012-10-19 12:37:11,21172,1,56.759077381,-0.310714285714
2012-10-19 12:37:12,21173,1,56.2186011905,-0.540476190476
2012-10-19 12:37:13,21174,1,55.483110119,-0.735491071429
2012-10-19 12:37:14,21175,1,54.5726190476,-0.910491071429
2012-10-19 12:37:15,21176,1,53.5138392857,-1.0587797619
2012-10-19 12:37:16,21177,1,52.4145833333,-1.09925595238
2012-10-19 12:37:17,21178,1,51.4651785714,-0.949404761905
2012-10-19 12:37:18,21179,1,50.7950892857,-0.670089285714
2012-10-19 12:37:19,21180,1,50.3747767857,-0.4203125
2012-10-19 12:37:20,21181,1,50.1170386905,-0.257738095238
2012-10-19 12:37:21,21182,1,50.0196428571,-0.0973958333333
2012-10-19 12:37:22,21183,1,50.1354166667,0.115773809524
2012-10-19 12:37:23,21184,1,50.4290922619,0.293675595238
2012-10-19 12:37:24,21185,1,50.7677827381,0.33869047619
2012-10-19 12:37:25,21186,1,51.1029761905,0.335193452381
2012-10-19 12:37:26,21187,1,51.5966517857,0.493675595238
2012-10-19 12:37:27,21188,1,52.4975446429,0.900892857143
2012-10-19 12:37:28,21189,1,53.9000744048,1.4025297619
2012-10-19 12:37:29,21190,1,55.6576636905,1.75758928571
2012-10-19 12:37:30,21191,1,57.5328869048,1.87522321429
2012-10-19 12:37:31,21192,1,59.3821428571,1.84925595238
2012-10-19 12:37:32,21193,1,61.1610863095,1.77894345238
2012-10-19 12:37:33,21194,1,62.8214285714,1.6603422619
2012-10-19 12:37:34,21195,1,64.2824404762,1.46101190476
2012-10-19 12:37:35,21196,1,65.4847470238,1.20230654762
2012-10-19 12:37:36,21197,1,66.4325892857,0.947842261905
2012-10-19 12:37:37,21198,1,67.178125,0.745535714286
2012-10-19 12:37:38,21199,1,67.7703869048,0.592261904762
2012-10-19 12:37:39,21200,1,68.2295386905,0.459151785714
2012-10-19 12:37:40,21201,1,68.5548363095,0.325297619048
2012-10-19 12:37:41,21202,1,68.7357886905,0.180952380952
2012-10-19 12:37:42,21203,1,68.7784970238,0.0427083333333
2012-10-19 12:37:43,21204,1,68.7369047619,-0.0415922619047
2012-10-19 12:37:44,21205,1,68.6996279762,-0.0372767857143
2012-10-19 12:37:45,21206,1,68.740922619,0.0412946428571
2012-10-19 12:37:46,21207,1,68.873139881,0.132217261905
2012-10-19 12:37:47,21208,1,69.0244791667,0.151339285714
2012-10-19 12:37:48,21209,1,69.081547619,0.0570684523809
2012-10-19 12:37:49,21210,1,68.9787202381,-0.102827380952
2012-10-19 12:37:50,21211,1,68.7407738095,-0.237946428571
2012-10-19 12:37:51,21212,1,68.4493303571,-0.291443452381
2012-10-19 12:37:52,21213,1,68.1885416667,-0.260788690476
2012-10-19 12:37:53,21214,1,68.0125,-0.176041666667
2012-10-19 12:37:54,21215,1,67.9383184524,-0.0741815476191
2012-10-19 12:37:55,21216,1,67.946577381,0.00825892857151
2012-10-19 12:37:56,21217,1,67.9765625,0.0299851190476
2012-10-19 12:37:57,21218,1,67.9344494048,-0.0421130952381
2012-10-19 12:37:58,21219,1,67.7287202381,-0.205729166667
2012-10-19 12:37:59,21220,1,67.3146577381,-0.4140625
2012-10-19 12:38:00,21221,1,66.71875,-0.595907738095
2012-10-19 12:38:01,21222,1,66.0165922619,-0.702157738095
2012-10-19 12:38:02,21223,1,65.2688988095,-0.747693452381
2012-10-19 12:38:03,21224,1,64.4728422619,-0.796056547619
2012-10-19 12:38:04,21225,1,63.571875,-0.900967261905
2012-10-19 12:38:05,21226,1,62.5152529762,-1.05662202381
2012-10-19 12:38:06,21227,1,61.3390625,-1.17619047619
2012-10-19 12:38:07,21228,1,60.1922619048,-1.14680059524
2012-10-19 12:38:08,21229,1,59.2404017857,-0.951860119048
2012-10-19 12:38:09,21230,1,58.5373511905,-0.703050595238
2012-10-19 12:38:10,21231,1,57.9933035714,-0.544047619048
2012-10-19 12:38:11,21232,1,57.4121279762,-0.581175595238
2012-10-19 12:38:12,21233,1,56.5405505952,-0.871577380952
2012-10-19 12:38:13,21234,1,55.1586309524,-1.38191964286
2012-10-19 12:38:14,21235,1,53.206547619,-1.95208333333
2012-10-19 12:38:15,21236,1,50.8631696429,-2.34337797619
2012-10-19 12:38:16,21237,1,48.5037202381,-2.35944940476
2012-10-19 12:38:17,21238,1,46.5217261905,-1.98199404762
2012-10-19 12:38:18,21239,1,45.0941964286,-1.4275297619
2012-10-19 12:38:19,21240,1,44.0645833333,-1.02961309524
2012-10-19 12:38:20,21241,1,43.0389880952,-1.0255952381
2012-10-19 12:38:21,21242,1,41.5816964286,-1.45729166667
2012-10-19 12:38:22,21243,1,39.3541666667,-2.2275297619
2012-10-19 12:38:23,21244,1,36.1533482143,-3.20081845238
2012-10-19 12:38:24,21245,1,31.8902529762,-4.2630952381
2012-10-19 12:38:25,21246,1,26.6103422619,-5.27991071429
2012-10-19 12:38:26,21247,1,20.5877232143,-6.02261904762
2012-10-19 12:38:27,21248,1,14.3695684524,-6.2181547619
2012-10-19 12:38:28,21249,1,8.69308035714,-5.67648809524
2012-10-19 12:38:29,21250,1,4.31339285714,-4.3796875
2012-10-19 12:38:30,21251,1,0.0,-4.31339285714
2012-10-19 12:38:53,21274,23,0.0,0.0
2012-10-19 12:38:54,21275,1,1.22470238095,1.22470238095
2012-10-19 12:38:55,21276,1,1.82336309524,0.598660714286
2012-10-19 12:38:56,21277,1,2.2099702381,0.386607142857
2012-10-19 12:38:57,21278,1,2.32135416667,0.111383928571
2012-10-19 12:38:58,21279,1,2.29575892857,-0.0255952380952
2012-10-19 12:38:59,21280,1,2.25498511905,-0.0407738095238
2012-10-19 12:39:00,21281,1,2.32633928571,0.0713541666667
2012-10-19 12:39:01,21282,1,2.68816964286,0.361830357143
2012-10-19 12:39:02,21283,1,3.45513392857,0.766964285714
2012-10-19 12:39:03,21284,1,4.60327380952,1.14813988095
2012-10-19 12:39:04,21285,1,6.0380952381,1.43482142857
2012-10-19 12:39:05,21286,1,7.65892857143,1.62083333333
2012-10-19 12:39:06,21287,1,9.43727678571,1.77834821429
2012-10-19 12:39:07,21288,1,11.4985119048,2.06123511905
2012-10-19 12:39:08,21289,1,14.0335565476,2.53504464286
2012-10-19 12:39:09,21290,1,17.1094494048,3.07589285714
2012-10-19 12:39:10,21291,1,20.5598958333,3.45044642857
2012-10-19 12:39:11,21292,1,23.9907738095,3.43087797619
2012-10-19 12:39:12,21293,1,26.9348958333,2.94412202381
2012-10-19 12:39:13,21294,1,29.0922619048,2.15736607143
2012-10-19 12:39:14,21295,1,30.4404017857,1.34813988095
2012-10-19 12:39:15,21296,1,31.145610119,0.705208333333
2012-10-19 12:39:16,21297,1,31.4415178571,0.295907738095
2012-10-19 12:39:17,21298,1,31.594047619,0.152529761905
2012-10-19 12:39:18,21299,1,31.8367559524,0.242708333333
2012-10-19 12:39:19,21300,1,32.2171130952,0.380357142857
2012-10-19 12:39:20,21301,1,32.5431547619,0.326041666667
2012-10-19 12:39:21,21302,1,32.5331845238,-0.0099702380953
2012-10-19 12:39:22,21303,1,32.0392857143,-0.493898809524
2012-10-19 12:39:23,21304,1,31.1685267857,-0.870758928571
2012-10-19 12:39:24,21305,1,30.2016369048,-0.966889880952
2012-10-19 12:39:25,21306,1,29.4005208333,-0.801116071429
2012-10-19 12:39:26,21307,1,28.8991071429,-0.501413690476
2012-10-19 12:39:27,21308,1,28.7224702381,-0.176636904762
2012-10-19 12:39:28,21309,1,28.8459077381,0.1234375
2012-10-19 12:39:29,21310,1,29.2203125,0.374404761905
2012-10-19 12:39:30,21311,1,29.7640625,0.54375
2012-10-19 12:39:31,21312,1,30.373139881,0.609077380952
2012-10-19 12:39:32,21313,1,30.9517857143,0.578645833333
2012-10-19 12:39:33,21314,1,31.4301339286,0.478348214286
2012-10-19 12:39:34,21315,1,31.7787946429,0.348660714286
2012-10-19 12:39:35,21316,1,32.0260416667,0.247247023809
2012-10-19 12:39:36,21317,1,32.2616071429,0.23556547619
2012-10-19 12:39:37,21318,1,32.6130208333,0.351413690476
2012-10-19 12:39:38,21319,1,33.1729166667,0.559895833333
2012-10-19 12:39:39,21320,1,33.918452381,0.745535714286
2012-10-19 12:39:40,21321,1,34.715625,0.797172619048
2012-10-19 12:39:41,21322,1,35.3958333333,0.680208333333
2012-10-19 12:39:42,21323,1,35.8186011905,0.422767857143
2012-10-19 12:39:43,21324,1,35.9166666667,0.0980654761905
2012-10-19 12:39:44,21325,1,35.7438988095,-0.172767857143
2012-10-19 12:39:45,21326,1,35.4695684524,-0.274330357143
2012-10-19 12:39:46,21327,1,35.2755952381,-0.193973214286
2012-10-19 12:39:47,21328,1,35.2247767857,-0.0508184523809
2012-10-19 12:39:48,21329,1,35.229985119,0.0052083333333
2012-10-19 12:39:49,21330,1,35.1738095238,-0.0561755952381
2012-10-19 12:39:50,21331,1,35.062797619,-0.111011904762
2012-10-19 12:39:51,21332,1,35.0501488095,-0.0126488095238
2012-10-19 12:39:52,21333,1,35.2947916667,0.244642857143
2012-10-19 12:39:53,21334,1,35.8022321429,0.50744047619
2012-10-19 12:39:54,21335,1,36.4244047619,0.622172619048
2012-10-19 12:39:55,21336,1,36.9916666667,0.567261904762
2012-10-19 12:39:56,21337,1,37.3935267857,0.401860119048
2012-10-19 12:39:57,21338,1,37.5750744048,0.181547619048
2012-10-19 12:39:58,21339,1,37.5345982143,-0.0404761904762
2012-10-19 12:39:59,21340,1,37.3132440476,-0.221354166667
2012-10-19 12:40:00,21341,1,36.9781994048,-0.335044642857
2012-10-19 12:40:01,21342,1,36.6433779762,-0.334821428571
2012-10-19 12:40:02,21343,1,36.4482142857,-0.195163690476
2012-10-19 12:40:03,21344,1,36.4404761905,-0.0077380952381
2012-10-19 12:40:04,21345,1,36.5005952381,0.060119047619
2012-10-19 12:40:05,21346,1,36.4145089286,-0.0860863095238
2012-10-19 12:40:06,21347,1,36.0424107143,-0.372098214286
2012-10-19 12:40:07,21348,1,35.456547619,-0.585863095238
2012-10-19 12:40:08,21349,1,34.8916666667,-0.564880952381
2012-10-19 12:40:09,21350,1,34.503125,-0.388541666667
2012-10-19 12:40:10,21351,1,34.1988095238,-0.30431547619
2012-10-19 12:40:11,21352,1,33.7761160714,-0.422693452381
2012-10-19 12:40:12,21353,1,33.2352678571,-0.540848214286
2012-10-19 12:40:13,21354,1,32.9105654762,-0.324702380952
2012-10-19 12:40:14,21355,1,33.2543154762,0.34375
2012-10-19 12:40:15,21356,1,34.4774553571,1.22313988095
2012-10-19 12:40:16,21357,1,36.3576636905,1.88020833333
2012-10-19 12:40:17,21358,1,38.3599702381,2.00230654762
2012-10-19 12:40:18,21359,1,39.9775297619,1.61755952381
2012-10-19 12:40:19,21360,1,41.0084821429,1.03095238095
2012-10-19 12:40:20,21361,1,41.557514881,0.549032738095
2012-10-19 12:40:21,21362,1,41.8473958333,0.289880952381
2012-10-19 12:40:22,21363,1,42.0458333333,0.1984375
2012-10-19 12:40:23,21364,1,42.203125,0.157291666667
2012-10-19 12:40:24,21365,1,42.2959821429,0.0928571428571
2012-10-19 12:40:25,21366,1,42.3095238095,0.0135416666667
2012-10-19 12:40:26,21367,1,42.272172619,-0.0373511904762
2012-10-19 12:40:27,21368,1,42.2400297619,-0.0321428571428
2012-10-19 12:40:28,21369,1,42.2781994048,0.0381696428571
2012-10-19 12:40:29,21370,1,42.4386904762,0.160491071429
2012-10-19 12:40:30,21371,1,42.7220238095,0.283333333333
2012-10-19 12:40:31,21372,1,43.0595238095,0.3375
2012-10-19 12:40:32,21373,1,43.3511160714,0.291592261905
2012-10-19 12:40:33,21374,1,43.534672619,0.183556547619
2012-10-19 12:40:34,21375,1,43.634077381,0.0994047619048
2012-10-19 12:40:35,21376,1,43.7494791667,0.115401785714
2012-10-19 12:40:36,21377,1,43.9927083333,0.243229166667
2012-10-19 12:40:37,21378,1,44.4100446429,0.417336309524
2012-10-19 12:40:38,21379,1,44.9385416667,0.528497023809
2012-10-19 12:40:39,21380,1,45.428125,0.489583333333
2012-10-19 12:40:40,21381,1,45.7283482143,0.300223214286
2012-10-19 12:40:41,21382,1,45.7688988095,0.0405505952381
2012-10-19 12:40:42,21383,1,45.5608630952,-0.208035714286
2012-10-19 12:40:43,21384,1,45.1383928571,-0.422470238095
2012-10-19 12:40:44,21385,1,44.5126488095,-0.625744047619
2012-10-19 12:40:45,21386,1,43.7004464286,-0.812202380952
2012-10-19 12:40:46,21387,1,42.8247767857,-0.875669642857
2012-10-19 12:40:47,21388,1,42.1529761905,-0.671800595238
2012-10-19 12:40:48,21389,1,41.9592261905,-0.19375
2012-10-19 12:40:49,21390,1,42.325,0.365773809524
2012-10-19 12:40:50,21391,1,43.0752232143,0.750223214286
2012-10-19 12:40:51,21392,1,43.8968005952,0.821577380952
2012-10-19 12:40:52,21393,1,44.5353422619,0.638541666667
2012-10-19 12:40:53,21394,1,44.9119791667,0.376636904762
2012-10-19 12:40:54,21395,1,45.0741815476,0.162202380952
2012-10-19 12:40:55,21396,1,45.0629464286,-0.0112351190476
2012-10-19 12:40:56,21397,1,44.8579613095,-0.204985119048
2012-10-19 12:40:57,21398,1,44.4459077381,-0.412053571429
2012-10-19 12:40:58,21399,1,43.8898809524,-0.556026785714
2012-10-19 12:40:59,21400,1,43.3009672619,-0.588913690476
2012-10-19 12:41:00,21401,1,42.765922619,-0.535044642857
2012-10-19 12:41:01,21402,1,42.3115327381,-0.454389880952
2012-10-19 12:41:02,21403,1,41.9228422619,-0.38869047619
2012-10-19 12:41:03,21404,1,41.5878720238,-0.334970238095
2012-10-19 12:41:04,21405,1,41.3091517857,-0.278720238095
2012-10-19 12:41:05,21406,1,41.0789434524,-0.230208333333
2012-10-19 12:41:06,21407,1,40.8877232143,-0.191220238095
2012-10-19 12:41:07,21408,1,40.764360119,-0.123363095238
2012-10-19 12:41:08,21409,1,40.7616815476,-0.0026785714286
2012-10-19 12:41:09,21410,1,40.8789434524,0.117261904762
2012-10-19 12:41:10,21411,1,41.0381696429,0.159226190476
2012-10-19 12:41:11,21412,1,41.1681547619,0.129985119048
2012-10-19 12:41:12,21413,1,41.2813244048,0.113169642857
2012-10-19 12:41:13,21414,1,41.459077381,0.177752976191
2012-10-19 12:41:14,21415,1,41.7941220238,0.335044642857
2012-10-19 12:41:15,21416,1,42.3375,0.54337797619
2012-10-19 12:41:16,21417,1,43.0757440476,0.738244047619
2012-10-19 12:41:17,21418,1,43.9441964286,0.868452380952
2012-10-19 12:41:18,21419,1,44.8281994048,0.88400297619
2012-10-19 12:41:19,21420,1,45.5680059524,0.739806547619
2012-10-19 12:41:20,21421,1,46.0314732143,0.463467261905
2012-10-19 12:41:21,21422,1,46.1877232143,0.15625
2012-10-19 12:41:22,21423,1,46.0826636905,-0.105059523809
2012-10-19 12:41:23,21424,1,45.7563244048,-0.326339285714
2012-10-19 12:41:24,21425,1,45.2058779762,-0.550446428571
2012-10-19 12:41:25,21426,1,44.445610119,-0.760267857143
2012-10-19 12:41:26,21427,1,43.5958333333,-0.849776785714
2012-10-19 12:41:27,21428,1,42.8580357143,-0.737797619048
2012-10-19 12:41:28,21429,1,42.3626488095,-0.495386904762
2012-10-19 12:41:29,21430,1,42.0485119048,-0.314136904762
2012-10-19 12:41:30,21431,1,41.6998511905,-0.348660714286
2012-10-19 12:41:31,21432,1,41.1058035714,-0.594047619048
2012-10-19 12:41:32,21433,1,40.2133928571,-0.892410714286
2012-10-19 12:41:33,21434,1,39.1758928571,-1.0375
2012-10-19 12:41:34,21435,1,38.2869047619,-0.888988095238
2012-10-19 12:41:35,21436,1,37.8449404762,-0.441964285714
2012-10-19 12:41:36,21437,1,38.0086309524,0.16369047619
2012-10-19 12:41:37,21438,1,38.7127232143,0.704092261905
2012-10-19 12:41:38,21439,1,39.7102678571,0.997544642857
2012-10-19 12:41:39,21440,1,40.7408482143,1.03058035714
2012-10-19 12:41:40,21441,1,41.6994047619,0.958556547619
2012-10-19 12:41:41,21442,1,42.6444196429,0.945014880952
2012-10-19 12:41:42,21443,1,43.6482886905,1.00386904762
2012-10-19 12:41:43,21444,1,44.6602678571,1.01197916667
2012-10-19 12:41:44,21445,1,45.5013392857,0.841071428572
2012-10-19 12:41:45,21446,1,45.9602678571,0.458928571429
2012-10-19 12:41:46,21447,1,45.9060267857,-0.0542410714285
2012-10-19 12:41:47,21448,1,45.353125,-0.552901785714
2012-10-19 12:41:48,21449,1,44.4497767857,-0.903348214286
2012-10-19 12:41:49,21450,1,43.4063988095,-1.04337797619
2012-10-19 12:41:50,21451,1,42.4085565476,-0.997842261905
2012-10-19 12:41:51,21452,1,41.5547619048,-0.853794642857
2012-10-19 12:41:52,21453,1,40.8694196429,-0.685342261905
2012-10-19 12:41:53,21454,1,40.3805059524,-0.488913690476
2012-10-19 12:41:54,21455,1,40.1388392857,-0.241666666667
2012-10-19 12:41:55,21456,1,40.1417410714,0.0029017857143
2012-10-19 12:41:56,21457,1,40.2942708333,0.152529761905
2012-10-19 12:41:57,21458,1,40.4801339286,0.185863095238
2012-10-19 12:41:58,21459,1,40.660639881,0.180505952381
2012-10-19 12:41:59,21460,1,40.895014881,0.234375
2012-10-19 12:42:00,21461,1,41.2640625,0.369047619048
2012-10-19 12:42:01,21462,1,41.7871279762,0.52306547619
2012-10-19 12:42:02,21463,1,42.4138392857,0.626711309524
2012-10-19 12:42:03,21464,1,43.074702381,0.660863095238
2012-10-19 12:42:04,21465,1,43.727827381,0.653125
2012-10-19 12:42:05,21466,1,44.3669642857,0.639136904762
2012-10-19 12:42:06,21467,1,45.0111607143,0.644196428571
2012-10-19 12:42:07,21468,1,45.6873511905,0.67619047619
2012-10-19 12:42:08,21469,1,46.3797619048,0.692410714286
2012-10-19 12:42:09,21470,1,46.9930059524,0.613244047619
2012-10-19 12:42:10,21471,1,47.4174107143,0.424404761905
2012-10-19 12:42:11,21472,1,47.6363095238,0.218898809524
2012-10-19 12:42:12,21473,1,47.7330357143,0.0967261904762
2012-10-19 12:42:13,21474,1,47.7988839286,0.0658482142857
2012-10-19 12:42:14,21475,1,47.8496279762,0.0507440476191
2012-10-19 12:42:15,21476,1,47.814360119,-0.0352678571429
2012-10-19 12:42:16,21477,1,47.5921875,-0.222172619048
2012-10-19 12:42:17,21478,1,47.123735119,-0.468452380952
2012-10-19 12:42:18,21479,1,46.4366071429,-0.687127976191
2012-10-19 12:42:19,21480,1,45.6633184524,-0.773288690476
2012-10-19 12:42:20,21481,1,45.0103422619,-0.652976190476
2012-10-19 12:42:21,21482,1,44.664360119,-0.345982142857
2012-10-19 12:42:22,21483,1,44.6876488095,0.0232886904762
2012-10-19 12:42:23,21484,1,44.9820684524,0.294419642857
2012-10-19 12:42:24,21485,1,45.3635416667,0.381473214286
2012-10-19 12:42:25,21486,1,45.6892113095,0.325669642857
2012-10-19 12:42:26,21487,1,45.916889881,0.227678571429
2012-10-19 12:42:27,21488,1,46.0619047619,0.145014880952
2012-10-19 12:42:28,21489,1,46.119047619,0.0571428571428
2012-10-19 12:42:29,21490,1,46.008110119,-0.1109375
2012-10-19 12:42:30,21491,1,45.5560267857,-0.452083333333
2012-10-19 12:42:31,21492,1,44.510639881,-1.04538690476
2012-10-19 12:42:32,21493,1,42.597172619,-1.9134672619
2012-10-19 12:42:33,21494,1,39.6567708333,-2.94040178571
2012-10-19 12:42:34,21495,1,35.8458333333,-3.8109375
2012-10-19 12:42:35,21496,1,31.7330357143,-4.11279761905
2012-10-19 12:42:36,21497,1,28.1279761905,-3.60505952381
2012-10-19 12:42:37,21498,1,25.712202381,-2.41577380952
2012-10-19 12:42:38,21499,1,24.7566220238,-0.955580357143
2012-10-19 12:42:39,21500,1,25.1095238095,0.352901785714
2012-10-19 12:42:40,21501,1,26.371577381,1.26205357143
2012-10-19 12:42:41,21502,1,28.084077381,1.7125
2012-10-19 12:42:42,21503,1,29.8529017857,1.76882440476
2012-10-19 12:42:43,21504,1,31.404389881,1.55148809524
2012-10-19 12:42:44,21505,1,32.5820684524,1.17767857143
2012-10-19 12:42:45,21506,1,33.30625,0.724181547619
2012-10-19 12:42:46,21507,1,33.5241071429,0.217857142857
2012-10-19 12:42:47,21508,1,33.1732886905,-0.350818452381
2012-10-19 12:42:48,21509,1,32.1918154762,-0.981473214286
2012-10-19 12:42:49,21510,1,30.5743303571,-1.61748511905
2012-10-19 12:42:50,21511,1,28.3947916667,-2.17953869048
2012-10-19 12:42:51,21512,1,25.7394593254,-2.65533234127
2012-10-19 12:42:52,21513,1,22.6192460317,-3.12021329365
2012-10-19 12:42:53,21514,1,19.0016369048,-3.61760912698
2012-10-19 12:42:54,21515,1,15.0023065476,-3.99933035714
2012-10-19 12:42:55,21516,1,11.0345982143,-3.96770833333
2012-10-19 12:42:56,21517,1,7.73370535714,-3.30089285714
2012-10-19 12:42:57,21518,1,5.73172123016,-2.00198412698
2012-10-19 12:42:58,21519,1,5.35756448413,-0.374156746032
2012-10-19 12:42:59,21520,1,6.42358630952,1.0660218254
2012-10-19 12:43:00,21521,1,8.41569940476,1.99211309524
2012-10-19 12:43:01,21522,1,10.880952381,2.46525297619
2012-10-19 12:43:02,21523,1,13.5174107143,2.63645833333
2012-10-19 12:43:03,21524,1,16.0709325397,2.5535218254
2012-10-19 12:43:04,21525,1,18.3203621032,2.24942956349
2012-10-19 12:43:05,21526,1,20.1165178571,1.79615575397
2012-10-19 12:43:06,21527,1,21.4619791667,1.34546130952
2012-10-19 12:43:07,21528,1,22.5563244048,1.0943452381
2012-10-19 12:43:08,21529,1,23.6248511905,1.06852678571
2012-10-19 12:43:09,21530,1,24.6835565476,1.05870535714
2012-10-19 12:43:10,21531,1,25.5515625,0.868005952381
2012-10-19 12:43:11,21532,1,26.057514881,0.505952380952
2012-10-19 12:43:12,21533,1,26.1774553571,0.119940476191
2012-10-19 12:43:13,21534,1,26.0254464286,-0.152008928572
2012-10-19 12:43:14,21535,1,25.776264881,-0.249181547619
2012-10-19 12:43:15,21536,1,25.5886904762,-0.187574404762
2012-10-19 12:43:16,21537,1,25.554389881,-0.0343005952381
2012-10-19 12:43:17,21538,1,25.6816964286,0.127306547619
2012-10-19 12:43:18,21539,1,25.9209077381,0.239211309524
2012-10-19 12:43:19,21540,1,26.2118303571,0.290922619048
2012-10-19 12:43:20,21541,1,26.522172619,0.310342261905
2012-10-19 12:43:21,21542,1,26.8665178571,0.344345238095
2012-10-19 12:43:22,21543,1,27.2864583333,0.41994047619
2012-10-19 12:43:23,21544,1,27.7907738095,0.50431547619
2012-10-19 12:43:24,21545,1,28.3200892857,0.529315476191
2012-10-19 12:43:25,21546,1,28.7796130952,0.459523809524
2012-10-19 12:43:26,21547,1,29.1089285714,0.32931547619
2012-10-19 12:43:27,21548,1,29.3253720238,0.216443452381
2012-10-19 12:43:28,21549,1,29.4849702381,0.159598214286
2012-10-19 12:43:29,21550,1,29.5973214286,0.112351190476
2012-10-19 12:43:30,21551,1,29.6125,0.0151785714286
2012-10-19 12:43:31,21552,1,29.5014880952,-0.111011904762
2012-10-19 12:43:32,21553,1,29.3241071429,-0.177380952381
2012-10-19 12:43:33,21554,1,29.2074404762,-0.116666666667
2012-10-19 12:43:34,21555,1,29.254389881,0.0469494047619
2012-10-19 12:43:35,21556,1,29.4536458333,0.199255952381
2012-10-19 12:43:36,21557,1,29.6694940476,0.215848214286
2012-10-19 12:43:37,21558,1,29.740327381,0.0708333333334
2012-10-19 12:43:38,21559,1,29.6069940476,-0.133333333333
2012-10-19 12:43:39,21560,1,29.352827381,-0.254166666667
2012-10-19 12:43:40,21561,1,29.1404761905,-0.212351190476
2012-10-19 12:43:41,21562,1,29.112797619,-0.0276785714286
2012-10-19 12:43:42,21563,1,29.3079613095,0.195163690476
2012-10-19 12:43:43,21564,1,29.6389880952,0.331026785714
2012-10-19 12:43:44,21565,1,29.9647321429,0.325744047619
2012-10-19 12:43:45,21566,1,30.1824404762,0.217708333333
2012-10-19 12:43:46,21567,1,30.2543154762,0.071875
2012-10-19 12:43:47,21568,1,30.1561011905,-0.0982142857143
2012-10-19 12:43:48,21569,1,29.7930803571,-0.363020833333
2012-10-19 12:43:49,21570,1,28.9627232143,-0.830357142857
2012-10-19 12:43:50,21571,1,27.414360119,-1.54836309524
2012-10-19 12:43:51,21572,1,24.9735119048,-2.44084821429
2012-10-19 12:43:52,21573,1,21.6645833333,-3.30892857143
2012-10-19 12:43:53,21574,1,17.7749255952,-3.8896577381
2012-10-19 12:43:54,21575,1,13.823139881,-3.95178571429
2012-10-19 12:43:55,21576,1,10.3901041667,-3.43303571429
2012-10-19 12:43:56,21577,1,7.80714285714,-2.58296130952
2012-10-19 12:43:57,21578,1,5.91956845238,-1.88757440476
2012-10-19 12:43:58,21579,1,4.26197916667,-1.65758928571
2012-10-19 12:43:59,21580,1,2.61242559524,-1.64955357143
2012-10-19 12:44:00,21581,1,0.0,-2.61242559524
2012-10-19 14:17:09,27170,5589,0.0,0.0
2012-10-19 14:17:10,27171,1,1.3962797619,1.3962797619
2012-10-19 14:17:11,27172,1,2.21383928571,0.81755952381
2012-10-19 14:17:12,27173,1,2.8962797619,0.68244047619
2012-10-19 14:17:13,27174,1,3.35907738095,0.462797619048
2012-10-19 14:17:14,27175,1,3.72916666667,0.370089285714
2012-10-19 14:17:15,27176,1,4.14188988095,0.412723214286
2012-10-19 14:17:16,27177,1,4.81703869048,0.675148809524
2012-10-19 14:17:17,27178,1,6.07976190476,1.26272321429
2012-10-19 14:17:18,27179,1,8.12269345238,2.04293154762
2012-10-19 14:17:19,27180,1,10.8500744048,2.72738095238
2012-10-19 14:17:20,27181,1,13.9686755952,3.11860119048
2012-10-19 14:17:21,27182,1,17.1329613095,3.16428571429
2012-10-19 14:17:22,27183,1,20.0444940476,2.9115327381
2012-10-19 14:17:23,27184,1,22.4635416667,2.41904761905
2012-10-19 14:17:24,27185,1,24.1715029762,1.70796130952
2012-10-19 14:17:25,27186,1,25.0680803571,0.896577380952
2012-10-19 14:17:26,27187,1,25.3244791667,0.256398809524
2012-10-19 14:17:27,27188,1,25.3029017857,-0.0215773809524
2012-10-19 14:17:28,27189,1,25.2867559524,-0.0161458333333
2012-10-19 14:17:29,27190,1,25.3296875,0.042931547619
2012-10-19 14:17:30,27191,1,25.3431547619,0.0134672619048
2012-10-19 14:17:31,27192,1,25.275,-0.0681547619048
2012-10-19 14:17:32,27193,1,25.1965029762,-0.0784970238095
2012-10-19 14:17:33,27194,1,25.2515625,0.0550595238095
2012-10-19 14:17:34,27195,1,25.5390625,0.2875
2012-10-19 14:17:35,27196,1,26.0384672619,0.499404761905
2012-10-19 14:17:36,27197,1,26.6337053571,0.595238095238
2012-10-19 14:17:37,27198,1,27.1848214286,0.551116071428
2012-10-19 14:17:38,27199,1,27.5909970238,0.406175595238
2012-10-19 14:17:39,27200,1,27.8357886905,0.244791666667
2012-10-19 14:17:40,27201,1,27.9845982143,0.14880952381
2012-10-19 14:17:41,27202,1,28.118452381,0.133854166667
2012-10-19 14:17:42,27203,1,28.2616815476,0.143229166667
2012-10-19 14:17:43,27204,1,28.3626488095,0.100967261905
2012-10-19 14:17:44,27205,1,28.3374255952,-0.0252232142857
2012-10-19 14:17:45,27206,1,28.1521577381,-0.185267857143
2012-10-19 14:17:46,27207,1,27.8773065476,-0.274851190476
2012-10-19 14:17:47,27208,1,27.6489583333,-0.228348214286
2012-10-19 14:17:48,27209,1,27.5661458333,-0.0828125
2012-10-19 14:17:49,27210,1,27.6203869048,0.0542410714286
2012-10-19 14:17:50,27211,1,27.7087797619,0.0883928571429
2012-10-19 14:17:51,27212,1,27.7064732143,-0.0023065476191
2012-10-19 14:17:52,27213,1,27.5419642857,-0.164508928571
2012-10-19 14:17:53,27214,1,27.2279017857,-0.3140625
2012-10-19 14:17:54,27215,1,26.8467261905,-0.381175595238
2012-10-19 14:17:55,27216,1,26.5197172619,-0.327008928571
2012-10-19 14:17:56,27217,1,26.3561011905,-0.163616071429
2012-10-19 14:17:57,27218,1,26.377827381,0.0217261904762
2012-10-19 14:17:58,27219,1,26.4795386905,0.101711309524
2012-10-19 14:17:59,27220,1,26.4962053571,0.0166666666667
2012-10-19 14:18:00,27221,1,26.3537946429,-0.142410714286
2012-10-19 14:18:01,27222,1,26.1506696429,-0.203125
2012-10-19 14:18:02,27223,1,26.0484375,-0.102232142857
2012-10-19 14:18:03,27224,1,26.0842261905,0.0357886904762
2012-10-19 14:18:04,27225,1,26.1299107143,0.0456845238095
2012-10-19 14:18:05,27226,1,26.0259672619,-0.103943452381
2012-10-19 14:18:06,27227,1,25.7154017857,-0.310565476191
2012-10-19 14:18:07,27228,1,25.2463541667,-0.469047619048
2012-10-19 14:18:08,27229,1,24.6563988095,-0.589955357143
2012-10-19 14:18:09,27230,1,23.8411458333,-0.815252976191
2012-10-19 14:18:10,27231,1,22.5160714286,-1.32507440476
2012-10-19 14:18:11,27232,1,20.3250744048,-2.19099702381
2012-10-19 14:18:12,27233,1,17.1154761905,-3.20959821429
2012-10-19 14:18:13,27234,1,13.2839285714,-3.83154761905
2012-10-19 14:18:14,27235,1,9.84813988095,-3.43578869048
2012-10-19 14:18:15,27236,1,7.98191964286,-1.8662202381
2012-10-19 14:18:16,27237,1,8.290625,0.308705357143
2012-10-19 14:18:17,27238,1,10.4258184524,2.13519345238
2012-10-19 14:18:18,27239,1,13.3813988095,2.95558035714
2012-10-19 14:18:19,27240,1,16.2216517857,2.84025297619
2012-10-19 14:18:20,27241,1,18.5746279762,2.35297619048
2012-10-19 14:18:21,27242,1,20.5279761905,1.95334821429
2012-10-19 14:18:22,27243,1,22.226264881,1.69828869048
2012-10-19 14:18:23,27244,1,23.616889881,1.390625
2012-10-19 14:18:24,27245,1,24.5003720238,0.883482142857
2012-10-19 14:18:25,27246,1,24.7686755952,0.268303571429
2012-10-19 14:18:26,27247,1,24.5599702381,-0.208705357143
2012-10-19 14:18:27,27248,1,24.1806547619,-0.37931547619
2012-10-19 14:18:28,27249,1,23.928422619,-0.252232142857
2012-10-19 14:18:29,27250,1,23.9775297619,0.0491071428572
2012-10-19 14:18:30,27251,1,24.3449404762,0.367410714286
2012-10-19 14:18:31,27252,1,24.9175595238,0.572619047619
2012-10-19 14:18:32,27253,1,25.5113095238,0.59375
2012-10-19 14:18:33,27254,1,25.9171875,0.40587797619
2012-10-19 14:18:34,27255,1,25.9279761905,0.0107886904762
2012-10-19 14:18:35,27256,1,25.3359375,-0.592038690476
2012-10-19 14:18:36,27257,1,23.880952381,-1.45498511905
2012-10-19 14:18:37,27258,1,21.2760416667,-2.60491071429
2012-10-19 14:18:38,27259,1,17.5164434524,-3.75959821429
2012-10-19 14:18:39,27260,1,13.3081845238,-4.20825892857
2012-10-19 14:18:40,27261,1,10.0151041667,-3.29308035714
2012-10-19 14:18:41,27262,1,8.87864583333,-1.13645833333
2012-10-19 14:18:42,27263,1,10.1784970238,1.29985119048
2012-10-19 14:18:43,27264,1,13.1830357143,3.00453869048
2012-10-19 14:18:44,27265,1,16.8808035714,3.69776785714
2012-10-19 14:18:45,27266,1,20.6933779762,3.81257440476
2012-10-19 14:18:46,27267,1,24.5142857143,3.8209077381
2012-10-19 14:18:47,27268,1,28.2616071429,3.74732142857
2012-10-19 14:18:48,27269,1,31.653422619,3.39181547619
2012-10-19 14:18:49,27270,1,34.4514880952,2.79806547619
2012-10-19 14:18:50,27271,1,36.713764881,2.26227678571
2012-10-19 14:18:51,27272,1,38.6767113095,1.96294642857
2012-10-19 14:18:52,27273,1,40.4616071429,1.78489583333
2012-10-19 14:18:53,27274,1,41.9744047619,1.51279761905
2012-10-19 14:18:54,27275,1,43.0405505952,1.06614583333
2012-10-19 14:18:55,27276,1,43.5604166667,0.519866071429
2012-10-19 14:18:56,27277,1,43.5705357143,0.010119047619
2012-10-19 14:18:57,27278,1,43.2468005952,-0.323735119048
2012-10-19 14:18:58,27279,1,42.8571428571,-0.389657738095
2012-10-19 14:18:59,27280,1,42.6449404762,-0.212202380952
2012-10-19 14:19:00,27281,1,42.7183779762,0.0734375
2012-10-19 14:19:01,27282,1,43.0390625,0.320684523809
2012-10-19 14:19:02,27283,1,43.4901041667,0.451041666667
2012-10-19 14:19:03,27284,1,43.9613095238,0.471205357143
2012-10-19 14:19:04,27285,1,44.4138392857,0.452529761905
2012-10-19 14:19:05,27286,1,44.8872767857,0.4734375
2012-10-19 14:19:06,27287,1,45.4520089286,0.564732142857
2012-10-19 14:19:07,27288,1,46.1479910714,0.695982142857
2012-10-19 14:19:08,27289,1,46.9417410714,0.79375
2012-10-19 14:19:09,27290,1,47.7354166667,0.793675595238
2012-10-19 14:19:10,27291,1,48.4226934524,0.687276785714
2012-10-19 14:19:11,27292,1,48.9220238095,0.499330357143
2012-10-19 14:19:12,27293,1,49.168452381,0.246428571429
2012-10-19 14:19:13,27294,1,49.1224702381,-0.0459821428572
2012-10-19 14:19:14,27295,1,48.8033482143,-0.319122023809
2012-10-19 14:19:15,27296,1,48.2963541667,-0.506994047619
2012-10-19 14:19:16,27297,1,47.7215029762,-0.574851190476
2012-10-19 14:19:17,27298,1,47.1834077381,-0.538095238095
2012-10-19 14:19:18,27299,1,46.7323660714,-0.451041666667
2012-10-19 14:19:19,27300,1,46.3732886905,-0.359077380952
2012-10-19 14:19:20,27301,1,46.1037946429,-0.269494047619
2012-10-19 14:19:21,27302,1,45.9311755952,-0.172619047619
2012-10-19 14:19:22,27303,1,45.8699404762,-0.0612351190476
2012-10-19 14:19:23,27304,1,45.9364583333,0.0665178571428
2012-10-19 14:19:24,27305,1,46.1325892857,0.196130952381
2012-10-19 14:19:25,27306,1,46.4279017857,0.2953125
2012-10-19 14:19:26,27307,1,46.764360119,0.336458333333
2012-10-19 14:19:27,27308,1,47.0814732143,0.317113095238
2012-10-19 14:19:28,27309,1,47.3399553571,0.258482142857
2012-10-19 14:19:29,27310,1,47.5316220238,0.191666666667
2012-10-19 14:19:30,27311,1,47.6749255952,0.143303571429
2012-10-19 14:19:31,27312,1,47.7945684524,0.119642857143
2012-10-19 14:19:32,27313,1,47.8943452381,0.0997767857142
2012-10-19 14:19:33,27314,1,47.9463541667,0.0520089285715
2012-10-19 14:19:34,27315,1,47.904985119,-0.0413690476191
2012-10-19 14:19:35,27316,1,47.7297619048,-0.175223214286
2012-10-19 14:19:36,27317,1,47.403422619,-0.326339285714
2012-10-19 14:19:37,27318,1,46.9459821429,-0.457440476191
2012-10-19 14:19:38,27319,1,46.4178571429,-0.528125
2012-10-19 14:19:39,27320,1,45.902827381,-0.515029761905
2012-10-19 14:19:40,27321,1,45.4813988095,-0.421428571429
2012-10-19 14:19:41,27322,1,45.2031994048,-0.278199404762
2012-10-19 14:19:42,27323,1,45.0688244048,-0.134375
2012-10-19 14:19:43,27324,1,45.0468005952,-0.0220238095238
2012-10-19 14:19:44,27325,1,45.1087797619,0.0619791666667
2012-10-19 14:19:45,27326,1,45.2345982143,0.125818452381
2012-10-19 14:19:46,27327,1,45.3965029762,0.161904761905
2012-10-19 14:19:47,27328,1,45.5600446429,0.163541666667
2012-10-19 14:19:48,27329,1,45.699702381,0.139657738095
2012-10-19 14:19:49,27330,1,45.8124255952,0.112723214286
2012-10-19 14:19:50,27331,1,45.9177827381,0.105357142857
2012-10-19 14:19:51,27332,1,46.0407738095,0.122991071429
2012-10-19 14:19:52,27333,1,46.1935267857,0.15275297619
2012-10-19 14:19:53,27334,1,46.3720238095,0.17849702381
2012-10-19 14:19:54,27335,1,46.5647321429,0.192708333333
2012-10-19 14:19:55,27336,1,46.7584077381,0.193675595238
2012-10-19 14:19:56,27337,1,46.9317708333,0.173363095238
2012-10-19 14:19:57,27338,1,47.0520833333,0.1203125
2012-10-19 14:19:58,27339,1,47.0910714286,0.0389880952381
2012-10-19 14:19:59,27340,1,47.049702381,-0.041369047619
2012-10-19 14:20:00,27341,1,46.9722470238,-0.0774553571429
2012-10-19 14:20:01,27342,1,46.9286458333,-0.0436011904762
2012-10-19 14:20:02,27343,1,46.9577380952,0.0290922619048
2012-10-19 14:20:03,27344,1,47.0174107143,0.0596726190476
2012-10-19 14:20:04,27345,1,47.0044642857,-0.0129464285714
2012-10-19 14:20:05,27346,1,46.8357886905,-0.168675595238
2012-10-19 14:20:06,27347,1,46.5186755952,-0.317113095238
2012-10-19 14:20:07,27348,1,46.1592261905,-0.359449404762
2012-10-19 14:20:08,27349,1,45.9102678571,-0.248958333333
2012-10-19 14:20:09,27350,1,45.8920386905,-0.0182291666666
2012-10-19 14:20:10,27351,1,46.1343005952,0.242261904762
2012-10-19 14:20:11,27352,1,46.5685267857,0.434226190476
2012-10-19 14:20:12,27353,1,47.0591517857,0.490625
2012-10-19 14:20:13,27354,1,47.4577380952,0.398586309524
2012-10-19 14:20:14,27355,1,47.6645833333,0.206845238095
2012-10-19 14:20:15,27356,1,47.6636904762,-0.000892857142794
2012-10-19 14:20:16,27357,1,47.5113839286,-0.152306547619
2012-10-19 14:20:17,27358,1,47.2983630952,-0.213020833333
2012-10-19 14:20:18,27359,1,47.1125744048,-0.185788690476
2012-10-19 14:20:19,27360,1,47.0136160714,-0.0989583333333
2012-10-19 14:20:20,27361,1,47.0202380952,0.0066220238095
2012-10-19 14:20:21,27362,1,47.1124255952,0.0921875
2012-10-19 14:20:22,27363,1,47.2473958333,0.134970238095
2012-10-19 14:20:23,27364,1,47.3811755952,0.133779761905
2012-10-19 14:20:24,27365,1,47.484077381,0.102901785714
2012-10-19 14:20:25,27366,1,47.540922619,0.0568452380952
2012-10-19 14:20:26,27367,1,47.5389880952,-0.0019345238095
2012-10-19 14:20:27,27368,1,47.469047619,-0.0699404761905
2012-10-19 14:20:28,27369,1,47.3508928571,-0.118154761905
2012-10-19 14:20:29,27370,1,47.2479166667,-0.102976190476
2012-10-19 14:20:30,27371,1,47.2383928571,-0.0095238095238
2012-10-19 14:20:31,27372,1,47.3595982143,0.121205357143
2012-10-19 14:20:32,27373,1,47.5704613095,0.210863095238
2012-10-19 14:20:33,27374,1,47.7701636905,0.199702380952
2012-10-19 14:20:34,27375,1,47.8630208333,0.0928571428571
2012-10-19 14:20:35,27376,1,47.8158482143,-0.0471726190476
2012-10-19 14:20:36,27377,1,47.6632440476,-0.152604166667
2012-10-19 14:20:37,27378,1,47.4619791667,-0.201264880952
2012-10-19 14:20:38,27379,1,47.2396577381,-0.222321428572
2012-10-19 14:20:39,27380,1,46.9837053571,-0.255952380952
2012-10-19 14:20:40,27381,1,46.6677827381,-0.315922619048
2012-10-19 14:20:41,27382,1,46.2819196429,-0.385863095238
2012-10-19 14:20:42,27383,1,45.8462797619,-0.435639880952
2012-10-19 14:20:43,27384,1,45.3962797619,-0.45
2012-10-19 14:20:44,27385,1,44.9306547619,-0.465625
2012-10-19 14:20:45,27386,1,44.3570684524,-0.573586309524
2012-10-19 14:20:46,27387,1,43.4998511905,-0.857217261905
2012-10-19 14:20:47,27388,1,42.1780505952,-1.32180059524
2012-10-19 14:20:48,27389,1,40.2921875,-1.88586309524
2012-10-19 14:20:49,27390,1,37.8608630952,-2.43132440476
2012-10-19 14:20:50,27391,1,34.985639881,-2.87522321429
2012-10-19 14:20:51,27392,1,31.7697916667,-3.21584821429
2012-10-19 14:20:52,27393,1,28.253422619,-3.51636904762
2012-10-19 14:20:53,27394,1,24.4008556548,-3.85256696429
2012-10-19 14:20:54,27395,1,20.154985119,-4.24587053571
2012-10-19 14:20:55,27396,1,15.5644345238,-4.59055059524
2012-10-19 14:20:56,27397,1,10.8947172619,-4.6697172619
2012-10-19 14:20:57,27398,1,6.61867559524,-4.27604166667
2012-10-19 14:20:58,27399,1,3.32566964286,-3.29300595238
2012-10-19 14:20:59,27400,1,0.0,-3.32566964286
2012-10-19 14:21:12,27413,13,0.0,0.0
2012-10-19 14:21:13,27414,1,3.6935639881,3.6935639881
2012-10-19 14:21:14,27415,1,6.67105654762,2.97749255952
2012-10-19 14:21:15,27416,1,9.94880952381,3.27775297619
2012-10-19 14:21:16,27417,1,13.0563244048,3.10751488095
2012-10-19 14:21:17,27418,1,15.8681547619,2.81183035714
2012-10-19 14:21:18,27419,1,18.3665178571,2.49836309524
2012-10-19 14:21:19,27420,1,20.4607142857,2.09419642857
2012-10-19 14:21:20,27421,1,22.0781994048,1.61748511905
2012-10-19 14:21:21,27422,1,23.2950892857,1.21688988095
2012-10-19 14:21:22,27423,1,24.3003720238,1.0052827381
2012-10-19 14:21:23,27424,1,25.2782738095,0.977901785714
2012-10-19 14:21:24,27425,1,26.2902529762,1.01197916667
2012-10-19 14:21:25,27426,1,27.248139881,0.957886904762
2012-10-19 14:21:26,27427,1,28.0524553571,0.80431547619
2012-10-19 14:21:27,27428,1,28.7316220238,0.679166666667
2012-10-19 14:21:28,27429,1,29.3983630952,0.666741071429
2012-10-19 14:21:29,27430,1,30.1022321429,0.703869047619
2012-10-19 14:21:30,27431,1,30.7557291667,0.65349702381
2012-10-19 14:21:31,27432,1,31.2042410714,0.448511904762
2012-10-19 14:21:32,27433,1,31.3802083333,0.175967261905
2012-10-19 14:21:33,27434,1,31.3848214286,0.0046130952381
2012-10-19 14:21:34,27435,1,31.3965029762,0.0116815476191
2012-10-19 14:21:35,27436,1,31.5086309524,0.11212797619
2012-10-19 14:21:36,27437,1,31.6851934524,0.1765625
2012-10-19 14:21:37,27438,1,31.8645089286,0.17931547619
2012-10-19 14:21:38,27439,1,32.0553571429,0.190848214286
2012-10-19 14:21:39,27440,1,32.3148809524,0.259523809524
2012-10-19 14:21:40,27441,1,32.6754464286,0.36056547619
2012-10-19 14:21:41,27442,1,33.1227678571,0.447321428571
2012-10-19 14:21:42,27443,1,33.6191964286,0.496428571429
2012-10-19 14:21:43,27444,1,34.1150297619,0.495833333333
2012-10-19 14:21:44,27445,1,34.5537202381,0.43869047619
2012-10-19 14:21:45,27446,1,34.9046875,0.350967261905
2012-10-19 14:21:46,27447,1,35.1895833333,0.284895833333
2012-10-19 14:21:47,27448,1,35.449702381,0.260119047619
2012-10-19 14:21:48,27449,1,35.6791666667,0.229464285714
2012-10-19 14:21:49,27450,1,35.809077381,0.129910714286
2012-10-19 14:21:50,27451,1,35.7828869048,-0.0261904761905
2012-10-19 14:21:51,27452,1,35.6361607143,-0.146726190476
2012-10-19 14:21:52,27453,1,35.4701636905,-0.16599702381
2012-10-19 14:21:53,27454,1,35.3491071429,-0.121056547619
2012-10-19 14:21:54,27455,1,35.2408482143,-0.108258928571
2012-10-19 14:21:55,27456,1,35.0514136905,-0.189434523809
2012-10-19 14:21:56,27457,1,34.6928571429,-0.358556547619
2012-10-19 14:21:57,27458,1,34.1113095238,-0.581547619048
2012-10-19 14:21:58,27459,1,33.2898809524,-0.821428571429
2012-10-19 14:21:59,27460,1,32.274702381,-1.01517857143
2012-10-19 14:22:00,27461,1,31.2121279762,-1.06257440476
2012-10-19 14:22:01,27462,1,30.3484375,-0.863690476191
2012-10-19 14:22:02,27463,1,29.9543154762,-0.394122023809
2012-10-19 14:22:03,27464,1,30.1871279762,0.2328125
2012-10-19 14:22:04,27465,1,30.9855654762,0.7984375
2012-10-19 14:22:05,27466,1,32.0936755952,1.10811011905
2012-10-19 14:22:06,27467,1,33.1980654762,1.10438988095
2012-10-19 14:22:07,27468,1,34.0631696429,0.865104166667
2012-10-19 14:22:08,27469,1,34.5831845238,0.520014880952
2012-10-19 14:22:09,27470,1,34.7589285714,0.175744047619
2012-10-19 14:22:10,27471,1,34.6202380952,-0.13869047619
2012-10-19 14:22:11,27472,1,34.129389881,-0.490848214286
2012-10-19 14:22:12,27473,1,33.1360119048,-0.993377976191
2012-10-19 14:22:13,27474,1,31.3961309524,-1.73988095238
2012-10-19 14:22:14,27475,1,28.6383928571,-2.75773809524
2012-10-19 14:22:15,27476,1,24.6998139881,-3.93857886905
2012-10-19 14:22:16,27477,1,19.7230654762,-4.9767485119
2012-10-19 14:22:17,27478,1,14.3071056548,-5.41595982143
2012-10-19 14:22:18,27479,1,9.39851190476,-4.90859375
2012-10-19 14:22:19,27480,1,5.85818452381,-3.54032738095
2012-10-19 14:22:20,27481,1,4.00967261905,-1.84851190476
2012-10-19 14:22:21,27482,1,3.5265625,-0.483110119048
2012-10-19 14:22:22,27483,1,3.78697916667,0.260416666667
2012-10-19 14:22:23,27484,1,4.49620535714,0.709226190476
2012-10-19 14:22:24,27485,1,5.92842261905,1.4322172619
2012-10-19 14:22:25,27486,1,8.44836309524,2.51994047619
2012-10-19 14:22:26,27487,1,11.9649553571,3.5165922619
2012-10-19 14:22:27,27488,1,15.9435639881,3.97860863095
2012-10-19 14:22:28,27489,1,19.7841517857,3.84058779762
2012-10-19 14:22:29,27490,1,23.1380952381,3.35394345238
2012-10-19 14:22:30,27491,1,25.9080357143,2.76994047619
2012-10-19 14:22:31,27492,1,28.0235491071,2.11551339286
2012-10-19 14:22:32,27493,1,29.4078869048,1.38433779762
2012-10-19 14:22:33,27494,1,30.1822544643,0.774367559524
2012-10-19 14:22:34,27495,1,30.6770089286,0.494754464286
2012-10-19 14:22:35,27496,1,31.0916666667,0.414657738095
2012-10-19 14:22:36,27497,1,31.2486607143,0.156994047619
2012-10-19 14:22:37,27498,1,30.8738467262,-0.374813988095
2012-10-19 14:22:38,27499,1,30.0310267857,-0.842819940476
2012-10-19 14:22:39,27500,1,29.0934895833,-0.937537202381
2012-10-19 14:22:40,27501,1,28.3941220238,-0.699367559524
2012-10-19 14:22:41,27502,1,27.9931919643,-0.400930059524
2012-10-19 14:22:42,27503,1,27.7272321429,-0.265959821429
2012-10-19 14:22:43,27504,1,27.4910714286,-0.236160714286
2012-10-19 14:22:44,27505,1,27.3901785714,-0.100892857143
2012-10-19 14:22:45,27506,1,27.5443452381,0.154166666667
2012-10-19 14:22:46,27507,1,27.8957589286,0.351413690476
2012-10-19 14:22:47,27508,1,28.2825892857,0.386830357143
2012-10-19 14:22:48,27509,1,28.5931547619,0.31056547619
2012-10-19 14:22:49,27510,1,28.818452381,0.225297619048
2012-10-19 14:22:50,27511,1,29.03125,0.212797619048
2012-10-19 14:22:51,27512,1,29.3735863095,0.342336309524
2012-10-19 14:22:52,27513,1,30.0433035714,0.669717261905
2012-10-19 14:22:53,27514,1,31.234672619,1.19136904762
2012-10-19 14:22:54,27515,1,33.0590029762,1.82433035714
2012-10-19 14:22:55,27516,1,35.491889881,2.43288690476
2012-10-19 14:22:56,27517,1,38.3689732143,2.87708333333
2012-10-19 14:22:57,27518,1,41.4239583333,3.05498511905
2012-10-19 14:22:58,27519,1,44.3499255952,2.9259672619
2012-10-19 14:22:59,27520,1,46.9046875,2.55476190476
2012-10-19 14:23:00,27521,1,49.0194940476,2.11480654762
2012-10-19 14:23:01,27522,1,50.7764880952,1.75699404762
2012-10-19 14:23:02,27523,1,52.2760416667,1.49955357143
2012-10-19 14:23:03,27524,1,53.5638392857,1.28779761905
2012-10-19 14:23:04,27525,1,54.6537946429,1.08995535714
2012-10-19 14:23:05,27526,1,55.5633184524,0.909523809524
2012-10-19 14:23:06,27527,1,56.3072172619,0.743898809524
2012-10-19 14:23:07,27528,1,56.8447916667,0.537574404762
2012-10-19 14:23:08,27529,1,57.0581845238,0.213392857143
2012-10-19 14:23:09,27530,1,56.8445684524,-0.213616071429
2012-10-19 14:23:10,27531,1,56.2264880952,-0.618080357143
2012-10-19 14:23:11,27532,1,55.3332589286,-0.893229166667
2012-10-19 14:23:12,27533,1,54.3264880952,-1.00677083333
2012-10-19 14:23:13,27534,1,53.4037202381,-0.922767857143
2012-10-19 14:23:14,27535,1,52.7898809524,-0.613839285714
2012-10-19 14:23:15,27536,1,52.6281994048,-0.161681547619
2012-10-19 14:23:16,27537,1,52.9203869048,0.2921875
2012-10-19 14:23:17,27538,1,53.610639881,0.690252976191
2012-10-19 14:23:18,27539,1,54.6925595238,1.08191964286
2012-10-19 14:23:19,27540,1,56.2258184524,1.53325892857
2012-10-19 14:23:20,27541,1,58.2276041667,2.00178571429
2012-10-19 14:23:21,27542,1,60.5148809524,2.28727678571
2012-10-19 14:23:22,27543,1,62.7133928571,2.19851190476
2012-10-19 14:23:23,27544,1,64.4683035714,1.75491071429
2012-10-19 14:23:24,27545,1,65.6067708333,1.1384672619
2012-10-19 14:23:25,27546,1,66.1284970238,0.521726190476
2012-10-19 14:23:26,27547,1,66.11875,-0.0097470238095
2012-10-19 14:23:27,27548,1,65.6567708333,-0.461979166667
2012-10-19 14:23:28,27549,1,64.7822916667,-0.874479166667
2012-10-19 14:23:29,27550,1,63.5588541667,-1.2234375
2012-10-19 14:23:30,27551,1,62.1459077381,-1.41294642857
2012-10-19 14:23:31,27552,1,60.8024553571,-1.34345238095
2012-10-19 14:23:32,27553,1,59.8274553571,-0.975
2012-10-19 14:23:33,27554,1,59.4441220238,-0.383333333333
2012-10-19 14:23:34,27555,1,59.6928571429,0.248735119048
2012-10-19 14:23:35,27556,1,60.4265625,0.733705357143
2012-10-19 14:23:36,27557,1,61.3930803571,0.966517857143
2012-10-19 14:23:37,27558,1,62.3322916667,0.939211309524
2012-10-19 14:23:38,27559,1,63.0508928571,0.718601190476
2012-10-19 14:23:39,27560,1,63.4648065476,0.413913690476
2012-10-19 14:23:40,27561,1,63.6016369048,0.136830357143
2012-10-19 14:23:41,27562,1,63.5534970238,-0.0481398809524
2012-10-19 14:23:42,27563,1,63.4216517857,-0.131845238095
2012-10-19 14:23:43,27564,1,63.3115327381,-0.110119047619
2012-10-19 14:23:44,27565,1,63.3416666667,0.0301339285715
2012-10-19 14:23:45,27566,1,63.6103422619,0.268675595238
2012-10-19 14:23:46,27567,1,64.1480654762,0.537723214286
2012-10-19 14:23:47,27568,1,64.9077380952,0.759672619048
2012-10-19 14:23:48,27569,1,65.7946428571,0.886904761905
2012-10-19 14:23:49,27570,1,66.6921130952,0.897470238095
2012-10-19 14:23:50,27571,1,67.4791666667,0.787053571429
2012-10-19 14:23:51,27572,1,68.074702381,0.595535714286
2012-10-19 14:23:52,27573,1,68.4770833333,0.402380952381
2012-10-19 14:23:53,27574,1,68.754985119,0.277901785714
2012-10-19 14:23:54,27575,1,68.9845238095,0.229538690476
2012-10-19 14:23:55,27576,1,69.149702381,0.165178571429
2012-10-19 14:23:56,27577,1,69.1217261905,-0.0279761904762
2012-10-19 14:23:57,27578,1,68.7992559524,-0.322470238095
2012-10-19 14:23:58,27579,1,68.2470238095,-0.552232142857
2012-10-19 14:23:59,27580,1,67.6515625,-0.595461309524
2012-10-19 14:24:00,27581,1,67.1605654762,-0.490997023809
2012-10-19 14:24:01,27582,1,66.7811011905,-0.379464285714
2012-10-19 14:24:02,27583,1,66.4165922619,-0.364508928571
2012-10-19 14:24:03,27584,1,65.9904761905,-0.426116071429
2012-10-19 14:24:04,27585,1,65.5302827381,-0.460193452381
2012-10-19 14:24:05,27586,1,65.1347470238,-0.395535714286
2012-10-19 14:24:06,27587,1,64.8729166667,-0.261830357143
2012-10-19 14:24:07,27588,1,64.7215029762,-0.151413690476
2012-10-19 14:24:08,27589,1,64.5897321429,-0.131770833333
2012-10-19 14:24:09,27590,1,64.3933779762,-0.196354166667
2012-10-19 14:24:10,27591,1,64.108110119,-0.285267857143
2012-10-19 14:24:11,27592,1,63.7713541667,-0.336755952381
2012-10-19 14:24:12,27593,1,63.4503720238,-0.320982142857
2012-10-19 14:24:13,27594,1,63.2020089286,-0.248363095238
2012-10-19 14:24:14,27595,1,63.0465029762,-0.155505952381
2012-10-19 14:24:15,27596,1,62.975,-0.0715029761905
2012-10-19 14:24:16,27597,1,62.9755208333,0.000520833333297
2012-10-19 14:24:17,27598,1,63.0401785714,0.0646577380953
2012-10-19 14:24:18,27599,1,63.1549107143,0.114732142857
2012-10-19 14:24:19,27600,1,63.3066220238,0.151711309524
2012-10-19 14:24:20,27601,1,63.5087053571,0.202083333333
2012-10-19 14:24:21,27602,1,63.8044642857,0.295758928571
2012-10-19 14:24:22,27603,1,64.2406994048,0.436235119048
2012-10-19 14:24:23,27604,1,64.8436011905,0.602901785714
2012-10-19 14:24:24,27605,1,65.6085565476,0.764955357143
2012-10-19 14:24:25,27606,1,66.5076636905,0.899107142857
2012-10-19 14:24:26,27607,1,67.5151041667,1.00744047619
2012-10-19 14:24:27,27608,1,68.6098214286,1.0947172619
2012-10-19 14:24:28,27609,1,69.7348958333,1.12507440476
2012-10-19 14:24:29,27610,1,70.7677827381,1.03288690476
2012-10-19 14:24:30,27611,1,71.5537202381,0.7859375
2012-10-19 14:24:31,27612,1,71.9860119048,0.432291666667
2012-10-19 14:24:32,27613,1,72.0728422619,0.0868303571429
2012-10-19 14:24:33,27614,1,71.9333333333,-0.139508928572
2012-10-19 14:24:34,27615,1,71.7193452381,-0.213988095238
2012-10-19 14:24:35,27616,1,71.5348958333,-0.184449404762
2012-10-19 14:24:36,27617,1,71.4200892857,-0.114806547619
2012-10-19 14:24:37,27618,1,71.3796875,-0.0404017857143
2012-10-19 14:24:38,27619,1,71.4037946429,0.0241071428571
2012-10-19 14:24:39,27620,1,71.4692708333,0.0654761904762
2012-10-19 14:24:40,27621,1,71.5354166667,0.0661458333333
2012-10-19 14:24:41,27622,1,71.5491815476,0.0137648809524
2012-10-19 14:24:42,27623,1,71.4671130952,-0.0820684523809
2012-10-19 14:24:43,27624,1,71.274702381,-0.192410714286
2012-10-19 14:24:44,27625,1,70.9818452381,-0.292857142857
2012-10-19 14:24:45,27626,1,70.6069940476,-0.374851190476
2012-10-19 14:24:46,27627,1,70.1765625,-0.430431547619
2012-10-19 14:24:47,27628,1,69.7410714286,-0.435491071429
2012-10-19 14:24:48,27629,1,69.373735119,-0.367336309524
2012-10-19 14:24:49,27630,1,69.1334077381,-0.240327380952
2012-10-19 14:24:50,27631,1,69.0376488095,-0.0957589285714
2012-10-19 14:24:51,27632,1,69.0800595238,0.0424107142857
2012-10-19 14:24:52,27633,1,69.2610863095,0.181026785714
2012-10-19 14:24:53,27634,1,69.6027529762,0.341666666667
2012-10-19 14:24:54,27635,1,70.1321428571,0.529389880952
2012-10-19 14:24:55,27636,1,70.8324404762,0.700297619048
2012-10-19 14:24:56,27637,1,71.6164434524,0.78400297619
2012-10-19 14:24:57,27638,1,72.3628720238,0.746428571429
2012-10-19 14:24:58,27639,1,72.9691220238,0.60625
2012-10-19 14:24:59,27640,1,73.3666666667,0.397544642857
2012-10-19 14:25:00,27641,1,73.5108630952,0.144196428571
2012-10-19 14:25:01,27642,1,73.3874255952,-0.1234375
2012-10-19 14:25:02,27643,1,73.0409970238,-0.346428571429
2012-10-19 14:25:03,27644,1,72.593452381,-0.447544642857
2012-10-19 14:25:04,27645,1,72.2270833333,-0.366369047619
2012-10-19 14:25:05,27646,1,72.1120535714,-0.115029761905
2012-10-19 14:25:06,27647,1,72.2907738095,0.178720238095
2012-10-19 14:25:07,27648,1,72.618452381,0.327678571429
2012-10-19 14:25:08,27649,1,72.8411458333,0.222693452381
2012-10-19 14:25:09,27650,1,72.7585565476,-0.0825892857143
2012-10-19 14:25:10,27651,1,72.3561011905,-0.402455357143
2012-10-19 14:25:11,27652,1,71.8241071429,-0.531994047619
2012-10-19 14:25:12,27653,1,71.4433779762,-0.380729166667
2012-10-19 14:25:13,27654,1,71.4098214286,-0.033556547619
2012-10-19 14:25:14,27655,1,71.7332589286,0.3234375
2012-10-19 14:25:15,27656,1,72.275297619,0.542038690476
2012-10-19 14:25:16,27657,1,72.8603422619,0.585044642857
2012-10-19 14:25:17,27658,1,73.3651041667,0.504761904762
2012-10-19 14:25:18,27659,1,73.7496279762,0.384523809524
2012-10-19 14:25:19,27660,1,74.0324404762,0.2828125
2012-10-19 14:25:20,27661,1,74.240922619,0.208482142857
2012-10-19 14:25:21,27662,1,74.3810267857,0.140104166667
2012-10-19 14:25:22,27663,1,74.4354910714,0.0544642857143
2012-10-19 14:25:23,27664,1,74.3755952381,-0.0598958333334
2012-10-19 14:25:24,27665,1,74.1805803571,-0.195014880952
2012-10-19 14:25:25,27666,1,73.8546875,-0.325892857143
2012-10-19 14:25:26,27667,1,73.4316220238,-0.423065476191
2012-10-19 14:25:27,27668,1,72.9692708333,-0.462351190476
2012-10-19 14:25:28,27669,1,72.5332589286,-0.436011904762
2012-10-19 14:25:29,27670,1,72.1756696429,-0.357589285714
2012-10-19 14:25:30,27671,1,71.9325892857,-0.243080357143
2012-10-19 14:25:31,27672,1,71.8296875,-0.102901785714
2012-10-19 14:25:32,27673,1,71.8599702381,0.0302827380952
2012-10-19 14:25:33,27674,1,71.9549107143,0.0949404761905
2012-10-19 14:25:34,27675,1,71.9990327381,0.0441220238095
2012-10-19 14:25:35,27676,1,71.8863095238,-0.112723214286
2012-10-19 14:25:36,27677,1,71.5823660714,-0.303943452381
2012-10-19 14:25:37,27678,1,71.1492559524,-0.433110119048
2012-10-19 14:25:38,27679,1,70.6997767857,-0.449479166667
2012-10-19 14:25:39,27680,1,70.3149553571,-0.384821428571
2012-10-19 14:25:40,27681,1,70.0049107143,-0.310044642857
2012-10-19 14:25:41,27682,1,69.7369791667,-0.267931547619
2012-10-19 14:25:42,27683,1,69.4806547619,-0.256324404762
2012-10-19 14:25:43,27684,1,69.2284970238,-0.252157738095
2012-10-19 14:25:44,27685,1,68.9973214286,-0.231175595238
2012-10-19 14:25:45,27686,1,68.8154761905,-0.181845238095
2012-10-19 14:25:46,27687,1,68.69375,-0.121726190476
2012-10-19 14:25:47,27688,1,68.5936011905,-0.100148809524
2012-10-19 14:25:48,27689,1,68.4173363095,-0.176264880952
2012-10-19 14:25:49,27690,1,68.0446428571,-0.372693452381
2012-10-19 14:25:50,27691,1,67.4181547619,-0.626488095238
2012-10-19 14:25:51,27692,1,66.615922619,-0.802232142857
2012-10-19 14:25:52,27693,1,65.8270833333,-0.788839285714
2012-10-19 14:25:53,27694,1,65.2540178571,-0.57306547619
2012-10-19 14:25:54,27695,1,65.032514881,-0.22150297619
2012-10-19 14:25:55,27696,1,65.1868303571,0.15431547619
2012-10-19 14:25:56,27697,1,65.6102678571,0.4234375
2012-10-19 14:25:57,27698,1,66.084077381,0.473809523809
2012-10-19 14:25:58,27699,1,66.3442708333,0.260193452381
2012-10-19 14:25:59,27700,1,66.2264136905,-0.117857142857
2012-10-19 14:26:00,27701,1,65.8086309524,-0.417782738095
2012-10-19 14:26:01,27702,1,65.3741071429,-0.434523809524
2012-10-19 14:26:02,27703,1,65.2155505952,-0.158556547619
2012-10-19 14:26:03,27704,1,65.4553571429,0.239806547619
2012-10-19 14:26:04,27705,1,65.9811755952,0.525818452381
2012-10-19 14:26:05,27706,1,66.54375,0.562574404762
2012-10-19 14:26:06,27707,1,66.9520833333,0.408333333333
2012-10-19 14:26:07,27708,1,67.1840029762,0.231919642857
2012-10-19 14:26:08,27709,1,67.3426339286,0.158630952381
2012-10-19 14:26:09,27710,1,67.5497767857,0.207142857143
2012-10-19 14:26:10,27711,1,67.864360119,0.314583333333
2012-10-19 14:26:11,27712,1,68.2458333333,0.381473214286
2012-10-19 14:26:12,27713,1,68.5697172619,0.323883928572
2012-10-19 14:26:13,27714,1,68.6962053571,0.126488095238
2012-10-19 14:26:14,27715,1,68.5316220238,-0.164583333333
2012-10-19 14:26:15,27716,1,68.0144345238,-0.5171875
2012-10-19 14:26:16,27717,1,67.0652529762,-0.949181547619
2012-10-19 14:26:17,27718,1,65.6101190476,-1.45513392857
2012-10-19 14:26:18,27719,1,63.6880208333,-1.92209821429
2012-10-19 14:26:19,27720,1,61.520014881,-2.16800595238
2012-10-19 14:26:20,27721,1,59.4363839286,-2.08363095238
2012-10-19 14:26:21,27722,1,57.6764136905,-1.7599702381
2012-10-19 14:26:22,27723,1,56.206547619,-1.46986607143
2012-10-19 14:26:23,27724,1,54.7583333333,-1.44821428571
2012-10-19 14:26:24,27725,1,53.0779017857,-1.68043154762
2012-10-19 14:26:25,27726,1,51.1290178571,-1.94888392857
2012-10-19 14:26:26,27727,1,49.0952380952,-2.0337797619
2012-10-19 14:26:27,27728,1,47.2480654762,-1.84717261905
2012-10-19 14:26:28,27729,1,45.7889136905,-1.45915178571
2012-10-19 14:26:29,27730,1,44.7555803571,-1.03333333333
2012-10-19 14:26:30,27731,1,44.0432291667,-0.712351190476
2012-10-19 14:26:31,27732,1,43.5046875,-0.538541666667
2012-10-19 14:26:32,27733,1,43.0607886905,-0.443898809524
2012-10-19 14:26:33,27734,1,42.7576636905,-0.303125
2012-10-19 14:26:34,27735,1,42.7271577381,-0.030505952381
2012-10-19 14:26:35,27736,1,43.0788690476,0.351711309524
2012-10-19 14:26:36,27737,1,43.8154017857,0.736532738095
2012-10-19 14:26:37,27738,1,44.8319196429,1.01651785714
2012-10-19 14:26:38,27739,1,45.9885416667,1.15662202381
2012-10-19 14:26:39,27740,1,47.1861607143,1.19761904762
2012-10-19 14:26:40,27741,1,48.3557291667,1.16956845238
2012-10-19 14:26:41,27742,1,49.373735119,1.01800595238
2012-10-19 14:26:42,27743,1,50.0477678571,0.674032738095
2012-10-19 14:26:43,27744,1,50.2294642857,0.181696428571
2012-10-19 14:26:44,27745,1,49.9300595238,-0.299404761905
2012-10-19 14:26:45,27746,1,49.3180059524,-0.612053571429
2012-10-19 14:26:46,27747,1,48.6017857143,-0.716220238095
2012-10-19 14:26:47,27748,1,47.894047619,-0.707738095238
2012-10-19 14:26:48,27749,1,47.1711309524,-0.722916666667
2012-10-19 14:26:49,27750,1,46.3388392857,-0.832291666667
2012-10-19 14:26:50,27751,1,45.3046875,-1.03415178571
2012-10-19 14:26:51,27752,1,44.0105654762,-1.29412202381
2012-10-19 14:26:52,27753,1,42.4824404762,-1.528125
2012-10-19 14:26:53,27754,1,40.8930803571,-1.58936011905
2012-10-19 14:26:54,27755,1,39.5212797619,-1.37180059524
2012-10-19 14:26:55,27756,1,38.5773809524,-0.943898809524
2012-10-19 14:26:56,27757,1,38.0550595238,-0.522321428571
2012-10-19 14:26:57,27758,1,37.7743303571,-0.280729166667
2012-10-19 14:26:58,27759,1,37.5896577381,-0.184672619048
2012-10-19 14:26:59,27760,1,37.5605654762,-0.0290922619047
2012-10-19 14:27:00,27761,1,37.9041666667,0.343601190476
2012-10-19 14:27:01,27762,1,38.7847470238,0.880580357143
2012-10-19 14:27:02,27763,1,40.1710565476,1.38630952381
2012-10-19 14:27:03,27764,1,41.8820684524,1.71101190476
2012-10-19 14:27:04,27765,1,43.728422619,1.84635416667
2012-10-19 14:27:05,27766,1,45.5967261905,1.86830357143
2012-10-19 14:27:06,27767,1,47.4087797619,1.81205357143
2012-10-19 14:27:07,27768,1,49.008110119,1.59933035714
2012-10-19 14:27:08,27769,1,50.1374255952,1.12931547619
2012-10-19 14:27:09,27770,1,50.6093005952,0.471875
2012-10-19 14:27:10,27771,1,50.4897321429,-0.119568452381
2012-10-19 14:27:11,27772,1,50.0711309524,-0.418601190476
2012-10-19 14:27:12,27773,1,49.686235119,-0.384895833333
2012-10-19 14:27:13,27774,1,49.5154761905,-0.170758928571
2012-10-19 14:27:14,27775,1,49.5253720238,0.0098958333333
2012-10-19 14:27:15,27776,1,49.6050595238,0.0796875
2012-10-19 14:27:16,27777,1,49.6991071429,0.0940476190476
2012-10-19 14:27:17,27778,1,49.7725446429,0.0734375
2012-10-19 14:27:18,27779,1,49.777827381,0.0052827380953
2012-10-19 14:27:19,27780,1,49.7279761905,-0.0498511904762
2012-10-19 14:27:20,27781,1,49.7424107143,0.0144345238095
2012-10-19 14:27:21,27782,1,49.9904761905,0.248065476191
2012-10-19 14:27:22,27783,1,50.5801339286,0.589657738095
2012-10-19 14:27:23,27784,1,51.4724702381,0.892336309524
2012-10-19 14:27:24,27785,1,52.5037202381,1.03125
2012-10-19 14:27:25,27786,1,53.5033482143,0.999627976191
2012-10-19 14:27:26,27787,1,54.3885416667,0.885193452381
2012-10-19 14:27:27,27788,1,55.1615327381,0.772991071428
2012-10-19 14:27:28,27789,1,55.8484375,0.686904761905
2012-10-19 14:27:29,27790,1,56.4463541667,0.597916666667
2012-10-19 14:27:30,27791,1,56.9161458333,0.469791666667
2012-10-19 14:27:31,27792,1,57.2182291667,0.302083333333
2012-10-19 14:27:32,27793,1,57.3558779762,0.137648809524
2012-10-19 14:27:33,27794,1,57.382514881,0.0266369047619
2012-10-19 14:27:34,27795,1,57.3583333333,-0.0241815476191
2012-10-19 14:27:35,27796,1,57.3056547619,-0.0526785714285
2012-10-19 14:27:36,27797,1,57.215327381,-0.0903273809524
2012-10-19 14:27:37,27798,1,57.079389881,-0.1359375
2012-10-19 14:27:38,27799,1,56.9083333333,-0.171056547619
2012-10-19 14:27:39,27800,1,56.7282738095,-0.18005952381
2012-10-19 14:27:40,27801,1,56.5618303571,-0.166443452381
2012-10-19 14:27:41,27802,1,56.412797619,-0.149032738095
2012-10-19 14:27:42,27803,1,56.2705357143,-0.142261904762
2012-10-19 14:27:43,27804,1,56.1139136905,-0.156622023809
2012-10-19 14:27:44,27805,1,55.9178571429,-0.196056547619
2012-10-19 14:27:45,27806,1,55.6845238095,-0.233333333333
2012-10-19 14:27:46,27807,1,55.4638392857,-0.22068452381
2012-10-19 14:27:47,27808,1,55.3226934524,-0.141145833333
2012-10-19 14:27:48,27809,1,55.295014881,-0.0276785714285
2012-10-19 14:27:49,27810,1,55.3676339286,0.072619047619
2012-10-19 14:27:50,27811,1,55.5124255952,0.144791666667
2012-10-19 14:27:51,27812,1,55.727827381,0.215401785714
2012-10-19 14:27:52,27813,1,56.0447172619,0.316889880952
2012-10-19 14:27:53,27814,1,56.4943452381,0.44962797619
2012-10-19 14:27:54,27815,1,57.0744791667,0.580133928571
2012-10-19 14:27:55,27816,1,57.7402529762,0.665773809524
2012-10-19 14:27:56,27817,1,58.4127232143,0.672470238095
2012-10-19 14:27:57,27818,1,58.9816964286,0.568973214286
2012-10-19 14:27:58,27819,1,59.3125,0.330803571429
2012-10-19 14:27:59,27820,1,59.2955357143,-0.0169642857143
2012-10-19 14:28:00,27821,1,58.9212797619,-0.374255952381
2012-10-19 14:28:01,27822,1,58.3032738095,-0.618005952381
2012-10-19 14:28:02,27823,1,57.6113095238,-0.691964285714
2012-10-19 14:28:03,27824,1,56.9613839286,-0.649925595238
2012-10-19 14:28:04,27825,1,56.3577380952,-0.603645833333
2012-10-19 14:28:05,27826,1,55.7441220238,-0.613616071429
2012-10-19 14:28:06,27827,1,55.1005208333,-0.643601190476
2012-10-19 14:28:07,27828,1,54.4726190476,-0.627901785714
2012-10-19 14:28:08,27829,1,53.917485119,-0.555133928571
2012-10-19 14:28:09,27830,1,53.4351934524,-0.482291666667
2012-10-19 14:28:10,27831,1,52.9519345238,-0.483258928572
2012-10-19 14:28:11,27832,1,52.3767857143,-0.575148809524
2012-10-19 14:28:12,27833,1,51.6793154762,-0.697470238095
2012-10-19 14:28:13,27834,1,50.8883928571,-0.790922619048
2012-10-19 14:28:14,27835,1,49.9916666667,-0.896726190476
2012-10-19 14:28:15,27836,1,48.8420386905,-1.14962797619
2012-10-19 14:28:16,27837,1,47.1798363095,-1.66220238095
2012-10-19 14:28:17,27838,1,44.7584077381,-2.42142857143
2012-10-19 14:28:18,27839,1,41.4788690476,-3.27953869048
2012-10-19 14:28:19,27840,1,37.4546130952,-4.02425595238
2012-10-19 14:28:20,27841,1,32.9718005952,-4.4828125
2012-10-19 14:28:21,27842,1,28.3841517857,-4.58764880952
2012-10-19 14:28:22,27843,1,24.0241815476,-4.3599702381
2012-10-19 14:28:23,27844,1,20.1446428571,-3.87953869048
2012-10-19 14:28:24,27845,1,16.8649553571,-3.2796875
2012-10-19 14:28:25,27846,1,14.1574404762,-2.70751488095
2012-10-19 14:28:26,27847,1,11.8912946429,-2.26614583333
2012-10-19 14:28:27,27848,1,9.88199404762,-2.00930059524
2012-10-19 14:28:28,27849,1,7.94523809524,-1.93675595238
2012-10-19 14:28:29,27850,1,6.03199404762,-1.91324404762
2012-10-19 14:28:30,27851,1,4.41049107143,-1.62150297619
2012-10-19 14:28:31,27852,1,3.66763392857,-0.742857142857
2012-10-19 14:28:32,27853,1,4.36443452381,0.696800595238
2012-10-19 14:28:33,27854,1,6.55543154762,2.19099702381
2012-10-19 14:28:34,27855,1,9.64724702381,3.09181547619
2012-10-19 14:28:35,27856,1,12.7630208333,3.11577380952
2012-10-19 14:28:36,27857,1,15.2290178571,2.46599702381
2012-10-19 14:28:37,27858,1,16.7877232143,1.55870535714
2012-10-19 14:28:38,27859,1,17.5206845238,0.732961309524
2012-10-19 14:28:39,27860,1,17.647172619,0.126488095238
2012-10-19 14:28:40,27861,1,17.3828869048,-0.264285714286
2012-10-19 14:28:41,27862,1,16.9283482143,-0.454538690476
2012-10-19 14:28:42,27863,1,16.4619047619,-0.466443452381
2012-10-19 14:28:43,27864,1,16.095610119,-0.366294642857
2012-10-19 14:28:44,27865,1,15.9039434524,-0.191666666667
2012-10-19 14:28:45,27866,1,15.9816964286,0.0777529761904
2012-10-19 14:28:46,27867,1,16.4150297619,0.433333333333
2012-10-19 14:28:47,27868,1,17.2483630952,0.833333333333
2012-10-19 14:28:48,27869,1,18.505952381,1.25758928571
2012-10-19 14:28:49,27870,1,20.1294642857,1.62351190476
2012-10-19 14:28:50,27871,1,21.8619047619,1.73244047619
2012-10-19 14:28:51,27872,1,23.3249255952,1.46302083333
2012-10-19 14:28:52,27873,1,24.2796875,0.954761904762
2012-10-19 14:28:53,27874,1,24.8122767857,0.532589285714
2012-10-19 14:28:54,27875,1,25.2890625,0.476785714286
2012-10-19 14:28:55,27876,1,26.0881696429,0.799107142857
2012-10-19 14:28:56,27877,1,27.3197172619,1.23154761905
2012-10-19 14:28:57,27878,1,28.8038690476,1.48415178571
2012-10-19 14:28:58,27879,1,30.239360119,1.43549107143
2012-10-19 14:28:59,27880,1,31.3470238095,1.10766369048
2012-10-19 14:29:00,27881,1,31.9700892857,0.623065476191
2012-10-19 14:29:01,27882,1,32.121577381,0.151488095238
2012-10-19 14:29:02,27883,1,31.9207589286,-0.200818452381
2012-10-19 14:29:03,27884,1,31.479985119,-0.440773809524
2012-10-19 14:29:04,27885,1,30.8542410714,-0.625744047619
2012-10-19 14:29:05,27886,1,30.0988839286,-0.755357142857
2012-10-19 14:29:06,27887,1,29.356547619,-0.742336309524
2012-10-19 14:29:07,27888,1,28.8334077381,-0.523139880952
2012-10-19 14:29:08,27889,1,28.6706845238,-0.162723214286
2012-10-19 14:29:09,27890,1,28.8407738095,0.170089285714
2012-10-19 14:29:10,27891,1,29.1181547619,0.277380952381
2012-10-19 14:29:11,27892,1,29.1063988095,-0.011755952381
2012-10-19 14:29:12,27893,1,28.3363839286,-0.770014880952
2012-10-19 14:29:13,27894,1,26.4577380952,-1.87864583333
2012-10-19 14:29:14,27895,1,23.487797619,-2.96994047619
2012-10-19 14:29:15,27896,1,19.9558035714,-3.53199404762
2012-10-19 14:29:16,27897,1,16.7100446429,-3.24575892857
2012-10-19 14:29:17,27898,1,14.413764881,-2.2962797619
2012-10-19 14:29:18,27899,1,13.1305803571,-1.28318452381
2012-10-19 14:29:19,27900,1,12.3683779762,-0.762202380952
2012-10-19 14:29:20,27901,1,11.5300595238,-0.838318452381
2012-10-19 14:29:21,27902,1,10.3436383929,-1.18642113095
2012-10-19 14:29:22,27903,1,8.89873511905,-1.44490327381
2012-10-19 14:29:23,27904,1,7.36116071429,-1.53757440476
2012-10-19 14:29:24,27905,1,5.74077380952,-1.62038690476
2012-10-19 14:29:25,27906,1,3.98147321429,-1.75930059524
2012-10-19 14:29:26,27907,1,2.303125,-1.67834821429
2012-10-19 14:29:27,27908,1,0.0,-2.303125
2012-10-19 14:29:52,27933,25,0.0,0.0
2012-10-19 14:29:53,27934,1,4.35703125,4.35703125
2012-10-19 14:29:54,27935,1,7.76391369048,3.40688244048
2012-10-19 14:29:55,27936,1,11.3364583333,3.57254464286
2012-10-19 14:29:56,27937,1,14.582514881,3.24605654762
2012-10-19 14:29:57,27938,1,17.4848958333,2.90238095238
2012-10-19 14:29:58,27939,1,20.1549107143,2.67001488095
2012-10-19 14:29:59,27940,1,22.546875,2.39196428571
2012-10-19 14:30:00,27941,1,24.4804315476,1.93355654762
2012-10-19 14:30:01,27942,1,25.8843005952,1.40386904762
2012-10-19 14:30:02,27943,1,26.9272321429,1.04293154762
2012-10-19 14:30:03,27944,1,27.849702381,0.922470238095
2012-10-19 14:30:04,27945,1,28.6863839286,0.836681547619
2012-10-19 14:30:05,27946,1,29.1926339286,0.50625
2012-10-19 14:30:06,27947,1,29.1068452381,-0.0857886904762
2012-10-19 14:30:07,27948,1,28.5116071429,-0.595238095238
2012-10-19 14:30:08,27949,1,27.8918154762,-0.619791666667
2012-10-19 14:30:09,27950,1,27.8306547619,-0.0611607142857
2012-10-19 14:30:10,27951,1,28.6193452381,0.78869047619
2012-10-19 14:30:11,27952,1,30.0770089286,1.45766369048
2012-10-19 14:30:12,27953,1,31.7371279762,1.66011904762
2012-10-19 14:30:13,27954,1,33.2152529762,1.478125
2012-10-19 14:30:14,27955,1,34.3899553571,1.17470238095
2012-10-19 14:30:15,27956,1,35.3150297619,0.925074404762
2012-10-19 14:30:16,27957,1,36.0475446429,0.732514880952
2012-10-19 14:30:17,27958,1,36.5570684524,0.509523809524
2012-10-19 14:30:18,27959,1,36.7680803571,0.211011904762
2012-10-19 14:30:19,27960,1,36.6505208333,-0.11755952381
2012-10-19 14:30:20,27961,1,36.2436011905,-0.406919642857
2012-10-19 14:30:21,27962,1,35.6063988095,-0.637202380952
2012-10-19 14:30:22,27963,1,34.7298363095,-0.8765625
2012-10-19 14:30:23,27964,1,33.4537202381,-1.27611607143
2012-10-19 14:30:24,27965,1,31.5066964286,-1.94702380952
2012-10-19 14:30:25,27966,1,28.7244047619,-2.78229166667
2012-10-19 14:30:26,27967,1,25.2529761905,-3.47142857143
2012-10-19 14:30:27,27968,1,21.4710119048,-3.78196428571
2012-10-19 14:30:28,27969,1,17.6850892857,-3.78592261905
2012-10-19 14:30:29,27970,1,13.9824404762,-3.70264880952
2012-10-19 14:30:30,27971,1,10.4276636905,-3.55477678571
2012-10-19 14:30:31,27972,1,7.30453869048,-3.123125
2012-10-19 14:30:32,27973,1,5.04519345238,-2.2593452381
2012-10-19 14:30:33,27974,1,3.90175595238,-1.1434375
2012-10-19 14:30:34,27975,1,3.76474702381,-0.137008928571
2012-10-19 14:30:35,27976,1,4.39336309524,0.628616071429
2012-10-19 14:30:36,27977,1,5.72882440476,1.33546130952
2012-10-19 14:30:37,27978,1,7.81135416667,2.0825297619
2012-10-19 14:30:38,27979,1,10.493452381,2.68209821429
2012-10-19 14:30:39,27980,1,13.4195833333,2.92613095238
2012-10-19 14:30:40,27981,1,16.2636904762,2.84410714286
2012-10-19 14:30:41,27982,1,18.927485119,2.66379464286
2012-10-19 14:30:42,27983,1,21.4511607143,2.52367559524
2012-10-19 14:30:43,27984,1,23.7093005952,2.25813988095
2012-10-19 14:30:44,27985,1,25.3485119048,1.63921130952
2012-10-19 14:30:45,27986,1,26.0844494048,0.7359375
2012-10-19 14:30:46,27987,1,25.9171875,-0.167261904762
2012-10-19 14:30:47,27988,1,25.0340029762,-0.88318452381
2012-10-19 14:30:48,27989,1,23.6142857143,-1.4197172619
2012-10-19 14:30:49,27990,1,21.773735119,-1.84055059524
2012-10-19 14:30:50,27991,1,19.6308035714,-2.14293154762
2012-10-19 14:30:51,27992,1,17.2933779762,-2.33742559524
2012-10-19 14:30:52,27993,1,14.7582589286,-2.53511904762
2012-10-19 14:30:53,27994,1,12.0005208333,-2.75773809524
2012-10-19 14:30:54,27995,1,9.30074404762,-2.69977678571
2012-10-19 14:30:55,27996,1,7.37589285714,-1.92485119048
2012-10-19 14:30:56,27997,1,6.98244047619,-0.393452380952
2012-10-19 14:30:57,27998,1,8.34375,1.36130952381
2012-10-19 14:30:58,27999,1,11.0267113095,2.68296130952
2012-10-19 14:30:59,28000,1,14.3572916667,3.33058035714
2012-10-19 14:31:00,28001,1,17.8744047619,3.51711309524
2012-10-19 14:31:01,28002,1,21.3598214286,3.48541666667
2012-10-19 14:31:02,28003,1,24.575,3.21517857143
2012-10-19 14:31:03,28004,1,27.2162202381,2.6412202381
2012-10-19 14:31:04,28005,1,29.1703869048,1.95416666667
2012-10-19 14:31:05,28006,1,30.6313988095,1.46101190476
2012-10-19 14:31:06,28007,1,31.8894345238,1.25803571429
2012-10-19 14:31:07,28008,1,33.0986607143,1.20922619048
2012-10-19 14:31:08,28009,1,34.2578869048,1.15922619048
2012-10-19 14:31:09,28010,1,35.2843005952,1.02641369048
2012-10-19 14:31:10,28011,1,36.0323660714,0.74806547619
2012-10-19 14:31:11,28012,1,36.2968005952,0.26443452381
2012-10-19 14:31:12,28013,1,35.8889136905,-0.407886904762
2012-10-19 14:31:13,28014,1,34.784672619,-1.10424107143
2012-10-19 14:31:14,28015,1,33.2023065476,-1.58236607143
2012-10-19 14:31:15,28016,1,31.4959077381,-1.70639880952
2012-10-19 14:31:16,28017,1,29.9868303571,-1.50907738095
2012-10-19 14:31:17,28018,1,28.8831845238,-1.10364583333
2012-10-19 14:31:18,28019,1,28.2645833333,-0.618601190476
2012-10-19 14:31:19,28020,1,28.0880952381,-0.176488095238
2012-10-19 14:31:20,28021,1,28.2118303571,0.123735119048
2012-10-19 14:31:21,28022,1,28.425297619,0.213467261905
2012-10-19 14:31:22,28023,1,28.496577381,0.0712797619048
2012-10-19 14:31:23,28024,1,28.2418154762,-0.254761904762
2012-10-19 14:31:24,28025,1,27.6109375,-0.630877976191
2012-10-19 14:31:25,28026,1,26.7660714286,-0.844866071429
2012-10-19 14:31:26,28027,1,26.0354910714,-0.730580357143
2012-10-19 14:31:27,28028,1,25.6799107143,-0.355580357143
2012-10-19 14:31:28,28029,1,25.6689732143,-0.0109375
2012-10-19 14:31:29,28030,1,25.7077380952,0.0387648809524
2012-10-19 14:31:30,28031,1,25.4982142857,-0.209523809524
2012-10-19 14:31:31,28032,1,25.0188244048,-0.479389880952
2012-10-19 14:31:32,28033,1,24.5746279762,-0.444196428571
2012-10-19 14:31:33,28034,1,24.5378720238,-0.036755952381
2012-10-19 14:31:34,28035,1,25.0147321429,0.476860119048
2012-10-19 14:31:35,28036,1,25.7588541667,0.74412202381
2012-10-19 14:31:36,28037,1,26.3553571429,0.59650297619
2012-10-19 14:31:37,28038,1,26.4483630952,0.093005952381
2012-10-19 14:31:38,28039,1,25.8447172619,-0.603645833333
2012-10-19 14:31:39,28040,1,24.4813988095,-1.36331845238
2012-10-19 14:31:40,28041,1,22.334077381,-2.14732142857
2012-10-19 14:31:41,28042,1,19.3874255952,-2.94665178571
2012-10-19 14:31:42,28043,1,15.7666666667,-3.62075892857
2012-10-19 14:31:43,28044,1,11.9451636905,-3.82150297619
2012-10-19 14:31:44,28045,1,8.67529761905,-3.26986607143
2012-10-19 14:31:45,28046,1,6.5021577381,-2.17313988095
2012-10-19 14:31:46,28047,1,5.39776785714,-1.10438988095
2012-10-19 14:31:47,28048,1,5.01391369048,-0.383854166667
2012-10-19 14:31:48,28049,1,5.1834077381,0.169494047619
2012-10-19 14:31:49,28050,1,6.05431547619,0.870907738095
2012-10-19 14:31:50,28051,1,7.82470238095,1.77038690476
2012-10-19 14:31:51,28052,1,10.4203869048,2.59568452381
2012-10-19 14:31:52,28053,1,13.4316220238,3.01123511905
2012-10-19 14:31:53,28054,1,16.3693452381,2.93772321429
2012-10-19 14:31:54,28055,1,18.9229166667,2.55357142857
2012-10-19 14:31:55,28056,1,20.9635416667,2.040625
2012-10-19 14:31:56,28057,1,22.4722470238,1.50870535714
2012-10-19 14:31:57,28058,1,23.5421875,1.06994047619
2012-10-19 14:31:58,28059,1,24.2915922619,0.749404761905
2012-10-19 14:31:59,28060,1,24.7055059524,0.413913690476
2012-10-19 14:32:00,28061,1,24.6913690476,-0.014136904762
2012-10-19 14:32:01,28062,1,24.2982142857,-0.393154761905
2012-10-19 14:32:02,28063,1,23.7427083333,-0.555505952381
2012-10-19 14:32:03,28064,1,23.2257440476,-0.516964285714
2012-10-19 14:32:04,28065,1,22.8180059524,-0.407738095238
2012-10-19 14:32:05,28066,1,22.4959077381,-0.322098214286
2012-10-19 14:32:06,28067,1,22.2228422619,-0.27306547619
2012-10-19 14:32:07,28068,1,21.9819196429,-0.240922619048
2012-10-19 14:32:08,28069,1,21.7491071429,-0.2328125
2012-10-19 14:32:09,28070,1,21.4922619048,-0.256845238095
2012-10-19 14:32:10,28071,1,21.1923363095,-0.299925595238
2012-10-19 14:32:11,28072,1,20.7933035714,-0.399032738095
2012-10-19 14:32:12,28073,1,20.1746279762,-0.618675595238
2012-10-19 14:32:13,28074,1,19.2761904762,-0.8984375
2012-10-19 14:32:14,28075,1,18.2454613095,-1.03072916667
2012-10-19 14:32:15,28076,1,17.4088541667,-0.836607142857
2012-10-19 14:32:16,28077,1,17.0395089286,-0.369345238095
2012-10-19 14:32:17,28078,1,17.0962797619,0.0567708333334
2012-10-19 14:32:18,28079,1,17.1859375,0.0896577380952
2012-10-19 14:32:19,28080,1,16.7660714286,-0.419866071429
2012-10-19 14:32:20,28081,1,15.4255208333,-1.34055059524
2012-10-19 14:32:21,28082,1,13.1665922619,-2.25892857143
2012-10-19 14:32:22,28083,1,10.5252232143,-2.64136904762
2012-10-19 14:32:23,28084,1,8.31369047619,-2.2115327381
2012-10-19 14:32:24,28085,1,7.11272321429,-1.2009672619
2012-10-19 14:32:25,28086,1,6.88128720238,-0.231436011905
2012-10-19 14:32:26,28087,1,6.99389880952,0.112611607143
2012-10-19 14:32:27,28088,1,6.75048363095,-0.243415178571
2012-10-19 14:32:28,28089,1,5.91401289683,-0.836470734127
2012-10-19 14:32:29,28090,1,4.75533234127,-1.15868055556
2012-10-19 14:32:30,28091,1,3.68623511905,-1.06909722222
2012-10-19 14:32:31,28092,1,2.93733878968,-0.748896329365
2012-10-19 14:32:32,28093,1,2.50912698413,-0.428211805556
2012-10-19 14:32:33,28094,1,2.30948660714,-0.199640376984
2012-10-19 14:32:34,28095,1,2.27599206349,-0.0334945436508
2012-10-19 14:32:35,28096,1,2.37888144841,0.102889384921
2012-10-19 14:32:36,28097,1,2.56889880952,0.190017361111
2012-10-19 14:32:37,28098,1,2.73354414683,0.164645337302
2012-10-19 14:32:38,28099,1,2.6790922619,-0.0544518849206
2012-10-19 14:32:39,28100,1,2.22916666667,-0.449925595238
2012-10-19 14:32:40,28101,1,1.48157242063,-0.747594246032
2012-10-19 14:32:41,28102,1,0.0,-1.48157242063
2012-10-19 14:54:45,29426,1324,0.0,0.0
2012-10-19 14:54:46,29427,1,2.95653521825,2.95653521825
2012-10-19 14:54:47,29428,1,5.29486607143,2.33833085317
2012-10-19 14:54:48,29429,1,7.75022321429,2.45535714286
2012-10-19 14:54:49,29430,1,9.89308035714,2.14285714286
2012-10-19 14:54:50,29431,1,11.6445684524,1.75148809524
2012-10-19 14:54:51,29432,1,13.1376488095,1.49308035714
2012-10-19 14:54:52,29433,1,14.5326636905,1.39501488095
2012-10-19 14:54:53,29434,1,15.9117559524,1.3790922619
2012-10-19 14:54:54,29435,1,17.2541666667,1.34241071429
2012-10-19 14:54:55,29436,1,18.4863095238,1.23214285714
2012-10-19 14:54:56,29437,1,19.5589285714,1.07261904762
2012-10-19 14:54:57,29438,1,20.4525297619,0.893601190476
2012-10-19 14:54:58,29439,1,21.1180803571,0.665550595238
2012-10-19 14:54:59,29440,1,21.4389880952,0.320907738095
2012-10-19 14:55:00,29441,1,21.2538690476,-0.185119047619
2012-10-19 14:55:01,29442,1,20.432514881,-0.821354166667
2012-10-19 14:55:02,29443,1,18.9503720238,-1.48214285714
2012-10-19 14:55:03,29444,1,16.9044642857,-2.0459077381
2012-10-19 14:55:04,29445,1,14.4938988095,-2.41056547619
2012-10-19 14:55:05,29446,1,12.0091517857,-2.48474702381
2012-10-19 14:55:06,29447,1,9.79839015152,-2.2107616342
2012-10-19 14:55:07,29448,1,8.14853896104,-1.64985119048
2012-10-19 14:55:08,29449,1,7.12652191558,-1.02201704545
2012-10-19 14:55:09,29450,1,6.54745670996,-0.579065205628
2012-10-19 14:55:10,29451,1,6.13992830087,-0.407528409091
2012-10-19 14:55:11,29452,1,5.75308441558,-0.386843885281
2012-10-19 14:55:12,29453,1,5.41222267316,-0.340861742424
2012-10-19 14:55:13,29454,1,5.20104843074,-0.211174242424
2012-10-19 14:55:14,29455,1,5.1257711039,-0.0752773268398
2012-10-19 14:55:15,29456,1,5.11435335498,-0.0114177489177
2012-10-19 14:55:16,29457,1,5.10673701299,-0.00761634199134
2012-10-19 14:55:17,29458,1,5.08984036797,-0.0168966450216
2012-10-19 14:55:18,29459,1,5.06667343074,-0.0231669372294
2012-10-19 14:55:19,29460,1,5.04461580087,-0.0220576298701
2012-10-19 14:55:20,29461,1,5.05445752165,0.00984172077922
2012-10-19 14:55:21,29462,1,5.14358089827,0.0891233766234
2012-10-19 14:55:22,29463,1,5.31417748918,0.170596590909
2012-10-19 14:55:23,29464,1,5.4486133658,0.134435876623
2012-10-19 14:55:24,29465,1,5.32374864719,-0.124864718615
2012-10-19 14:55:25,29466,1,4.79475784632,-0.528990800866
2012-10-19 14:55:26,29467,1,4.04863365801,-0.746124188312
2012-10-19 14:55:27,29468,1,3.65101461039,-0.397619047619
2012-10-19 14:55:28,29469,1,4.23980654762,0.588791937229
2012-10-19 14:55:29,29470,1,6.06227678571,1.8224702381
2012-10-19 14:55:30,29471,1,8.74270833333,2.68043154762
2012-10-19 14:55:31,29472,1,11.5066964286,2.76398809524
2012-10-19 14:55:32,29473,1,13.6639136905,2.1572172619
2012-10-19 14:55:33,29474,1,14.9250744048,1.26116071429
2012-10-19 14:55:34,29475,1,15.3798363095,0.454761904762
2012-10-19 14:55:35,29476,1,15.2872767857,-0.0925595238095
2012-10-19 14:55:36,29477,1,14.8805803571,-0.406696428571
2012-10-19 14:55:37,29478,1,14.2770833333,-0.60349702381
2012-10-19 14:55:38,29479,1,13.4773809524,-0.799702380952
2012-10-19 14:55:39,29480,1,12.4136309524,-1.06375
2012-10-19 14:55:40,29481,1,11.0269196429,-1.38671130952
2012-10-19 14:55:41,29482,1,9.34821428571,-1.67870535714
2012-10-19 14:55:42,29483,1,7.5453422619,-1.80287202381
2012-10-19 14:55:43,29484,1,5.88058035714,-1.66476190476
2012-10-19 14:55:44,29485,1,4.58119047619,-1.29938988095
2012-10-19 14:55:45,29486,1,3.73473214286,-0.846458333333
2012-10-19 14:55:46,29487,1,3.28084821429,-0.453883928571
2012-10-19 14:55:47,29488,1,3.07962159864,-0.201226615646
2012-10-19 14:55:48,29489,1,3.01367878401,-0.0659428146258
2012-10-19 14:55:49,29490,1,3.0340412415,0.020362457483
2012-10-19 14:55:50,29491,1,3.11217580782,0.0781345663265
2012-10-19 14:55:51,29492,1,3.19614370748,0.0839678996599
2012-10-19 14:55:52,29493,1,3.23210034014,0.0359566326531
2012-10-19 14:55:53,29494,1,3.20534013605,-0.0267602040816
2012-10-19 14:55:54,29495,1,3.14675914116,-0.058580994898
2012-10-19 14:55:55,29496,1,3.09380314626,-0.052955994898
2012-10-19 14:55:56,29497,1,3.05510735544,-0.0386957908163
2012-10-19 14:55:57,29498,1,3.02088647959,-0.0342208758503
2012-10-19 14:55:58,29499,1,2.98571428571,-0.0351721938775
2012-10-19 14:55:59,29500,1,2.95,-0.0357142857143
2012-10-19 14:56:00,29501,1,2.91428571429,-0.0357142857143
2012-10-19 14:56:01,29502,1,2.87301232993,-0.0412733843537
2012-10-19 14:56:02,29503,1,2.80776466837,-0.0652476615646
2012-10-19 14:56:03,29504,1,2.73365221088,-0.074112457483
2012-10-19 14:56:04,29505,1,2.80850871599,0.074856505102
2012-10-19 14:56:05,29506,1,3.32570153061,0.517192814626
2012-10-19 14:56:06,29507,1,4.49364370748,1.16794217687
2012-10-19 14:56:07,29508,1,6.25702593537,1.76338222789
2012-10-19 14:56:08,29509,1,8.37524978741,2.11822385204
2012-10-19 14:56:09,29510,1,10.6400510204,2.26480123299
2012-10-19 14:56:10,29511,1,13.0320206207,2.39196960034
2012-10-19 14:56:11,29512,1,15.6624468537,2.63042623299
2012-10-19 14:56:12,29513,1,18.5166666667,2.85421981293
2012-10-19 14:56:13,29514,1,21.31875,2.80208333333
2012-10-19 14:56:14,29515,1,23.7107142857,2.39196428571
2012-10-19 14:56:15,29516,1,25.4954613095,1.78474702381
2012-10-19 14:56:16,29517,1,26.6879464286,1.19248511905
2012-10-19 14:56:17,29518,1,27.4322916667,0.744345238095
2012-10-19 14:56:18,29519,1,27.9052827381,0.472991071428
2012-10-19 14:56:19,29520,1,28.2334077381,0.328125
2012-10-19 14:56:20,29521,1,28.4699404762,0.236532738095
2012-10-19 14:56:21,29522,1,28.6608630952,0.190922619048
2012-10-19 14:56:22,29523,1,28.9149553571,0.254092261905
2012-10-19 14:56:23,29524,1,29.3853422619,0.470386904762
2012-10-19 14:56:24,29525,1,30.1631696429,0.777827380952
2012-10-19 14:56:25,29526,1,31.1713541667,1.00818452381
2012-10-19 14:56:26,29527,1,32.1767857143,1.00543154762
2012-10-19 14:56:27,29528,1,32.9366815476,0.759895833333
2012-10-19 14:56:28,29529,1,33.3552083333,0.418526785714
2012-10-19 14:56:29,29530,1,33.5135416667,0.158333333333
2012-10-19 14:56:30,29531,1,33.5517113095,0.0381696428571
2012-10-19 14:56:31,29532,1,33.5388392857,-0.0128720238095
2012-10-19 14:56:32,29533,1,33.4677827381,-0.0710565476191
2012-10-19 14:56:33,29534,1,33.3188988095,-0.148883928571
2012-10-19 14:56:34,29535,1,33.0805803571,-0.238318452381
2012-10-19 14:56:35,29536,1,32.7379464286,-0.342633928572
2012-10-19 14:56:36,29537,1,32.2712053571,-0.466741071429
2012-10-19 14:56:37,29538,1,31.6650297619,-0.606175595238
2012-10-19 14:56:38,29539,1,30.9326636905,-0.732366071429
2012-10-19 14:56:39,29540,1,30.1321428571,-0.800520833333
2012-10-19 14:56:40,29541,1,29.3424107143,-0.789732142857
2012-10-19 14:56:41,29542,1,28.629985119,-0.712425595238
2012-10-19 14:56:42,29543,1,28.0430803571,-0.586904761905
2012-10-19 14:56:43,29544,1,27.6107142857,-0.432366071429
2012-10-19 14:56:44,29545,1,27.3287946429,-0.281919642857
2012-10-19 14:56:45,29546,1,27.1330357143,-0.195758928571
2012-10-19 14:56:46,29547,1,26.8301339286,-0.302901785714
2012-10-19 14:56:47,29548,1,26.0319196429,-0.798214285714
2012-10-19 14:56:48,29549,1,24.2485119048,-1.7834077381
2012-10-19 14:56:49,29550,1,21.1706845238,-3.07782738095
2012-10-19 14:56:50,29551,1,16.952827381,-4.21785714286
2012-10-19 14:56:51,29552,1,12.2730654762,-4.67976190476
2012-10-19 14:56:52,29553,1,8.05483630952,-4.21822916667
2012-10-19 14:56:53,29554,1,4.9915922619,-3.06324404762
2012-10-19 14:56:54,29555,1,3.24806547619,-1.74352678571
2012-10-19 14:56:55,29556,1,2.53251488095,-0.715550595238
2012-10-19 14:56:56,29557,1,2.38266369048,-0.149851190476
2012-10-19 14:56:57,29558,1,2.4240327381,0.0413690476191
2012-10-19 14:56:58,29559,1,2.46666666667,0.0426339285714
2012-10-19 14:56:59,29560,1,2.4693452381,0.00267857142857
2012-10-19 14:57:00,29561,1,2.49732142857,0.0279761904762
2012-10-19 14:57:01,29562,1,2.68258928571,0.185267857143
2012-10-19 14:57:02,29563,1,3.1130952381,0.430505952381
2012-10-19 14:57:03,29564,1,3.71655844156,0.603463203463
2012-10-19 14:57:04,29565,1,4.25815070346,0.541592261905
2012-10-19 14:57:05,29566,1,4.46206709957,0.203916396104
2012-10-19 14:57:06,29567,1,4.2019142316,-0.260152867965
2012-10-19 14:57:07,29568,1,3.61394751082,-0.587966720779
2012-10-19 14:57:08,29569,1,2.98781114719,-0.626136363636
2012-10-19 14:57:09,29570,1,2.55311823593,-0.434692911255
2012-10-19 14:57:10,29571,1,2.37690746753,-0.176210768398
2012-10-19 14:57:11,29572,1,2.38962391775,0.0127164502164
2012-10-19 14:57:12,29573,1,2.47487824675,0.0852543290043
2012-10-19 14:57:13,29574,1,2.5608495671,0.0859713203463
2012-10-19 14:57:14,29575,1,2.63379329004,0.0729437229437
2012-10-19 14:57:15,29576,1,2.69625270563,0.0624594155844
2012-10-19 14:57:16,29577,1,2.76707251082,0.0708198051948
2012-10-19 14:57:17,29578,1,2.90516098485,0.138088474026
2012-10-19 14:57:18,29579,1,3.16228354978,0.257122564935
2012-10-19 14:57:19,29580,1,3.50824540043,0.345961850649
2012-10-19 14:57:20,29581,1,3.84453463203,0.336289231602
2012-10-19 14:57:21,29582,1,4.08045183983,0.235917207792
2012-10-19 14:57:22,29583,1,4.19343885281,0.112987012987
2012-10-19 14:57:23,29584,1,4.24199810606,0.0485592532468
2012-10-19 14:57:24,29585,1,4.30561417749,0.0636160714286
2012-10-19 14:57:25,29586,1,4.41233465608,0.106720478595
2012-10-19 14:57:26,29587,1,4.52511574074,0.112781084656
2012-10-19 14:57:27,29588,1,4.55131448413,0.0261987433862
2012-10-19 14:57:28,29589,1,4.3890707672,-0.162243716931
2012-10-19 14:57:29,29590,1,4.02665343915,-0.362417328042
2012-10-19 14:57:30,29591,1,3.58075396825,-0.445899470899
2012-10-19 14:57:31,29592,1,3.22370205026,-0.357051917989
2012-10-19 14:57:32,29593,1,3.07066798942,-0.153034060847
2012-10-19 14:57:33,29594,1,3.10652281746,0.0358548280423
2012-10-19 14:57:34,29595,1,3.22240410053,0.115881283069
2012-10-19 14:57:35,29596,1,3.32261078042,0.100206679894
2012-10-19 14:57:36,29597,1,3.4013640873,0.0787533068783
2012-10-19 14:57:37,29598,1,3.59339451058,0.19203042328
2012-10-19 14:57:38,29599,1,4.17190806878,0.578513558201
2012-10-19 14:57:39,29600,1,5.40071924603,1.22881117725
2012-10-19 14:57:40,29601,1,7.30846560847,1.90774636243
2012-10-19 14:57:41,29602,1,9.59009589947,2.28163029101
2012-10-19 14:57:42,29603,1,11.746453373,2.15635747355
2012-10-19 14:57:43,29604,1,13.3508515212,1.60439814815
2012-10-19 14:57:44,29605,1,14.185290115,0.834438593814
2012-10-19 14:57:45,29606,1,14.1423363095,-0.0429538054538
2012-10-19 14:57:46,29607,1,13.1334935897,-1.00884271978
2012-10-19 14:57:47,29608,1,11.2410313645,-1.89246222527
2012-10-19 14:57:48,29609,1,8.89898122711,-2.34205013736
2012-10-19 14:57:49,29610,1,6.76110347985,-2.13787774725
2012-10-19 14:57:50,29611,1,5.33791781136,-1.4231856685
2012-10-19 14:57:51,29612,1,4.72835393773,-0.609563873626
2012-10-19 14:57:52,29613,1,4.65112179487,-0.0772321428572
2012-10-19 14:57:53,29614,1,4.74413919414,0.0930173992674
2012-10-19 14:57:54,29615,1,4.82445054945,0.0803113553114
2012-10-19 14:57:55,29616,1,4.87692307692,0.0524725274725
2012-10-19 14:57:56,29617,1,4.92307692308,0.0461538461538
2012-10-19 14:57:57,29618,1,4.96498397436,0.041907051282
2012-10-19 14:57:58,29619,1,4.98658997253,0.0216059981685
2012-10-19 14:57:59,29620,1,4.99426510989,0.00767513736264
2012-10-19 14:58:00,29621,1,5.12052999084,0.126264880952
2012-10-19 14:58:01,29622,1,5.65099587912,0.530465888278
2012-10-19 14:58:02,29623,1,6.81166437729,1.16066849817
2012-10-19 14:58:03,29624,1,8.49521520147,1.68355082418
2012-10-19 14:58:04,29625,1,10.282257326,1.78704212454
2012-10-19 14:58:05,29626,1,11.7847355769,1.50247825092
2012-10-19 14:58:06,29627,1,12.9366815476,1.1519459707
2012-10-19 14:58:07,29628,1,13.8896520147,0.952970467033
2012-10-19 14:58:08,29629,1,14.6566220238,0.766970009158
2012-10-19 14:58:09,29630,1,14.9880208333,0.331398809524
2012-10-19 14:58:10,29631,1,14.6459077381,-0.342113095238
2012-10-19 14:58:11,29632,1,13.7031001984,-0.942807539682
2012-10-19 14:58:12,29633,1,12.4618551587,-1.24124503968
2012-10-19 14:58:13,29634,1,11.1148809524,-1.34697420635
2012-10-19 14:58:14,29635,1,9.64045138889,-1.47442956349
2012-10-19 14:58:15,29636,1,8.0332093254,-1.60724206349
2012-10-19 14:58:16,29637,1,6.47306547619,-1.56014384921
2012-10-19 14:58:17,29638,1,5.21359126984,-1.25947420635
2012-10-19 14:58:18,29639,1,4.36483134921,-0.848759920635
2012-10-19 14:58:19,29640,1,3.83013392857,-0.534697420635
2012-10-19 14:58:20,29641,1,3.47311507937,-0.357018849206
2012-10-19 14:58:21,29642,1,3.26706349206,-0.206051587302
2012-10-19 14:58:22,29643,1,3.1837797619,-0.0832837301587
2012-10-19 14:58:23,29644,1,3.01865079365,-0.165128968254
2012-10-19 14:58:24,29645,1,2.50002480159,-0.518625992063
2012-10-19 14:58:25,29646,1,1.68753720238,-0.812487599206
2012-10-19 14:58:26,29647,1,0.0,-1.68753720238
2012-10-19 14:59:19,29700,53,0.0,0.0
2012-10-19 14:59:20,29701,1,4.60907738095,4.60907738095
2012-10-19 14:59:21,29702,1,8.03764880952,3.42857142857
2012-10-19 14:59:22,29703,1,11.5301339286,3.49248511905
2012-10-19 14:59:23,29704,1,14.6881696429,3.15803571429
2012-10-19 14:59:24,29705,1,17.5922619048,2.9040922619
2012-10-19 14:59:25,29706,1,20.3702752976,2.77801339286
2012-10-19 14:59:26,29707,1,22.9337797619,2.56350446429
2012-10-19 14:59:27,29708,1,25.0870535714,2.15327380952
2012-10-19 14:59:28,29709,1,26.792485119,1.70543154762
2012-10-19 14:59:29,29710,1,28.2360119048,1.44352678571
2012-10-19 14:59:30,29711,1,29.6255952381,1.38958333333
2012-10-19 14:59:31,29712,1,30.9939732143,1.36837797619
2012-10-19 14:59:32,29713,1,32.2290922619,1.23511904762
2012-10-19 14:59:33,29714,1,33.2292410714,1.00014880952
2012-10-19 14:59:34,29715,1,33.9540178571,0.724776785714
2012-10-19 14:59:35,29716,1,34.3665922619,0.412574404762
2012-10-19 14:59:36,29717,1,34.4210565476,0.0544642857142
2012-10-19 14:59:37,29718,1,34.1215029762,-0.299553571429
2012-10-19 14:59:38,29719,1,33.560639881,-0.560863095238
2012-10-19 14:59:39,29720,1,32.8930803571,-0.66755952381
2012-10-19 14:59:40,29721,1,32.2600446429,-0.633035714286
2012-10-19 14:59:41,29722,1,31.7085565476,-0.551488095238
2012-10-19 14:59:42,29723,1,31.1761904762,-0.532366071429
2012-10-19 14:59:43,29724,1,30.5576636905,-0.618526785714
2012-10-19 14:59:44,29725,1,29.7582589286,-0.799404761905
2012-10-19 14:59:45,29726,1,28.6767113095,-1.08154761905
2012-10-19 14:59:46,29727,1,27.2042410714,-1.4724702381
2012-10-19 14:59:47,29728,1,25.3100446429,-1.89419642857
2012-10-19 14:59:48,29729,1,23.146875,-2.16316964286
2012-10-19 14:59:49,29730,1,21.0895089286,-2.05736607143
2012-10-19 14:59:50,29731,1,19.6597470238,-1.42976190476
2012-10-19 14:59:51,29732,1,19.3182291667,-0.341517857143
2012-10-19 14:59:52,29733,1,20.2235863095,0.905357142857
2012-10-19 14:59:53,29734,1,22.143452381,1.91986607143
2012-10-19 14:59:54,29735,1,24.5730654762,2.42961309524
2012-10-19 14:59:55,29736,1,26.9511160714,2.37805059524
2012-10-19 14:59:56,29737,1,28.8398065476,1.88869047619
2012-10-19 14:59:57,29738,1,29.995610119,1.15580357143
2012-10-19 14:59:58,29739,1,30.3213541667,0.325744047619
2012-10-19 14:59:59,29740,1,29.7828125,-0.538541666667
2012-10-19 15:00:00,29741,1,28.4069196429,-1.37589285714
2012-10-19 15:00:01,29742,1,26.3223214286,-2.08459821429
2012-10-19 15:00:02,29743,1,23.6979910714,-2.62433035714
2012-10-19 15:00:03,29744,1,20.6092261905,-3.08876488095
2012-10-19 15:00:04,29745,1,17.0395833333,-3.56964285714
2012-10-19 15:00:05,29746,1,13.1360119048,-3.90357142857
2012-10-19 15:00:06,29747,1,9.51108630952,-3.62492559524
2012-10-19 15:00:07,29748,1,7.16540178571,-2.34568452381
2012-10-19 15:00:08,29749,1,6.90163690476,-0.263764880952
2012-10-19 15:00:09,29750,1,8.71904761905,1.81741071429
2012-10-19 15:00:10,29751,1,11.8374255952,3.11837797619
2012-10-19 15:00:11,29752,1,15.3671130952,3.5296875
2012-10-19 15:00:12,29753,1,18.9224702381,3.55535714286
2012-10-19 15:00:13,29754,1,22.5931547619,3.67068452381
2012-10-19 15:00:14,29755,1,26.4636904762,3.87053571429
2012-10-19 15:00:15,29756,1,30.3233630952,3.85967261905
2012-10-19 15:00:16,29757,1,33.854985119,3.53162202381
2012-10-19 15:00:17,29758,1,36.9505952381,3.09561011905
2012-10-19 15:00:18,29759,1,39.7142113095,2.76361607143
2012-10-19 15:00:19,29760,1,42.19375,2.47953869048
2012-10-19 15:00:20,29761,1,44.2180059524,2.02425595238
2012-10-19 15:00:21,29762,1,45.529985119,1.31197916667
2012-10-19 15:00:22,29763,1,46.0334077381,0.503422619048
2012-10-19 15:00:23,29764,1,45.9136160714,-0.119791666667
2012-10-19 15:00:24,29765,1,45.5888392857,-0.324776785714
2012-10-19 15:00:25,29766,1,45.5318452381,-0.0569940476191
2012-10-19 15:00:26,29767,1,46.057514881,0.525669642857
2012-10-19 15:00:27,29768,1,47.2138392857,1.15632440476
2012-10-19 15:00:28,29769,1,48.8029017857,1.5890625
2012-10-19 15:00:29,29770,1,50.4870535714,1.68415178571
2012-10-19 15:00:30,29771,1,51.9388392857,1.45178571429
2012-10-19 15:00:31,29772,1,52.9638392857,1.025
2012-10-19 15:00:32,29773,1,53.5602678571,0.596428571429
2012-10-19 15:00:33,29774,1,53.9087053571,0.3484375
2012-10-19 15:00:34,29775,1,54.271577381,0.36287202381
2012-10-19 15:00:35,29776,1,54.8514136905,0.579836309524
2012-10-19 15:00:36,29777,1,55.6916666667,0.84025297619
2012-10-19 15:00:37,29778,1,56.6573660714,0.965699404762
2012-10-19 15:00:38,29779,1,57.5238095238,0.866443452381
2012-10-19 15:00:39,29780,1,58.1291666667,0.605357142857
2012-10-19 15:00:40,29781,1,58.4482142857,0.319047619048
2012-10-19 15:00:41,29782,1,58.5462053571,0.0979910714286
2012-10-19 15:00:42,29783,1,58.5151785714,-0.0310267857143
2012-10-19 15:00:43,29784,1,58.4405505952,-0.0746279761905
2012-10-19 15:00:44,29785,1,58.3773065476,-0.0632440476191
2012-10-19 15:00:45,29786,1,58.345610119,-0.0316964285714
2012-10-19 15:00:46,29787,1,58.3322172619,-0.0133928571428
2012-10-19 15:00:47,29788,1,58.2764880952,-0.0557291666667
2012-10-19 15:00:48,29789,1,58.0898065476,-0.186681547619
2012-10-19 15:00:49,29790,1,57.7236607143,-0.366145833333
2012-10-19 15:00:50,29791,1,57.2154761905,-0.508184523809
2012-10-19 15:00:51,29792,1,56.6639136905,-0.5515625
2012-10-19 15:00:52,29793,1,56.1584077381,-0.505505952381
2012-10-19 15:00:53,29794,1,55.737202381,-0.421205357143
2012-10-19 15:00:54,29795,1,55.4193452381,-0.317857142857
2012-10-19 15:00:55,29796,1,55.2635416667,-0.155803571428
2012-10-19 15:00:56,29797,1,55.378125,0.114583333333
2012-10-19 15:00:57,29798,1,55.85,0.471875
2012-10-19 15:00:58,29799,1,56.6332589286,0.783258928571
2012-10-19 15:00:59,29800,1,57.5123511905,0.879092261905
2012-10-19 15:01:00,29801,1,58.2083333333,0.695982142857
2012-10-19 15:01:01,29802,1,58.5472470238,0.338913690476
2012-10-19 15:01:02,29803,1,58.5537202381,0.00647321428571
2012-10-19 15:01:03,29804,1,58.4133184524,-0.140401785714
2012-10-19 15:01:04,29805,1,58.3462797619,-0.0670386904762
2012-10-19 15:01:05,29806,1,58.4808779762,0.134598214286
2012-10-19 15:01:06,29807,1,58.8061755952,0.325297619048
2012-10-19 15:01:07,29808,1,59.2285714286,0.422395833333
2012-10-19 15:01:08,29809,1,59.6706845238,0.442113095238
2012-10-19 15:01:09,29810,1,60.1127232143,0.442038690476
2012-10-19 15:01:10,29811,1,60.5504464286,0.437723214286
2012-10-19 15:01:11,29812,1,60.9501488095,0.399702380952
2012-10-19 15:01:12,29813,1,61.2771577381,0.327008928571
2012-10-19 15:01:13,29814,1,61.5598214286,0.282663690476
2012-10-19 15:01:14,29815,1,61.8930803571,0.333258928572
2012-10-19 15:01:15,29816,1,62.3668154762,0.473735119048
2012-10-19 15:01:16,29817,1,62.9924107143,0.625595238095
2012-10-19 15:01:17,29818,1,63.6966517857,0.704241071429
2012-10-19 15:01:18,29819,1,64.3791666667,0.682514880952
2012-10-19 15:01:19,29820,1,64.9524553571,0.573288690476
2012-10-19 15:01:20,29821,1,65.326264881,0.373809523809
2012-10-19 15:01:21,29822,1,65.4171130952,0.0908482142857
2012-10-19 15:01:22,29823,1,65.2306547619,-0.186458333333
2012-10-19 15:01:23,29824,1,64.9236607143,-0.306994047619
2012-10-19 15:01:24,29825,1,64.7415922619,-0.182068452381
2012-10-19 15:01:25,29826,1,64.8558035714,0.114211309524
2012-10-19 15:01:26,29827,1,65.2404017857,0.384598214286
2012-10-19 15:01:27,29828,1,65.7089285714,0.468526785714
2012-10-19 15:01:28,29829,1,66.0663690476,0.35744047619
2012-10-19 15:01:29,29830,1,66.2180059524,0.151636904762
2012-10-19 15:01:30,29831,1,66.1680059524,-0.0499999999999
2012-10-19 15:01:31,29832,1,65.9680059524,-0.2
2012-10-19 15:01:32,29833,1,65.6683035714,-0.299702380952
2012-10-19 15:01:33,29834,1,65.290625,-0.377678571429
2012-10-19 15:01:34,29835,1,64.8365327381,-0.454092261905
2012-10-19 15:01:35,29836,1,64.3094494048,-0.527083333333
2012-10-19 15:01:36,29837,1,63.7302083333,-0.579241071429
2012-10-19 15:01:37,29838,1,63.1547619048,-0.575446428571
2012-10-19 15:01:38,29839,1,62.6632440476,-0.491517857143
2012-10-19 15:01:39,29840,1,62.2963541667,-0.366889880952
2012-10-19 15:01:40,29841,1,62.0015625,-0.294791666667
2012-10-19 15:01:41,29842,1,61.6363095238,-0.36525297619
2012-10-19 15:01:42,29843,1,61.0110119048,-0.625297619048
2012-10-19 15:01:43,29844,1,59.9710565476,-1.03995535714
2012-10-19 15:01:44,29845,1,58.4869047619,-1.48415178571
2012-10-19 15:01:45,29846,1,56.6752232143,-1.81168154762
2012-10-19 15:01:46,29847,1,54.7499255952,-1.92529761905
2012-10-19 15:01:47,29848,1,52.943452381,-1.80647321429
2012-10-19 15:01:48,29849,1,51.4147321429,-1.5287202381
2012-10-19 15:01:49,29850,1,50.2002232143,-1.21450892857
2012-10-19 15:01:50,29851,1,49.2447172619,-0.955505952381
2012-10-19 15:01:51,29852,1,48.4689732143,-0.775744047619
2012-10-19 15:01:52,29853,1,47.835639881,-0.633333333333
2012-10-19 15:01:53,29854,1,47.3741071429,-0.461532738095
2012-10-19 15:01:54,29855,1,47.1273809524,-0.246726190476
2012-10-19 15:01:55,29856,1,47.0776785714,-0.0497023809523
2012-10-19 15:01:56,29857,1,47.1444196429,0.0667410714285
2012-10-19 15:01:57,29858,1,47.2583333333,0.113913690476
2012-10-19 15:01:58,29859,1,47.4261904762,0.167857142857
2012-10-19 15:01:59,29860,1,47.7111607143,0.284970238095
2012-10-19 15:02:00,29861,1,48.1485863095,0.437425595238
2012-10-19 15:02:01,29862,1,48.6776041667,0.529017857143
2012-10-19 15:02:02,29863,1,49.1436011905,0.465997023809
2012-10-19 15:02:03,29864,1,49.3801339286,0.236532738095
2012-10-19 15:02:04,29865,1,49.3239583333,-0.0561755952381
2012-10-19 15:02:05,29866,1,49.0620535714,-0.261904761905
2012-10-19 15:02:06,29867,1,48.7617559524,-0.300297619048
2012-10-19 15:02:07,29868,1,48.5601190476,-0.201636904762
2012-10-19 15:02:08,29869,1,48.4979910714,-0.0621279761904
2012-10-19 15:02:09,29870,1,48.5246279762,0.0266369047619
2012-10-19 15:02:10,29871,1,48.572172619,0.0475446428571
2012-10-19 15:02:11,29872,1,48.6227678571,0.0505952380953
2012-10-19 15:02:12,29873,1,48.6851934524,0.0624255952381
2012-10-19 15:02:13,29874,1,48.7375,0.052306547619
2012-10-19 15:02:14,29875,1,48.7129464286,-0.0245535714286
2012-10-19 15:02:15,29876,1,48.5269345238,-0.186011904762
2012-10-19 15:02:16,29877,1,48.1425595238,-0.384375
2012-10-19 15:02:17,29878,1,47.6424107143,-0.500148809524
2012-10-19 15:02:18,29879,1,47.2244791667,-0.417931547619
2012-10-19 15:02:19,29880,1,47.1022321429,-0.12224702381
2012-10-19 15:02:20,29881,1,47.3825892857,0.280357142857
2012-10-19 15:02:21,29882,1,48.0148065476,0.632217261905
2012-10-19 15:02:22,29883,1,48.8457589286,0.830952380952
2012-10-19 15:02:23,29884,1,49.7280505952,0.882291666667
2012-10-19 15:02:24,29885,1,50.5911458333,0.863095238095
2012-10-19 15:02:25,29886,1,51.4389880952,0.847842261905
2012-10-19 15:02:26,29887,1,52.3056547619,0.866666666667
2012-10-19 15:02:27,29888,1,53.2098958333,0.904241071429
2012-10-19 15:02:28,29889,1,54.1295386905,0.919642857143
2012-10-19 15:02:29,29890,1,55.0008184524,0.871279761905
2012-10-19 15:02:30,29891,1,55.7363839286,0.73556547619
2012-10-19 15:02:31,29892,1,56.2662946429,0.529910714286
2012-10-19 15:02:32,29893,1,56.594047619,0.327752976191
2012-10-19 15:02:33,29894,1,56.8110119048,0.216964285714
2012-10-19 15:02:34,29895,1,57.0375,0.226488095238
2012-10-19 15:02:35,29896,1,57.3360863095,0.298586309524
2012-10-19 15:02:36,29897,1,57.6579613095,0.321875
2012-10-19 15:02:37,29898,1,57.8718005952,0.213839285714
2012-10-19 15:02:38,29899,1,57.8744047619,0.0026041666667
2012-10-19 15:02:39,29900,1,57.6744047619,-0.2
2012-10-19 15:02:40,29901,1,57.3625744048,-0.311830357143
2012-10-19 15:02:41,29902,1,57.0259672619,-0.336607142857
2012-10-19 15:02:42,29903,1,56.6926339286,-0.333333333333
2012-10-19 15:02:43,29904,1,56.3307291667,-0.361904761905
2012-10-19 15:02:44,29905,1,55.8861607143,-0.444568452381
2012-10-19 15:02:45,29906,1,55.3208333333,-0.565327380952
2012-10-19 15:02:46,29907,1,54.6375,-0.683333333333
2012-10-19 15:02:47,29908,1,53.9037202381,-0.733779761905
2012-10-19 15:02:48,29909,1,53.2436011905,-0.660119047619
2012-10-19 15:02:49,29910,1,52.7713541667,-0.47224702381
2012-10-19 15:02:50,29911,1,52.5316964286,-0.239657738095
2012-10-19 15:02:51,29912,1,52.5101934524,-0.0215029761905
2012-10-19 15:02:52,29913,1,52.6858630952,0.175669642857
2012-10-19 15:02:53,29914,1,53.0676339286,0.381770833333
2012-10-19 15:02:54,29915,1,53.6779017857,0.610267857143
2012-10-19 15:02:55,29916,1,54.4964285714,0.818526785714
2012-10-19 15:02:56,29917,1,55.4323660714,0.9359375
2012-10-19 15:02:57,29918,1,56.3571428571,0.924776785714
2012-10-19 15:02:58,29919,1,57.1569940476,0.799851190476
2012-10-19 15:02:59,29920,1,57.7679315476,0.6109375
2012-10-19 15:03:00,29921,1,58.1914434524,0.423511904762
2012-10-19 15:03:01,29922,1,58.4830357143,0.291592261905
2012-10-19 15:03:02,29923,1,58.7073660714,0.224330357143
2012-10-19 15:03:03,29924,1,58.8942708333,0.186904761905
2012-10-19 15:03:04,29925,1,59.030952381,0.136681547619
2012-10-19 15:03:05,29926,1,59.0845982143,0.0536458333333
2012-10-19 15:03:06,29927,1,59.0294642857,-0.0551339285714
2012-10-19 15:03:07,29928,1,58.8445684524,-0.184895833333
2012-10-19 15:03:08,29929,1,58.4872767857,-0.357291666667
2012-10-19 15:03:09,29930,1,57.9017113095,-0.585565476191
2012-10-19 15:03:10,29931,1,57.0680059524,-0.833705357143
2012-10-19 15:03:11,29932,1,56.0331845238,-1.03482142857
2012-10-19 15:03:12,29933,1,54.8928571429,-1.14032738095
2012-10-19 15:03:13,29934,1,53.7386160714,-1.15424107143
2012-10-19 15:03:14,29935,1,52.623139881,-1.11547619048
2012-10-19 15:03:15,29936,1,51.5929315476,-1.03020833333
2012-10-19 15:03:16,29937,1,50.7483630952,-0.844568452381
2012-10-19 15:03:17,29938,1,50.2299107143,-0.518452380952
2012-10-19 15:03:18,29939,1,50.1162202381,-0.11369047619
2012-10-19 15:03:19,29940,1,50.3411458333,0.224925595238
2012-10-19 15:03:20,29941,1,50.7235119048,0.382366071429
2012-10-19 15:03:21,29942,1,51.0920386905,0.368526785714
2012-10-19 15:03:22,29943,1,51.3979910714,0.305952380952
2012-10-19 15:03:23,29944,1,51.7036458333,0.305654761905
2012-10-19 15:03:24,29945,1,52.0624255952,0.358779761905
2012-10-19 15:03:25,29946,1,52.4369791667,0.374553571429
2012-10-19 15:03:26,29947,1,52.7421130952,0.305133928571
2012-10-19 15:03:27,29948,1,52.9438244048,0.201711309524
2012-10-19 15:03:28,29949,1,53.0949404762,0.151116071429
2012-10-19 15:03:29,29950,1,53.2728422619,0.177901785714
2012-10-19 15:03:30,29951,1,53.4976190476,0.224776785714
2012-10-19 15:03:31,29952,1,53.7154761905,0.217857142857
2012-10-19 15:03:32,29953,1,53.8443452381,0.128869047619
2012-10-19 15:03:33,29954,1,53.8290178571,-0.0153273809523
2012-10-19 15:03:34,29955,1,53.6702380952,-0.158779761905
2012-10-19 15:03:35,29956,1,53.421875,-0.248363095238
2012-10-19 15:03:36,29957,1,53.1701636905,-0.251711309524
2012-10-19 15:03:37,29958,1,53.0029017857,-0.167261904762
2012-10-19 15:03:38,29959,1,52.9709821429,-0.0319196428572
2012-10-19 15:03:39,29960,1,53.0699404762,0.0989583333334
2012-10-19 15:03:40,29961,1,53.2526041667,0.182663690476
2012-10-19 15:03:41,29962,1,53.4373511905,0.184747023809
2012-10-19 15:03:42,29963,1,53.5189732143,0.0816220238095
2012-10-19 15:03:43,29964,1,53.4302827381,-0.0886904761905
2012-10-19 15:03:44,29965,1,53.2170386905,-0.213244047619
2012-10-19 15:03:45,29966,1,53.0302083333,-0.186830357143
2012-10-19 15:03:46,29967,1,53.0220982143,-0.0081101190476
2012-10-19 15:03:47,29968,1,53.2318452381,0.209747023809
2012-10-19 15:03:48,29969,1,53.5616071429,0.329761904762
2012-10-19 15:03:49,29970,1,53.8683035714,0.306696428571
2012-10-19 15:03:50,29971,1,54.0770089286,0.208705357143
2012-10-19 15:03:51,29972,1,54.206547619,0.129538690476
2012-10-19 15:03:52,29973,1,54.3132440476,0.106696428572
2012-10-19 15:03:53,29974,1,54.4328869048,0.119642857143
2012-10-19 15:03:54,29975,1,54.5627232143,0.129836309524
2012-10-19 15:03:55,29976,1,54.6726934524,0.109970238095
2012-10-19 15:03:56,29977,1,54.7256696429,0.0529761904762
2012-10-19 15:03:57,29978,1,54.6988839286,-0.0267857142857
2012-10-19 15:03:58,29979,1,54.603422619,-0.0954613095238
2012-10-19 15:03:59,29980,1,54.4916666667,-0.111755952381
2012-10-19 15:04:00,29981,1,54.4423363095,-0.0493303571429
2012-10-19 15:04:01,29982,1,54.5212053571,0.0788690476191
2012-10-19 15:04:02,29983,1,54.7375,0.216294642857
2012-10-19 15:04:03,29984,1,55.0489583333,0.311458333333
2012-10-19 15:04:04,29985,1,55.4217261905,0.372767857143
2012-10-19 15:04:05,29986,1,55.8534970238,0.431770833333
2012-10-19 15:04:06,29987,1,56.3295386905,0.476041666667
2012-10-19 15:04:07,29988,1,56.7979166667,0.468377976191
2012-10-19 15:04:08,29989,1,57.1896577381,0.391741071428
2012-10-19 15:04:09,29990,1,57.4441220238,0.254464285714
2012-10-19 15:04:10,29991,1,57.521875,0.0777529761905
2012-10-19 15:04:11,29992,1,57.3841517857,-0.137723214286
2012-10-19 15:04:12,29993,1,56.9739583333,-0.410193452381
2012-10-19 15:04:13,29994,1,56.2695684524,-0.704389880952
2012-10-19 15:04:14,29995,1,55.358110119,-0.911458333333
2012-10-19 15:04:15,29996,1,54.4232886905,-0.934821428571
2012-10-19 15:04:16,29997,1,53.6520089286,-0.771279761905
2012-10-19 15:04:17,29998,1,53.140625,-0.511383928571
2012-10-19 15:04:18,29999,1,52.8583333333,-0.282291666667
2012-10-19 15:04:19,30000,1,52.6805059524,-0.177827380952
2012-10-19 15:04:20,30001,1,52.4776041667,-0.202901785714
2012-10-19 15:04:21,30002,1,52.2057291667,-0.271875
2012-10-19 15:04:22,30003,1,51.922172619,-0.283556547619
2012-10-19 15:04:23,30004,1,51.7191964286,-0.202976190476
2012-10-19 15:04:24,30005,1,51.65,-0.0691964285714
2012-10-19 15:04:25,30006,1,51.7063988095,0.0563988095238
2012-10-19 15:04:26,30007,1,51.850297619,0.143898809524
2012-10-19 15:04:27,30008,1,52.0603422619,0.210044642857
2012-10-19 15:04:28,30009,1,52.3461309524,0.285788690476
2012-10-19 15:04:29,30010,1,52.7255952381,0.379464285714
2012-10-19 15:04:30,30011,1,53.2049107143,0.479315476191
2012-10-19 15:04:31,30012,1,53.7755208333,0.570610119048
2012-10-19 15:04:32,30013,1,54.4099702381,0.634449404762
2012-10-19 15:04:33,30014,1,55.0593005952,0.649330357143
2012-10-19 15:04:34,30015,1,55.6664434524,0.607142857143
2012-10-19 15:04:35,30016,1,56.1877232143,0.521279761905
2012-10-19 15:04:36,30017,1,56.6078869048,0.420163690476
2012-10-19 15:04:37,30018,1,56.9430803571,0.335193452381
2012-10-19 15:04:38,30019,1,57.23125,0.288169642857
2012-10-19 15:04:39,30020,1,57.5157738095,0.284523809524
2012-10-19 15:04:40,30021,1,57.8368303571,0.321056547619
2012-10-19 15:04:41,30022,1,58.228422619,0.391592261905
2012-10-19 15:04:42,30023,1,58.695610119,0.4671875
2012-10-19 15:04:43,30024,1,59.1907738095,0.495163690476
2012-10-19 15:04:44,30025,1,59.6410714286,0.450297619048
2012-10-19 15:04:45,30026,1,60.0076636905,0.366592261905
2012-10-19 15:04:46,30027,1,60.3139880952,0.306324404762
2012-10-19 15:04:47,30028,1,60.6225446429,0.308556547619
2012-10-19 15:04:48,30029,1,60.9803571429,0.3578125
2012-10-19 15:04:49,30030,1,61.3848214286,0.404464285714
2012-10-19 15:04:50,30031,1,61.8048363095,0.420014880952
2012-10-19 15:04:51,30032,1,62.220610119,0.415773809524
2012-10-19 15:04:52,30033,1,62.6375,0.416889880952
2012-10-19 15:04:53,30034,1,63.0752232143,0.437723214286
2012-10-19 15:04:54,30035,1,63.545610119,0.470386904762
2012-10-19 15:04:55,30036,1,64.0337797619,0.488169642857
2012-10-19 15:04:56,30037,1,64.4997767857,0.46599702381
2012-10-19 15:04:57,30038,1,64.8991071429,0.399330357143
2012-10-19 15:04:58,30039,1,65.2080357143,0.308928571429
2012-10-19 15:04:59,30040,1,65.4341517857,0.226116071429
2012-10-19 15:05:00,30041,1,65.595014881,0.160863095238
2012-10-19 15:05:01,30042,1,65.6857886905,0.0907738095238
2012-10-19 15:05:02,30043,1,65.678422619,-0.00736607142861
2012-10-19 15:05:03,30044,1,65.5480654762,-0.130357142857
2012-10-19 15:05:04,30045,1,65.2884672619,-0.259598214286
2012-10-19 15:05:05,30046,1,64.9130952381,-0.37537202381
2012-10-19 15:05:06,30047,1,64.465327381,-0.447767857143
2012-10-19 15:05:07,30048,1,64.0235863095,-0.441741071429
2012-10-19 15:05:08,30049,1,63.6527529762,-0.370833333333
2012-10-19 15:05:09,30050,1,63.3337053571,-0.319047619048
2012-10-19 15:05:10,30051,1,62.9878720238,-0.345833333333
2012-10-19 15:05:11,30052,1,62.5816220238,-0.40625
2012-10-19 15:05:12,30053,1,62.1694196429,-0.412202380952
2012-10-19 15:05:13,30054,1,61.845610119,-0.32380952381
2012-10-19 15:05:14,30055,1,61.6574404762,-0.188169642857
2012-10-19 15:05:15,30056,1,61.545014881,-0.112425595238
2012-10-19 15:05:16,30057,1,61.3944196429,-0.150595238095
2012-10-19 15:05:17,30058,1,61.1411458333,-0.253273809524
2012-10-19 15:05:18,30059,1,60.7726190476,-0.368526785714
2012-10-19 15:05:19,30060,1,60.2636160714,-0.509002976191
2012-10-19 15:05:20,30061,1,59.5686011905,-0.695014880952
2012-10-19 15:05:21,30062,1,58.6703869048,-0.898214285714
2012-10-19 15:05:22,30063,1,57.5943452381,-1.07604166667
2012-10-19 15:05:23,30064,1,56.3425595238,-1.25178571429
2012-10-19 15:05:24,30065,1,54.8334077381,-1.50915178571
2012-10-19 15:05:25,30066,1,52.9639136905,-1.86949404762
2012-10-19 15:05:26,30067,1,50.7628720238,-2.20104166667
2012-10-19 15:05:27,30068,1,48.4861607143,-2.27671130952
2012-10-19 15:05:28,30069,1,46.5392113095,-1.94694940476
2012-10-19 15:05:29,30070,1,45.2408482143,-1.29836309524
2012-10-19 15:05:30,30071,1,44.6212797619,-0.619568452381
2012-10-19 15:05:31,30072,1,44.4470982143,-0.174181547619
2012-10-19 15:05:32,30073,1,44.4057291667,-0.041369047619
2012-10-19 15:05:33,30074,1,44.2620535714,-0.143675595238
2012-10-19 15:05:34,30075,1,43.9379464286,-0.324107142857
2012-10-19 15:05:35,30076,1,43.51875,-0.419196428571
2012-10-19 15:05:36,30077,1,43.1578125,-0.3609375
2012-10-19 15:05:37,30078,1,42.9311011905,-0.226711309524
2012-10-19 15:05:38,30079,1,42.7743303571,-0.156770833333
2012-10-19 15:05:39,30080,1,42.5567708333,-0.21755952381
2012-10-19 15:05:40,30081,1,42.2058035714,-0.350967261905
2012-10-19 15:05:41,30082,1,41.7777529762,-0.428050595238
2012-10-19 15:05:42,30083,1,41.441889881,-0.335863095238
2012-10-19 15:05:43,30084,1,41.3730654762,-0.0688244047619
2012-10-19 15:05:44,30085,1,41.5889136905,0.215848214286
2012-10-19 15:05:45,30086,1,41.8499255952,0.261011904762
2012-10-19 15:05:46,30087,1,41.7417410714,-0.108184523809
2012-10-19 15:05:47,30088,1,40.9300595238,-0.811681547619
2012-10-19 15:05:48,30089,1,39.4149553571,-1.51510416667
2012-10-19 15:05:49,30090,1,37.5828125,-1.83214285714
2012-10-19 15:05:50,30091,1,35.9993303571,-1.58348214286
2012-10-19 15:05:51,30092,1,35.0870535714,-0.912276785714
2012-10-19 15:05:52,30093,1,34.9438244048,-0.143229166667
2012-10-19 15:05:53,30094,1,35.4098214286,0.465997023809
2012-10-19 15:05:54,30095,1,36.2304315476,0.820610119048
2012-10-19 15:05:55,30096,1,37.1742559524,0.943824404762
2012-10-19 15:05:56,30097,1,38.1034970238,0.929241071428
2012-10-19 15:05:57,30098,1,38.9794642857,0.875967261905
2012-10-19 15:05:58,30099,1,39.7988839286,0.819419642857
2012-10-19 15:05:59,30100,1,40.5464285714,0.747544642857
2012-10-19 15:06:00,30101,1,41.2136904762,0.667261904762
2012-10-19 15:06:01,30102,1,41.8223958333,0.608705357143
2012-10-19 15:06:02,30103,1,42.3927827381,0.570386904762
2012-10-19 15:06:03,30104,1,42.8970238095,0.504241071429
2012-10-19 15:06:04,30105,1,43.2648809524,0.367857142857
2012-10-19 15:06:05,30106,1,43.4441964286,0.179315476191
2012-10-19 15:06:06,30107,1,43.4618303571,0.0176339285715
2012-10-19 15:06:07,30108,1,43.4234375,-0.0383928571429
2012-10-19 15:06:08,30109,1,43.4465029762,0.0230654761905
2012-10-19 15:06:09,30110,1,43.580952381,0.134449404762
2012-10-19 15:06:10,30111,1,43.758110119,0.177157738095
2012-10-19 15:06:11,30112,1,43.7945684524,0.0364583333333
2012-10-19 15:06:12,30113,1,43.4827380952,-0.311830357143
2012-10-19 15:06:13,30114,1,42.7288690476,-0.753869047619
2012-10-19 15:06:14,30115,1,41.6200892857,-1.1087797619
2012-10-19 15:06:15,30116,1,40.3461309524,-1.27395833333
2012-10-19 15:06:16,30117,1,39.0258928571,-1.32023809524
2012-10-19 15:06:17,30118,1,37.584672619,-1.4412202381
2012-10-19 15:06:18,30119,1,35.8197172619,-1.76495535714
2012-10-19 15:06:19,30120,1,33.6204613095,-2.19925595238
2012-10-19 15:06:20,30121,1,31.1056547619,-2.51480654762
2012-10-19 15:06:21,30122,1,28.5302083333,-2.57544642857
2012-10-19 15:06:22,30123,1,26.1226934524,-2.40751488095
2012-10-19 15:06:23,30124,1,24.0327380952,-2.08995535714
2012-10-19 15:06:24,30125,1,22.349702381,-1.68303571429
2012-10-19 15:06:25,30126,1,21.1319940476,-1.21770833333
2012-10-19 15:06:26,30127,1,20.4209821429,-0.711011904762
2012-10-19 15:06:27,30128,1,20.1872767857,-0.233705357143
2012-10-19 15:06:28,30129,1,20.283110119,0.0958333333333
2012-10-19 15:06:29,30130,1,20.5135416667,0.230431547619
2012-10-19 15:06:30,30131,1,20.7284970238,0.214955357143
2012-10-19 15:06:31,30132,1,20.7947916667,0.0662946428572
2012-10-19 15:06:32,30133,1,20.5052827381,-0.289508928572
2012-10-19 15:06:33,30134,1,19.5583333333,-0.946949404762
2012-10-19 15:06:34,30135,1,17.6505208333,-1.9078125
2012-10-19 15:06:35,30136,1,14.6614583333,-2.9890625
2012-10-19 15:06:36,30137,1,10.8457589286,-3.81569940476
2012-10-19 15:06:37,30138,1,6.85572916667,-3.9900297619
2012-10-19 15:06:38,30139,1,3.53288690476,-3.3228422619
2012-10-19 15:06:39,30140,1,0.0,-3.53288690476
2012-10-19 15:07:47,30208,68,0.0,0.0
2012-10-19 15:07:48,30209,1,3.11339285714,3.11339285714
2012-10-19 15:07:49,30210,1,5.75587797619,2.64248511905
2012-10-19 15:07:50,30211,1,8.69754464286,2.94166666667
2012-10-19 15:07:51,30212,1,11.4348958333,2.73735119048
2012-10-19 15:07:52,30213,1,13.8883184524,2.45342261905
2012-10-19 15:07:53,30214,1,16.2880952381,2.39977678571
2012-10-19 15:07:54,30215,1,18.8304315476,2.54233630952
2012-10-19 15:07:55,30216,1,21.3941220238,2.56369047619
2012-10-19 15:07:56,30217,1,23.6657738095,2.27165178571
2012-10-19 15:07:57,30218,1,25.484672619,1.81889880952
2012-10-19 15:07:58,30219,1,26.9547619048,1.47008928571
2012-10-19 15:07:59,30220,1,28.2875744048,1.3328125
2012-10-19 15:08:00,30221,1,29.6009672619,1.31339285714
2012-10-19 15:08:01,30222,1,30.8294642857,1.22849702381
2012-10-19 15:08:02,30223,1,31.8117559524,0.982291666667
2012-10-19 15:08:03,30224,1,32.4564732143,0.644717261905
2012-10-19 15:08:04,30225,1,32.8093005952,0.352827380952
2012-10-19 15:08:05,30226,1,33.0003720238,0.191071428571
2012-10-19 15:08:06,30227,1,33.1552827381,0.154910714286
2012-10-19 15:08:07,30228,1,33.3027529762,0.147470238095
2012-10-19 15:08:08,30229,1,33.3299107143,0.0271577380952
2012-10-19 15:08:09,30230,1,33.0663690476,-0.263541666667
2012-10-19 15:08:10,30231,1,32.4366071429,-0.629761904762
2012-10-19 15:08:11,30232,1,31.5197916667,-0.91681547619
2012-10-19 15:08:12,30233,1,30.4792410714,-1.04055059524
2012-10-19 15:08:13,30234,1,29.4521577381,-1.02708333333
2012-10-19 15:08:14,30235,1,28.4852678571,-0.966889880952
2012-10-19 15:08:15,30236,1,27.5432291667,-0.942038690476
2012-10-19 15:08:16,30237,1,26.5601934524,-0.983035714286
2012-10-19 15:08:17,30238,1,25.4915922619,-1.06860119048
2012-10-19 15:08:18,30239,1,24.3425595238,-1.1490327381
2012-10-19 15:08:19,30240,1,23.1597470238,-1.1828125
2012-10-19 15:08:20,30241,1,22.0013392857,-1.1584077381
2012-10-19 15:08:21,30242,1,20.9244047619,-1.07693452381
2012-10-19 15:08:22,30243,1,20.0025297619,-0.921875
2012-10-19 15:08:23,30244,1,19.3430803571,-0.659449404762
2012-10-19 15:08:24,30245,1,19.0530505952,-0.290029761905
2012-10-19 15:08:25,30246,1,19.1619047619,0.108854166667
2012-10-19 15:08:26,30247,1,19.5975446429,0.435639880952
2012-10-19 15:08:27,30248,1,20.2522321429,0.6546875
2012-10-19 15:08:28,30249,1,21.0548363095,0.802604166667
2012-10-19 15:08:29,30250,1,21.975,0.920163690476
2012-10-19 15:08:30,30251,1,22.9660714286,0.991071428571
2012-10-19 15:08:31,30252,1,23.9318452381,0.965773809524
2012-10-19 15:08:32,30253,1,24.7881696429,0.856324404762
2012-10-19 15:08:33,30254,1,25.5334077381,0.745238095238
2012-10-19 15:08:34,30255,1,26.2136904762,0.680282738095
2012-10-19 15:08:35,30256,1,26.8453869048,0.631696428571
2012-10-19 15:08:36,30257,1,27.3982142857,0.552827380952
2012-10-19 15:08:37,30258,1,27.8291666667,0.430952380952
2012-10-19 15:08:38,30259,1,28.1211309524,0.291964285714
2012-10-19 15:08:39,30260,1,28.293452381,0.172321428571
2012-10-19 15:08:40,30261,1,28.379389881,0.0859375
2012-10-19 15:08:41,30262,1,28.4113839286,0.031994047619
2012-10-19 15:08:42,30263,1,28.4271577381,0.0157738095238
2012-10-19 15:08:43,30264,1,28.4748511905,0.047693452381
2012-10-19 15:08:44,30265,1,28.6178571429,0.143005952381
2012-10-19 15:08:45,30266,1,28.9173363095,0.299479166667
2012-10-19 15:08:46,30267,1,29.371875,0.454538690476
2012-10-19 15:08:47,30268,1,29.8710565476,0.499181547619
2012-10-19 15:08:48,30269,1,30.221577381,0.350520833333
2012-10-19 15:08:49,30270,1,30.2475446429,0.0259672619047
2012-10-19 15:08:50,30271,1,29.904389881,-0.343154761905
2012-10-19 15:08:51,30272,1,29.2905505952,-0.613839285714
2012-10-19 15:08:52,30273,1,28.5441964286,-0.746354166667
2012-10-19 15:08:53,30274,1,27.7465029762,-0.797693452381
2012-10-19 15:08:54,30275,1,26.8864583333,-0.860044642857
2012-10-19 15:08:55,30276,1,25.864360119,-1.02209821429
2012-10-19 15:08:56,30277,1,24.5183035714,-1.34605654762
2012-10-19 15:08:57,30278,1,22.6491071429,-1.86919642857
2012-10-19 15:08:58,30279,1,20.0798363095,-2.56927083333
2012-10-19 15:08:59,30280,1,16.7973214286,-3.28251488095
2012-10-19 15:09:00,30281,1,13.0415922619,-3.75572916667
2012-10-19 15:09:01,30282,1,9.2084077381,-3.83318452381
2012-10-19 15:09:02,30283,1,5.70654761905,-3.50186011905
2012-10-19 15:09:03,30284,1,2.97001488095,-2.7365327381
2012-10-19 15:09:04,30285,1,0.0,-2.97001488095
2012-10-19 15:09:32,30313,28,0.0,0.0
2012-10-19 15:09:33,30314,1,3.95483630952,3.95483630952
2012-10-19 15:09:34,30315,1,6.96428571429,3.00944940476
2012-10-19 15:09:35,30316,1,9.88095238095,2.91666666667
2012-10-19 15:09:36,30317,1,12.0453125,2.16436011905
2012-10-19 15:09:37,30318,1,13.43125,1.3859375
2012-10-19 15:09:38,30319,1,14.4536458333,1.02239583333
2012-10-19 15:09:39,30320,1,15.5298363095,1.07619047619
2012-10-19 15:09:40,30321,1,16.7530505952,1.22321428571
2012-10-19 15:09:41,30322,1,17.929985119,1.17693452381
2012-10-19 15:09:42,30323,1,18.8317708333,0.901785714286
2012-10-19 15:09:43,30324,1,19.3715029762,0.539732142857
2012-10-19 15:09:44,30325,1,19.6130208333,0.241517857143
2012-10-19 15:09:45,30326,1,19.6427827381,0.0297619047619
2012-10-19 15:09:46,30327,1,19.3941964286,-0.248586309524
2012-10-19 15:09:47,30328,1,18.5817708333,-0.812425595238
2012-10-19 15:09:48,30329,1,16.8746279762,-1.70714285714
2012-10-19 15:09:49,30330,1,14.2462797619,-2.62834821429
2012-10-19 15:09:50,30331,1,11.1650297619,-3.08125
2012-10-19 15:09:51,30332,1,8.359375,-2.8056547619
2012-10-19 15:09:52,30333,1,6.41413690476,-1.94523809524
2012-10-19 15:09:53,30334,1,5.62470238095,-0.78943452381
2012-10-19 15:09:54,30335,1,6.09241071429,0.467708333333
2012-10-19 15:09:55,30336,1,7.77693452381,1.68452380952
2012-10-19 15:09:56,30337,1,10.4023065476,2.62537202381
2012-10-19 15:09:57,30338,1,13.3932291667,2.99092261905
2012-10-19 15:09:58,30339,1,16.0928571429,2.69962797619
2012-10-19 15:09:59,30340,1,18.1625,2.06964285714
2012-10-19 15:10:00,30341,1,19.7126488095,1.55014880952
2012-10-19 15:10:01,30342,1,20.9899553571,1.27730654762
2012-10-19 15:10:02,30343,1,22.0056547619,1.01569940476
2012-10-19 15:10:03,30344,1,22.5295386905,0.523883928571
2012-10-19 15:10:04,30345,1,22.3572172619,-0.172321428571
2012-10-19 15:10:05,30346,1,21.4824404762,-0.874776785714
2012-10-19 15:10:06,30347,1,20.0857886905,-1.39665178571
2012-10-19 15:10:07,30348,1,18.484077381,-1.60171130952
2012-10-19 15:10:08,30349,1,17.1031994048,-1.38087797619
2012-10-19 15:10:09,30350,1,16.4191220238,-0.684077380952
2012-10-19 15:10:10,30351,1,16.7953125,0.376190476191
2012-10-19 15:10:11,30352,1,18.2729166667,1.47760416667
2012-10-19 15:10:12,30353,1,20.496875,2.22395833333
2012-10-19 15:10:13,30354,1,22.8655505952,2.36867559524
2012-10-19 15:10:14,30355,1,24.8188988095,1.95334821429
2012-10-19 15:10:15,30356,1,26.0976934524,1.27879464286
2012-10-19 15:10:16,30357,1,26.799702381,0.702008928572
2012-10-19 15:10:17,30358,1,27.2020089286,0.402306547619
2012-10-19 15:10:18,30359,1,27.5194940476,0.317485119048
2012-10-19 15:10:19,30360,1,27.778125,0.258630952381
2012-10-19 15:10:20,30361,1,27.847172619,0.0690476190476
2012-10-19 15:10:21,30362,1,27.5535714286,-0.293601190476
2012-10-19 15:10:22,30363,1,26.746577381,-0.806994047619
2012-10-19 15:10:23,30364,1,25.2800595238,-1.46651785714
2012-10-19 15:10:24,30365,1,23.022172619,-2.25788690476
2012-10-19 15:10:25,30366,1,19.9444196429,-3.07775297619
2012-10-19 15:10:26,30367,1,16.2180803571,-3.72633928571
2012-10-19 15:10:27,30368,1,12.2628720238,-3.95520833333
2012-10-19 15:10:28,30369,1,8.67827380952,-3.58459821429
2012-10-19 15:10:29,30370,1,5.96041666667,-2.71785714286
2012-10-19 15:10:30,30371,1,4.1619047619,-1.79851190476
2012-10-19 15:10:31,30372,1,2.8953125,-1.2665922619
2012-10-19 15:10:32,30373,1,1.80163690476,-1.09367559524
2012-10-19 15:10:33,30374,1,0.0,-1.80163690476
2012-10-19 15:10:48,30389,15,0.0,0.0
2012-10-19 15:10:49,30390,1,1.39077380952,1.39077380952
2012-10-19 15:10:50,30391,1,2.13348214286,0.742708333333
2012-10-19 15:10:51,30392,1,2.63013392857,0.496651785714
2012-10-19 15:10:52,30393,1,2.82537202381,0.195238095238
2012-10-19 15:10:53,30394,1,2.93392857143,0.108556547619
2012-10-19 15:10:54,30395,1,3.15245535714,0.218526785714
2012-10-19 15:10:55,30396,1,3.58816964286,0.435714285714
2012-10-19 15:10:56,30397,1,4.37589285714,0.787723214286
2012-10-19 15:10:57,30398,1,5.65729166667,1.28139880952
2012-10-19 15:10:58,30399,1,7.38839285714,1.73110119048
2012-10-19 15:10:59,30400,1,9.30349702381,1.91510416667
2012-10-19 15:11:00,30401,1,11.0956845238,1.7921875
2012-10-19 15:11:01,30402,1,12.5950892857,1.4994047619
2012-10-19 15:11:02,30403,1,13.834672619,1.23958333333
2012-10-19 15:11:03,30404,1,14.9329613095,1.09828869048
2012-10-19 15:11:04,30405,1,15.90625,0.973288690476
2012-10-19 15:11:05,30406,1,16.7186755952,0.812425595238
2012-10-19 15:11:06,30407,1,17.4683035714,0.74962797619
2012-10-19 15:11:07,30408,1,18.3477678571,0.879464285714
2012-10-19 15:11:08,30409,1,19.4443452381,1.09657738095
2012-10-19 15:11:09,30410,1,20.6621279762,1.2177827381
2012-10-19 15:11:10,30411,1,21.8154017857,1.15327380952
2012-10-19 15:11:11,30412,1,22.776860119,0.961458333333
2012-10-19 15:11:12,30413,1,23.5385416667,0.761681547619
2012-10-19 15:11:13,30414,1,24.1156994048,0.577157738095
2012-10-19 15:11:14,30415,1,24.3997767857,0.284077380952
2012-10-19 15:11:15,30416,1,24.1294642857,-0.2703125
2012-10-19 15:11:16,30417,1,23.0136160714,-1.11584821429
2012-10-19 15:11:17,30418,1,20.9050595238,-2.10855654762
2012-10-19 15:11:18,30419,1,17.9123511905,-2.99270833333
2012-10-19 15:11:19,30420,1,14.4273809524,-3.4849702381
2012-10-19 15:11:20,30421,1,11.0993303571,-3.32805059524
2012-10-19 15:11:21,30422,1,8.70163690476,-2.39769345238
2012-10-19 15:11:22,30423,1,7.85691964286,-0.844717261905
2012-10-19 15:11:23,30424,1,8.76324404762,0.906324404762
2012-10-19 15:11:24,30425,1,11.1084077381,2.34516369048
2012-10-19 15:11:25,30426,1,14.2448660714,3.13645833333
2012-10-19 15:11:26,30427,1,17.5172619048,3.27239583333
2012-10-19 15:11:27,30428,1,20.4810267857,2.96376488095
2012-10-19 15:11:28,30429,1,22.8773809524,2.39635416667
2012-10-19 15:11:29,30430,1,24.515625,1.63824404762
2012-10-19 15:11:30,30431,1,25.2415178571,0.725892857143
2012-10-19 15:11:31,30432,1,24.946875,-0.294642857143
2012-10-19 15:11:32,30433,1,23.515625,-1.43125
2012-10-19 15:11:33,30434,1,20.848139881,-2.66748511905
2012-10-19 15:11:34,30435,1,17.1087053571,-3.73943452381
2012-10-19 15:11:35,30436,1,12.9136160714,-4.19508928571
2012-10-19 15:11:36,30437,1,9.16376488095,-3.74985119048
2012-10-19 15:11:37,30438,1,6.68459821429,-2.47916666667
2012-10-19 15:11:38,30439,1,5.89776785714,-0.786830357143
2012-10-19 15:11:39,30440,1,6.65238095238,0.754613095238
2012-10-19 15:11:40,30441,1,8.3990327381,1.74665178571
2012-10-19 15:11:41,30442,1,10.5697172619,2.17068452381
2012-10-19 15:11:42,30443,1,12.7947172619,2.225
2012-10-19 15:11:43,30444,1,14.9139136905,2.11919642857
2012-10-19 15:11:44,30445,1,16.8712797619,1.95736607143
2012-10-19 15:11:45,30446,1,18.5168154762,1.64553571429
2012-10-19 15:11:46,30447,1,19.5217261905,1.00491071429
2012-10-19 15:11:47,30448,1,19.5462053571,0.0244791666667
2012-10-19 15:11:48,30449,1,18.4443452381,-1.10186011905
2012-10-19 15:11:49,30450,1,16.294047619,-2.15029761905
2012-10-19 15:11:50,30451,1,13.3201636905,-2.97388392857
2012-10-19 15:11:51,30452,1,9.84992559524,-3.47023809524
2012-10-19 15:11:52,30453,1,6.32864583333,-3.5212797619
2012-10-19 15:11:53,30454,1,3.35520833333,-2.9734375
2012-10-19 15:11:54,30455,1,0.0,-3.35520833333
2012-10-19 15:12:09,30470,15,0.0,0.0
2012-10-19 15:12:10,30471,1,3.07194940476,3.07194940476
2012-10-19 15:12:11,30472,1,5.43601190476,2.3640625
2012-10-19 15:12:12,30473,1,7.86808035714,2.43206845238
2012-10-19 15:12:13,30474,1,9.89791666667,2.02983630952
2012-10-19 15:12:14,30475,1,11.4556547619,1.55773809524
2012-10-19 15:12:15,30476,1,12.7040178571,1.24836309524
2012-10-19 15:12:16,30477,1,13.861235119,1.1572172619
2012-10-19 15:12:17,30478,1,15.1273065476,1.26607142857
2012-10-19 15:12:18,30479,1,16.646875,1.51956845238
2012-10-19 15:12:19,30480,1,18.4707589286,1.82388392857
2012-10-19 15:12:20,30481,1,20.5482142857,2.07745535714
2012-10-19 15:12:21,30482,1,22.7619791667,2.21376488095
2012-10-19 15:12:22,30483,1,25.0042410714,2.24226190476
2012-10-19 15:12:23,30484,1,27.2410714286,2.23683035714
2012-10-19 15:12:24,30485,1,29.4572172619,2.21614583333
2012-10-19 15:12:25,30486,1,31.521577381,2.06436011905
2012-10-19 15:12:26,30487,1,33.2094494048,1.68787202381
2012-10-19 15:12:27,30488,1,34.421875,1.21242559524
2012-10-19 15:12:28,30489,1,35.315922619,0.894047619048
2012-10-19 15:12:29,30490,1,36.1713541667,0.855431547619
2012-10-19 15:12:30,30491,1,37.1426339286,0.971279761905
2012-10-19 15:12:31,30492,1,38.148139881,1.00550595238
2012-10-19 15:12:32,30493,1,38.9918154762,0.843675595238
2012-10-19 15:12:33,30494,1,39.5475446429,0.555729166667
2012-10-19 15:12:34,30495,1,39.8054315476,0.257886904762
2012-10-19 15:12:35,30496,1,39.815327381,0.0098958333334
2012-10-19 15:12:36,30497,1,39.6476934524,-0.167633928571
2012-10-19 15:12:37,30498,1,39.3783482143,-0.269345238095
2012-10-19 15:12:38,30499,1,39.0720982143,-0.30625
2012-10-19 15:12:39,30500,1,38.7779761905,-0.294122023809
2012-10-19 15:12:40,30501,1,38.5401785714,-0.237797619048
2012-10-19 15:12:41,30502,1,38.415327381,-0.124851190476
2012-10-19 15:12:42,30503,1,38.4811755952,0.0658482142857
2012-10-19 15:12:43,30504,1,38.8084821429,0.327306547619
2012-10-19 15:12:44,30505,1,39.4052827381,0.596800595238
2012-10-19 15:12:45,30506,1,40.1999255952,0.794642857143
2012-10-19 15:12:46,30507,1,41.0900297619,0.890104166667
2012-10-19 15:12:47,30508,1,42.004985119,0.914955357143
2012-10-19 15:12:48,30509,1,42.9325892857,0.927604166667
2012-10-19 15:12:49,30510,1,43.8988095238,0.966220238095
2012-10-19 15:12:50,30511,1,44.9088541667,1.01004464286
2012-10-19 15:12:51,30512,1,45.8988839286,0.990029761905
2012-10-19 15:12:52,30513,1,46.7557291667,0.856845238095
2012-10-19 15:12:53,30514,1,47.3776041667,0.621875
2012-10-19 15:12:54,30515,1,47.715327381,0.337723214286
2012-10-19 15:12:55,30516,1,47.7996279762,0.0843005952381
2012-10-19 15:12:56,30517,1,47.7526041667,-0.0470238095238
2012-10-19 15:12:57,30518,1,47.7397321429,-0.0128720238096
2012-10-19 15:12:58,30519,1,47.8818452381,0.142113095238
2012-10-19 15:12:59,30520,1,48.1841517857,0.302306547619
2012-10-19 15:13:00,30521,1,48.5139136905,0.329761904762
2012-10-19 15:13:01,30522,1,48.6659970238,0.152083333333
2012-10-19 15:13:02,30523,1,48.4907738095,-0.175223214286
2012-10-19 15:13:03,30524,1,47.9614583333,-0.529315476191
2012-10-19 15:13:04,30525,1,47.1381696429,-0.823288690476
2012-10-19 15:13:05,30526,1,46.1160714286,-1.02209821429
2012-10-19 15:13:06,30527,1,45.0139880952,-1.10208333333
2012-10-19 15:13:07,30528,1,43.9789434524,-1.03504464286
2012-10-19 15:13:08,30529,1,43.1717261905,-0.807217261905
2012-10-19 15:13:09,30530,1,42.716889881,-0.454836309524
2012-10-19 15:13:10,30531,1,42.6430803571,-0.0738095238095
2012-10-19 15:13:11,30532,1,42.8732886905,0.230208333333
2012-10-19 15:13:12,30533,1,43.285639881,0.412351190476
2012-10-19 15:13:13,30534,1,43.8023809524,0.516741071429
2012-10-19 15:13:14,30535,1,44.4291666667,0.626785714286
2012-10-19 15:13:15,30536,1,45.2073660714,0.778199404762
2012-10-19 15:13:16,30537,1,46.1419642857,0.934598214286
2012-10-19 15:13:17,30538,1,47.1725446429,1.03058035714
2012-10-19 15:13:18,30539,1,48.1991815476,1.02663690476
2012-10-19 15:13:19,30540,1,49.1485863095,0.949404761905
2012-10-19 15:13:20,30541,1,50.0063988095,0.8578125
2012-10-19 15:13:21,30542,1,50.7636904762,0.757291666667
2012-10-19 15:13:22,30543,1,51.3516369048,0.587946428571
2012-10-19 15:13:23,30544,1,51.642485119,0.290848214286
2012-10-19 15:13:24,30545,1,51.5142857143,-0.128199404762
2012-10-19 15:13:25,30546,1,50.9371279762,-0.577157738095
2012-10-19 15:13:26,30547,1,50.0161458333,-0.920982142857
2012-10-19 15:13:27,30548,1,48.9534970238,-1.06264880952
2012-10-19 15:13:28,30549,1,47.9529017857,-1.0005952381
2012-10-19 15:13:29,30550,1,47.1341517857,-0.81875
2012-10-19 15:13:30,30551,1,46.5277529762,-0.606398809524
2012-10-19 15:13:31,30552,1,46.1319196429,-0.395833333333
2012-10-19 15:13:32,30553,1,45.9516369048,-0.180282738095
2012-10-19 15:13:33,30554,1,46.0026041667,0.0509672619048
2012-10-19 15:13:34,30555,1,46.2985119048,0.295907738095
2012-10-19 15:13:35,30556,1,46.8223958333,0.523883928571
2012-10-19 15:13:36,30557,1,47.5020833333,0.6796875
2012-10-19 15:13:37,30558,1,48.2108630952,0.708779761905
2012-10-19 15:13:38,30559,1,48.7970238095,0.586160714286
2012-10-19 15:13:39,30560,1,49.1398065476,0.342782738095
2012-10-19 15:13:40,30561,1,49.1998511905,0.0600446428572
2012-10-19 15:13:41,30562,1,49.0207589286,-0.179092261905
2012-10-19 15:13:42,30563,1,48.6889136905,-0.331845238095
2012-10-19 15:13:43,30564,1,48.3047619048,-0.384151785714
2012-10-19 15:13:44,30565,1,47.9755208333,-0.329241071429
2012-10-19 15:13:45,30566,1,47.7857142857,-0.189806547619
2012-10-19 15:13:46,30567,1,47.7501488095,-0.0355654761905
2012-10-19 15:13:47,30568,1,47.7964285714,0.0462797619048
2012-10-19 15:13:48,30569,1,47.8015625,0.0051339285714
2012-10-19 15:13:49,30570,1,47.678422619,-0.123139880952
2012-10-19 15:13:50,30571,1,47.4420386905,-0.236383928571
2012-10-19 15:13:51,30572,1,47.1853422619,-0.256696428571
2012-10-19 15:13:52,30573,1,47.0148065476,-0.170535714286
2012-10-19 15:13:53,30574,1,47.0140625,-0.000744047619001
2012-10-19 15:13:54,30575,1,47.2244047619,0.210342261905
2012-10-19 15:13:55,30576,1,47.6313244048,0.406919642857
2012-10-19 15:13:56,30577,1,48.1579613095,0.526636904762
2012-10-19 15:13:57,30578,1,48.6723214286,0.514360119048
2012-10-19 15:13:58,30579,1,49.0485119048,0.376190476191
2012-10-19 15:13:59,30580,1,49.2551339286,0.206622023809
2012-10-19 15:14:00,30581,1,49.3663690476,0.111235119048
2012-10-19 15:14:01,30582,1,49.4875744048,0.121205357143
2012-10-19 15:14:02,30583,1,49.6757440476,0.188169642857
2012-10-19 15:14:03,30584,1,49.900297619,0.224553571429
2012-10-19 15:14:04,30585,1,50.0625744048,0.162276785714
2012-10-19 15:14:05,30586,1,50.0542410714,-0.0083333333333
2012-10-19 15:14:06,30587,1,49.8095238095,-0.244717261905
2012-10-19 15:14:07,30588,1,49.3574404762,-0.452083333333
2012-10-19 15:14:08,30589,1,48.8564732143,-0.500967261905
2012-10-19 15:14:09,30590,1,48.5274553571,-0.329017857143
2012-10-19 15:14:10,30591,1,48.4945684524,-0.0328869047619
2012-10-19 15:14:11,30592,1,48.6888392857,0.194270833333
2012-10-19 15:14:12,30593,1,48.9226190476,0.233779761905
2012-10-19 15:14:13,30594,1,49.0455357143,0.122916666667
2012-10-19 15:14:14,30595,1,49.0149553571,-0.0305803571428
2012-10-19 15:14:15,30596,1,48.8491071429,-0.165848214286
2012-10-19 15:14:16,30597,1,48.5616815476,-0.287425595238
2012-10-19 15:14:17,30598,1,48.1605654762,-0.401116071429
2012-10-19 15:14:18,30599,1,47.6877232143,-0.472842261905
2012-10-19 15:14:19,30600,1,47.2156994048,-0.472023809524
2012-10-19 15:14:20,30601,1,46.7930059524,-0.422693452381
2012-10-19 15:14:21,30602,1,46.4130208333,-0.379985119048
2012-10-19 15:14:22,30603,1,46.0274553571,-0.38556547619
2012-10-19 15:14:23,30604,1,45.5527529762,-0.474702380952
2012-10-19 15:14:24,30605,1,44.8441220238,-0.708630952381
2012-10-19 15:14:25,30606,1,43.6803571429,-1.16376488095
2012-10-19 15:14:26,30607,1,41.8154761905,-1.86488095238
2012-10-19 15:14:27,30608,1,39.0962053571,-2.71927083333
2012-10-19 15:14:28,30609,1,35.5794642857,-3.51674107143
2012-10-19 15:14:29,30610,1,31.5733630952,-4.00610119048
2012-10-19 15:14:30,30611,1,27.590625,-3.98273809524
2012-10-19 15:14:31,30612,1,24.2384672619,-3.3521577381
2012-10-19 15:14:32,30613,1,22.0191964286,-2.21927083333
2012-10-19 15:14:33,30614,1,21.0927083333,-0.926488095238
2012-10-19 15:14:34,30615,1,21.2041666667,0.111458333333
2012-10-19 15:14:35,30616,1,21.8593005952,0.655133928571
2012-10-19 15:14:36,30617,1,22.5895833333,0.730282738095
2012-10-19 15:14:37,30618,1,23.0953125,0.505729166667
2012-10-19 15:14:38,30619,1,23.1571428571,0.0618303571429
2012-10-19 15:14:39,30620,1,22.5008184524,-0.656324404762
2012-10-19 15:14:40,30621,1,20.9585565476,-1.54226190476
2012-10-19 15:14:41,30622,1,18.8250744048,-2.13348214286
2012-10-19 15:14:42,30623,1,16.8919642857,-1.93311011905
2012-10-19 15:14:43,30624,1,15.9843005952,-0.907663690476
2012-10-19 15:14:44,30625,1,16.4037946429,0.419494047619
2012-10-19 15:14:45,30626,1,17.7962797619,1.39248511905
2012-10-19 15:14:46,30627,1,19.5326636905,1.73638392857
2012-10-19 15:14:47,30628,1,21.1696428571,1.63697916667
2012-10-19 15:14:48,30629,1,22.5649553571,1.3953125
2012-10-19 15:14:49,30630,1,23.6913690476,1.12641369048
2012-10-19 15:14:50,30631,1,24.4586309524,0.767261904762
2012-10-19 15:14:51,30632,1,24.6938244048,0.235193452381
2012-10-19 15:14:52,30633,1,24.1947172619,-0.499107142857
2012-10-19 15:14:53,30634,1,22.7760416667,-1.41867559524
2012-10-19 15:14:54,30635,1,20.3572172619,-2.41882440476
2012-10-19 15:14:55,30636,1,17.097172619,-3.26004464286
2012-10-19 15:14:56,30637,1,13.4517113095,-3.64546130952
2012-10-19 15:14:57,30638,1,10.0334821429,-3.41822916667
2012-10-19 15:14:58,30639,1,7.29293154762,-2.74055059524
2012-10-19 15:14:59,30640,1,5.25200892857,-2.04092261905
2012-10-19 15:15:00,30641,1,3.59769345238,-1.65431547619
2012-10-19 15:15:01,30642,1,2.12730654762,-1.47038690476
2012-10-19 15:15:02,30643,1,0.0,-2.12730654762
2012-10-19 15:15:20,30661,18,0.0,0.0
2012-10-19 15:15:21,30662,1,1.04715136054,1.04715136054
2012-10-19 15:15:22,30663,1,1.64781037415,0.600659013605
2012-10-19 15:15:23,30664,1,2.14484481293,0.497034438776
2012-10-19 15:15:24,30665,1,2.47238520408,0.327540391156
2012-10-19 15:15:25,30666,1,2.72039753401,0.248012329932
2012-10-19 15:15:26,30667,1,2.94396258503,0.22356505102
2012-10-19 15:15:27,30668,1,3.1424957483,0.198533163265
2012-10-19 15:15:28,30669,1,3.32201318027,0.179517431973
2012-10-19 15:15:29,30670,1,3.50864158163,0.186628401361
2012-10-19 15:15:30,30671,1,3.70155187075,0.192910289116
2012-10-19 15:15:31,30672,1,3.79785289116,0.0963010204082
2012-10-19 15:15:32,30673,1,3.57893282313,-0.218920068027
2012-10-19 15:15:33,30674,1,2.87344812925,-0.705484693878
2012-10-19 15:15:34,30675,1,1.8521789966,-1.02126913265
2012-10-19 15:15:35,30676,1,0.0,-1.8521789966
2012-10-19 15:15:52,30693,17,0.0,0.0
2012-10-19 15:15:53,30694,1,3.67302295918,3.67302295918
2012-10-19 15:15:54,30695,1,6.80438988095,3.13136692177
2012-10-19 15:15:55,30696,1,10.190625,3.38623511905
2012-10-19 15:15:56,30697,1,13.031547619,2.84092261905
2012-10-19 15:15:57,30698,1,14.954389881,1.9228422619
2012-10-19 15:15:58,30699,1,16.0871279762,1.13273809524
2012-10-19 15:15:59,30700,1,16.860639881,0.773511904762
2012-10-19 15:16:00,30701,1,17.6850446429,0.824404761905
2012-10-19 15:16:01,30702,1,18.6945684524,1.00952380952
2012-10-19 15:16:02,30703,1,19.7091517857,1.01458333333
2012-10-19 15:16:03,30704,1,20.3835565476,0.674404761905
2012-10-19 15:16:04,30705,1,20.3569196429,-0.0266369047619
2012-10-19 15:16:05,30706,1,19.3334821429,-1.0234375
2012-10-19 15:16:06,30707,1,17.1952380952,-2.13824404762
2012-10-19 15:16:07,30708,1,14.1413318452,-3.05390625
2012-10-19 15:16:08,30709,1,10.6869791667,-3.45435267857
2012-10-19 15:16:09,30710,1,7.47991071429,-3.20706845238
2012-10-19 15:16:10,30711,1,5.09642857143,-2.38348214286
2012-10-19 15:16:11,30712,1,3.93151041667,-1.16491815476
2012-10-19 15:16:12,30713,1,4.13467261905,0.203162202381
2012-10-19 15:16:13,30714,1,5.54527529762,1.41060267857
2012-10-19 15:16:14,30715,1,7.73645833333,2.19118303571
2012-10-19 15:16:15,30716,1,10.2564732143,2.52001488095
2012-10-19 15:16:16,30717,1,12.8860119048,2.62953869048
2012-10-19 15:16:17,30718,1,15.6416294643,2.75561755952
2012-10-19 15:16:18,30719,1,18.5004464286,2.85881696429
2012-10-19 15:16:19,30720,1,21.1395833333,2.63913690476
2012-10-19 15:16:20,30721,1,23.0350446429,1.89546130952
2012-10-19 15:16:21,30722,1,23.8420386905,0.806994047619
2012-10-19 15:16:22,30723,1,23.6110863095,-0.230952380952
2012-10-19 15:16:23,30724,1,22.6162202381,-0.994866071429
2012-10-19 15:16:24,30725,1,20.9962797619,-1.61994047619
2012-10-19 15:16:25,30726,1,18.6087797619,-2.3875
2012-10-19 15:16:26,30727,1,15.329389881,-3.27938988095
2012-10-19 15:16:27,30728,1,11.5155505952,-3.81383928571
2012-10-19 15:16:28,30729,1,8.04925595238,-3.46629464286
2012-10-19 15:16:29,30730,1,5.76584821429,-2.2834077381
2012-10-19 15:16:30,30731,1,4.81257440476,-0.953273809524
2012-10-19 15:16:31,30732,1,4.678125,-0.134449404762
2012-10-19 15:16:32,30733,1,4.86607142857,0.187946428571
2012-10-19 15:16:33,30734,1,5.37663690476,0.51056547619
2012-10-19 15:16:34,30735,1,6.48258928571,1.10595238095
2012-10-19 15:16:35,30736,1,8.23392857143,1.75133928571
2012-10-19 15:16:36,30737,1,10.3587797619,2.12485119048
2012-10-19 15:16:37,30738,1,12.5921130952,2.23333333333
2012-10-19 15:16:38,30739,1,14.9000744048,2.30796130952
2012-10-19 15:16:39,30740,1,17.2954613095,2.39538690476
2012-10-19 15:16:40,30741,1,19.5976190476,2.3021577381
2012-10-19 15:16:41,30742,1,21.5413690476,1.94375
2012-10-19 15:16:42,30743,1,23.0331845238,1.49181547619
2012-10-19 15:16:43,30744,1,24.1451636905,1.11197916667
2012-10-19 15:16:44,30745,1,24.8947172619,0.749553571429
2012-10-19 15:16:45,30746,1,25.1703125,0.275595238095
2012-10-19 15:16:46,30747,1,24.9166666667,-0.253645833333
2012-10-19 15:16:47,30748,1,24.3168154762,-0.599851190476
2012-10-19 15:16:48,30749,1,23.7287946429,-0.588020833333
2012-10-19 15:16:49,30750,1,23.4574404762,-0.271354166667
2012-10-19 15:16:50,30751,1,23.5892857143,0.131845238095
2012-10-19 15:16:51,30752,1,23.9994047619,0.410119047619
2012-10-19 15:16:52,30753,1,24.4880952381,0.48869047619
2012-10-19 15:16:53,30754,1,24.9305059524,0.442410714286
2012-10-19 15:16:54,30755,1,25.330952381,0.400446428571
2012-10-19 15:16:55,30756,1,25.7592261905,0.428273809524
2012-10-19 15:16:56,30757,1,26.2555803571,0.496354166667
2012-10-19 15:16:57,30758,1,26.8061011905,0.550520833333
2012-10-19 15:16:58,30759,1,27.376860119,0.570758928571
2012-10-19 15:16:59,30760,1,27.937797619,0.5609375
2012-10-19 15:17:00,30761,1,28.4678571429,0.530059523809
2012-10-19 15:17:01,30762,1,28.9538690476,0.486011904762
2012-10-19 15:17:02,30763,1,29.382514881,0.428645833333
2012-10-19 15:17:03,30764,1,29.7336309524,0.351116071429
2012-10-19 15:17:04,30765,1,29.9779017857,0.244270833333
2012-10-19 15:17:05,30766,1,30.092485119,0.114583333333
2012-10-19 15:17:06,30767,1,30.0976190476,0.0051339285714
2012-10-19 15:17:07,30768,1,30.0660714286,-0.0315476190476
2012-10-19 15:17:08,30769,1,30.0787202381,0.0126488095238
2012-10-19 15:17:09,30770,1,30.1642857143,0.0855654761905
2012-10-19 15:17:10,30771,1,30.2796130952,0.115327380952
2012-10-19 15:17:11,30772,1,30.3558779762,0.0762648809524
2012-10-19 15:17:12,30773,1,30.359077381,0.0031994047619
2012-10-19 15:17:13,30774,1,30.2936011905,-0.0654761904762
2012-10-19 15:17:14,30775,1,30.1642113095,-0.129389880952
2012-10-19 15:17:15,30776,1,29.9598958333,-0.204315476191
2012-10-19 15:17:16,30777,1,29.6741071429,-0.285788690476
2012-10-19 15:17:17,30778,1,29.3229166667,-0.35119047619
2012-10-19 15:17:18,30779,1,28.9410714286,-0.381845238095
2012-10-19 15:17:19,30780,1,28.5770833333,-0.363988095238
2012-10-19 15:17:20,30781,1,28.2858630952,-0.291220238095
2012-10-19 15:17:21,30782,1,28.0975446429,-0.188318452381
2012-10-19 15:17:22,30783,1,27.9782738095,-0.119270833333
2012-10-19 15:17:23,30784,1,27.8111607143,-0.167113095238
2012-10-19 15:17:24,30785,1,27.4042410714,-0.406919642857
2012-10-19 15:17:25,30786,1,26.523735119,-0.880505952381
2012-10-19 15:17:26,30787,1,24.959375,-1.56436011905
2012-10-19 15:17:27,30788,1,22.6265625,-2.3328125
2012-10-19 15:17:28,30789,1,19.6494791667,-2.97708333333
2012-10-19 15:17:29,30790,1,16.3354910714,-3.31398809524
2012-10-19 15:17:30,30791,1,13.0555059524,-3.27998511905
2012-10-19 15:17:31,30792,1,10.1366071429,-2.91889880952
2012-10-19 15:17:32,30793,1,7.80022321429,-2.33638392857
2012-10-19 15:17:33,30794,1,6.08630952381,-1.71391369048
2012-10-19 15:17:34,30795,1,4.78080357143,-1.30550595238
2012-10-19 15:17:35,30796,1,3.52544642857,-1.25535714286
2012-10-19 15:17:36,30797,1,2.20669642857,-1.31875
2012-10-19 15:17:37,30798,1,0.0,-2.20669642857
2012-10-19 15:52:29,32890,2092,0.0,0.0
2012-10-19 15:52:30,32891,1,2.06374007937,2.06374007937
2012-10-19 15:52:31,32892,1,3.1244047619,1.06066468254
2012-10-19 15:52:32,32893,1,3.78191964286,0.657514880952
2012-10-19 15:52:33,32894,1,4.03705357143,0.255133928571
2012-10-19 15:52:34,32895,1,4.33616071429,0.299107142857
2012-10-19 15:52:35,32896,1,5.17681051587,0.840649801587
2012-10-19 15:52:36,32897,1,6.81865079365,1.64184027778
2012-10-19 15:52:37,32898,1,9.1150297619,2.29637896825
2012-10-19 15:52:38,32899,1,11.5415922619,2.4265625
2012-10-19 15:52:39,32900,1,13.4234375,1.8818452381
2012-10-19 15:52:40,32901,1,14.234077381,0.810639880952
2012-10-19 15:52:41,32902,1,13.8954117063,-0.338665674603
2012-10-19 15:52:42,32903,1,12.9255704365,-0.969841269841
2012-10-19 15:52:43,32904,1,12.2288690476,-0.696701388889
2012-10-19 15:52:44,32905,1,12.6080357143,0.379166666667
2012-10-19 15:52:45,32906,1,14.3310267857,1.72299107143
2012-10-19 15:52:46,32907,1,17.0179315476,2.6869047619
2012-10-19 15:52:47,32908,1,19.9013392857,2.8834077381
2012-10-19 15:52:48,32909,1,22.2923363095,2.39099702381
2012-10-19 15:52:49,32910,1,23.9157738095,1.6234375
2012-10-19 15:52:50,32911,1,24.8805803571,0.964806547619
2012-10-19 15:52:51,32912,1,25.4229910714,0.542410714286
2012-10-19 15:52:52,32913,1,25.7311755952,0.308184523809
2012-10-19 15:52:53,32914,1,25.9350446429,0.203869047619
2012-10-19 15:52:54,32915,1,26.1330357143,0.197991071429
2012-10-19 15:52:55,32916,1,26.3770833333,0.244047619048
2012-10-19 15:52:56,32917,1,26.6491071429,0.272023809524
2012-10-19 15:52:57,32918,1,26.8811011905,0.231994047619
2012-10-19 15:52:58,32919,1,27.028125,0.147023809524
2012-10-19 15:52:59,32920,1,27.130952381,0.102827380952
2012-10-19 15:53:00,32921,1,27.2883928571,0.15744047619
2012-10-19 15:53:01,32922,1,27.5626488095,0.274255952381
2012-10-19 15:53:02,32923,1,27.9219494048,0.359300595238
2012-10-19 15:53:03,32924,1,28.2681547619,0.346205357143
2012-10-19 15:53:04,32925,1,28.5046875,0.236532738095
2012-10-19 15:53:05,32926,1,28.5912202381,0.0865327380952
2012-10-19 15:53:06,32927,1,28.5708333333,-0.0203869047619
2012-10-19 15:53:07,32928,1,28.5541666667,-0.0166666666666
2012-10-19 15:53:08,32929,1,28.6496279762,0.0954613095238
2012-10-19 15:53:09,32930,1,28.885639881,0.236011904762
2012-10-19 15:53:10,32931,1,29.1876488095,0.302008928571
2012-10-19 15:53:11,32932,1,29.427827381,0.240178571429
2012-10-19 15:53:12,32933,1,29.5183035714,0.0904761904762
2012-10-19 15:53:13,32934,1,29.4779761905,-0.0403273809524
2012-10-19 15:53:14,32935,1,29.4101934524,-0.0677827380953
2012-10-19 15:53:15,32936,1,29.4110863095,0.000892857142901
2012-10-19 15:53:16,32937,1,29.4917410714,0.0806547619048
2012-10-19 15:53:17,32938,1,29.5660714286,0.0743303571428
2012-10-19 15:53:18,32939,1,29.4980654762,-0.0680059523809
2012-10-19 15:53:19,32940,1,29.1878720238,-0.310193452381
2012-10-19 15:53:20,32941,1,28.658110119,-0.529761904762
2012-10-19 15:53:21,32942,1,28.0711309524,-0.586979166667
2012-10-19 15:53:22,32943,1,27.645610119,-0.425520833333
2012-10-19 15:53:23,32944,1,27.5139136905,-0.131696428571
2012-10-19 15:53:24,32945,1,27.600297619,0.0863839285714
2012-10-19 15:53:25,32946,1,27.6298363095,0.0295386904762
2012-10-19 15:53:26,32947,1,27.3016369048,-0.328199404762
2012-10-19 15:53:27,32948,1,26.465327381,-0.83630952381
2012-10-19 15:53:28,32949,1,25.1388392857,-1.32648809524
2012-10-19 15:53:29,32950,1,23.4035714286,-1.73526785714
2012-10-19 15:53:30,32951,1,21.3066220238,-2.09694940476
2012-10-19 15:53:31,32952,1,18.8551339286,-2.45148809524
2012-10-19 15:53:32,32953,1,16.0696056548,-2.78552827381
2012-10-19 15:53:33,32954,1,13.0347470238,-3.03485863095
2012-10-19 15:53:34,32955,1,9.98452380952,-3.05022321429
2012-10-19 15:53:35,32956,1,7.36354166667,-2.62098214286
2012-10-19 15:53:36,32957,1,5.68932291667,-1.67421875
2012-10-19 15:53:37,32958,1,5.2184630102,-0.470859906463
2012-10-19 15:53:38,32959,1,5.64731611395,0.428853103741
2012-10-19 15:53:39,32960,1,6.19279336735,0.545477253401
2012-10-19 15:53:40,32961,1,6.15323129252,-0.0395620748299
2012-10-19 15:53:41,32962,1,5.43584183673,-0.717389455782
2012-10-19 15:53:42,32963,1,4.51010310374,-0.925738732993
2012-10-19 15:53:43,32964,1,3.93286564626,-0.577237457483
2012-10-19 15:53:44,32965,1,3.92732780612,-0.00553784013605
2012-10-19 15:53:45,32966,1,4.31746386054,0.390136054422
2012-10-19 15:53:46,32967,1,4.85054209184,0.533078231293
2012-10-19 15:53:47,32968,1,5.57691326531,0.726371173469
2012-10-19 15:53:48,32969,1,6.82673256803,1.24981930272
2012-10-19 15:53:49,32970,1,8.83978528912,2.01305272109
2012-10-19 15:53:50,32971,1,11.5442920918,2.70450680272
2012-10-19 15:53:51,32972,1,14.6400722789,3.09578018707
2012-10-19 15:53:52,32973,1,17.7712691327,3.13119685374
2012-10-19 15:53:53,32974,1,20.6591943027,2.88792517007
2012-10-19 15:53:54,32975,1,23.1154655612,2.4562712585
2012-10-19 15:53:55,32976,1,24.9739583333,1.85849277211
2012-10-19 15:53:56,32977,1,26.1499255952,1.1759672619
2012-10-19 15:53:57,32978,1,26.7645833333,0.614657738095
2012-10-19 15:53:58,32979,1,27.0904761905,0.325892857143
2012-10-19 15:53:59,32980,1,27.3735863095,0.283110119048
2012-10-19 15:54:00,32981,1,27.7209821429,0.347395833333
2012-10-19 15:54:01,32982,1,28.0892857143,0.368303571429
2012-10-19 15:54:02,32983,1,28.33125,0.241964285714
2012-10-19 15:54:03,32984,1,28.2558035714,-0.0754464285714
2012-10-19 15:54:04,32985,1,27.6813988095,-0.574404761905
2012-10-19 15:54:05,32986,1,26.4698660714,-1.2115327381
2012-10-19 15:54:06,32987,1,24.4961203231,-1.9737457483
2012-10-19 15:54:07,32988,1,21.596619898,-2.89950042517
2012-10-19 15:54:08,32989,1,17.6912840136,-3.90533588435
2012-10-19 15:54:09,32990,1,13.0857568027,-4.60552721088
2012-10-19 15:54:10,32991,1,8.56296768707,-4.52278911565
2012-10-19 15:54:11,32992,1,5.01880314626,-3.54416454082
2012-10-19 15:54:12,32993,1,2.94860756803,-2.07019557823
2012-10-19 15:54:13,32994,1,2.20496386054,-0.743643707483
2012-10-19 15:54:14,32995,1,2.18871173469,-0.0162521258503
2012-10-19 15:54:15,32996,1,2.37482993197,0.186118197279
2012-10-19 15:54:16,32997,1,2.74637542517,0.371545493197
2012-10-19 15:54:17,32998,1,3.67892219388,0.932546768707
2012-10-19 15:54:18,32999,1,5.43580994898,1.7568877551
2012-10-19 15:54:19,33000,1,7.8984162415,2.46260629252
2012-10-19 15:54:20,33001,1,10.7483205782,2.84990433673
2012-10-19 15:54:21,33002,1,13.7863201531,3.03799957483
2012-10-19 15:54:22,33003,1,17.0491390306,3.26281887755
2012-10-19 15:54:23,33004,1,20.5866177721,3.5374787415
2012-10-19 15:54:24,33005,1,24.1741071429,3.58748937075
2012-10-19 15:54:25,33006,1,27.4273809524,3.25327380952
2012-10-19 15:54:26,33007,1,30.189360119,2.76197916667
2012-10-19 15:54:27,33008,1,32.6241815476,2.43482142857
2012-10-19 15:54:28,33009,1,34.9220982143,2.29791666667
2012-10-19 15:54:29,33010,1,37.0429315476,2.12083333333
2012-10-19 15:54:30,33011,1,38.8086309524,1.76569940476
2012-10-19 15:54:31,33012,1,40.1663690476,1.35773809524
2012-10-19 15:54:32,33013,1,41.2593005952,1.09293154762
2012-10-19 15:54:33,33014,1,42.2514880952,0.9921875
2012-10-19 15:54:34,33015,1,43.1503720238,0.898883928571
2012-10-19 15:54:35,33016,1,43.8402529762,0.689880952381
2012-10-19 15:54:36,33017,1,44.2712797619,0.431026785714
2012-10-19 15:54:37,33018,1,44.549702381,0.278422619048
2012-10-19 15:54:38,33019,1,44.8352678571,0.28556547619
2012-10-19 15:54:39,33020,1,45.2014136905,0.366145833333
2012-10-19 15:54:40,33021,1,45.6082589286,0.406845238095
2012-10-19 15:54:41,33022,1,45.9921130952,0.383854166667
2012-10-19 15:54:42,33023,1,46.3536458333,0.361532738095
2012-10-19 15:54:43,33024,1,46.7335565476,0.379910714286
2012-10-19 15:54:44,33025,1,47.1235863095,0.390029761905
2012-10-19 15:54:45,33026,1,47.4491071429,0.325520833333
2012-10-19 15:54:46,33027,1,47.6420386905,0.192931547619
2012-10-19 15:54:47,33028,1,47.7014136905,0.059375
2012-10-19 15:54:48,33029,1,47.679985119,-0.0214285714286
2012-10-19 15:54:49,33030,1,47.6240327381,-0.0559523809524
2012-10-19 15:54:50,33031,1,47.5319196429,-0.0921130952381
2012-10-19 15:54:51,33032,1,47.3824404762,-0.149479166667
2012-10-19 15:54:52,33033,1,47.1853422619,-0.197098214286
2012-10-19 15:54:53,33034,1,46.9700892857,-0.21525297619
2012-10-19 15:54:54,33035,1,46.7444940476,-0.225595238095
2012-10-19 15:54:55,33036,1,46.4852678571,-0.259226190476
2012-10-19 15:54:56,33037,1,46.1542410714,-0.331026785714
2012-10-19 15:54:57,33038,1,45.7411458333,-0.413095238095
2012-10-19 15:54:58,33039,1,45.3165922619,-0.424553571428
2012-10-19 15:54:59,33040,1,45.0241071429,-0.292485119048
2012-10-19 15:55:00,33041,1,44.9933035714,-0.0308035714285
2012-10-19 15:55:01,33042,1,45.2450892857,0.251785714286
2012-10-19 15:55:02,33043,1,45.6688988095,0.42380952381
2012-10-19 15:55:03,33044,1,46.097172619,0.428273809524
2012-10-19 15:55:04,33045,1,46.4186011905,0.321428571429
2012-10-19 15:55:05,33046,1,46.6337797619,0.215178571429
2012-10-19 15:55:06,33047,1,46.8200892857,0.18630952381
2012-10-19 15:55:07,33048,1,47.0524553571,0.232366071429
2012-10-19 15:55:08,33049,1,47.3412946429,0.288839285714
2012-10-19 15:55:09,33050,1,47.6246279762,0.283333333333
2012-10-19 15:55:10,33051,1,47.8175595238,0.192931547619
2012-10-19 15:55:11,33052,1,47.8842261905,0.0666666666667
2012-10-19 15:55:12,33053,1,47.8741815476,-0.0100446428572
2012-10-19 15:55:13,33054,1,47.8899553571,0.0157738095239
2012-10-19 15:55:14,33055,1,48.0158482143,0.125892857143
2012-10-19 15:55:15,33056,1,48.2642857143,0.2484375
2012-10-19 15:55:16,33057,1,48.571875,0.307589285714
2012-10-19 15:55:17,33058,1,48.8454613095,0.273586309524
2012-10-19 15:55:18,33059,1,49.0213541667,0.175892857143
2012-10-19 15:55:19,33060,1,49.0936755952,0.0723214285714
2012-10-19 15:55:20,33061,1,49.10625,0.0125744047619
2012-10-19 15:55:21,33062,1,49.1232142857,0.0169642857143
2012-10-19 15:55:22,33063,1,49.1906994048,0.0674851190476
2012-10-19 15:55:23,33064,1,49.3113095238,0.120610119048
2012-10-19 15:55:24,33065,1,49.4535714286,0.142261904762
2012-10-19 15:55:25,33066,1,49.5854166667,0.131845238095
2012-10-19 15:55:26,33067,1,49.695610119,0.110193452381
2012-10-19 15:55:27,33068,1,49.7906994048,0.0950892857143
2012-10-19 15:55:28,33069,1,49.881547619,0.0908482142857
2012-10-19 15:55:29,33070,1,49.971875,0.0903273809524
2012-10-19 15:55:30,33071,1,50.0561755952,0.0843005952381
2012-10-19 15:55:31,33072,1,50.1198660714,0.0636904761905
2012-10-19 15:55:32,33073,1,50.1355654762,0.0156994047619
2012-10-19 15:55:33,33074,1,50.0723214286,-0.0632440476191
2012-10-19 15:55:34,33075,1,49.9124255952,-0.159895833333
2012-10-19 15:55:35,33076,1,49.6546130952,-0.2578125
2012-10-19 15:55:36,33077,1,49.3207589286,-0.333854166667
2012-10-19 15:55:37,33078,1,48.967485119,-0.353273809524
2012-10-19 15:55:38,33079,1,48.665327381,-0.302157738095
2012-10-19 15:55:39,33080,1,48.4529017857,-0.212425595238
2012-10-19 15:55:40,33081,1,48.3078869048,-0.145014880952
2012-10-19 15:55:41,33082,1,48.1522321429,-0.155654761905
2012-10-19 15:55:42,33083,1,47.9005952381,-0.251636904762
2012-10-19 15:55:43,33084,1,47.5342261905,-0.366369047619
2012-10-19 15:55:44,33085,1,47.1340029762,-0.400223214286
2012-10-19 15:55:45,33086,1,46.837202381,-0.296800595238
2012-10-19 15:55:46,33087,1,46.758110119,-0.0790922619048
2012-10-19 15:55:47,33088,1,46.9292410714,0.171130952381
2012-10-19 15:55:48,33089,1,47.2917410714,0.3625
2012-10-19 15:55:49,33090,1,47.7296130952,0.437872023809
2012-10-19 15:55:50,33091,1,48.1173363095,0.387723214286
2012-10-19 15:55:51,33092,1,48.3561011905,0.238764880952
2012-10-19 15:55:52,33093,1,48.3984375,0.0423363095238
2012-10-19 15:55:53,33094,1,48.2677827381,-0.130654761905
2012-10-19 15:55:54,33095,1,48.0574404762,-0.210342261905
2012-10-19 15:55:55,33096,1,47.8820684524,-0.17537202381
2012-10-19 15:55:56,33097,1,47.7972470238,-0.0848214285714
2012-10-19 15:55:57,33098,1,47.7571428571,-0.0401041666666
2012-10-19 15:55:58,33099,1,47.6611607143,-0.0959821428572
2012-10-19 15:55:59,33100,1,47.4491815476,-0.211979166667
2012-10-19 15:56:00,33101,1,47.1485119048,-0.300669642857
2012-10-19 15:56:01,33102,1,46.8266369048,-0.321875
2012-10-19 15:56:02,33103,1,46.5072172619,-0.319419642857
2012-10-19 15:56:03,33104,1,46.1497767857,-0.35744047619
2012-10-19 15:56:04,33105,1,45.7177083333,-0.432068452381
2012-10-19 15:56:05,33106,1,45.2500744048,-0.467633928571
2012-10-19 15:56:06,33107,1,44.8527529762,-0.397321428571
2012-10-19 15:56:07,33108,1,44.6220982143,-0.230654761905
2012-10-19 15:56:08,33109,1,44.5819196429,-0.0401785714286
2012-10-19 15:56:09,33110,1,44.6860863095,0.104166666667
2012-10-19 15:56:10,33111,1,44.8636160714,0.177529761905
2012-10-19 15:56:11,33112,1,45.0569196429,0.193303571429
2012-10-19 15:56:12,33113,1,45.2351190476,0.178199404762
2012-10-19 15:56:13,33114,1,45.3891369048,0.154017857143
2012-10-19 15:56:14,33115,1,45.5172619048,0.128125
2012-10-19 15:56:15,33116,1,45.6099702381,0.0927083333333
2012-10-19 15:56:16,33117,1,45.6463541667,0.0363839285715
2012-10-19 15:56:17,33118,1,45.6078125,-0.0385416666667
2012-10-19 15:56:18,33119,1,45.4928571429,-0.114955357143
2012-10-19 15:56:19,33120,1,45.3114583333,-0.181398809524
2012-10-19 15:56:20,33121,1,45.0628720238,-0.248586309524
2012-10-19 15:56:21,33122,1,44.7123511905,-0.350520833333
2012-10-19 15:56:22,33123,1,44.173735119,-0.538616071429
2012-10-19 15:56:23,33124,1,43.3142113095,-0.859523809524
2012-10-19 15:56:24,33125,1,41.984375,-1.32983630952
2012-10-19 15:56:25,33126,1,40.0486607143,-1.93571428571
2012-10-19 15:56:26,33127,1,37.4211309524,-2.6275297619
2012-10-19 15:56:27,33128,1,34.109077381,-3.31205357143
2012-10-19 15:56:28,33129,1,30.2130952381,-3.89598214286
2012-10-19 15:56:29,33130,1,25.8842261905,-4.32886904762
2012-10-19 15:56:30,33131,1,21.2953869048,-4.58883928571
2012-10-19 15:56:31,33132,1,16.6185267857,-4.67686011905
2012-10-19 15:56:32,33133,1,12.0086309524,-4.60989583333
2012-10-19 15:56:33,33134,1,7.68474702381,-4.32388392857
2012-10-19 15:56:34,33135,1,4.10535714286,-3.57938988095
2012-10-19 15:56:35,33136,1,0.0,-4.10535714286
2012-10-19 15:56:51,33152,16,0.0,0.0
2012-10-19 15:56:52,33153,1,3.91949404762,3.91949404762
2012-10-19 15:56:53,33154,1,7.1771577381,3.25766369048
2012-10-19 15:56:54,33155,1,10.8161458333,3.63898809524
2012-10-19 15:56:55,33156,1,14.3054315476,3.48928571429
2012-10-19 15:56:56,33157,1,17.5406994048,3.23526785714
2012-10-19 15:56:57,33158,1,20.6073660714,3.06666666667
2012-10-19 15:56:58,33159,1,23.5539434524,2.94657738095
2012-10-19 15:56:59,33160,1,26.285639881,2.73169642857
2012-10-19 15:57:00,33161,1,28.6503720238,2.36473214286
2012-10-19 15:57:01,33162,1,30.6322172619,1.9818452381
2012-10-19 15:57:02,33163,1,32.3816220238,1.7494047619
2012-10-19 15:57:03,33164,1,34.0272321429,1.64561011905
2012-10-19 15:57:04,33165,1,35.4982142857,1.47098214286
2012-10-19 15:57:05,33166,1,36.568452381,1.07023809524
2012-10-19 15:57:06,33167,1,37.0775297619,0.509077380952
2012-10-19 15:57:07,33168,1,37.0515625,-0.0259672619048
2012-10-19 15:57:08,33169,1,36.6069940476,-0.444568452381
2012-10-19 15:57:09,33170,1,35.8421130952,-0.764880952381
2012-10-19 15:57:10,33171,1,34.8709821429,-0.971130952381
2012-10-19 15:57:11,33172,1,33.9014136905,-0.969568452381
2012-10-19 15:57:12,33173,1,33.2057291667,-0.695684523809
2012-10-19 15:57:13,33174,1,32.9602678571,-0.245461309524
2012-10-19 15:57:14,33175,1,33.1027529762,0.142485119048
2012-10-19 15:57:15,33176,1,33.401860119,0.299107142857
2012-10-19 15:57:16,33177,1,33.692485119,0.290625
2012-10-19 15:57:17,33178,1,34.0045386905,0.312053571429
2012-10-19 15:57:18,33179,1,34.460639881,0.456101190476
2012-10-19 15:57:19,33180,1,35.1040178571,0.643377976191
2012-10-19 15:57:20,33181,1,35.8508928571,0.746875
2012-10-19 15:57:21,33182,1,36.5646577381,0.713764880952
2012-10-19 15:57:22,33183,1,37.1280505952,0.563392857143
2012-10-19 15:57:23,33184,1,37.4639880952,0.3359375
2012-10-19 15:57:24,33185,1,37.5405505952,0.0765625
2012-10-19 15:57:25,33186,1,37.3748511905,-0.165699404762
2012-10-19 15:57:26,33187,1,37.0019345238,-0.372916666667
2012-10-19 15:57:27,33188,1,36.4095982143,-0.592336309524
2012-10-19 15:57:28,33189,1,35.5320684524,-0.877529761905
2012-10-19 15:57:29,33190,1,34.3466517857,-1.18541666667
2012-10-19 15:57:30,33191,1,32.9649553571,-1.38169642857
2012-10-19 15:57:31,33192,1,31.6202380952,-1.3447172619
2012-10-19 15:57:32,33193,1,30.5788690476,-1.04136904762
2012-10-19 15:57:33,33194,1,30.0462797619,-0.532589285714
2012-10-19 15:57:34,33195,1,30.116889881,0.0706101190476
2012-10-19 15:57:35,33196,1,30.7774553571,0.660565476191
2012-10-19 15:57:36,33197,1,31.9203869048,1.14293154762
2012-10-19 15:57:37,33198,1,33.3542410714,1.43385416667
2012-10-19 15:57:38,33199,1,34.8591517857,1.50491071429
2012-10-19 15:57:39,33200,1,36.2561755952,1.39702380952
2012-10-19 15:57:40,33201,1,37.408110119,1.15193452381
2012-10-19 15:57:41,33202,1,38.2022321429,0.794122023809
2012-10-19 15:57:42,33203,1,38.5941964286,0.391964285714
2012-10-19 15:57:43,33204,1,38.6398065476,0.0456101190476
2012-10-19 15:57:44,33205,1,38.4156994048,-0.224107142857
2012-10-19 15:57:45,33206,1,37.8691220238,-0.546577380952
2012-10-19 15:57:46,33207,1,36.7525297619,-1.1165922619
2012-10-19 15:57:47,33208,1,34.770014881,-1.98251488095
2012-10-19 15:57:48,33209,1,31.834672619,-2.9353422619
2012-10-19 15:57:49,33210,1,28.1319196429,-3.70275297619
2012-10-19 15:57:50,33211,1,23.920610119,-4.21130952381
2012-10-19 15:57:51,33212,1,19.4575892857,-4.46302083333
2012-10-19 15:57:52,33213,1,15.2296130952,-4.22797619048
2012-10-19 15:57:53,33214,1,12.0273065476,-3.20230654762
2012-10-19 15:57:54,33215,1,10.5536458333,-1.47366071429
2012-10-19 15:57:55,33216,1,10.9554315476,0.401785714286
2012-10-19 15:57:56,33217,1,12.7175595238,1.76212797619
2012-10-19 15:57:57,33218,1,15.0101934524,2.29263392857
2012-10-19 15:57:58,33219,1,17.233110119,2.22291666667
2012-10-19 15:57:59,33220,1,19.2258928571,1.9927827381
2012-10-19 15:58:00,33221,1,21.0324404762,1.80654761905
2012-10-19 15:58:01,33222,1,22.6944940476,1.66205357143
2012-10-19 15:58:02,33223,1,24.2677083333,1.57321428571
2012-10-19 15:58:03,33224,1,25.8630952381,1.59538690476
2012-10-19 15:58:04,33225,1,27.6351934524,1.77209821429
2012-10-19 15:58:05,33226,1,29.7276041667,2.09241071429
2012-10-19 15:58:06,33227,1,32.1904017857,2.46279761905
2012-10-19 15:58:07,33228,1,34.9296875,2.73928571429
2012-10-19 15:58:08,33229,1,37.754389881,2.82470238095
2012-10-19 15:58:09,33230,1,40.5373511905,2.78296130952
2012-10-19 15:58:10,33231,1,43.3173363095,2.77998511905
2012-10-19 15:58:11,33232,1,46.1623511905,2.84501488095
2012-10-19 15:58:12,33233,1,48.992485119,2.83013392857
2012-10-19 15:58:13,33234,1,51.6276785714,2.63519345238
2012-10-19 15:58:14,33235,1,53.9538690476,2.32619047619
2012-10-19 15:58:15,33236,1,55.9790178571,2.02514880952
2012-10-19 15:58:16,33237,1,57.7282738095,1.74925595238
2012-10-19 15:58:17,33238,1,59.1154761905,1.38720238095
2012-10-19 15:58:18,33239,1,59.9811755952,0.865699404762
2012-10-19 15:58:19,33240,1,60.2645089286,0.283333333333
2012-10-19 15:58:20,33241,1,60.0974702381,-0.167038690476
2012-10-19 15:58:21,33242,1,59.743452381,-0.354017857143
2012-10-19 15:58:22,33243,1,59.4542410714,-0.289211309524
2012-10-19 15:58:23,33244,1,59.362202381,-0.0920386904762
2012-10-19 15:58:24,33245,1,59.4770833333,0.114880952381
2012-10-19 15:58:25,33246,1,59.734672619,0.257589285714
2012-10-19 15:58:26,33247,1,60.0456845238,0.311011904762
2012-10-19 15:58:27,33248,1,60.3483630952,0.302678571429
2012-10-19 15:58:28,33249,1,60.6270833333,0.278720238095
2012-10-19 15:58:29,33250,1,60.8801339286,0.253050595238
2012-10-19 15:58:30,33251,1,61.0931547619,0.213020833333
2012-10-19 15:58:31,33252,1,61.2491815476,0.156026785714
2012-10-19 15:58:32,33253,1,61.3418154762,0.0926339285715
2012-10-19 15:58:33,33254,1,61.3561011905,0.0142857142857
2012-10-19 15:58:34,33255,1,61.2433779762,-0.112723214286
2012-10-19 15:58:35,33256,1,60.9381696429,-0.305208333333
2012-10-19 15:58:36,33257,1,60.4017857143,-0.536383928571
2012-10-19 15:58:37,33258,1,59.6566220238,-0.745163690476
2012-10-19 15:58:38,33259,1,58.8014880952,-0.855133928571
2012-10-19 15:58:39,33260,1,57.9882440476,-0.813244047619
2012-10-19 15:58:40,33261,1,57.3673363095,-0.620907738095
2012-10-19 15:58:41,33262,1,57.0439732143,-0.323363095238
2012-10-19 15:58:42,33263,1,57.0451636905,0.0011904761905
2012-10-19 15:58:43,33264,1,57.2983630952,0.253199404762
2012-10-19 15:58:44,33265,1,57.6594494048,0.361086309524
2012-10-19 15:58:45,33266,1,57.9845982143,0.325148809524
2012-10-19 15:58:46,33267,1,58.1917410714,0.207142857143
2012-10-19 15:58:47,33268,1,58.2671130952,0.0753720238095
2012-10-19 15:58:48,33269,1,58.2239583333,-0.0431547619048
2012-10-19 15:58:49,33270,1,58.0792410714,-0.144717261905
2012-10-19 15:58:50,33271,1,57.8712053571,-0.208035714286
2012-10-19 15:58:51,33272,1,57.6541666667,-0.217038690476
2012-10-19 15:58:52,33273,1,57.4506696429,-0.20349702381
2012-10-19 15:58:53,33274,1,57.2188988095,-0.231770833333
2012-10-19 15:58:54,33275,1,56.8648809524,-0.354017857143
2012-10-19 15:58:55,33276,1,56.2657738095,-0.599107142857
2012-10-19 15:58:56,33277,1,55.2580357143,-1.00773809524
2012-10-19 15:58:57,33278,1,53.6334077381,-1.62462797619
2012-10-19 15:58:58,33279,1,51.2620535714,-2.37135416667
2012-10-19 15:58:59,33280,1,48.2942708333,-2.9677827381
2012-10-19 15:59:00,33281,1,45.1875,-3.10677083333
2012-10-19 15:59:01,33282,1,42.4419642857,-2.74553571429
2012-10-19 15:59:02,33283,1,40.2479166667,-2.19404761905
2012-10-19 15:59:03,33284,1,38.3860119048,-1.8619047619
2012-10-19 15:59:04,33285,1,36.5043154762,-1.88169642857
2012-10-19 15:59:05,33286,1,34.4763392857,-2.02797619048
2012-10-19 15:59:06,33287,1,32.4779017857,-1.9984375
2012-10-19 15:59:07,33288,1,30.786235119,-1.69166666667
2012-10-19 15:59:08,33289,1,29.5305803571,-1.2556547619
2012-10-19 15:59:09,33290,1,28.5599702381,-0.970610119048
2012-10-19 15:59:10,33291,1,27.4789434524,-1.08102678571
2012-10-19 15:59:11,33292,1,25.840922619,-1.63802083333
2012-10-19 15:59:12,33293,1,23.4691964286,-2.37172619048
2012-10-19 15:59:13,33294,1,20.7310267857,-2.73816964286
2012-10-19 15:59:14,33295,1,18.4642857143,-2.26674107143
2012-10-19 15:59:15,33296,1,17.5136904762,-0.950595238095
2012-10-19 15:59:16,33297,1,18.2055803571,0.691889880952
2012-10-19 15:59:17,33298,1,20.149702381,1.94412202381
2012-10-19 15:59:18,33299,1,22.521875,2.37217261905
2012-10-19 15:59:19,33300,1,24.5765625,2.0546875
2012-10-19 15:59:20,33301,1,25.9250744048,1.34851190476
2012-10-19 15:59:21,33302,1,26.4272321429,0.502157738095
2012-10-19 15:59:22,33303,1,25.984375,-0.442857142857
2012-10-19 15:59:23,33304,1,24.5460565476,-1.43831845238
2012-10-19 15:59:24,33305,1,22.3214285714,-2.22462797619
2012-10-19 15:59:25,33306,1,19.9104166667,-2.41101190476
2012-10-19 15:59:26,33307,1,18.102827381,-1.80758928571
2012-10-19 15:59:27,33308,1,17.3994791667,-0.703348214286
2012-10-19 15:59:28,33309,1,17.6118303571,0.212351190476
2012-10-19 15:59:29,33310,1,17.9077380952,0.295907738095
2012-10-19 15:59:30,33311,1,17.3281994048,-0.579538690476
2012-10-19 15:59:31,33312,1,15.4071428571,-1.92105654762
2012-10-19 15:59:32,33313,1,12.459672619,-2.9474702381
2012-10-19 15:59:33,33314,1,9.36688988095,-3.0927827381
2012-10-19 15:59:34,33315,1,7.03757440476,-2.32931547619
2012-10-19 15:59:35,33316,1,5.93474702381,-1.10282738095
2012-10-19 15:59:36,33317,1,5.93950892857,0.00476190476191
2012-10-19 15:59:37,33318,1,6.51569940476,0.57619047619
2012-10-19 15:59:38,33319,1,6.97321428571,0.457514880952
2012-10-19 15:59:39,33320,1,6.6994047619,-0.27380952381
2012-10-19 15:59:40,33321,1,5.40654761905,-1.29285714286
2012-10-19 15:59:41,33322,1,3.42537202381,-1.98117559524
2012-10-19 15:59:42,33323,1,0.0,-3.42537202381
2012-10-19 16:05:59,33700,377,0.0,0.0
2012-10-19 16:06:00,33701,1,1.1887797619,1.1887797619
2012-10-19 16:06:01,33702,1,1.78995535714,0.601175595238
2012-10-19 16:06:02,33703,1,2.20897321429,0.419017857143
2012-10-19 16:06:03,33704,1,2.36019345238,0.151220238095
2012-10-19 16:06:04,33705,1,2.39157738095,0.0313839285714
2012-10-19 16:06:05,33706,1,2.40172619048,0.0101488095238
2012-10-19 16:06:06,33707,1,2.43507440476,0.0333482142857
2012-10-19 16:06:07,33708,1,2.6847172619,0.249642857143
2012-10-19 16:06:08,33709,1,3.4709672619,0.78625
2012-10-19 16:06:09,33710,1,4.85648809524,1.38552083333
2012-10-19 16:06:10,33711,1,6.378125,1.52163690476
2012-10-19 16:06:11,33712,1,7.30069940476,0.922574404762
2012-10-19 16:06:12,33713,1,7.21019345238,-0.090505952381
2012-10-19 16:06:13,33714,1,6.44611607143,-0.764077380952
2012-10-19 16:06:14,33715,1,5.95023809524,-0.49587797619
2012-10-19 16:06:15,33716,1,6.59092261905,0.64068452381
2012-10-19 16:06:16,33717,1,8.54337797619,1.95245535714
2012-10-19 16:06:17,33718,1,11.1979910714,2.65461309524
2012-10-19 16:06:18,33719,1,13.5560267857,2.35803571429
2012-10-19 16:06:19,33720,1,14.7733630952,1.21733630952
2012-10-19 16:06:20,33721,1,14.5615327381,-0.211830357143
2012-10-19 16:06:21,33722,1,13.3344494048,-1.22708333333
2012-10-19 16:06:22,33723,1,12.0392857143,-1.29516369048
2012-10-19 16:06:23,33724,1,11.6905505952,-0.348735119048
2012-10-19 16:06:24,33725,1,12.8630952381,1.17254464286
2012-10-19 16:06:25,33726,1,15.4359375,2.5728422619
2012-10-19 16:06:26,33727,1,18.7098958333,3.27395833333
2012-10-19 16:06:27,33728,1,21.832514881,3.12261904762
2012-10-19 16:06:28,33729,1,24.195610119,2.3630952381
2012-10-19 16:06:29,33730,1,25.4924107143,1.29680059524
2012-10-19 16:06:30,33731,1,25.5826636905,0.0902529761905
2012-10-19 16:06:31,33732,1,24.5202380952,-1.06242559524
2012-10-19 16:06:32,33733,1,22.7640625,-1.75617559524
2012-10-19 16:06:33,33734,1,21.2116071429,-1.55245535714
2012-10-19 16:06:34,33735,1,20.7709077381,-0.440699404762
2012-10-19 16:06:35,33736,1,21.7485863095,0.977678571429
2012-10-19 16:06:36,33737,1,23.6493303571,1.90074404762
2012-10-19 16:06:37,33738,1,25.5386904762,1.88936011905
2012-10-19 16:06:38,33739,1,26.5693452381,1.0306547619
2012-10-19 16:06:39,33740,1,26.2936755952,-0.275669642857
2012-10-19 16:06:40,33741,1,24.7177083333,-1.5759672619
2012-10-19 16:06:41,33742,1,22.2296875,-2.48802083333
2012-10-19 16:06:42,33743,1,19.4771577381,-2.7525297619
2012-10-19 16:06:43,33744,1,17.1628720238,-2.31428571429
2012-10-19 16:06:44,33745,1,15.8110863095,-1.35178571429
2012-10-19 16:06:45,33746,1,15.6613095238,-0.149776785714
2012-10-19 16:06:46,33747,1,16.6897321429,1.02842261905
2012-10-19 16:06:47,33748,1,18.6157738095,1.92604166667
2012-10-19 16:06:48,33749,1,20.8941964286,2.27842261905
2012-10-19 16:06:49,33750,1,22.7980654762,1.90386904762
2012-10-19 16:06:50,33751,1,23.6448660714,0.846800595238
2012-10-19 16:06:51,33752,1,23.1416666667,-0.503199404762
2012-10-19 16:06:52,33753,1,21.6168154762,-1.52485119048
2012-10-19 16:06:53,33754,1,19.8704613095,-1.74635416667
2012-10-19 16:06:54,33755,1,18.7613095238,-1.10915178571
2012-10-19 16:06:55,33756,1,18.8313244048,0.0700148809524
2012-10-19 16:06:56,33757,1,20.119047619,1.28772321429
2012-10-19 16:06:57,33758,1,22.2397321429,2.12068452381
2012-10-19 16:06:58,33759,1,24.6460565476,2.40632440476
2012-10-19 16:06:59,33760,1,26.8357886905,2.18973214286
2012-10-19 16:07:00,33761,1,28.4514136905,1.615625
2012-10-19 16:07:01,33762,1,29.306547619,0.855133928571
2012-10-19 16:07:02,33763,1,29.3116815476,0.0051339285714
2012-10-19 16:07:03,33764,1,28.4130208333,-0.898660714286
2012-10-19 16:07:04,33765,1,26.6898065476,-1.72321428571
2012-10-19 16:07:05,33766,1,24.4970238095,-2.1927827381
2012-10-19 16:07:06,33767,1,22.4298363095,-2.0671875
2012-10-19 16:07:07,33768,1,21.0566220238,-1.37321428571
2012-10-19 16:07:08,33769,1,20.6176339286,-0.438988095238
2012-10-19 16:07:09,33770,1,20.9738839286,0.35625
2012-10-19 16:07:10,33771,1,21.8216517857,0.847767857143
2012-10-19 16:07:11,33772,1,22.8905505952,1.06889880952
2012-10-19 16:07:12,33773,1,23.9495535714,1.05900297619
2012-10-19 16:07:13,33774,1,24.7380952381,0.788541666667
2012-10-19 16:07:14,33775,1,25.0089285714,0.270833333333
2012-10-19 16:07:15,33776,1,24.6747767857,-0.334151785714
2012-10-19 16:07:16,33777,1,23.8726934524,-0.802083333333
2012-10-19 16:07:17,33778,1,22.8358630952,-1.03683035714
2012-10-19 16:07:18,33779,1,21.6536755952,-1.1821875
2012-10-19 16:07:19,33780,1,20.1210267857,-1.53264880952
2012-10-19 16:07:20,33781,1,17.8912202381,-2.22980654762
2012-10-19 16:07:21,33782,1,14.8945535714,-2.99666666667
2012-10-19 16:07:22,33783,1,11.6005208333,-3.2940327381
2012-10-19 16:07:23,33784,1,8.78433035714,-2.81619047619
2012-10-19 16:07:24,33785,1,7.00555059524,-1.7787797619
2012-10-19 16:07:25,33786,1,6.31898809524,-0.6865625
2012-10-19 16:07:26,33787,1,6.47833333333,0.159345238095
2012-10-19 16:07:27,33788,1,7.30642857143,0.828095238095
2012-10-19 16:07:28,33789,1,8.73925595238,1.43282738095
2012-10-19 16:07:29,33790,1,10.6277529762,1.88849702381
2012-10-19 16:07:30,33791,1,12.6966666667,2.06891369048
2012-10-19 16:07:31,33792,1,14.7,2.00333333333
2012-10-19 16:07:32,33793,1,16.5779315476,1.87793154762
2012-10-19 16:07:33,33794,1,18.4289136905,1.85098214286
2012-10-19 16:07:34,33795,1,20.272172619,1.84325892857
2012-10-19 16:07:35,33796,1,21.9098958333,1.63772321429
2012-10-19 16:07:36,33797,1,23.090327381,1.18043154762
2012-10-19 16:07:37,33798,1,23.729985119,0.639657738095
2012-10-19 16:07:38,33799,1,23.9638392857,0.233854166667
2012-10-19 16:07:39,33800,1,24.0558035714,0.0919642857143
2012-10-19 16:07:40,33801,1,24.2406994048,0.184895833333
2012-10-19 16:07:41,33802,1,24.5767857143,0.336086309524
2012-10-19 16:07:42,33803,1,24.9441964286,0.367410714286
2012-10-19 16:07:43,33804,1,25.1831845238,0.238988095238
2012-10-19 16:07:44,33805,1,25.1845238095,0.0013392857143
2012-10-19 16:07:45,33806,1,24.8579613095,-0.3265625
2012-10-19 16:07:46,33807,1,24.1022321429,-0.755729166667
2012-10-19 16:07:47,33808,1,22.8556547619,-1.24657738095
2012-10-19 16:07:48,33809,1,21.1578869048,-1.69776785714
2012-10-19 16:07:49,33810,1,19.1178571429,-2.0400297619
2012-10-19 16:07:50,33811,1,16.7773809524,-2.34047619048
2012-10-19 16:07:51,33812,1,14.0301339286,-2.74724702381
2012-10-19 16:07:52,33813,1,10.7725446429,-3.25758928571
2012-10-19 16:07:53,33814,1,7.19494047619,-3.57760416667
2012-10-19 16:07:54,33815,1,3.9287202381,-3.2662202381
2012-10-19 16:07:55,33816,1,0.0,-3.9287202381
2012-10-19 16:08:13,33834,18,0.0,0.0
2012-10-19 16:08:14,33835,1,2.80319940476,2.80319940476
2012-10-19 16:08:15,33836,1,4.94352678571,2.14032738095
2012-10-19 16:08:16,33837,1,7.06242559524,2.11889880952
2012-10-19 16:08:17,33838,1,8.53623511905,1.47380952381
2012-10-19 16:08:18,33839,1,9.1271577381,0.590922619048
2012-10-19 16:08:19,33840,1,8.9587797619,-0.16837797619
2012-10-19 16:08:20,33841,1,8.37991071429,-0.578869047619
2012-10-19 16:08:21,33842,1,7.77492559524,-0.604985119048
2012-10-19 16:08:22,33843,1,7.40089285714,-0.374032738095
2012-10-19 16:08:23,33844,1,7.35230654762,-0.0485863095238
2012-10-19 16:08:24,33845,1,7.6615327381,0.309226190476
2012-10-19 16:08:25,33846,1,8.3787202381,0.7171875
2012-10-19 16:08:26,33847,1,9.5244047619,1.14568452381
2012-10-19 16:08:27,33848,1,11.0130952381,1.48869047619
2012-10-19 16:08:28,33849,1,12.678422619,1.66532738095
2012-10-19 16:08:29,33850,1,14.3599702381,1.68154761905
2012-10-19 16:08:30,33851,1,15.9505208333,1.59055059524
2012-10-19 16:08:31,33852,1,17.412797619,1.46227678571
2012-10-19 16:08:32,33853,1,18.7754464286,1.36264880952
2012-10-19 16:08:33,33854,1,20.0729166667,1.2974702381
2012-10-19 16:08:34,33855,1,21.2854910714,1.21257440476
2012-10-19 16:08:35,33856,1,22.3496279762,1.06413690476
2012-10-19 16:08:36,33857,1,23.2080357143,0.858407738095
2012-10-19 16:08:37,33858,1,23.8494047619,0.641369047619
2012-10-19 16:08:38,33859,1,24.3141369048,0.464732142857
2012-10-19 16:08:39,33860,1,24.6639136905,0.349776785714
2012-10-19 16:08:40,33861,1,24.945014881,0.281101190476
2012-10-19 16:08:41,33862,1,25.1898809524,0.244866071429
2012-10-19 16:08:42,33863,1,25.4576636905,0.267782738095
2012-10-19 16:08:43,33864,1,25.8130952381,0.355431547619
2012-10-19 16:08:44,33865,1,26.1889880952,0.375892857143
2012-10-19 16:08:45,33866,1,26.2800595238,0.0910714285714
2012-10-19 16:08:46,33867,1,25.5942708333,-0.685788690476
2012-10-19 16:08:47,33868,1,23.629985119,-1.96428571429
2012-10-19 16:08:48,33869,1,20.1745535714,-3.45543154762
2012-10-19 16:08:49,33870,1,15.6019345238,-4.57261904762
2012-10-19 16:08:50,33871,1,10.8170386905,-4.78489583333
2012-10-19 16:08:51,33872,1,6.84069940476,-3.97633928571
2012-10-19 16:08:52,33873,1,4.46049107143,-2.38020833333
2012-10-19 16:08:53,33874,1,4.05453869048,-0.405952380952
2012-10-19 16:08:54,33875,1,5.47492559524,1.42038690476
2012-10-19 16:08:55,33876,1,8.14910714286,2.67418154762
2012-10-19 16:08:56,33877,1,11.3691964286,3.22008928571
2012-10-19 16:08:57,33878,1,14.4819196429,3.11272321429
2012-10-19 16:08:58,33879,1,16.9732886905,2.49136904762
2012-10-19 16:08:59,33880,1,18.4655505952,1.49226190476
2012-10-19 16:09:00,33881,1,18.5963169643,0.130766369048
2012-10-19 16:09:01,33882,1,17.1104166667,-1.48590029762
2012-10-19 16:09:02,33883,1,14.2558407738,-2.85457589286
2012-10-19 16:09:03,33884,1,10.8962053571,-3.35963541667
2012-10-19 16:09:04,33885,1,8.04523809524,-2.8509672619
2012-10-19 16:09:05,33886,1,6.29449404762,-1.75074404762
2012-10-19 16:09:06,33887,1,5.60904017857,-0.685453869048
2012-10-19 16:09:07,33888,1,5.54397321429,-0.0650669642857
2012-10-19 16:09:08,33889,1,5.65442708333,0.110453869048
2012-10-19 16:09:09,33890,1,5.74308035714,0.0886532738095
2012-10-19 16:09:10,33891,1,5.8,0.0569196428571
2012-10-19 16:09:11,33892,1,5.85,0.05
2012-10-19 16:09:12,33893,1,5.9,0.05
2012-10-19 16:09:13,33894,1,5.94635416667,0.0463541666667
2012-10-19 16:09:14,33895,1,5.97838541667,0.03203125
2012-10-19 16:09:15,33896,1,6.00558035714,0.0271949404762
2012-10-19 16:09:16,33897,1,6.11328125,0.107700892857
2012-10-19 16:09:17,33898,1,6.47336309524,0.360081845238
2012-10-19 16:09:18,33899,1,7.27745535714,0.804092261905
2012-10-19 16:09:19,33900,1,8.64151785714,1.3640625
2012-10-19 16:09:20,33901,1,10.5579985119,1.91648065476
2012-10-19 16:09:21,33902,1,12.9620535714,2.40405505952
2012-10-19 16:09:22,33903,1,15.8063616071,2.84430803571
2012-10-19 16:09:23,33904,1,18.9662946429,3.15993303571
2012-10-19 16:09:24,33905,1,22.1141369048,3.1478422619
2012-10-19 16:09:25,33906,1,24.8113095238,2.69717261905
2012-10-19 16:09:26,33907,1,26.745610119,1.93430059524
2012-10-19 16:09:27,33908,1,27.8952380952,1.14962797619
2012-10-19 16:09:28,33909,1,28.4842261905,0.588988095238
2012-10-19 16:09:29,33910,1,28.7469494048,0.262723214286
2012-10-19 16:09:30,33911,1,28.7563244048,0.009375
2012-10-19 16:09:31,33912,1,28.4800595238,-0.276264880952
2012-10-19 16:09:32,33913,1,27.8672619048,-0.612797619048
2012-10-19 16:09:33,33914,1,26.8060267857,-1.06123511905
2012-10-19 16:09:34,33915,1,25.09375,-1.71227678571
2012-10-19 16:09:35,33916,1,22.5530505952,-2.54069940476
2012-10-19 16:09:36,33917,1,19.248735119,-3.30431547619
2012-10-19 16:09:37,33918,1,15.6725446429,-3.57619047619
2012-10-19 16:09:38,33919,1,12.6922619048,-2.9802827381
2012-10-19 16:09:39,33920,1,11.1951636905,-1.49709821429
2012-10-19 16:09:40,33921,1,11.677827381,0.482663690476
2012-10-19 16:09:41,33922,1,14.0359375,2.35811011905
2012-10-19 16:09:42,33923,1,17.6186011905,3.58266369048
2012-10-19 16:09:43,33924,1,21.5740327381,3.95543154762
2012-10-19 16:09:44,33925,1,25.2845238095,3.71049107143
2012-10-19 16:09:45,33926,1,28.5010416667,3.21651785714
2012-10-19 16:09:46,33927,1,31.174702381,2.67366071429
2012-10-19 16:09:47,33928,1,33.3021577381,2.12745535714
2012-10-19 16:09:48,33929,1,34.8942708333,1.59211309524
2012-10-19 16:09:49,33930,1,36.0081845238,1.11391369048
2012-10-19 16:09:50,33931,1,36.7861607143,0.777976190476
2012-10-19 16:09:51,33932,1,37.4066964286,0.620535714286
2012-10-19 16:09:52,33933,1,37.9644345238,0.557738095238
2012-10-19 16:09:53,33934,1,38.4402529762,0.475818452381
2012-10-19 16:09:54,33935,1,38.7863095238,0.346056547619
2012-10-19 16:09:55,33936,1,39.0066220238,0.2203125
2012-10-19 16:09:56,33937,1,39.1833333333,0.176711309524
2012-10-19 16:09:57,33938,1,39.4498511905,0.266517857143
2012-10-19 16:09:58,33939,1,39.9099702381,0.460119047619
2012-10-19 16:09:59,33940,1,40.548735119,0.638764880952
2012-10-19 16:10:00,33941,1,41.2182291667,0.669494047619
2012-10-19 16:10:01,33942,1,41.7384672619,0.520238095238
2012-10-19 16:10:02,33943,1,42.0229166667,0.284449404762
2012-10-19 16:10:03,33944,1,42.0930803571,0.0701636904762
2012-10-19 16:10:04,33945,1,42.0003720238,-0.0927083333334
2012-10-19 16:10:05,33946,1,41.7756696429,-0.224702380952
2012-10-19 16:10:06,33947,1,41.434375,-0.341294642857
2012-10-19 16:10:07,33948,1,40.9857142857,-0.448660714286
2012-10-19 16:10:08,33949,1,40.431547619,-0.554166666667
2012-10-19 16:10:09,33950,1,39.7702380952,-0.661309523809
2012-10-19 16:10:10,33951,1,39.0035714286,-0.766666666667
2012-10-19 16:10:11,33952,1,38.1400297619,-0.863541666667
2012-10-19 16:10:12,33953,1,37.1761904762,-0.963839285714
2012-10-19 16:10:13,33954,1,36.0351190476,-1.14107142857
2012-10-19 16:10:14,33955,1,34.5151785714,-1.51994047619
2012-10-19 16:10:15,33956,1,32.3326636905,-2.18251488095
2012-10-19 16:10:16,33957,1,29.2474702381,-3.08519345238
2012-10-19 16:10:17,33958,1,25.2034970238,-4.04397321429
2012-10-19 16:10:18,33959,1,20.4307291667,-4.77276785714
2012-10-19 16:10:19,33960,1,15.4595238095,-4.97120535714
2012-10-19 16:10:20,33961,1,11.0030505952,-4.45647321429
2012-10-19 16:10:21,33962,1,7.68020833333,-3.3228422619
2012-10-19 16:10:22,33963,1,5.6896577381,-1.99055059524
2012-10-19 16:10:23,33964,1,4.78578869048,-0.903869047619
2012-10-19 16:10:24,33965,1,4.68601190476,-0.0997767857143
2012-10-19 16:10:25,33966,1,5.41011904762,0.724107142857
2012-10-19 16:10:26,33967,1,7.14017857143,1.73005952381
2012-10-19 16:10:27,33968,1,9.88928571429,2.74910714286
2012-10-19 16:10:28,33969,1,13.3424107143,3.453125
2012-10-19 16:10:29,33970,1,16.9397321429,3.59732142857
2012-10-19 16:10:30,33971,1,20.190922619,3.25119047619
2012-10-19 16:10:31,33972,1,22.929389881,2.7384672619
2012-10-19 16:10:32,33973,1,25.221875,2.29248511905
2012-10-19 16:10:33,33974,1,27.1959821429,1.97410714286
2012-10-19 16:10:34,33975,1,28.9894345238,1.79345238095
2012-10-19 16:10:35,33976,1,30.6408482143,1.65141369048
2012-10-19 16:10:36,33977,1,32.0191220238,1.37827380952
2012-10-19 16:10:37,33978,1,32.9880952381,0.968973214286
2012-10-19 16:10:38,33979,1,33.573735119,0.585639880952
2012-10-19 16:10:39,33980,1,33.9163690476,0.342633928571
2012-10-19 16:10:40,33981,1,34.1291666667,0.212797619048
2012-10-19 16:10:41,33982,1,34.2171130952,0.0879464285714
2012-10-19 16:10:42,33983,1,34.1029761905,-0.114136904762
2012-10-19 16:10:43,33984,1,33.7093005952,-0.393675595238
2012-10-19 16:10:44,33985,1,32.9849702381,-0.724330357143
2012-10-19 16:10:45,33986,1,31.8654017857,-1.11956845238
2012-10-19 16:10:46,33987,1,30.246875,-1.61852678571
2012-10-19 16:10:47,33988,1,28.0049107143,-2.24196428571
2012-10-19 16:10:48,33989,1,25.0438988095,-2.96101190476
2012-10-19 16:10:49,33990,1,21.363764881,-3.68013392857
2012-10-19 16:10:50,33991,1,17.1388095238,-4.22495535714
2012-10-19 16:10:51,33992,1,12.7802380952,-4.35857142857
2012-10-19 16:10:52,33993,1,8.86793154762,-3.91230654762
2012-10-19 16:10:53,33994,1,5.91519345238,-2.95273809524
2012-10-19 16:10:54,33995,1,4.14188988095,-1.77330357143
2012-10-19 16:10:55,33996,1,3.41626488095,-0.725625
2012-10-19 16:10:56,33997,1,3.38209821429,-0.0341666666667
2012-10-19 16:10:57,33998,1,3.70459821429,0.3225
2012-10-19 16:10:58,33999,1,4.22047619048,0.51587797619
2012-10-19 16:10:59,34000,1,4.81291666667,0.59244047619
2012-10-19 16:11:00,34001,1,5.26915178571,0.456235119048
2012-10-19 16:11:01,34002,1,5.48958333333,0.220431547619
2012-10-19 16:11:02,34003,1,5.79611607143,0.306532738095
2012-10-19 16:11:03,34004,1,6.79367559524,0.99755952381
2012-10-19 16:11:04,34005,1,8.84773809524,2.0540625
2012-10-19 16:11:05,34006,1,11.7356696429,2.88793154762
2012-10-19 16:11:06,34007,1,14.7978422619,3.06217261905
2012-10-19 16:11:07,34008,1,17.4129464286,2.61510416667
2012-10-19 16:11:08,34009,1,19.2922619048,1.87931547619
2012-10-19 16:11:09,34010,1,20.2923363095,1.00007440476
2012-10-19 16:11:10,34011,1,20.1363095238,-0.156026785714
2012-10-19 16:11:11,34012,1,18.602827381,-1.53348214286
2012-10-19 16:11:12,34013,1,15.968452381,-2.634375
2012-10-19 16:11:13,34014,1,13.0308035714,-2.93764880952
2012-10-19 16:11:14,34015,1,10.6254464286,-2.40535714286
2012-10-19 16:11:15,34016,1,9.14151785714,-1.48392857143
2012-10-19 16:11:16,34017,1,8.42157738095,-0.71994047619
2012-10-19 16:11:17,34018,1,8.05044642857,-0.371130952381
2012-10-19 16:11:18,34019,1,7.74464285714,-0.305803571429
2012-10-19 16:11:19,34020,1,7.45267857143,-0.291964285714
2012-10-19 16:11:20,34021,1,7.10037202381,-0.352306547619
2012-10-19 16:11:21,34022,1,6.39233630952,-0.708035714286
2012-10-19 16:11:22,34023,1,5.02894345238,-1.36339285714
2012-10-19 16:11:23,34024,1,3.17571924603,-1.85322420635
2012-10-19 16:11:24,34025,1,0.0,-3.17571924603
2012-10-19 16:34:44,35425,1400,0.0,0.0
2012-10-19 16:34:45,35426,1,1.32224702381,1.32224702381
2012-10-19 16:34:46,35427,1,1.990625,0.66837797619
2012-10-19 16:34:47,35428,1,2.5421875,0.5515625
2012-10-19 16:34:48,35429,1,2.9886656746,0.446478174603
2012-10-19 16:34:49,35430,1,3.49367559524,0.505009920635
2012-10-19 16:34:50,35431,1,4.1287202381,0.635044642857
2012-10-19 16:34:51,35432,1,4.88668154762,0.757961309524
2012-10-19 16:34:52,35433,1,5.73802083333,0.851339285714
2012-10-19 16:34:53,35434,1,6.63395337302,0.895932539683
2012-10-19 16:34:54,35435,1,7.46917162698,0.835218253968
2012-10-19 16:34:55,35436,1,8.07857142857,0.609399801587
2012-10-19 16:34:56,35437,1,8.3365327381,0.257961309524
2012-10-19 16:34:57,35438,1,8.23645833333,-0.100074404762
2012-10-19 16:34:58,35439,1,7.87544642857,-0.361011904762
2012-10-19 16:34:59,35440,1,7.453125,-0.422321428571
2012-10-19 16:35:00,35441,1,7.26696428571,-0.186160714286
2012-10-19 16:35:01,35442,1,7.60066964286,0.333705357143
2012-10-19 16:35:02,35443,1,8.58504464286,0.984375
2012-10-19 16:35:03,35444,1,10.1451636905,1.56011904762
2012-10-19 16:35:04,35445,1,11.9834821429,1.83831845238
2012-10-19 16:35:05,35446,1,13.5563244048,1.5728422619
2012-10-19 16:35:06,35447,1,14.1898809524,0.633556547619
2012-10-19 16:35:07,35448,1,13.482514881,-0.707366071429
2012-10-19 16:35:08,35449,1,11.7672619048,-1.71525297619
2012-10-19 16:35:09,35450,1,10.0935267857,-1.67373511905
2012-10-19 16:35:10,35451,1,9.56986607143,-0.523660714286
2012-10-19 16:35:11,35452,1,10.6404017857,1.07053571429
2012-10-19 16:35:12,35453,1,12.9261160714,2.28571428571
2012-10-19 16:35:13,35454,1,15.6328125,2.70669642857
2012-10-19 16:35:14,35455,1,18.0209077381,2.3880952381
2012-10-19 16:35:15,35456,1,19.5034970238,1.48258928571
2012-10-19 16:35:16,35457,1,19.5186011905,0.0151041666667
2012-10-19 16:35:17,35458,1,17.7115327381,-1.80706845238
2012-10-19 16:35:18,35459,1,14.4507440476,-3.26078869048
2012-10-19 16:35:19,35460,1,10.9630208333,-3.48772321429
2012-10-19 16:35:20,35461,1,8.67805059524,-2.2849702381
2012-10-19 16:35:21,35462,1,8.3478422619,-0.330208333333
2012-10-19 16:35:22,35463,1,9.7375,1.3896577381
2012-10-19 16:35:23,35464,1,12.0479910714,2.31049107143
2012-10-19 16:35:24,35465,1,14.6128720238,2.56488095238
2012-10-19 16:35:25,35466,1,17.2377232143,2.62485119048
2012-10-19 16:35:26,35467,1,19.9801339286,2.74241071429
2012-10-19 16:35:27,35468,1,22.8261904762,2.84605654762
2012-10-19 16:35:28,35469,1,25.6590029762,2.8328125
2012-10-19 16:35:29,35470,1,28.3613839286,2.70238095238
2012-10-19 16:35:30,35471,1,30.8229166667,2.4615327381
2012-10-19 16:35:31,35472,1,32.893452381,2.07053571429
2012-10-19 16:35:32,35473,1,34.4254464286,1.53199404762
2012-10-19 16:35:33,35474,1,35.414360119,0.988913690476
2012-10-19 16:35:34,35475,1,36.0339285714,0.619568452381
2012-10-19 16:35:35,35476,1,36.4667410714,0.4328125
2012-10-19 16:35:36,35477,1,36.7476934524,0.280952380952
2012-10-19 16:35:37,35478,1,36.7932291667,0.0455357142858
2012-10-19 16:35:38,35479,1,36.5301339286,-0.263095238095
2012-10-19 16:35:39,35480,1,35.9688244048,-0.56130952381
2012-10-19 16:35:40,35481,1,35.1270089286,-0.84181547619
2012-10-19 16:35:41,35482,1,33.874702381,-1.25230654762
2012-10-19 16:35:42,35483,1,31.9095238095,-1.96517857143
2012-10-19 16:35:43,35484,1,28.9158668155,-2.99365699405
2012-10-19 16:35:44,35485,1,24.7733351935,-4.14253162202
2012-10-19 16:35:45,35486,1,19.730561756,-5.0427734375
2012-10-19 16:35:46,35487,1,14.4617466518,-5.26881510417
2012-10-19 16:35:47,35488,1,9.85825892857,-4.60348772321
2012-10-19 16:35:48,35489,1,6.61086309524,-3.24739583333
2012-10-19 16:35:49,35490,1,4.88727678571,-1.72358630952
2012-10-19 16:35:50,35491,1,4.32982700893,-0.557449776786
2012-10-19 16:35:51,35492,1,4.34497767857,0.0151506696429
2012-10-19 16:35:52,35493,1,4.46041666667,0.115438988095
2012-10-19 16:35:53,35494,1,4.53255208333,0.0721354166667
2012-10-19 16:35:54,35495,1,4.77486049107,0.242308407738
2012-10-19 16:35:55,35496,1,5.61227678571,0.837416294643
2012-10-19 16:35:56,35497,1,7.36383928571,1.7515625
2012-10-19 16:35:57,35498,1,9.97232142857,2.60848214286
2012-10-19 16:35:58,35499,1,13.0320033482,3.05968191964
2012-10-19 16:35:59,35500,1,16.0811941964,3.04919084821
2012-10-19 16:36:00,35501,1,18.8896112351,2.80841703869
2012-10-19 16:36:01,35502,1,21.4720796131,2.58246837798
2012-10-19 16:36:02,35503,1,23.8836309524,2.41155133929
2012-10-19 16:36:03,35504,1,26.116889881,2.23325892857
2012-10-19 16:36:04,35505,1,28.1802083333,2.06331845238
2012-10-19 16:36:05,35506,1,30.1456845238,1.96547619048
2012-10-19 16:36:06,35507,1,32.0661458333,1.92046130952
2012-10-19 16:36:07,35508,1,33.8842261905,1.81808035714
2012-10-19 16:36:08,35509,1,35.4834077381,1.59918154762
2012-10-19 16:36:09,35510,1,36.8249255952,1.34151785714
2012-10-19 16:36:10,35511,1,37.9764880952,1.1515625
2012-10-19 16:36:11,35512,1,39.0182291667,1.04174107143
2012-10-19 16:36:12,35513,1,39.9640625,0.945833333333
2012-10-19 16:36:13,35514,1,40.7489583333,0.784895833333
2012-10-19 16:36:14,35515,1,41.2758184524,0.526860119048
2012-10-19 16:36:15,35516,1,41.4975446429,0.221726190476
2012-10-19 16:36:16,35517,1,41.4532738095,-0.0442708333333
2012-10-19 16:36:17,35518,1,41.2374255952,-0.215848214286
2012-10-19 16:36:18,35519,1,40.9552827381,-0.282142857143
2012-10-19 16:36:19,35520,1,40.6801339286,-0.275148809524
2012-10-19 16:36:20,35521,1,40.4328869048,-0.247247023809
2012-10-19 16:36:21,35522,1,40.2175595238,-0.215327380952
2012-10-19 16:36:22,35523,1,40.0609375,-0.156622023809
2012-10-19 16:36:23,35524,1,39.9979166667,-0.0630208333333
2012-10-19 16:36:24,35525,1,40.0348958333,0.0369791666666
2012-10-19 16:36:25,35526,1,40.1372767857,0.102380952381
2012-10-19 16:36:26,35527,1,40.2457589286,0.108482142857
2012-10-19 16:36:27,35528,1,40.3024553571,0.0566964285715
2012-10-19 16:36:28,35529,1,40.2602678571,-0.0421875
2012-10-19 16:36:29,35530,1,40.0769345238,-0.183333333333
2012-10-19 16:36:30,35531,1,39.7105654762,-0.366369047619
2012-10-19 16:36:31,35532,1,39.1015625,-0.609002976191
2012-10-19 16:36:32,35533,1,38.1389136905,-0.962648809524
2012-10-19 16:36:33,35534,1,36.665625,-1.47328869048
2012-10-19 16:36:34,35535,1,34.5515625,-2.1140625
2012-10-19 16:36:35,35536,1,31.7630952381,-2.7884672619
2012-10-19 16:36:36,35537,1,28.3348958333,-3.42819940476
2012-10-19 16:36:37,35538,1,24.278422619,-4.05647321429
2012-10-19 16:36:38,35539,1,19.6219494048,-4.65647321429
2012-10-19 16:36:39,35540,1,14.6476934524,-4.97425595238
2012-10-19 16:36:40,35541,1,10.0142857143,-4.6334077381
2012-10-19 16:36:41,35542,1,6.47931547619,-3.5349702381
2012-10-19 16:36:42,35543,1,4.43563988095,-2.04367559524
2012-10-19 16:36:43,35544,1,3.69136904762,-0.744270833333
2012-10-19 16:36:44,35545,1,3.67098214286,-0.0203869047619
2012-10-19 16:36:45,35546,1,3.8462797619,0.175297619048
2012-10-19 16:36:46,35547,1,3.99196428571,0.14568452381
2012-10-19 16:36:47,35548,1,4.1,0.108035714286
2012-10-19 16:36:48,35549,1,4.2,0.1
2012-10-19 16:36:49,35550,1,4.3,0.1
2012-10-19 16:36:50,35551,1,4.39241071429,0.0924107142857
2012-10-19 16:36:51,35552,1,4.45438988095,0.0619791666667
2012-10-19 16:36:52,35553,1,4.51168154762,0.0572916666667
2012-10-19 16:36:53,35554,1,4.7650297619,0.253348214286
2012-10-19 16:36:54,35555,1,5.55587797619,0.790848214286
2012-10-19 16:36:55,35556,1,7.12061011905,1.56473214286
2012-10-19 16:36:56,35557,1,9.4447172619,2.32410714286
2012-10-19 16:36:57,35558,1,12.3363095238,2.8915922619
2012-10-19 16:36:58,35559,1,15.5303571429,3.19404761905
2012-10-19 16:36:59,35560,1,18.7575892857,3.22723214286
2012-10-19 16:37:00,35561,1,21.7927827381,3.03519345238
2012-10-19 16:37:01,35562,1,24.4651785714,2.67239583333
2012-10-19 16:37:02,35563,1,26.6850446429,2.21986607143
2012-10-19 16:37:03,35564,1,28.4642113095,1.77916666667
2012-10-19 16:37:04,35565,1,29.8290922619,1.36488095238
2012-10-19 16:37:05,35566,1,30.7283482143,0.899255952381
2012-10-19 16:37:06,35567,1,31.1138392857,0.385491071429
2012-10-19 16:37:07,35568,1,31.0858630952,-0.0279761904762
2012-10-19 16:37:08,35569,1,30.8677827381,-0.218080357143
2012-10-19 16:37:09,35570,1,30.6447172619,-0.22306547619
2012-10-19 16:37:10,35571,1,30.470014881,-0.174702380952
2012-10-19 16:37:11,35572,1,30.2963541667,-0.173660714286
2012-10-19 16:37:12,35573,1,30.0661458333,-0.230208333333
2012-10-19 16:37:13,35574,1,29.8021577381,-0.263988095238
2012-10-19 16:37:14,35575,1,29.6203869048,-0.181770833333
2012-10-19 16:37:15,35576,1,29.6267113095,0.0063244047619
2012-10-19 16:37:16,35577,1,29.7946428571,0.167931547619
2012-10-19 16:37:17,35578,1,29.9484375,0.153794642857
2012-10-19 16:37:18,35579,1,29.877827381,-0.0706101190476
2012-10-19 16:37:19,35580,1,29.4989583333,-0.378869047619
2012-10-19 16:37:20,35581,1,28.9102678571,-0.58869047619
2012-10-19 16:37:21,35582,1,28.2869791667,-0.623288690476
2012-10-19 16:37:22,35583,1,27.7238095238,-0.563169642857
2012-10-19 16:37:23,35584,1,27.1582589286,-0.565550595238
2012-10-19 16:37:24,35585,1,26.4078869048,-0.75037202381
2012-10-19 16:37:25,35586,1,25.2548363095,-1.15305059524
2012-10-19 16:37:26,35587,1,23.520014881,-1.73482142857
2012-10-19 16:37:27,35588,1,21.1432291667,-2.37678571429
2012-10-19 16:37:28,35589,1,18.2456845238,-2.89754464286
2012-10-19 16:37:29,35590,1,15.1164434524,-3.12924107143
2012-10-19 16:37:30,35591,1,12.1303571429,-2.98608630952
2012-10-19 16:37:31,35592,1,9.59479166667,-2.53556547619
2012-10-19 16:37:32,35593,1,7.59032738095,-2.00446428571
2012-10-19 16:37:33,35594,1,6.0484375,-1.54188988095
2012-10-19 16:37:34,35595,1,5.06354166667,-0.984895833333
2012-10-19 16:37:35,35596,1,4.99047619048,-0.0730654761905
2012-10-19 16:37:36,35597,1,6.14293154762,1.15245535714
2012-10-19 16:37:37,35598,1,8.49241071429,2.34947916667
2012-10-19 16:37:38,35599,1,11.6485119048,3.15610119048
2012-10-19 16:37:39,35600,1,15.0328869048,3.384375
2012-10-19 16:37:40,35601,1,18.1576636905,3.12477678571
2012-10-19 16:37:41,35602,1,20.8239583333,2.66629464286
2012-10-19 16:37:42,35603,1,23.0433779762,2.21941964286
2012-10-19 16:37:43,35604,1,24.8834077381,1.8400297619
2012-10-19 16:37:44,35605,1,26.436235119,1.55282738095
2012-10-19 16:37:45,35606,1,27.7531994048,1.31696428571
2012-10-19 16:37:46,35607,1,28.7563244048,1.003125
2012-10-19 16:37:47,35608,1,29.3381696429,0.581845238095
2012-10-19 16:37:48,35609,1,29.5354166667,0.19724702381
2012-10-19 16:37:49,35610,1,29.5295386905,-0.0058779761905
2012-10-19 16:37:50,35611,1,29.5228422619,-0.0066964285714
2012-10-19 16:37:51,35612,1,29.6480654762,0.125223214286
2012-10-19 16:37:52,35613,1,29.9390625,0.290997023809
2012-10-19 16:37:53,35614,1,30.3572172619,0.418154761905
2012-10-19 16:37:54,35615,1,30.8608630952,0.503645833333
2012-10-19 16:37:55,35616,1,31.4388392857,0.577976190476
2012-10-19 16:37:56,35617,1,32.074702381,0.635863095238
2012-10-19 16:37:57,35618,1,32.7007440476,0.626041666667
2012-10-19 16:37:58,35619,1,33.1947172619,0.493973214286
2012-10-19 16:37:59,35620,1,33.4386904762,0.243973214286
2012-10-19 16:38:00,35621,1,33.3988095238,-0.039880952381
2012-10-19 16:38:01,35622,1,33.142485119,-0.256324404762
2012-10-19 16:38:02,35623,1,32.7988839286,-0.343601190476
2012-10-19 16:38:03,35624,1,32.5125,-0.286383928571
2012-10-19 16:38:04,35625,1,32.3773065476,-0.135193452381
2012-10-19 16:38:05,35626,1,32.3790922619,0.0017857142857
2012-10-19 16:38:06,35627,1,32.4150297619,0.0359375
2012-10-19 16:38:07,35628,1,32.3708333333,-0.0441964285715
2012-10-19 16:38:08,35629,1,32.1991815476,-0.171651785714
2012-10-19 16:38:09,35630,1,31.9539434524,-0.245238095238
2012-10-19 16:38:10,35631,1,31.7151785714,-0.238764880952
2012-10-19 16:38:11,35632,1,31.4618303571,-0.253348214286
2012-10-19 16:38:12,35633,1,31.0833333333,-0.37849702381
2012-10-19 16:38:13,35634,1,30.5383184524,-0.545014880952
2012-10-19 16:38:14,35635,1,29.9449404762,-0.59337797619
2012-10-19 16:38:15,35636,1,29.5051339286,-0.439806547619
2012-10-19 16:38:16,35637,1,29.365625,-0.139508928571
2012-10-19 16:38:17,35638,1,29.5351190476,0.169494047619
2012-10-19 16:38:18,35639,1,29.9015625,0.366443452381
2012-10-19 16:38:19,35640,1,30.2949404762,0.393377976191
2012-10-19 16:38:20,35641,1,30.5303571429,0.235416666667
2012-10-19 16:38:21,35642,1,30.4735119048,-0.0568452380952
2012-10-19 16:38:22,35643,1,30.141889881,-0.331622023809
2012-10-19 16:38:23,35644,1,29.707514881,-0.434375
2012-10-19 16:38:24,35645,1,29.3327380952,-0.374776785714
2012-10-19 16:38:25,35646,1,29.0011904762,-0.331547619048
2012-10-19 16:38:26,35647,1,28.5396577381,-0.461532738095
2012-10-19 16:38:27,35648,1,27.7902529762,-0.749404761905
2012-10-19 16:38:28,35649,1,26.7111607143,-1.0790922619
2012-10-19 16:38:29,35650,1,25.2996279762,-1.4115327381
2012-10-19 16:38:30,35651,1,23.449702381,-1.84992559524
2012-10-19 16:38:31,35652,1,20.9316220238,-2.51808035714
2012-10-19 16:38:32,35653,1,17.5986607143,-3.33296130952
2012-10-19 16:38:33,35654,1,13.6870535714,-3.91160714286
2012-10-19 16:38:34,35655,1,9.85625,-3.83080357143
2012-10-19 16:38:35,35656,1,6.84962797619,-3.00662202381
2012-10-19 16:38:36,35657,1,5.11287202381,-1.73675595238
2012-10-19 16:38:37,35658,1,4.63072916667,-0.482142857143
2012-10-19 16:38:38,35659,1,4.93444940476,0.303720238095
2012-10-19 16:38:39,35660,1,5.37053571429,0.436086309524
2012-10-19 16:38:40,35661,1,5.62797619048,0.25744047619
2012-10-19 16:38:41,35662,1,5.98794642857,0.359970238095
2012-10-19 16:38:42,35663,1,6.99895833333,1.01101190476
2012-10-19 16:38:43,35664,1,9.01183035714,2.01287202381
2012-10-19 16:38:44,35665,1,11.9463541667,2.93452380952
2012-10-19 16:38:45,35666,1,15.3264136905,3.38005952381
2012-10-19 16:38:46,35667,1,18.5956845238,3.26927083333
2012-10-19 16:38:47,35668,1,21.4407738095,2.84508928571
2012-10-19 16:38:48,35669,1,23.7580357143,2.31726190476
2012-10-19 16:38:49,35670,1,25.4912946429,1.73325892857
2012-10-19 16:38:50,35671,1,26.6816964286,1.19040178571
2012-10-19 16:38:51,35672,1,27.5095982143,0.827901785714
2012-10-19 16:38:52,35673,1,28.150297619,0.640699404762
2012-10-19 16:38:53,35674,1,28.6830357143,0.532738095238
2012-10-19 16:38:54,35675,1,29.129389881,0.446354166667
2012-10-19 16:38:55,35676,1,29.4786458333,0.349255952381
2012-10-19 16:38:56,35677,1,29.7182291667,0.239583333333
2012-10-19 16:38:57,35678,1,29.8857886905,0.16755952381
2012-10-19 16:38:58,35679,1,30.040327381,0.154538690476
2012-10-19 16:38:59,35680,1,30.1779761905,0.137648809524
2012-10-19 16:39:00,35681,1,30.2126488095,0.0346726190476
2012-10-19 16:39:01,35682,1,30.0410714286,-0.171577380952
2012-10-19 16:39:02,35683,1,29.6354166667,-0.405654761905
2012-10-19 16:39:03,35684,1,29.0771577381,-0.558258928572
2012-10-19 16:39:04,35685,1,28.4841517857,-0.593005952381
2012-10-19 16:39:05,35686,1,27.9230654762,-0.561086309524
2012-10-19 16:39:06,35687,1,27.4108630952,-0.512202380952
2012-10-19 16:39:07,35688,1,26.9682291667,-0.442633928571
2012-10-19 16:39:08,35689,1,26.6486607143,-0.319568452381
2012-10-19 16:39:09,35690,1,26.5146577381,-0.134002976191
2012-10-19 16:39:10,35691,1,26.5534970238,0.0388392857143
2012-10-19 16:39:11,35692,1,26.5761904762,0.022693452381
2012-10-19 16:39:12,35693,1,26.1826636905,-0.393526785714
2012-10-19 16:39:13,35694,1,24.8470238095,-1.33563988095
2012-10-19 16:39:14,35695,1,22.184672619,-2.66235119048
2012-10-19 16:39:15,35696,1,18.3794642857,-3.80520833333
2012-10-19 16:39:16,35697,1,14.4005952381,-3.97886904762
2012-10-19 16:39:17,35698,1,11.5875,-2.8130952381
2012-10-19 16:39:18,35699,1,10.8476934524,-0.739806547619
2012-10-19 16:39:19,35700,1,12.1881696429,1.34047619048
2012-10-19 16:39:20,35701,1,14.8669642857,2.67879464286
2012-10-19 16:39:21,35702,1,17.85,2.98303571429
2012-10-19 16:39:22,35703,1,20.1656994048,2.31569940476
2012-10-19 16:39:23,35704,1,21.0180803571,0.852380952381
2012-10-19 16:39:24,35705,1,19.8964285714,-1.12165178571
2012-10-19 16:39:25,35706,1,16.9318452381,-2.96458333333
2012-10-19 16:39:26,35707,1,13.164360119,-3.76748511905
2012-10-19 16:39:27,35708,1,10.1369047619,-3.02745535714
2012-10-19 16:39:28,35709,1,9.0040922619,-1.1328125
2012-10-19 16:39:29,35710,1,9.99925595238,0.995163690476
2012-10-19 16:39:30,35711,1,12.5991815476,2.59992559524
2012-10-19 16:39:31,35712,1,15.9834077381,3.38422619048
2012-10-19 16:39:32,35713,1,19.3798363095,3.39642857143
2012-10-19 16:39:33,35714,1,22.199702381,2.81986607143
2012-10-19 16:39:34,35715,1,24.0790178571,1.87931547619
2012-10-19 16:39:35,35716,1,24.9754464286,0.896428571428
2012-10-19 16:39:36,35717,1,25.188764881,0.213318452381
2012-10-19 16:39:37,35718,1,25.0756696429,-0.113095238095
2012-10-19 16:39:38,35719,1,24.6546130952,-0.421056547619
2012-10-19 16:39:39,35720,1,23.535639881,-1.11897321429
2012-10-19 16:39:40,35721,1,21.2541666667,-2.28147321429
2012-10-19 16:39:41,35722,1,17.6779265873,-3.57624007937
2012-10-19 16:39:42,35723,1,13.1625,-4.5154265873
2012-10-19 16:39:43,35724,1,8.440625,-4.721875
2012-10-19 16:39:44,35725,1,4.43779761905,-4.00282738095
2012-10-19 16:39:45,35726,1,0.0,-4.43779761905
2012-10-19 16:45:04,36045,319,0.0,0.0
2012-10-19 16:45:05,36046,1,3.60411706349,3.60411706349
2012-10-19 16:45:06,36047,1,6.55431547619,2.9501984127
2012-10-19 16:45:07,36048,1,9.87782738095,3.32351190476
2012-10-19 16:45:08,36049,1,13.1313244048,3.25349702381
2012-10-19 16:45:09,36050,1,16.1890625,3.05773809524
2012-10-19 16:45:10,36051,1,19.0100446429,2.82098214286
2012-10-19 16:45:11,36052,1,21.5392361111,2.52919146825
2012-10-19 16:45:12,36053,1,23.6998263889,2.16059027778
2012-10-19 16:45:13,36054,1,25.4113095238,1.71148313492
2012-10-19 16:45:14,36055,1,26.6317708333,1.22046130952
2012-10-19 16:45:15,36056,1,27.3442708333,0.7125
2012-10-19 16:45:16,36057,1,27.5105654762,0.166294642857
2012-10-19 16:45:17,36058,1,27.0947916667,-0.415773809524
2012-10-19 16:45:18,36059,1,26.1215029762,-0.973288690476
2012-10-19 16:45:19,36060,1,24.6927827381,-1.4287202381
2012-10-19 16:45:20,36061,1,22.9627232143,-1.73005952381
2012-10-19 16:45:21,36062,1,21.0736607143,-1.8890625
2012-10-19 16:45:22,36063,1,19.0431412338,-2.03051948052
2012-10-19 16:45:23,36064,1,16.6945549242,-2.34858630952
2012-10-19 16:45:24,36065,1,13.818844697,-2.87571022727
2012-10-19 16:45:25,36066,1,10.501271645,-3.31757305195
2012-10-19 16:45:26,36067,1,7.23595102814,-3.26532061688
2012-10-19 16:45:27,36068,1,4.65924648268,-2.57670454545
2012-10-19 16:45:28,36069,1,3.14853896104,-1.51070752165
2012-10-19 16:45:29,36070,1,2.61283143939,-0.535707521645
2012-10-19 16:45:30,36071,1,2.62989718615,0.0170657467533
2012-10-19 16:45:31,36072,1,2.79609713203,0.166199945887
2012-10-19 16:45:32,36073,1,2.93948863636,0.143391504329
2012-10-19 16:45:33,36074,1,3.04548160173,0.105992965368
2012-10-19 16:45:34,36075,1,3.10918560606,0.063704004329
2012-10-19 16:45:35,36076,1,3.16891233766,0.0597267316017
2012-10-19 16:45:36,36077,1,3.47079951299,0.301887175325
2012-10-19 16:45:37,36078,1,4.42519615801,0.954396645022
2012-10-19 16:45:38,36079,1,6.27550054113,1.85030438312
2012-10-19 16:45:39,36080,1,8.87349837662,2.5979978355
2012-10-19 16:45:40,36081,1,11.7722402597,2.89874188312
2012-10-19 16:45:41,36082,1,14.4846523268,2.7124120671
2012-10-19 16:45:42,36083,1,16.74316829,2.2585159632
2012-10-19 16:45:43,36084,1,18.5341653139,1.79099702381
2012-10-19 16:45:44,36085,1,19.8654017857,1.33123647186
2012-10-19 16:45:45,36086,1,20.5919642857,0.7265625
2012-10-19 16:45:46,36087,1,20.4204613095,-0.17150297619
2012-10-19 16:45:47,36088,1,19.0136160714,-1.4068452381
2012-10-19 16:45:48,36089,1,16.3269345238,-2.68668154762
2012-10-19 16:45:49,36090,1,13.0251488095,-3.30178571429
2012-10-19 16:45:50,36091,1,10.3652529762,-2.65989583333
2012-10-19 16:45:51,36092,1,9.45275297619,-0.9125
2012-10-19 16:45:52,36093,1,10.587202381,1.13444940476
2012-10-19 16:45:53,36094,1,13.2176339286,2.63043154762
2012-10-19 16:45:54,36095,1,16.3682291667,3.1505952381
2012-10-19 16:45:55,36096,1,19.1299107143,2.76168154762
2012-10-19 16:45:56,36097,1,20.8458333333,1.71592261905
2012-10-19 16:45:57,36098,1,21.0524553571,0.20662202381
2012-10-19 16:45:58,36099,1,19.6264136905,-1.42604166667
2012-10-19 16:45:59,36100,1,17.0868303571,-2.53958333333
2012-10-19 16:46:00,36101,1,14.511235119,-2.5755952381
2012-10-19 16:46:01,36102,1,12.9645089286,-1.54672619048
2012-10-19 16:46:02,36103,1,12.8947172619,-0.0697916666666
2012-10-19 16:46:03,36104,1,13.9773809524,1.08266369048
2012-10-19 16:46:04,36105,1,15.5072916667,1.52991071429
2012-10-19 16:46:05,36106,1,16.9755952381,1.46830357143
2012-10-19 16:46:06,36107,1,18.3863095238,1.41071428571
2012-10-19 16:46:07,36108,1,20.1110863095,1.72477678571
2012-10-19 16:46:08,36109,1,22.4314732143,2.32038690476
2012-10-19 16:46:09,36110,1,25.2234375,2.79196428571
2012-10-19 16:46:10,36111,1,28.0611607143,2.83772321429
2012-10-19 16:46:11,36112,1,30.528125,2.46696428571
2012-10-19 16:46:12,36113,1,32.4293154762,1.90119047619
2012-10-19 16:46:13,36114,1,33.8155505952,1.38623511905
2012-10-19 16:46:14,36115,1,34.8557291667,1.04017857143
2012-10-19 16:46:15,36116,1,35.6892113095,0.833482142857
2012-10-19 16:46:16,36117,1,36.4023809524,0.713169642857
2012-10-19 16:46:17,36118,1,37.0793154762,0.676934523809
2012-10-19 16:46:18,36119,1,37.8008928571,0.721577380952
2012-10-19 16:46:19,36120,1,38.6095982143,0.808705357143
2012-10-19 16:46:20,36121,1,39.4970982143,0.8875
2012-10-19 16:46:21,36122,1,40.4136160714,0.916517857143
2012-10-19 16:46:22,36123,1,41.2838541667,0.870238095238
2012-10-19 16:46:23,36124,1,42.016889881,0.733035714286
2012-10-19 16:46:24,36125,1,42.5328869048,0.51599702381
2012-10-19 16:46:25,36126,1,42.8217261905,0.288839285714
2012-10-19 16:46:26,36127,1,42.9720238095,0.150297619048
2012-10-19 16:46:27,36128,1,43.1212797619,0.149255952381
2012-10-19 16:46:28,36129,1,43.3671875,0.245907738095
2012-10-19 16:46:29,36130,1,43.7207589286,0.353571428571
2012-10-19 16:46:30,36131,1,44.1374255952,0.416666666667
2012-10-19 16:46:31,36132,1,44.5744047619,0.436979166667
2012-10-19 16:46:32,36133,1,45.0057291667,0.431324404762
2012-10-19 16:46:33,36134,1,45.3964285714,0.390699404762
2012-10-19 16:46:34,36135,1,45.6930059524,0.296577380952
2012-10-19 16:46:35,36136,1,45.869047619,0.176041666667
2012-10-19 16:46:36,36137,1,45.9782738095,0.109226190476
2012-10-19 16:46:37,36138,1,46.1292410714,0.150967261905
2012-10-19 16:46:38,36139,1,46.3944196429,0.265178571428
2012-10-19 16:46:39,36140,1,46.752827381,0.358407738095
2012-10-19 16:46:40,36141,1,47.1162946429,0.363467261905
2012-10-19 16:46:41,36142,1,47.4030505952,0.286755952381
2012-10-19 16:46:42,36143,1,47.5889136905,0.185863095238
2012-10-19 16:46:43,36144,1,47.702827381,0.113913690476
2012-10-19 16:46:44,36145,1,47.7983630952,0.0955357142857
2012-10-19 16:46:45,36146,1,47.9283482143,0.129985119048
2012-10-19 16:46:46,36147,1,48.1245535714,0.196205357143
2012-10-19 16:46:47,36148,1,48.3983630952,0.27380952381
2012-10-19 16:46:48,36149,1,48.7456845238,0.347321428571
2012-10-19 16:46:49,36150,1,49.1270089286,0.381324404762
2012-10-19 16:46:50,36151,1,49.4587053571,0.331696428571
2012-10-19 16:46:51,36152,1,49.6427083333,0.18400297619
2012-10-19 16:46:52,36153,1,49.6133184524,-0.0293898809524
2012-10-19 16:46:53,36154,1,49.3834821429,-0.229836309524
2012-10-19 16:46:54,36155,1,49.0484375,-0.335044642857
2012-10-19 16:46:55,36156,1,48.7177827381,-0.330654761905
2012-10-19 16:46:56,36157,1,48.4420386905,-0.275744047619
2012-10-19 16:46:57,36158,1,48.2093005952,-0.232738095238
2012-10-19 16:46:58,36159,1,48.0014136905,-0.207886904762
2012-10-19 16:46:59,36160,1,47.843452381,-0.157961309524
2012-10-19 16:47:00,36161,1,47.7885416667,-0.0549107142857
2012-10-19 16:47:01,36162,1,47.8501488095,0.0616071428571
2012-10-19 16:47:02,36163,1,47.9607886905,0.110639880952
2012-10-19 16:47:03,36164,1,48.0093005952,0.0485119047619
2012-10-19 16:47:04,36165,1,47.9072172619,-0.102083333333
2012-10-19 16:47:05,36166,1,47.579389881,-0.327827380952
2012-10-19 16:47:06,36167,1,46.898139881,-0.68125
2012-10-19 16:47:07,36168,1,45.7223958333,-1.17574404762
2012-10-19 16:47:08,36169,1,44.0681547619,-1.65424107143
2012-10-19 16:47:09,36170,1,42.2311755952,-1.83697916667
2012-10-19 16:47:10,36171,1,40.7110119048,-1.52016369048
2012-10-19 16:47:11,36172,1,39.9419642857,-0.769047619048
2012-10-19 16:47:12,36173,1,40.0162946429,0.0743303571428
2012-10-19 16:47:13,36174,1,40.634375,0.618080357143
2012-10-19 16:47:14,36175,1,41.3015625,0.6671875
2012-10-19 16:47:15,36176,1,41.6044642857,0.302901785714
2012-10-19 16:47:16,36177,1,41.4085565476,-0.195907738095
2012-10-19 16:47:17,36178,1,40.8728422619,-0.535714285714
2012-10-19 16:47:18,36179,1,40.2899553571,-0.582886904762
2012-10-19 16:47:19,36180,1,39.8826636905,-0.407291666667
2012-10-19 16:47:20,36181,1,39.6757440476,-0.206919642857
2012-10-19 16:47:21,36182,1,39.5133928571,-0.162351190476
2012-10-19 16:47:22,36183,1,39.2236607143,-0.289732142857
2012-10-19 16:47:23,36184,1,38.7847470238,-0.438913690476
2012-10-19 16:47:24,36185,1,38.3433035714,-0.441443452381
2012-10-19 16:47:25,36186,1,38.1097470238,-0.233556547619
2012-10-19 16:47:26,36187,1,38.2345982143,0.124851190476
2012-10-19 16:47:27,36188,1,38.7435267857,0.508928571429
2012-10-19 16:47:28,36189,1,39.5706845238,0.827157738095
2012-10-19 16:47:29,36190,1,40.6287946429,1.05811011905
2012-10-19 16:47:30,36191,1,41.821577381,1.1927827381
2012-10-19 16:47:31,36192,1,43.0335565476,1.21197916667
2012-10-19 16:47:32,36193,1,44.1725446429,1.13898809524
2012-10-19 16:47:33,36194,1,45.2008184524,1.02827380952
2012-10-19 16:47:34,36195,1,46.0619791667,0.861160714286
2012-10-19 16:47:35,36196,1,46.5853422619,0.523363095238
2012-10-19 16:47:36,36197,1,46.534077381,-0.0512648809524
2012-10-19 16:47:37,36198,1,45.7779761905,-0.756101190476
2012-10-19 16:47:38,36199,1,44.3849702381,-1.39300595238
2012-10-19 16:47:39,36200,1,42.548735119,-1.83623511905
2012-10-19 16:47:40,36201,1,40.4806547619,-2.06808035714
2012-10-19 16:47:41,36202,1,38.376264881,-2.10438988095
2012-10-19 16:47:42,36203,1,36.4635416667,-1.91272321429
2012-10-19 16:47:43,36204,1,35.0377232143,-1.42581845238
2012-10-19 16:47:44,36205,1,34.3326636905,-0.705059523809
2012-10-19 16:47:45,36206,1,34.3272321429,-0.0054315476191
2012-10-19 16:47:46,36207,1,34.7636904762,0.436458333333
2012-10-19 16:47:47,36208,1,35.3502232143,0.586532738095
2012-10-19 16:47:48,36209,1,35.9349702381,0.584747023809
2012-10-19 16:47:49,36210,1,36.5818452381,0.646875
2012-10-19 16:47:50,36211,1,37.4960565476,0.914211309524
2012-10-19 16:47:51,36212,1,38.8357886905,1.33973214286
2012-10-19 16:47:52,36213,1,40.6066220238,1.77083333333
2012-10-19 16:47:53,36214,1,42.667485119,2.06086309524
2012-10-19 16:47:54,36215,1,44.7555059524,2.08802083333
2012-10-19 16:47:55,36216,1,46.5823660714,1.82686011905
2012-10-19 16:47:56,36217,1,47.9984375,1.41607142857
2012-10-19 16:47:57,36218,1,49.0617559524,1.06331845238
2012-10-19 16:47:58,36219,1,49.9525297619,0.890773809524
2012-10-19 16:47:59,36220,1,50.8119791667,0.859449404762
2012-10-19 16:48:00,36221,1,51.6110863095,0.799107142857
2012-10-19 16:48:01,36222,1,52.1784970238,0.567410714286
2012-10-19 16:48:02,36223,1,52.3776041667,0.199107142857
2012-10-19 16:48:03,36224,1,52.2255208333,-0.152083333333
2012-10-19 16:48:04,36225,1,51.860639881,-0.364880952381
2012-10-19 16:48:05,36226,1,51.4576636905,-0.402976190476
2012-10-19 16:48:06,36227,1,51.160639881,-0.297023809524
2012-10-19 16:48:07,36228,1,51.0488095238,-0.111830357143
2012-10-19 16:48:08,36229,1,51.1343005952,0.0854910714286
2012-10-19 16:48:09,36230,1,51.3658482143,0.231547619048
2012-10-19 16:48:10,36231,1,51.6404017857,0.274553571429
2012-10-19 16:48:11,36232,1,51.8414434524,0.201041666667
2012-10-19 16:48:12,36233,1,51.8831845238,0.0417410714285
2012-10-19 16:48:13,36234,1,51.7324404762,-0.150744047619
2012-10-19 16:48:14,36235,1,51.4053571429,-0.327083333333
2012-10-19 16:48:15,36236,1,50.9177827381,-0.487574404762
2012-10-19 16:48:16,36237,1,50.1656994048,-0.752083333333
2012-10-19 16:48:17,36238,1,48.8233630952,-1.34233630952
2012-10-19 16:48:18,36239,1,46.4276785714,-2.39568452381
2012-10-19 16:48:19,36240,1,42.6916666667,-3.73601190476
2012-10-19 16:48:20,36241,1,37.8618303571,-4.82983630952
2012-10-19 16:48:21,36242,1,32.8061755952,-5.0556547619
2012-10-19 16:48:22,36243,1,28.6450892857,-4.16108630952
2012-10-19 16:48:23,36244,1,26.1402529762,-2.50483630952
2012-10-19 16:48:24,36245,1,25.3569940476,-0.783258928571
2012-10-19 16:48:25,36246,1,25.8519345238,0.494940476191
2012-10-19 16:48:26,36247,1,27.0904761905,1.23854166667
2012-10-19 16:48:27,36248,1,28.6761160714,1.58563988095
2012-10-19 16:48:28,36249,1,30.3238095238,1.64769345238
2012-10-19 16:48:29,36250,1,31.7956845238,1.471875
2012-10-19 16:48:30,36251,1,32.9404761905,1.14479166667
2012-10-19 16:48:31,36252,1,33.7467261905,0.80625
2012-10-19 16:48:32,36253,1,34.2802827381,0.533556547619
2012-10-19 16:48:33,36254,1,34.5366071429,0.256324404762
2012-10-19 16:48:34,36255,1,34.3578125,-0.178794642857
2012-10-19 16:48:35,36256,1,33.4654761905,-0.892336309524
2012-10-19 16:48:36,36257,1,31.4938988095,-1.97157738095
2012-10-19 16:48:37,36258,1,28.0712797619,-3.42261904762
2012-10-19 16:48:38,36259,1,23.1848214286,-4.88645833333
2012-10-19 16:48:39,36260,1,17.6251488095,-5.55967261905
2012-10-19 16:48:40,36261,1,12.8551339286,-4.77001488095
2012-10-19 16:48:41,36262,1,10.184375,-2.67075892857
2012-10-19 16:48:42,36263,1,10.0057291667,-0.178645833333
2012-10-19 16:48:43,36264,1,11.7756696429,1.76994047619
2012-10-19 16:48:44,36265,1,14.5906994048,2.8150297619
2012-10-19 16:48:45,36266,1,17.7430803571,3.15238095238
2012-10-19 16:48:46,36267,1,20.8610119048,3.11793154762
2012-10-19 16:48:47,36268,1,23.7442708333,2.88325892857
2012-10-19 16:48:48,36269,1,26.2648809524,2.52061011905
2012-10-19 16:48:49,36270,1,28.401264881,2.13638392857
2012-10-19 16:48:50,36271,1,30.1575892857,1.75632440476
2012-10-19 16:48:51,36272,1,31.4178571429,1.26026785714
2012-10-19 16:48:52,36273,1,32.042485119,0.62462797619
2012-10-19 16:48:53,36274,1,32.1067708333,0.0642857142857
2012-10-19 16:48:54,36275,1,31.9084077381,-0.198363095238
2012-10-19 16:48:55,36276,1,31.7364583333,-0.171949404762
2012-10-19 16:48:56,36277,1,31.6861607143,-0.0502976190476
2012-10-19 16:48:57,36278,1,31.684672619,-0.0014880952381
2012-10-19 16:48:58,36279,1,31.6622767857,-0.0223958333333
2012-10-19 16:48:59,36280,1,31.6654761905,0.0031994047619
2012-10-19 16:49:00,36281,1,31.8113839286,0.145907738095
2012-10-19 16:49:01,36282,1,32.1845982143,0.373214285714
2012-10-19 16:49:02,36283,1,32.7769345238,0.592336309524
2012-10-19 16:49:03,36284,1,33.4845982143,0.707663690476
2012-10-19 16:49:04,36285,1,34.1650297619,0.680431547619
2012-10-19 16:49:05,36286,1,34.715922619,0.550892857143
2012-10-19 16:49:06,36287,1,35.1005208333,0.384598214286
2012-10-19 16:49:07,36288,1,35.3130208333,0.2125
2012-10-19 16:49:08,36289,1,35.3533482143,0.0403273809524
2012-10-19 16:49:09,36290,1,35.238764881,-0.114583333333
2012-10-19 16:49:10,36291,1,35.0161458333,-0.222619047619
2012-10-19 16:49:11,36292,1,34.7533482143,-0.262797619048
2012-10-19 16:49:12,36293,1,34.5108630952,-0.242485119048
2012-10-19 16:49:13,36294,1,34.3072916667,-0.203571428571
2012-10-19 16:49:14,36295,1,34.1180059524,-0.189285714286
2012-10-19 16:49:15,36296,1,33.9114583333,-0.206547619048
2012-10-19 16:49:16,36297,1,33.6728422619,-0.238616071429
2012-10-19 16:49:17,36298,1,33.4016369048,-0.271205357143
2012-10-19 16:49:18,36299,1,33.1131696429,-0.288467261905
2012-10-19 16:49:19,36300,1,32.8423363095,-0.270833333333
2012-10-19 16:49:20,36301,1,32.6258928571,-0.216443452381
2012-10-19 16:49:21,36302,1,32.4630208333,-0.16287202381
2012-10-19 16:49:22,36303,1,32.2692708333,-0.19375
2012-10-19 16:49:23,36304,1,31.8442708333,-0.425
2012-10-19 16:49:24,36305,1,30.88125,-0.963020833333
2012-10-19 16:49:25,36306,1,29.0520833333,-1.82916666667
2012-10-19 16:49:26,36307,1,26.1761160714,-2.8759672619
2012-10-19 16:49:27,36308,1,22.3749255952,-3.80119047619
2012-10-19 16:49:28,36309,1,18.0783482143,-4.29657738095
2012-10-19 16:49:29,36310,1,13.8889136905,-4.18943452381
2012-10-19 16:49:30,36311,1,10.3550595238,-3.53385416667
2012-10-19 16:49:31,36312,1,7.69233630952,-2.66272321429
2012-10-19 16:49:32,36313,1,5.67901785714,-2.01331845238
2012-10-19 16:49:33,36314,1,3.92328869048,-1.75572916667
2012-10-19 16:49:34,36315,1,2.31649659864,-1.60679209184
2012-10-19 16:49:35,36316,1,0.0,-2.31649659864
2012-10-19 18:08:45,41066,4750,0.0,0.0
2012-10-19 18:08:46,41067,1,1.78181335034,1.78181335034
2012-10-19 18:08:47,41068,1,2.67629676871,0.894483418367
2012-10-19 18:08:48,41069,1,3.23892431973,0.56262755102
2012-10-19 18:08:49,41070,1,3.42426658163,0.185342261905
2012-10-19 18:08:50,41071,1,3.44798044218,0.0237138605442
2012-10-19 18:08:51,41072,1,3.45231717687,0.00433673469388
2012-10-19 18:08:52,41073,1,3.43079294218,-0.0215242346939
2012-10-19 18:08:53,41074,1,3.34829931973,-0.082493622449
2012-10-19 18:08:54,41075,1,3.24173044218,-0.106568877551
2012-10-19 18:08:55,41076,1,3.24082695578,-0.00090348639456
2012-10-19 18:08:56,41077,1,3.56864370748,0.327816751701
2012-10-19 18:08:57,41078,1,4.4665710034,0.897927295918
2012-10-19 18:08:58,41079,1,6.01090561224,1.54433460884
2012-10-19 18:08:59,41080,1,8.02916666667,2.01826105442
2012-10-19 18:09:00,41081,1,10.2287946429,2.19962797619
2012-10-19 18:09:01,41082,1,12.3611607143,2.13236607143
2012-10-19 18:09:02,41083,1,14.292485119,1.93132440476
2012-10-19 18:09:03,41084,1,15.9742559524,1.68177083333
2012-10-19 18:09:04,41085,1,17.3447172619,1.37046130952
2012-10-19 18:09:05,41086,1,18.3083333333,0.963616071429
2012-10-19 18:09:06,41087,1,18.8537202381,0.545386904762
2012-10-19 18:09:07,41088,1,19.1550595238,0.301339285714
2012-10-19 18:09:08,41089,1,19.5412946429,0.386235119048
2012-10-19 18:09:09,41090,1,20.330952381,0.789657738095
2012-10-19 18:09:10,41091,1,21.6105654762,1.27961309524
2012-10-19 18:09:11,41092,1,23.1491071429,1.53854166667
2012-10-19 18:09:12,41093,1,24.5500744048,1.4009672619
2012-10-19 18:09:13,41094,1,25.5207589286,0.970684523809
2012-10-19 18:09:14,41095,1,26.0593005952,0.538541666667
2012-10-19 18:09:15,41096,1,26.404985119,0.345684523809
2012-10-19 18:09:16,41097,1,26.8068452381,0.401860119048
2012-10-19 18:09:17,41098,1,27.3679315476,0.561086309524
2012-10-19 18:09:18,41099,1,28.065922619,0.697991071429
2012-10-19 18:09:19,41100,1,28.8175595238,0.751636904762
2012-10-19 18:09:20,41101,1,29.515327381,0.697767857143
2012-10-19 18:09:21,41102,1,30.0665178571,0.551190476191
2012-10-19 18:09:22,41103,1,30.4273065476,0.360788690476
2012-10-19 18:09:23,41104,1,30.6136160714,0.18630952381
2012-10-19 18:09:24,41105,1,30.6913690476,0.0777529761904
2012-10-19 18:09:25,41106,1,30.7424107143,0.0510416666667
2012-10-19 18:09:26,41107,1,30.8297619048,0.0873511904762
2012-10-19 18:09:27,41108,1,30.9927083333,0.162946428571
2012-10-19 18:09:28,41109,1,31.245014881,0.252306547619
2012-10-19 18:09:29,41110,1,31.5523809524,0.307366071429
2012-10-19 18:09:30,41111,1,31.8280505952,0.275669642857
2012-10-19 18:09:31,41112,1,31.9773809524,0.149330357143
2012-10-19 18:09:32,41113,1,31.9590029762,-0.0183779761905
2012-10-19 18:09:33,41114,1,31.8123511905,-0.146651785714
2012-10-19 18:09:34,41115,1,31.6285714286,-0.183779761905
2012-10-19 18:09:35,41116,1,31.4797619048,-0.14880952381
2012-10-19 18:09:36,41117,1,31.3679315476,-0.111830357143
2012-10-19 18:09:37,41118,1,31.2429315476,-0.125
2012-10-19 18:09:38,41119,1,31.0551339286,-0.187797619048
2012-10-19 18:09:39,41120,1,30.7958333333,-0.259300595238
2012-10-19 18:09:40,41121,1,30.5254464286,-0.270386904762
2012-10-19 18:09:41,41122,1,30.3691220238,-0.156324404762
2012-10-19 18:09:42,41123,1,30.4428571429,0.0737351190476
2012-10-19 18:09:43,41124,1,30.7244047619,0.281547619048
2012-10-19 18:09:44,41125,1,30.9558779762,0.231473214286
2012-10-19 18:09:45,41126,1,30.7080357143,-0.247842261905
2012-10-19 18:09:46,41127,1,29.614360119,-1.09367559524
2012-10-19 18:09:47,41128,1,27.573735119,-2.040625
2012-10-19 18:09:48,41129,1,24.7260416667,-2.84769345238
2012-10-19 18:09:49,41130,1,21.2520089286,-3.4740327381
2012-10-19 18:09:50,41131,1,17.311235119,-3.94077380952
2012-10-19 18:09:51,41132,1,13.2986607143,-4.01257440476
2012-10-19 18:09:52,41133,1,10.031547619,-3.26711309524
2012-10-19 18:09:53,41134,1,8.4165922619,-1.61495535714
2012-10-19 18:09:54,41135,1,8.83802083333,0.421428571429
2012-10-19 18:09:55,41136,1,10.8509672619,2.01294642857
2012-10-19 18:09:56,41137,1,13.4616071429,2.61063988095
2012-10-19 18:09:57,41138,1,15.8097470238,2.34813988095
2012-10-19 18:09:58,41139,1,17.6541666667,1.84441964286
2012-10-19 18:09:59,41140,1,19.2348214286,1.5806547619
2012-10-19 18:10:00,41141,1,20.8162202381,1.58139880952
2012-10-19 18:10:01,41142,1,22.4338541667,1.61763392857
2012-10-19 18:10:02,41143,1,23.9438988095,1.51004464286
2012-10-19 18:10:03,41144,1,25.2084821429,1.26458333333
2012-10-19 18:10:04,41145,1,26.251860119,1.04337797619
2012-10-19 18:10:05,41146,1,27.2457589286,0.993898809524
2012-10-19 18:10:06,41147,1,28.3183779762,1.07261904762
2012-10-19 18:10:07,41148,1,29.3989583333,1.08058035714
2012-10-19 18:10:08,41149,1,30.2615327381,0.862574404762
2012-10-19 18:10:09,41150,1,30.6817708333,0.420238095238
2012-10-19 18:10:10,41151,1,30.541889881,-0.139880952381
2012-10-19 18:10:11,41152,1,29.7786458333,-0.763244047619
2012-10-19 18:10:12,41153,1,28.2026785714,-1.5759672619
2012-10-19 18:10:13,41154,1,25.4378720238,-2.76480654762
2012-10-19 18:10:14,41155,1,21.2193452381,-4.21852678571
2012-10-19 18:10:15,41156,1,15.91875,-5.3005952381
2012-10-19 18:10:16,41157,1,10.7727678571,-5.14598214286
2012-10-19 18:10:17,41158,1,7.35982142857,-3.41294642857
2012-10-19 18:10:18,41159,1,6.6193452381,-0.740476190476
2012-10-19 18:10:19,41160,1,8.33415178571,1.71480654762
2012-10-19 18:10:20,41161,1,11.5358630952,3.20171130952
2012-10-19 18:10:21,41162,1,15.3343005952,3.7984375
2012-10-19 18:10:22,41163,1,19.3586309524,4.02433035714
2012-10-19 18:10:23,41164,1,23.5199404762,4.16130952381
2012-10-19 18:10:24,41165,1,27.6077380952,4.08779761905
2012-10-19 18:10:25,41166,1,31.3229910714,3.71525297619
2012-10-19 18:10:26,41167,1,34.5622767857,3.23928571429
2012-10-19 18:10:27,41168,1,37.4261904762,2.86391369048
2012-10-19 18:10:28,41169,1,39.9771577381,2.5509672619
2012-10-19 18:10:29,41170,1,42.1180803571,2.14092261905
2012-10-19 18:10:30,41171,1,43.7067708333,1.58869047619
2012-10-19 18:10:31,41172,1,44.724702381,1.01793154762
2012-10-19 18:10:32,41173,1,45.2959821429,0.571279761905
2012-10-19 18:10:33,41174,1,45.5694196429,0.2734375
2012-10-19 18:10:34,41175,1,45.6569940476,0.0875744047619
2012-10-19 18:10:35,41176,1,45.6722470238,0.0152529761905
2012-10-19 18:10:36,41177,1,45.7165922619,0.0443452380953
2012-10-19 18:10:37,41178,1,45.8022321429,0.0856398809523
2012-10-19 18:10:38,41179,1,45.8553571429,0.053125
2012-10-19 18:10:39,41180,1,45.8176339286,-0.0377232142857
2012-10-19 18:10:40,41181,1,45.7284970238,-0.0891369047619
2012-10-19 18:10:41,41182,1,45.7024553571,-0.0260416666666
2012-10-19 18:10:42,41183,1,45.8341517857,0.131696428571
2012-10-19 18:10:43,41184,1,46.132514881,0.298363095238
2012-10-19 18:10:44,41185,1,46.520014881,0.3875
2012-10-19 18:10:45,41186,1,46.8732886905,0.353273809524
2012-10-19 18:10:46,41187,1,47.0972470238,0.223958333333
2012-10-19 18:10:47,41188,1,47.1936011905,0.0963541666667
2012-10-19 18:10:48,41189,1,47.2511904762,0.0575892857143
2012-10-19 18:10:49,41190,1,47.3535714286,0.102380952381
2012-10-19 18:10:50,41191,1,47.489360119,0.135788690476
2012-10-19 18:10:51,41192,1,47.5642857143,0.0749255952381
2012-10-19 18:10:52,41193,1,47.521577381,-0.0427083333333
2012-10-19 18:10:53,41194,1,47.4422619048,-0.0793154761905
2012-10-19 18:10:54,41195,1,47.4994791667,0.0572172619048
2012-10-19 18:10:55,41196,1,47.8113839286,0.311904761905
2012-10-19 18:10:56,41197,1,48.3497767857,0.538392857143
2012-10-19 18:10:57,41198,1,48.9804315476,0.630654761905
2012-10-19 18:10:58,41199,1,49.5666666667,0.586235119048
2012-10-19 18:10:59,41200,1,50.0313988095,0.464732142857
2012-10-19 18:11:00,41201,1,50.3522321429,0.320833333333
2012-10-19 18:11:01,41202,1,50.5394345238,0.187202380952
2012-10-19 18:11:02,41203,1,50.63125,0.0918154761905
2012-10-19 18:11:03,41204,1,50.6863839286,0.0551339285714
2012-10-19 18:11:04,41205,1,50.7544642857,0.0680803571429
2012-10-19 18:11:05,41206,1,50.8436755952,0.0892113095238
2012-10-19 18:11:06,41207,1,50.9145833333,0.0709077380952
2012-10-19 18:11:07,41208,1,50.9097470238,-0.0048363095238
2012-10-19 18:11:08,41209,1,50.7992559524,-0.110491071428
2012-10-19 18:11:09,41210,1,50.6026785714,-0.196577380952
2012-10-19 18:11:10,41211,1,50.3729166667,-0.229761904762
2012-10-19 18:11:11,41212,1,50.1706845238,-0.202232142857
2012-10-19 18:11:12,41213,1,50.0484375,-0.122247023809
2012-10-19 18:11:13,41214,1,50.0308779762,-0.0175595238095
2012-10-19 18:11:14,41215,1,50.0941220238,0.063244047619
2012-10-19 18:11:15,41216,1,50.1686755952,0.0745535714286
2012-10-19 18:11:16,41217,1,50.1822172619,0.0135416666667
2012-10-19 18:11:17,41218,1,50.1215029762,-0.0607142857143
2012-10-19 18:11:18,41219,1,50.0510416667,-0.0704613095238
2012-10-19 18:11:19,41220,1,50.0589285714,0.0078869047619
2012-10-19 18:11:20,41221,1,50.1870535714,0.128125
2012-10-19 18:11:21,41222,1,50.4104910714,0.2234375
2012-10-19 18:11:22,41223,1,50.6696428571,0.259151785714
2012-10-19 18:11:23,41224,1,50.9189732143,0.249330357143
2012-10-19 18:11:24,41225,1,51.1508184524,0.231845238095
2012-10-19 18:11:25,41226,1,51.384672619,0.233854166667
2012-10-19 18:11:26,41227,1,51.6469494048,0.262276785714
2012-10-19 18:11:27,41228,1,51.9552083333,0.308258928571
2012-10-19 18:11:28,41229,1,52.3114583333,0.35625
2012-10-19 18:11:29,41230,1,52.7083333333,0.396875
2012-10-19 18:11:30,41231,1,53.1199404762,0.411607142857
2012-10-19 18:11:31,41232,1,53.4694940476,0.349553571429
2012-10-19 18:11:32,41233,1,53.6344494048,0.164955357143
2012-10-19 18:11:33,41234,1,53.5162202381,-0.118229166667
2012-10-19 18:11:34,41235,1,53.1139880952,-0.402232142857
2012-10-19 18:11:35,41236,1,52.5383184524,-0.575669642857
2012-10-19 18:11:36,41237,1,51.9515625,-0.586755952381
2012-10-19 18:11:37,41238,1,51.4805803571,-0.470982142857
2012-10-19 18:11:38,41239,1,51.1767113095,-0.303869047619
2012-10-19 18:11:39,41240,1,51.0410714286,-0.135639880952
2012-10-19 18:11:40,41241,1,51.0586309524,0.0175595238096
2012-10-19 18:11:41,41242,1,51.2058779762,0.147247023809
2012-10-19 18:11:42,41243,1,51.4549107143,0.249032738095
2012-10-19 18:11:43,41244,1,51.7795386905,0.32462797619
2012-10-19 18:11:44,41245,1,52.140327381,0.360788690476
2012-10-19 18:11:45,41246,1,52.4623511905,0.322023809524
2012-10-19 18:11:46,41247,1,52.6421130952,0.179761904762
2012-10-19 18:11:47,41248,1,52.5886160714,-0.0534970238095
2012-10-19 18:11:48,41249,1,52.270610119,-0.318005952381
2012-10-19 18:11:49,41250,1,51.727827381,-0.542782738095
2012-10-19 18:11:50,41251,1,51.0173363095,-0.710491071429
2012-10-19 18:11:51,41252,1,50.1245535714,-0.892782738095
2012-10-19 18:11:52,41253,1,48.9353422619,-1.18921130952
2012-10-19 18:11:53,41254,1,47.3275297619,-1.6078125
2012-10-19 18:11:54,41255,1,45.3076636905,-2.01986607143
2012-10-19 18:11:55,41256,1,43.0760416667,-2.23162202381
2012-10-19 18:11:56,41257,1,40.9461309524,-2.12991071429
2012-10-19 18:11:57,41258,1,39.104985119,-1.84114583333
2012-10-19 18:11:58,41259,1,37.4063244048,-1.69866071429
2012-10-19 18:11:59,41260,1,35.4840029762,-1.92232142857
2012-10-19 18:12:00,41261,1,33.1017113095,-2.38229166667
2012-10-19 18:12:01,41262,1,30.3819940476,-2.7197172619
2012-10-19 18:12:02,41263,1,27.7944196429,-2.58757440476
2012-10-19 18:12:03,41264,1,25.9381696429,-1.85625
2012-10-19 18:12:04,41265,1,25.1949404762,-0.743229166667
2012-10-19 18:12:05,41266,1,25.5302083333,0.335267857143
2012-10-19 18:12:06,41267,1,26.5950892857,1.06488095238
2012-10-19 18:12:07,41268,1,27.9343005952,1.33921130952
2012-10-19 18:12:08,41269,1,29.1469494048,1.21264880952
2012-10-19 18:12:09,41270,1,29.9956845238,0.848735119048
2012-10-19 18:12:10,41271,1,30.4273065476,0.431622023809
2012-10-19 18:12:11,41272,1,30.5066964286,0.0793898809524
2012-10-19 18:12:12,41273,1,30.3586309524,-0.14806547619
2012-10-19 18:12:13,41274,1,30.1462053571,-0.212425595238
2012-10-19 18:12:14,41275,1,30.0130208333,-0.13318452381
2012-10-19 18:12:15,41276,1,30.0188988095,0.0058779761905
2012-10-19 18:12:16,41277,1,30.1770089286,0.158110119048
2012-10-19 18:12:17,41278,1,30.5197172619,0.342708333333
2012-10-19 18:12:18,41279,1,31.0712797619,0.5515625
2012-10-19 18:12:19,41280,1,31.7985119048,0.727232142857
2012-10-19 18:12:20,41281,1,32.6225446429,0.824032738095
2012-10-19 18:12:21,41282,1,33.4561011905,0.833556547619
2012-10-19 18:12:22,41283,1,34.2358630952,0.779761904762
2012-10-19 18:12:23,41284,1,34.934077381,0.698214285714
2012-10-19 18:12:24,41285,1,35.5318452381,0.597767857143
2012-10-19 18:12:25,41286,1,35.9860119048,0.454166666667
2012-10-19 18:12:26,41287,1,36.2288690476,0.242857142857
2012-10-19 18:12:27,41288,1,36.1970238095,-0.0318452380953
2012-10-19 18:12:28,41289,1,35.875,-0.322023809524
2012-10-19 18:12:29,41290,1,35.3479910714,-0.527008928571
2012-10-19 18:12:30,41291,1,34.8232142857,-0.524776785714
2012-10-19 18:12:31,41292,1,34.5494047619,-0.273809523809
2012-10-19 18:12:32,41293,1,34.6662202381,0.11681547619
2012-10-19 18:12:33,41294,1,35.1294642857,0.463244047619
2012-10-19 18:12:34,41295,1,35.7785714286,0.649107142857
2012-10-19 18:12:35,41296,1,36.4697172619,0.691145833333
2012-10-19 18:12:36,41297,1,37.1611607143,0.691443452381
2012-10-19 18:12:37,41298,1,37.8852678571,0.724107142857
2012-10-19 18:12:38,41299,1,38.6546130952,0.769345238095
2012-10-19 18:12:39,41300,1,39.4179315476,0.763318452381
2012-10-19 18:12:40,41301,1,40.0974702381,0.679538690476
2012-10-19 18:12:41,41302,1,40.6428571429,0.545386904762
2012-10-19 18:12:42,41303,1,41.0468005952,0.403943452381
2012-10-19 18:12:43,41304,1,41.3200892857,0.273288690476
2012-10-19 18:12:44,41305,1,41.4594494048,0.139360119048
2012-10-19 18:12:45,41306,1,41.4300595238,-0.0293898809524
2012-10-19 18:12:46,41307,1,41.152827381,-0.277232142857
2012-10-19 18:12:47,41308,1,40.5173363095,-0.635491071429
2012-10-19 18:12:48,41309,1,39.4468005952,-1.07053571429
2012-10-19 18:12:49,41310,1,37.9526785714,-1.49412202381
2012-10-19 18:12:50,41311,1,36.1266369048,-1.82604166667
2012-10-19 18:12:51,41312,1,34.1154017857,-2.01123511905
2012-10-19 18:12:52,41313,1,32.0993303571,-2.01607142857
2012-10-19 18:12:53,41314,1,30.2616815476,-1.83764880952
2012-10-19 18:12:54,41315,1,28.7671130952,-1.49456845238
2012-10-19 18:12:55,41316,1,27.7316964286,-1.03541666667
2012-10-19 18:12:56,41317,1,27.1764136905,-0.555282738095
2012-10-19 18:12:57,41318,1,27.0363095238,-0.140104166667
2012-10-19 18:12:58,41319,1,27.2354910714,0.199181547619
2012-10-19 18:12:59,41320,1,27.7353422619,0.499851190476
2012-10-19 18:13:00,41321,1,28.512797619,0.777455357143
2012-10-19 18:13:01,41322,1,29.5151041667,1.00230654762
2012-10-19 18:13:02,41323,1,30.6486607143,1.13355654762
2012-10-19 18:13:03,41324,1,31.8173363095,1.16867559524
2012-10-19 18:13:04,41325,1,32.9649553571,1.14761904762
2012-10-19 18:13:05,41326,1,34.0545386905,1.08958333333
2012-10-19 18:13:06,41327,1,34.9980654762,0.943526785714
2012-10-19 18:13:07,41328,1,35.6404017857,0.642336309524
2012-10-19 18:13:08,41329,1,35.8380952381,0.197693452381
2012-10-19 18:13:09,41330,1,35.5542410714,-0.283854166667
2012-10-19 18:13:10,41331,1,34.890625,-0.663616071429
2012-10-19 18:13:11,41332,1,34.0430803571,-0.847544642857
2012-10-19 18:13:12,41333,1,33.2183779762,-0.824702380952
2012-10-19 18:13:13,41334,1,32.5741815476,-0.644196428572
2012-10-19 18:13:14,41335,1,32.2016369048,-0.372544642857
2012-10-19 18:13:15,41336,1,32.1275297619,-0.0741071428571
2012-10-19 18:13:16,41337,1,32.3283482143,0.200818452381
2012-10-19 18:13:17,41338,1,32.7554315476,0.427083333333
2012-10-19 18:13:18,41339,1,33.3436011905,0.588169642857
2012-10-19 18:13:19,41340,1,33.991889881,0.648288690476
2012-10-19 18:13:20,41341,1,34.5781994048,0.586309523809
2012-10-19 18:13:21,41342,1,35.0407738095,0.462574404762
2012-10-19 18:13:22,41343,1,35.4180059524,0.377232142857
2012-10-19 18:13:23,41344,1,35.7691220238,0.351116071429
2012-10-19 18:13:24,41345,1,36.0785714286,0.309449404762
2012-10-19 18:13:25,41346,1,36.2561011905,0.177529761905
2012-10-19 18:13:26,41347,1,36.2289434524,-0.0271577380953
2012-10-19 18:13:27,41348,1,36.0469494048,-0.181994047619
2012-10-19 18:13:28,41349,1,35.880952381,-0.165997023809
2012-10-19 18:13:29,41350,1,35.896875,0.0159226190476
2012-10-19 18:13:30,41351,1,36.1567708333,0.259895833333
2012-10-19 18:13:31,41352,1,36.6300595238,0.473288690476
2012-10-19 18:13:32,41353,1,37.2244047619,0.594345238095
2012-10-19 18:13:33,41354,1,37.798735119,0.574330357143
2012-10-19 18:13:34,41355,1,38.2247767857,0.426041666667
2012-10-19 18:13:35,41356,1,38.453125,0.228348214286
2012-10-19 18:13:36,41357,1,38.4905505952,0.0374255952381
2012-10-19 18:13:37,41358,1,38.3517857143,-0.138764880952
2012-10-19 18:13:38,41359,1,38.0386160714,-0.313169642857
2012-10-19 18:13:39,41360,1,37.4808035714,-0.5578125
2012-10-19 18:13:40,41361,1,36.5064732143,-0.974330357143
2012-10-19 18:13:41,41362,1,34.973139881,-1.53333333333
2012-10-19 18:13:42,41363,1,32.9520833333,-2.02105654762
2012-10-19 18:13:43,41364,1,30.7831845238,-2.16889880952
2012-10-19 18:13:44,41365,1,28.9458333333,-1.83735119048
2012-10-19 18:13:45,41366,1,27.7607142857,-1.18511904762
2012-10-19 18:13:46,41367,1,27.1486607143,-0.612053571429
2012-10-19 18:13:47,41368,1,26.7656994048,-0.382961309524
2012-10-19 18:13:48,41369,1,26.370610119,-0.395089285714
2012-10-19 18:13:49,41370,1,25.976264881,-0.394345238095
2012-10-19 18:13:50,41371,1,25.7103422619,-0.265922619048
2012-10-19 18:13:51,41372,1,25.6444940476,-0.0658482142858
2012-10-19 18:13:52,41373,1,25.7507440476,0.10625
2012-10-19 18:13:53,41374,1,25.9752232143,0.224479166667
2012-10-19 18:13:54,41375,1,26.3416666667,0.366443452381
2012-10-19 18:13:55,41376,1,26.9818452381,0.640178571428
2012-10-19 18:13:56,41377,1,28.0799107143,1.09806547619
2012-10-19 18:13:57,41378,1,29.7960565476,1.71614583333
2012-10-19 18:13:58,41379,1,32.1707589286,2.37470238095
2012-10-19 18:13:59,41380,1,35.0046875,2.83392857143
2012-10-19 18:14:00,41381,1,37.8591517857,2.85446428571
2012-10-19 18:14:01,41382,1,40.2787946429,2.41964285714
2012-10-19 18:14:02,41383,1,42.0633928571,1.78459821429
2012-10-19 18:14:03,41384,1,43.3578125,1.29441964286
2012-10-19 18:14:04,41385,1,44.5209077381,1.1630952381
2012-10-19 18:14:05,41386,1,45.8819196429,1.36101190476
2012-10-19 18:14:06,41387,1,47.5650297619,1.68311011905
2012-10-19 18:14:07,41388,1,49.5066220238,1.9415922619
2012-10-19 18:14:08,41389,1,51.5917410714,2.08511904762
2012-10-19 18:14:09,41390,1,53.7460565476,2.15431547619
2012-10-19 18:14:10,41391,1,55.8995535714,2.15349702381
2012-10-19 18:14:11,41392,1,57.8796130952,1.98005952381
2012-10-19 18:14:12,41393,1,59.4055803571,1.5259672619
2012-10-19 18:14:13,41394,1,60.2502232143,0.844642857143
2012-10-19 18:14:14,41395,1,60.4142113095,0.163988095238
2012-10-19 18:14:15,41396,1,60.155952381,-0.258258928571
2012-10-19 18:14:16,41397,1,59.8474702381,-0.308482142857
2012-10-19 18:14:17,41398,1,59.7577380952,-0.0897321428571
2012-10-19 18:14:18,41399,1,59.9718005952,0.2140625
2012-10-19 18:14:19,41400,1,60.502827381,0.531026785714
2012-10-19 18:14:20,41401,1,61.401860119,0.899032738095
2012-10-19 18:14:21,41402,1,62.7297619048,1.32790178571
2012-10-19 18:14:22,41403,1,64.4353422619,1.70558035714
2012-10-19 18:14:23,41404,1,66.2497767857,1.81443452381
2012-10-19 18:14:24,41405,1,67.7423363095,1.49255952381
2012-10-19 18:14:25,41406,1,68.5520089286,0.809672619048
2012-10-19 18:14:26,41407,1,68.5867559524,0.0347470238095
2012-10-19 18:14:27,41408,1,68.0225446429,-0.564211309524
2012-10-19 18:14:28,41409,1,67.1414434524,-0.881101190476
2012-10-19 18:14:29,41410,1,66.1635416667,-0.977901785714
2012-10-19 18:14:30,41411,1,65.2079613095,-0.955580357143
2012-10-19 18:14:31,41412,1,64.3546130952,-0.853348214286
2012-10-19 18:14:32,41413,1,63.6718005952,-0.6828125
2012-10-19 18:14:33,41414,1,63.1917410714,-0.48005952381
2012-10-19 18:14:34,41415,1,62.9072172619,-0.284523809524
2012-10-19 18:14:35,41416,1,62.7949404762,-0.112276785714
2012-10-19 18:14:36,41417,1,62.8322172619,0.0372767857143
2012-10-19 18:14:37,41418,1,63.0034970238,0.171279761905
2012-10-19 18:14:38,41419,1,63.2986607143,0.295163690476
2012-10-19 18:14:39,41420,1,63.7000744048,0.401413690476
2012-10-19 18:14:40,41421,1,64.1742559524,0.474181547619
2012-10-19 18:14:41,41422,1,64.6819196429,0.507663690476
2012-10-19 18:14:42,41423,1,65.1936011905,0.511681547619
2012-10-19 18:14:43,41424,1,65.7013392857,0.507738095238
2012-10-19 18:14:44,41425,1,66.2115327381,0.510193452381
2012-10-19 18:14:45,41426,1,66.6911458333,0.479613095238
2012-10-19 18:14:46,41427,1,67.0255208333,0.334375
2012-10-19 18:14:47,41428,1,67.0766369048,0.0511160714286
2012-10-19 18:14:48,41429,1,66.7501488095,-0.326488095238
2012-10-19 18:14:49,41430,1,65.9769345238,-0.773214285714
2012-10-19 18:14:50,41431,1,64.7642857143,-1.21264880952
2012-10-19 18:14:51,41432,1,63.3491071429,-1.41517857143
2012-10-19 18:14:52,41433,1,62.178125,-1.17098214286
2012-10-19 18:14:53,41434,1,61.6480654762,-0.530059523809
2012-10-19 18:14:54,41435,1,61.8441964286,0.196130952381
2012-10-19 18:14:55,41436,1,62.4648065476,0.620610119048
2012-10-19 18:14:56,41437,1,63.0217261905,0.556919642857
2012-10-19 18:14:57,41438,1,63.1988839286,0.177157738095
2012-10-19 18:14:58,41439,1,63.012797619,-0.186086309524
2012-10-19 18:14:59,41440,1,62.6703125,-0.342485119048
2012-10-19 18:15:00,41441,1,62.3852678571,-0.285044642857
2012-10-19 18:15:01,41442,1,62.2947172619,-0.0905505952381
2012-10-19 18:15:02,41443,1,62.4133928571,0.118675595238
2012-10-19 18:15:03,41444,1,62.6369791667,0.223586309524
2012-10-19 18:15:04,41445,1,62.8223214286,0.185342261905
2012-10-19 18:15:05,41446,1,62.8658482143,0.0435267857143
2012-10-19 18:15:06,41447,1,62.7219494048,-0.143898809524
2012-10-19 18:15:07,41448,1,62.4021577381,-0.319791666667
2012-10-19 18:15:08,41449,1,61.9901041667,-0.412053571429
2012-10-19 18:15:09,41450,1,61.6272321429,-0.36287202381
2012-10-19 18:15:10,41451,1,61.4383184524,-0.188913690476
2012-10-19 18:15:11,41452,1,61.459375,0.0210565476191
2012-10-19 18:15:12,41453,1,61.6178571429,0.158482142857
2012-10-19 18:15:13,41454,1,61.7674107143,0.149553571429
2012-10-19 18:15:14,41455,1,61.7889880952,0.0215773809524
2012-10-19 18:15:15,41456,1,61.6852678571,-0.103720238095
2012-10-19 18:15:16,41457,1,61.5552083333,-0.130059523809
2012-10-19 18:15:17,41458,1,61.498735119,-0.0564732142857
2012-10-19 18:15:18,41459,1,61.5550595238,0.0563244047619
2012-10-19 18:15:19,41460,1,61.6712053571,0.116145833333
2012-10-19 18:15:20,41461,1,61.7058035714,0.0345982142857
2012-10-19 18:15:21,41462,1,61.5043154762,-0.201488095238
2012-10-19 18:15:22,41463,1,61.0128720238,-0.491443452381
2012-10-19 18:15:23,41464,1,60.3568452381,-0.656026785714
2012-10-19 18:15:24,41465,1,59.8116815476,-0.545163690476
2012-10-19 18:15:25,41466,1,59.6308035714,-0.18087797619
2012-10-19 18:15:26,41467,1,59.8334077381,0.202604166667
2012-10-19 18:15:27,41468,1,60.1669642857,0.333556547619
2012-10-19 18:15:28,41469,1,60.3260416667,0.159077380952
2012-10-19 18:15:29,41470,1,60.2271577381,-0.0988839285714
2012-10-19 18:15:30,41471,1,60.0741815476,-0.152976190476
2012-10-19 18:15:31,41472,1,60.1752232143,0.101041666667
2012-10-19 18:15:32,41473,1,60.702827381,0.527604166667
2012-10-19 18:15:33,41474,1,61.6113839286,0.908556547619
2012-10-19 18:15:34,41475,1,62.7409970238,1.12961309524
2012-10-19 18:15:35,41476,1,63.9458333333,1.20483630952
2012-10-19 18:15:36,41477,1,65.1027529762,1.15691964286
2012-10-19 18:15:37,41478,1,66.0438988095,0.941145833333
2012-10-19 18:15:38,41479,1,66.5772321429,0.533333333333
2012-10-19 18:15:39,41480,1,66.6252232143,0.0479910714285
2012-10-19 18:15:40,41481,1,66.3128720238,-0.312351190476
2012-10-19 18:15:41,41482,1,65.9003720238,-0.4125
2012-10-19 18:15:42,41483,1,65.6389880952,-0.261383928571
2012-10-19 18:15:43,41484,1,65.6636904762,0.0247023809524
2012-10-19 18:15:44,41485,1,65.9764880952,0.312797619048
2012-10-19 18:15:45,41486,1,66.4961309524,0.519642857143
2012-10-19 18:15:46,41487,1,67.1052827381,0.609151785714
2012-10-19 18:15:47,41488,1,67.6732886905,0.568005952381
2012-10-19 18:15:48,41489,1,68.0837797619,0.410491071429
2012-10-19 18:15:49,41490,1,68.2685267857,0.18474702381
2012-10-19 18:15:50,41491,1,68.2136160714,-0.0549107142857
2012-10-19 18:15:51,41492,1,67.9406994048,-0.272916666667
2012-10-19 18:15:52,41493,1,67.5042410714,-0.436458333333
2012-10-19 18:15:53,41494,1,66.9970238095,-0.507217261905
2012-10-19 18:15:54,41495,1,66.5125,-0.484523809524
2012-10-19 18:15:55,41496,1,66.0813244048,-0.431175595238
2012-10-19 18:15:56,41497,1,65.6566220238,-0.424702380952
2012-10-19 18:15:57,41498,1,65.1520833333,-0.504538690476
2012-10-19 18:15:58,41499,1,64.4935267857,-0.658556547619
2012-10-19 18:15:59,41500,1,63.6857886905,-0.807738095238
2012-10-19 18:16:00,41501,1,62.8700892857,-0.815699404762
2012-10-19 18:16:01,41502,1,62.3013392857,-0.56875
2012-10-19 18:16:02,41503,1,62.229985119,-0.0713541666667
2012-10-19 18:16:03,41504,1,62.7625744048,0.532589285714
2012-10-19 18:16:04,41505,1,63.808110119,1.04553571429
2012-10-19 18:16:05,41506,1,65.1498511905,1.34174107143
2012-10-19 18:16:06,41507,1,66.5681547619,1.41830357143
2012-10-19 18:16:07,41508,1,67.9091517857,1.34099702381
2012-10-19 18:16:08,41509,1,69.0729166667,1.16376488095
2012-10-19 18:16:09,41510,1,69.9827380952,0.909821428571
2012-10-19 18:16:10,41511,1,70.5897321429,0.606994047619
2012-10-19 18:16:11,41512,1,70.9023065476,0.312574404762
2012-10-19 18:16:12,41513,1,71.0024553571,0.100148809524
2012-10-19 18:16:13,41514,1,71.0155505952,0.0130952380952
2012-10-19 18:16:14,41515,1,71.040922619,0.0253720238095
2012-10-19 18:16:15,41516,1,71.1026041667,0.0616815476191
2012-10-19 18:16:16,41517,1,71.1519345238,0.0493303571428
2012-10-19 18:16:17,41518,1,71.1021577381,-0.0497767857143
2012-10-19 18:16:18,41519,1,70.8787946429,-0.223363095238
2012-10-19 18:16:19,41520,1,70.4608630952,-0.417931547619
2012-10-19 18:16:20,41521,1,69.880952381,-0.579910714286
2012-10-19 18:16:21,41522,1,69.1998511905,-0.681101190476
2012-10-19 18:16:22,41523,1,68.4870535714,-0.712797619048
2012-10-19 18:16:23,41524,1,67.8064732143,-0.680580357143
2012-10-19 18:16:24,41525,1,67.1999255952,-0.606547619048
2012-10-19 18:16:25,41526,1,66.6678571429,-0.532068452381
2012-10-19 18:16:26,41527,1,66.1601190476,-0.507738095238
2012-10-19 18:16:27,41528,1,65.5983630952,-0.561755952381
2012-10-19 18:16:28,41529,1,64.9296130952,-0.66875
2012-10-19 18:16:29,41530,1,64.1889880952,-0.740625
2012-10-19 18:16:30,41531,1,63.5178571429,-0.671130952381
2012-10-19 18:16:31,41532,1,63.0819196429,-0.4359375
2012-10-19 18:16:32,41533,1,62.9463541667,-0.13556547619
2012-10-19 18:16:33,41534,1,63.034375,0.0880208333333
2012-10-19 18:16:34,41535,1,63.1913690476,0.156994047619
2012-10-19 18:16:35,41536,1,63.2789434524,0.087574404762
2012-10-19 18:16:36,41537,1,63.2348214286,-0.0441220238096
2012-10-19 18:16:37,41538,1,63.0787202381,-0.156101190476
2012-10-19 18:16:38,41539,1,62.8873511905,-0.191369047619
2012-10-19 18:16:39,41540,1,62.764360119,-0.122991071429
2012-10-19 18:16:40,41541,1,62.8009672619,0.0366071428572
2012-10-19 18:16:41,41542,1,63.037202381,0.236235119048
2012-10-19 18:16:42,41543,1,63.4436011905,0.406398809524
2012-10-19 18:16:43,41544,1,63.9161458333,0.472544642857
2012-10-19 18:16:44,41545,1,64.2904017857,0.374255952381
2012-10-19 18:16:45,41546,1,64.3953125,0.104910714286
2012-10-19 18:16:46,41547,1,64.1319196429,-0.263392857143
2012-10-19 18:16:47,41548,1,63.5330357143,-0.598883928571
2012-10-19 18:16:48,41549,1,62.7599702381,-0.773065476191
2012-10-19 18:16:49,41550,1,62.0287202381,-0.73125
2012-10-19 18:16:50,41551,1,61.5116071429,-0.517113095238
2012-10-19 18:16:51,41552,1,61.2696428571,-0.241964285714
2012-10-19 18:16:52,41553,1,61.228125,-0.0415178571428
2012-10-19 18:16:53,41554,1,61.1786458333,-0.0494791666667
2012-10-19 18:16:54,41555,1,60.8425595238,-0.336086309524
2012-10-19 18:16:55,41556,1,60.0401041667,-0.802455357143
2012-10-19 18:16:56,41557,1,58.8569196429,-1.18318452381
2012-10-19 18:16:57,41558,1,57.6354166667,-1.22150297619
2012-10-19 18:16:58,41559,1,56.7798363095,-0.855580357143
2012-10-19 18:16:59,41560,1,56.5095238095,-0.2703125
2012-10-19 18:17:00,41561,1,56.7232886905,0.213764880952
2012-10-19 18:17:01,41562,1,57.0853422619,0.362053571429
2012-10-19 18:17:02,41563,1,57.2854166667,0.200074404762
2012-10-19 18:17:03,41564,1,57.2650297619,-0.0203869047619
2012-10-19 18:17:04,41565,1,57.2280505952,-0.0369791666667
2012-10-19 18:17:05,41566,1,57.4574404762,0.229389880952
2012-10-19 18:17:06,41567,1,58.1061011905,0.648660714286
2012-10-19 18:17:07,41568,1,59.1130952381,1.00699404762
2012-10-19 18:17:08,41569,1,60.2977678571,1.18467261905
2012-10-19 18:17:09,41570,1,61.5193452381,1.22157738095
2012-10-19 18:17:10,41571,1,62.7069196429,1.18757440476
2012-10-19 18:17:11,41572,1,63.7524553571,1.04553571429
2012-10-19 18:17:12,41573,1,64.4630208333,0.710565476191
2012-10-19 18:17:13,41574,1,64.6629464286,0.199925595238
2012-10-19 18:17:14,41575,1,64.3201636905,-0.342782738095
2012-10-19 18:17:15,41576,1,63.5735119048,-0.746651785714
2012-10-19 18:17:16,41577,1,62.6640625,-0.909449404762
2012-10-19 18:17:17,41578,1,61.8340029762,-0.83005952381
2012-10-19 18:17:18,41579,1,61.2710565476,-0.562946428572
2012-10-19 18:17:19,41580,1,61.1090029762,-0.162053571428
2012-10-19 18:17:20,41581,1,61.4054315476,0.296428571429
2012-10-19 18:17:21,41582,1,62.0980654762,0.692633928571
2012-10-19 18:17:22,41583,1,63.0368303571,0.938764880952
2012-10-19 18:17:23,41584,1,64.0845238095,1.04769345238
2012-10-19 18:17:24,41585,1,65.1672619048,1.08273809524
2012-10-19 18:17:25,41586,1,66.23125,1.06398809524
2012-10-19 18:17:26,41587,1,67.18125,0.95
2012-10-19 18:17:27,41588,1,67.8720982143,0.690848214286
2012-10-19 18:17:28,41589,1,68.1626488095,0.290550595238
2012-10-19 18:17:29,41590,1,67.9945684524,-0.168080357143
2012-10-19 18:17:30,41591,1,67.4261160714,-0.568452380952
2012-10-19 18:17:31,41592,1,66.5979166667,-0.828199404762
2012-10-19 18:17:32,41593,1,65.6813988095,-0.916517857143
2012-10-19 18:17:33,41594,1,64.8373511905,-0.844047619048
2012-10-19 18:17:34,41595,1,64.1792410714,-0.658110119048
2012-10-19 18:17:35,41596,1,63.7548363095,-0.424404761905
2012-10-19 18:17:36,41597,1,63.5476934524,-0.207142857143
2012-10-19 18:17:37,41598,1,63.4919642857,-0.0557291666667
2012-10-19 18:17:38,41599,1,63.513764881,0.0218005952381
2012-10-19 18:17:39,41600,1,63.5777529762,0.0639880952381
2012-10-19 18:17:40,41601,1,63.6895833333,0.111830357143
2012-10-19 18:17:41,41602,1,63.8616071429,0.172023809524
2012-10-19 18:17:42,41603,1,64.0835565476,0.221949404762
2012-10-19 18:17:43,41604,1,64.3095238095,0.225967261905
2012-10-19 18:17:44,41605,1,64.46875,0.159226190476
2012-10-19 18:17:45,41606,1,64.5145833333,0.0458333333333
2012-10-19 18:17:46,41607,1,64.4754464286,-0.0391369047619
2012-10-19 18:17:47,41608,1,64.4425595238,-0.0328869047619
2012-10-19 18:17:48,41609,1,64.4988839286,0.0563244047619
2012-10-19 18:17:49,41610,1,64.6561755952,0.157291666667
2012-10-19 18:17:50,41611,1,64.8420386905,0.185863095238
2012-10-19 18:17:51,41612,1,64.9415922619,0.0995535714286
2012-10-19 18:17:52,41613,1,64.8738095238,-0.0677827380953
2012-10-19 18:17:53,41614,1,64.6446428571,-0.229166666667
2012-10-19 18:17:54,41615,1,64.3284970238,-0.316145833333
2012-10-19 18:17:55,41616,1,64.0027529762,-0.325744047619
2012-10-19 18:17:56,41617,1,63.6924107143,-0.310342261905
2012-10-19 18:17:57,41618,1,63.3513392857,-0.341071428571
2012-10-19 18:17:58,41619,1,62.8959821429,-0.455357142857
2012-10-19 18:17:59,41620,1,62.2880208333,-0.607961309524
2012-10-19 18:18:00,41621,1,61.5941964286,-0.693824404762
2012-10-19 18:18:01,41622,1,60.9572172619,-0.636979166667
2012-10-19 18:18:02,41623,1,60.5147321429,-0.442485119048
2012-10-19 18:18:03,41624,1,60.340327381,-0.174404761905
2012-10-19 18:18:04,41625,1,60.4220982143,0.0817708333333
2012-10-19 18:18:05,41626,1,60.6601934524,0.238095238095
2012-10-19 18:18:06,41627,1,60.8898065476,0.229613095238
2012-10-19 18:18:07,41628,1,60.9590029762,0.0691964285715
2012-10-19 18:18:08,41629,1,60.8548363095,-0.104166666667
2012-10-19 18:18:09,41630,1,60.7761904762,-0.0786458333333
2012-10-19 18:18:10,41631,1,61.0287202381,0.252529761905
2012-10-19 18:18:11,41632,1,61.7957589286,0.767038690476
2012-10-19 18:18:12,41633,1,62.9988095238,1.20305059524
2012-10-19 18:18:13,41634,1,64.3509672619,1.3521577381
2012-10-19 18:18:14,41635,1,65.5337797619,1.1828125
2012-10-19 18:18:15,41636,1,66.3662946429,0.832514880952
2012-10-19 18:18:16,41637,1,66.8402529762,0.473958333333
2012-10-19 18:18:17,41638,1,67.0372767857,0.197023809524
2012-10-19 18:18:18,41639,1,67.0624255952,0.0251488095238
2012-10-19 18:18:19,41640,1,67.0232886905,-0.0391369047619
2012-10-19 18:18:20,41641,1,67.0080357143,-0.0152529761905
2012-10-19 18:18:21,41642,1,67.0750744048,0.0670386904762
2012-10-19 18:18:22,41643,1,67.259375,0.184300595238
2012-10-19 18:18:23,41644,1,67.5569940476,0.297619047619
2012-10-19 18:18:24,41645,1,67.8850446429,0.328050595238
2012-10-19 18:18:25,41646,1,68.0830357143,0.197991071429
2012-10-19 18:18:26,41647,1,68.0066964286,-0.0763392857143
2012-10-19 18:18:27,41648,1,67.6412202381,-0.365476190476
2012-10-19 18:18:28,41649,1,67.1160714286,-0.525148809524
2012-10-19 18:18:29,41650,1,66.616889881,-0.499181547619
2012-10-19 18:18:30,41651,1,66.2726190476,-0.344270833333
2012-10-19 18:18:31,41652,1,66.0979910714,-0.174627976191
2012-10-19 18:18:32,41653,1,66.0338541667,-0.0641369047619
2012-10-19 18:18:33,41654,1,66.0233630952,-0.0104910714286
2012-10-19 18:18:34,41655,1,66.0369791667,0.0136160714286
2012-10-19 18:18:35,41656,1,66.0644345238,0.0274553571428
2012-10-19 18:18:36,41657,1,66.1142857143,0.0498511904762
2012-10-19 18:18:37,41658,1,66.2055059524,0.0912202380952
2012-10-19 18:18:38,41659,1,66.3449404762,0.13943452381
2012-10-19 18:18:39,41660,1,66.515625,0.170684523809
2012-10-19 18:18:40,41661,1,66.694047619,0.178422619048
2012-10-19 18:18:41,41662,1,66.8755208333,0.181473214286
2012-10-19 18:18:42,41663,1,67.0680059524,0.192485119048
2012-10-19 18:18:43,41664,1,67.2605654762,0.192559523809
2012-10-19 18:18:44,41665,1,67.4021577381,0.141592261905
2012-10-19 18:18:45,41666,1,67.4134672619,0.0113095238096
2012-10-19 18:18:46,41667,1,67.2389136905,-0.174553571429
2012-10-19 18:18:47,41668,1,66.889360119,-0.349553571429
2012-10-19 18:18:48,41669,1,66.4180803571,-0.471279761905
2012-10-19 18:18:49,41670,1,65.8714285714,-0.546651785714
2012-10-19 18:18:50,41671,1,65.2712797619,-0.600148809524
2012-10-19 18:18:51,41672,1,64.6211309524,-0.650148809524
2012-10-19 18:18:52,41673,1,63.926264881,-0.694866071428
2012-10-19 18:18:53,41674,1,63.2095982143,-0.716666666667
2012-10-19 18:18:54,41675,1,62.4974702381,-0.712127976191
2012-10-19 18:18:55,41676,1,61.8042410714,-0.693229166667
2012-10-19 18:18:56,41677,1,61.1373511905,-0.666889880952
2012-10-19 18:18:57,41678,1,60.4942708333,-0.643080357143
2012-10-19 18:18:58,41679,1,59.8477678571,-0.646502976191
2012-10-19 18:18:59,41680,1,59.1345238095,-0.713244047619
2012-10-19 18:19:00,41681,1,58.2523065476,-0.882217261905
2012-10-19 18:19:01,41682,1,57.0994047619,-1.15290178571
2012-10-19 18:19:02,41683,1,55.6594494048,-1.43995535714
2012-10-19 18:19:03,41684,1,54.0493303571,-1.61011904762
2012-10-19 18:19:04,41685,1,52.473139881,-1.57619047619
2012-10-19 18:19:05,41686,1,51.1142113095,-1.35892857143
2012-10-19 18:19:06,41687,1,50.0408482143,-1.07336309524
2012-10-19 18:19:07,41688,1,49.2002232143,-0.840625
2012-10-19 18:19:08,41689,1,48.4756696429,-0.724553571429
2012-10-19 18:19:09,41690,1,47.6959077381,-0.779761904762
2012-10-19 18:19:10,41691,1,46.6051339286,-1.09077380952
2012-10-19 18:19:11,41692,1,44.9145833333,-1.69055059524
2012-10-19 18:19:12,41693,1,42.4380952381,-2.47648809524
2012-10-19 18:19:13,41694,1,39.2005952381,-3.2375
2012-10-19 18:19:14,41695,1,35.4497767857,-3.75081845238
2012-10-19 18:19:15,41696,1,31.5547619048,-3.89501488095
2012-10-19 18:19:16,41697,1,27.8335565476,-3.72120535714
2012-10-19 18:19:17,41698,1,24.4427083333,-3.39084821429
2012-10-19 18:19:18,41699,1,21.4204613095,-3.02224702381
2012-10-19 18:19:19,41700,1,18.8172619048,-2.60319940476
2012-10-19 18:19:20,41701,1,16.8056547619,-2.01160714286
2012-10-19 18:19:21,41702,1,15.6892113095,-1.11644345238
2012-10-19 18:19:22,41703,1,15.7525297619,0.063318452381
2012-10-19 18:19:23,41704,1,17.0566220238,1.3040922619
2012-10-19 18:19:24,41705,1,19.3835565476,2.32693452381
2012-10-19 18:19:25,41706,1,22.3234375,2.93988095238
2012-10-19 18:19:26,41707,1,25.3799107143,3.05647321429
2012-10-19 18:19:27,41708,1,28.1063244048,2.72641369048
2012-10-19 18:19:28,41709,1,30.2370535714,2.13072916667
2012-10-19 18:19:29,41710,1,31.6869047619,1.44985119048
2012-10-19 18:19:30,41711,1,32.4602678571,0.773363095238
2012-10-19 18:19:31,41712,1,32.5884672619,0.128199404762
2012-10-19 18:19:32,41713,1,32.1399553571,-0.448511904762
2012-10-19 18:19:33,41714,1,31.3177827381,-0.822172619048
2012-10-19 18:19:34,41715,1,30.5038690476,-0.813913690476
2012-10-19 18:19:35,41716,1,30.0697916667,-0.434077380952
2012-10-19 18:19:36,41717,1,30.1132440476,0.0434523809523
2012-10-19 18:19:37,41718,1,30.4376488095,0.324404761905
2012-10-19 18:19:38,41719,1,30.7883184524,0.350669642857
2012-10-19 18:19:39,41720,1,31.0834821429,0.295163690476
2012-10-19 18:19:40,41721,1,31.4273809524,0.343898809524
2012-10-19 18:19:41,41722,1,31.934077381,0.506696428571
2012-10-19 18:19:42,41723,1,32.5712797619,0.637202380952
2012-10-19 18:19:43,41724,1,33.1593005952,0.588020833333
2012-10-19 18:19:44,41725,1,33.4601934524,0.300892857143
2012-10-19 18:19:45,41726,1,33.2435267857,-0.216666666667
2012-10-19 18:19:46,41727,1,32.3072916667,-0.936235119048
2012-10-19 18:19:47,41728,1,30.5046875,-1.80260416667
2012-10-19 18:19:48,41729,1,27.8166666667,-2.68802083333
2012-10-19 18:19:49,41730,1,24.3945684524,-3.42209821429
2012-10-19 18:19:50,41731,1,20.4677827381,-3.92678571429
2012-10-19 18:19:51,41732,1,16.2523809524,-4.21540178571
2012-10-19 18:19:52,41733,1,12.05,-4.20238095238
2012-10-19 18:19:53,41734,1,8.34680059524,-3.70319940476
2012-10-19 18:19:54,41735,1,5.65438988095,-2.69241071429
2012-10-19 18:19:55,41736,1,4.22671130952,-1.42767857143
2012-10-19 18:19:56,41737,1,3.94538690476,-0.281324404762
2012-10-19 18:19:57,41738,1,4.51711309524,0.571726190476
2012-10-19 18:19:58,41739,1,5.7796875,1.26257440476
2012-10-19 18:19:59,41740,1,7.69226190476,1.91257440476
2012-10-19 18:20:00,41741,1,10.0845238095,2.39226190476
2012-10-19 18:20:01,41742,1,12.6431547619,2.55863095238
2012-10-19 18:20:02,41743,1,15.1444196429,2.50126488095
2012-10-19 18:20:03,41744,1,17.5833333333,2.43891369048
2012-10-19 18:20:04,41745,1,20.0530505952,2.4697172619
2012-10-19 18:20:05,41746,1,22.513764881,2.46071428571
2012-10-19 18:20:06,41747,1,24.7627232143,2.24895833333
2012-10-19 18:20:07,41748,1,26.6626488095,1.89992559524
2012-10-19 18:20:08,41749,1,28.273735119,1.61108630952
2012-10-19 18:20:09,41750,1,29.7261160714,1.45238095238
2012-10-19 18:20:10,41751,1,31.0832589286,1.35714285714
2012-10-19 18:20:11,41752,1,32.3545386905,1.2712797619
2012-10-19 18:20:12,41753,1,33.537797619,1.18325892857
2012-10-19 18:20:13,41754,1,34.604389881,1.0665922619
2012-10-19 18:20:14,41755,1,35.4822172619,0.877827380952
2012-10-19 18:20:15,41756,1,36.0732142857,0.590997023809
2012-10-19 18:20:16,41757,1,36.2825892857,0.209375
2012-10-19 18:20:17,41758,1,36.040922619,-0.241666666667
2012-10-19 18:20:18,41759,1,35.3204613095,-0.720461309524
2012-10-19 18:20:19,41760,1,34.1563988095,-1.1640625
2012-10-19 18:20:20,41761,1,32.6376488095,-1.51875
2012-10-19 18:20:21,41762,1,30.8228422619,-1.81480654762
2012-10-19 18:20:22,41763,1,28.679389881,-2.14345238095
2012-10-19 18:20:23,41764,1,26.1851934524,-2.49419642857
2012-10-19 18:20:24,41765,1,23.497172619,-2.68802083333
2012-10-19 18:20:25,41766,1,20.9604166667,-2.53675595238
2012-10-19 18:20:26,41767,1,18.9578125,-2.00260416667
2012-10-19 18:20:27,41768,1,17.7754464286,-1.18236607143
2012-10-19 18:20:28,41769,1,17.5222470238,-0.253199404762
2012-10-19 18:20:29,41770,1,18.0539434524,0.531696428572
2012-10-19 18:20:30,41771,1,18.9620535714,0.908110119048
2012-10-19 18:20:31,41772,1,19.7111607143,0.749107142857
2012-10-19 18:20:32,41773,1,19.9306547619,0.219494047619
2012-10-19 18:20:33,41774,1,19.7235863095,-0.207068452381
2012-10-19 18:20:34,41775,1,19.6289434524,-0.0946428571428
2012-10-19 18:20:35,41776,1,20.1126488095,0.483705357143
2012-10-19 18:20:36,41777,1,21.1058035714,0.993154761905
2012-10-19 18:20:37,41778,1,22.0619791667,0.956175595238
2012-10-19 18:20:38,41779,1,22.3845982143,0.322619047619
2012-10-19 18:20:39,41780,1,21.8551339286,-0.529464285714
2012-10-19 18:20:40,41781,1,20.7930059524,-1.06212797619
2012-10-19 18:20:41,41782,1,19.8622767857,-0.930729166667
2012-10-19 18:20:42,41783,1,19.7197916667,-0.142485119048
2012-10-19 18:20:43,41784,1,20.7464285714,1.02663690476
2012-10-19 18:20:44,41785,1,22.9358630952,2.18943452381
2012-10-19 18:20:45,41786,1,25.9256696429,2.98980654762
2012-10-19 18:20:46,41787,1,29.1537946429,3.228125
2012-10-19 18:20:47,41788,1,32.1128720238,2.95907738095
2012-10-19 18:20:48,41789,1,34.559077381,2.44620535714
2012-10-19 18:20:49,41790,1,36.4970238095,1.93794642857
2012-10-19 18:20:50,41791,1,37.9922619048,1.49523809524
2012-10-19 18:20:51,41792,1,39.0224702381,1.03020833333
2012-10-19 18:20:52,41793,1,39.5141369048,0.491666666667
2012-10-19 18:20:53,41794,1,39.5585565476,0.0444196428571
2012-10-19 18:20:54,41795,1,39.5348214286,-0.0237351190476
2012-10-19 18:20:55,41796,1,39.8693452381,0.334523809524
2012-10-19 18:20:56,41797,1,40.6546130952,0.785267857143
2012-10-19 18:20:57,41798,1,41.5688244048,0.914211309524
2012-10-19 18:20:58,41799,1,42.15625,0.587425595238
2012-10-19 18:20:59,41800,1,42.1821428571,0.0258928571429
2012-10-19 18:21:00,41801,1,41.7693452381,-0.412797619048
2012-10-19 18:21:01,41802,1,41.2395833333,-0.529761904762
2012-10-19 18:21:02,41803,1,40.8504464286,-0.389136904762
2012-10-19 18:21:03,41804,1,40.6505208333,-0.199925595238
2012-10-19 18:21:04,41805,1,40.4881696429,-0.162351190476
2012-10-19 18:21:05,41806,1,40.1186011905,-0.369568452381
2012-10-19 18:21:06,41807,1,39.3900297619,-0.728571428571
2012-10-19 18:21:07,41808,1,38.4287202381,-0.96130952381
2012-10-19 18:21:08,41809,1,37.6206845238,-0.808035714286
2012-10-19 18:21:09,41810,1,37.3404017857,-0.280282738095
2012-10-19 18:21:10,41811,1,37.6900297619,0.349627976191
2012-10-19 18:21:11,41812,1,38.4796130952,0.789583333333
2012-10-19 18:21:12,41813,1,39.4089285714,0.929315476191
2012-10-19 18:21:13,41814,1,40.2805803571,0.871651785714
2012-10-19 18:21:14,41815,1,41.063764881,0.783184523809
2012-10-19 18:21:15,41816,1,41.7780505952,0.714285714286
2012-10-19 18:21:16,41817,1,42.3854166667,0.607366071429
2012-10-19 18:21:17,41818,1,42.815327381,0.429910714286
2012-10-19 18:21:18,41819,1,43.0378720238,0.222544642857
2012-10-19 18:21:19,41820,1,43.0875744048,0.0497023809524
2012-10-19 18:21:20,41821,1,43.0382440476,-0.0493303571429
2012-10-19 18:21:21,41822,1,42.9691220238,-0.0691220238095
2012-10-19 18:21:22,41823,1,42.9476934524,-0.0214285714286
2012-10-19 18:21:23,41824,1,43.0242559524,0.0765625
2012-10-19 18:21:24,41825,1,43.2243303571,0.200074404762
2012-10-19 18:21:25,41826,1,43.5369047619,0.312574404762
2012-10-19 18:21:26,41827,1,43.9101934524,0.373288690476
2012-10-19 18:21:27,41828,1,44.2686011905,0.358407738095
2012-10-19 18:21:28,41829,1,44.5367559524,0.268154761905
2012-10-19 18:21:29,41830,1,44.6485119048,0.111755952381
2012-10-19 18:21:30,41831,1,44.5623511905,-0.0861607142857
2012-10-19 18:21:31,41832,1,44.2982142857,-0.264136904762
2012-10-19 18:21:32,41833,1,43.9503720238,-0.347842261905
2012-10-19 18:21:33,41834,1,43.6410714286,-0.309300595238
2012-10-19 18:21:34,41835,1,43.4348958333,-0.206175595238
2012-10-19 18:21:35,41836,1,43.262797619,-0.172098214286
2012-10-19 18:21:36,41837,1,42.9286458333,-0.334151785714
2012-10-19 18:21:37,41838,1,42.2366815476,-0.691964285714
2012-10-19 18:21:38,41839,1,41.1560267857,-1.0806547619
2012-10-19 18:21:39,41840,1,39.8807291667,-1.27529761905
2012-10-19 18:21:40,41841,1,38.7317708333,-1.14895833333
2012-10-19 18:21:41,41842,1,37.9575892857,-0.774181547619
2012-10-19 18:21:42,41843,1,37.5478422619,-0.40974702381
2012-10-19 18:21:43,41844,1,37.1952380952,-0.352604166667
2012-10-19 18:21:44,41845,1,36.4517857143,-0.743452380952
2012-10-19 18:21:45,41846,1,34.9420386905,-1.50974702381
2012-10-19 18:21:46,41847,1,32.4538690476,-2.48816964286
2012-10-19 18:21:47,41848,1,28.9028025794,-3.55106646825
2012-10-19 18:21:48,41849,1,24.3109623016,-4.59184027778
2012-10-19 18:21:49,41850,1,18.9073660714,-5.40359623016
2012-10-19 18:21:50,41851,1,13.2686755952,-5.63869047619
2012-10-19 18:21:51,41852,1,8.24427083333,-5.0244047619
2012-10-19 18:21:52,41853,1,4.60751488095,-3.63675595238
2012-10-19 18:21:53,41854,1,2.71954365079,-1.88797123016
2012-10-19 18:21:54,41855,1,2.42487599206,-0.29466765873
2012-10-19 18:21:55,41856,1,3.21316964286,0.788293650794
2012-10-19 18:21:56,41857,1,4.528125,1.31495535714
2012-10-19 18:21:57,41858,1,5.88325892857,1.35513392857
2012-10-19 18:21:58,41859,1,6.79486607143,0.911607142857
2012-10-19 18:21:59,41860,1,6.9720734127,0.17720734127
2012-10-19 18:22:00,41861,1,6.66036706349,-0.311706349206
2012-10-19 18:22:01,41862,1,6.59791666667,-0.0624503968254
2012-10-19 18:22:02,41863,1,7.51421130952,0.916294642857
2012-10-19 18:22:03,41864,1,9.53757440476,2.02336309524
2012-10-19 18:22:04,41865,1,11.9965029762,2.45892857143
2012-10-19 18:22:05,41866,1,13.8864583333,1.88995535714
2012-10-19 18:22:06,41867,1,14.5930803571,0.70662202381
2012-10-19 18:22:07,41868,1,14.1923363095,-0.400744047619
2012-10-19 18:22:08,41869,1,13.1944940476,-0.997842261905
2012-10-19 18:22:09,41870,1,12.1088541667,-1.08563988095
2012-10-19 18:22:10,41871,1,11.1970238095,-0.911830357143
2012-10-19 18:22:11,41872,1,10.487202381,-0.709821428571
2012-10-19 18:22:12,41873,1,9.89657738095,-0.590625
2012-10-19 18:22:13,41874,1,9.33526785714,-0.56130952381
2012-10-19 18:22:14,41875,1,8.76145833333,-0.57380952381
2012-10-19 18:22:15,41876,1,8.19419642857,-0.567261904762
2012-10-19 18:22:16,41877,1,7.73244047619,-0.461755952381
2012-10-19 18:22:17,41878,1,7.56852678571,-0.163913690476
2012-10-19 18:22:18,41879,1,7.87462797619,0.306101190476
2012-10-19 18:22:19,41880,1,8.57671130952,0.702083333333
2012-10-19 18:22:20,41881,1,9.25186011905,0.675148809524
2012-10-19 18:22:21,41882,1,9.31882440476,0.0669642857143
2012-10-19 18:22:22,41883,1,8.4302827381,-0.888541666667
2012-10-19 18:22:23,41884,1,6.79211309524,-1.63816964286
2012-10-19 18:22:24,41885,1,5.14211309524,-1.65
2012-10-19 18:22:25,41886,1,4.33206845238,-0.810044642857
2012-10-19 18:22:26,41887,1,4.78058035714,0.448511904762
2012-10-19 18:22:27,41888,1,6.21398809524,1.4334077381
2012-10-19 18:22:28,41889,1,7.87477678571,1.66078869048
2012-10-19 18:22:29,41890,1,9.01413690476,1.13936011905
2012-10-19 18:22:30,41891,1,9.31428571429,0.300148809524
2012-10-19 18:22:31,41892,1,8.94546130952,-0.368824404762
2012-10-19 18:22:32,41893,1,8.26272321429,-0.682738095238
2012-10-19 18:22:33,41894,1,7.44241071429,-0.8203125
2012-10-19 18:22:34,41895,1,6.35751488095,-1.08489583333
2012-10-19 18:22:35,41896,1,4.80959821429,-1.54791666667
2012-10-19 18:22:36,41897,1,2.96101190476,-1.84858630952
2012-10-19 18:22:37,41898,1,0.0,-2.96101190476
2012-10-19 20:25:04,49245,7347,0.0,0.0
2012-10-19 20:25:05,49246,1,1.29285714286,1.29285714286
2012-10-19 20:25:06,49247,1,1.89441964286,0.6015625
2012-10-19 20:25:07,49248,1,2.19144345238,0.297023809524
2012-10-19 20:25:08,49249,1,2.13660714286,-0.0548363095238
2012-10-19 20:25:09,49250,1,2.15255456349,0.0159474206349
2012-10-19 20:25:10,49251,1,2.85347222222,0.70091765873
2012-10-19 20:25:11,49252,1,4.61800595238,1.76453373016
2012-10-19 20:25:12,49253,1,7.21889880952,2.60089285714
2012-10-19 20:25:13,49254,1,9.80260416667,2.58370535714
2012-10-19 20:25:14,49255,1,11.3621279762,1.55952380952
2012-10-19 20:25:15,49256,1,11.4506944444,0.0885664682539
2012-10-19 20:25:16,49257,1,10.5260168651,-0.924677579365
2012-10-19 20:25:17,49258,1,9.61287202381,-0.91314484127
2012-10-19 20:25:18,49259,1,9.63177083333,0.0188988095238
2012-10-19 20:25:19,49260,1,10.8892113095,1.25744047619
2012-10-19 20:25:20,49261,1,12.940327381,2.05111607143
2012-10-19 20:25:21,49262,1,14.813764881,1.8734375
2012-10-19 20:25:22,49263,1,15.485639881,0.671875
2012-10-19 20:25:23,49264,1,14.4254464286,-1.06019345238
2012-10-19 20:25:24,49265,1,11.9558035714,-2.46964285714
2012-10-19 20:25:25,49266,1,9.1537202381,-2.80208333333
2012-10-19 20:25:26,49267,1,7.32328869048,-1.83043154762
2012-10-19 20:25:27,49268,1,7.44895833333,0.125669642857
2012-10-19 20:25:28,49269,1,9.8990327381,2.45007440476
2012-10-19 20:25:29,49270,1,14.3340029762,4.4349702381
2012-10-19 20:25:30,49271,1,19.8459821429,5.51197916667
2012-10-19 20:25:31,49272,1,25.2997767857,5.45379464286
2012-10-19 20:25:32,49273,1,29.6686755952,4.36889880952
2012-10-19 20:25:33,49274,1,32.3389880952,2.6703125
2012-10-19 20:25:34,49275,1,33.3170386905,0.978050595238
2012-10-19 20:25:35,49276,1,33.1107886905,-0.20625
2012-10-19 20:25:36,49277,1,32.4142113095,-0.696577380952
2012-10-19 20:25:37,49278,1,31.8427827381,-0.571428571429
2012-10-19 20:25:38,49279,1,31.6914434524,-0.151339285714
2012-10-19 20:25:39,49280,1,31.8476190476,0.156175595238
2012-10-19 20:25:40,49281,1,32.0668154762,0.219196428572
2012-10-19 20:25:41,49282,1,32.3020089286,0.235193452381
2012-10-19 20:25:42,49283,1,32.6912202381,0.389211309524
2012-10-19 20:25:43,49284,1,33.3269345238,0.635714285714
2012-10-19 20:25:44,49285,1,34.0819940476,0.755059523809
2012-10-19 20:25:45,49286,1,34.6432291667,0.561235119048
2012-10-19 20:25:46,49287,1,34.7889880952,0.145758928571
2012-10-19 20:25:47,49288,1,34.598139881,-0.190848214286
2012-10-19 20:25:48,49289,1,34.2960565476,-0.302083333333
2012-10-19 20:25:49,49290,1,33.9836309524,-0.312425595238
2012-10-19 20:25:50,49291,1,33.6229166667,-0.360714285714
2012-10-19 20:25:51,49292,1,33.2555803571,-0.367336309524
2012-10-19 20:25:52,49293,1,33.1023065476,-0.153273809524
2012-10-19 20:25:53,49294,1,33.359375,0.257068452381
2012-10-19 20:25:54,49295,1,33.974702381,0.615327380952
2012-10-19 20:25:55,49296,1,34.6793154762,0.704613095238
2012-10-19 20:25:56,49297,1,35.2035714286,0.524255952381
2012-10-19 20:25:57,49298,1,35.4834821429,0.279910714286
2012-10-19 20:25:58,49299,1,35.6595238095,0.176041666667
2012-10-19 20:25:59,49300,1,35.8709077381,0.211383928571
2012-10-19 20:26:00,49301,1,36.1217261905,0.250818452381
2012-10-19 20:26:01,49302,1,36.3253720238,0.203645833333
2012-10-19 20:26:02,49303,1,36.3655505952,0.0401785714286
2012-10-19 20:26:03,49304,1,36.1113839286,-0.254166666667
2012-10-19 20:26:04,49305,1,35.4573660714,-0.654017857143
2012-10-19 20:26:05,49306,1,34.3916666667,-1.06569940476
2012-10-19 20:26:06,49307,1,33.0208333333,-1.37083333333
2012-10-19 20:26:07,49308,1,31.5207589286,-1.50007440476
2012-10-19 20:26:08,49309,1,30.0738095238,-1.44694940476
2012-10-19 20:26:09,49310,1,28.8619791667,-1.21183035714
2012-10-19 20:26:10,49311,1,28.0792410714,-0.782738095238
2012-10-19 20:26:11,49312,1,27.8726190476,-0.20662202381
2012-10-19 20:26:12,49313,1,28.2498511905,0.377232142857
2012-10-19 20:26:13,49314,1,29.0758184524,0.825967261905
2012-10-19 20:26:14,49315,1,30.1652529762,1.08943452381
2012-10-19 20:26:15,49316,1,31.3719494048,1.20669642857
2012-10-19 20:26:16,49317,1,32.5985119048,1.2265625
2012-10-19 20:26:17,49318,1,33.7513392857,1.15282738095
2012-10-19 20:26:18,49319,1,34.7421875,0.990848214286
2012-10-19 20:26:19,49320,1,35.5603422619,0.818154761905
2012-10-19 20:26:20,49321,1,36.299702381,0.739360119048
2012-10-19 20:26:21,49322,1,37.0665922619,0.766889880952
2012-10-19 20:26:22,49323,1,37.875,0.808407738095
2012-10-19 20:26:23,49324,1,38.6620535714,0.787053571429
2012-10-19 20:26:24,49325,1,39.3806547619,0.718601190476
2012-10-19 20:26:25,49326,1,40.037202381,0.656547619048
2012-10-19 20:26:26,49327,1,40.6500744048,0.61287202381
2012-10-19 20:26:27,49328,1,41.2069940476,0.556919642857
2012-10-19 20:26:28,49329,1,41.6699404762,0.462946428571
2012-10-19 20:26:29,49330,1,41.9936755952,0.323735119048
2012-10-19 20:26:30,49331,1,42.1223958333,0.128720238095
2012-10-19 20:26:31,49332,1,41.9890625,-0.133333333333
2012-10-19 20:26:32,49333,1,41.5421875,-0.446875
2012-10-19 20:26:33,49334,1,40.7932291667,-0.748958333333
2012-10-19 20:26:34,49335,1,39.8515625,-0.941666666667
2012-10-19 20:26:35,49336,1,38.8861607143,-0.965401785714
2012-10-19 20:26:36,49337,1,38.0204613095,-0.865699404762
2012-10-19 20:26:37,49338,1,37.2679315476,-0.752529761905
2012-10-19 20:26:38,49339,1,36.5720238095,-0.695907738095
2012-10-19 20:26:39,49340,1,35.8852678571,-0.686755952381
2012-10-19 20:26:40,49341,1,35.1541666667,-0.731101190476
2012-10-19 20:26:41,49342,1,34.170610119,-0.983556547619
2012-10-19 20:26:42,49343,1,32.4734375,-1.69717261905
2012-10-19 20:26:43,49344,1,29.5000744048,-2.97336309524
2012-10-19 20:26:44,49345,1,24.94375,-4.55632440476
2012-10-19 20:26:45,49346,1,19.1537946429,-5.78995535714
2012-10-19 20:26:46,49347,1,13.3122767857,-5.84151785714
2012-10-19 20:26:47,49348,1,8.9890625,-4.32321428571
2012-10-19 20:27:02,49363,15,7.2119047619,-0.11847718254
2012-10-19 20:27:03,49364,1,7.87886904762,0.666964285714
2012-10-19 20:27:04,49365,1,9.96986607143,2.09099702381
2012-10-19 20:27:05,49366,1,12.2873511905,2.31748511905
2012-10-19 20:27:06,49367,1,14.2186011905,1.93125
2012-10-19 20:27:07,49368,1,15.9316220238,1.71302083333
2012-10-19 20:27:08,49369,1,17.8584821429,1.92686011905
2012-10-19 20:27:09,49370,1,20.1369791667,2.27849702381
2012-10-19 20:27:10,49371,1,22.583110119,2.44613095238
2012-10-19 20:27:11,49372,1,24.991889881,2.4087797619
2012-10-19 20:27:12,49373,1,27.3290922619,2.33720238095
2012-10-19 20:27:13,49374,1,29.6571428571,2.32805059524
2012-10-19 20:27:14,49375,1,31.9120535714,2.25491071429
2012-10-19 20:27:15,49376,1,33.8094494048,1.89739583333
2012-10-19 20:27:16,49377,1,35.0508928571,1.24144345238
2012-10-19 20:27:17,49378,1,35.6102678571,0.559375
2012-10-19 20:27:18,49379,1,35.7406994048,0.130431547619
2012-10-19 20:27:19,49380,1,35.712202381,-0.0284970238095
2012-10-19 20:27:20,49381,1,35.6226934524,-0.0895089285714
2012-10-19 20:27:21,49382,1,35.4683035714,-0.154389880952
2012-10-19 20:27:22,49383,1,35.291889881,-0.176413690476
2012-10-19 20:27:23,49384,1,35.1795386905,-0.112351190476
2012-10-19 20:27:24,49385,1,35.1373511905,-0.0421875
2012-10-19 20:27:25,49386,1,35.0202380952,-0.117113095238
2012-10-19 20:27:26,49387,1,34.5993303571,-0.420907738095
2012-10-19 20:27:27,49388,1,33.7101934524,-0.889136904762
2012-10-19 20:27:28,49389,1,32.3251488095,-1.38504464286
2012-10-19 20:27:29,49390,1,30.4863839286,-1.83876488095
2012-10-19 20:27:30,49391,1,28.225297619,-2.26108630952
2012-10-19 20:27:31,49392,1,25.5729910714,-2.65230654762
2012-10-19 20:27:32,49393,1,22.6041832011,-2.96880787037
2012-10-19 20:27:33,49394,1,19.4225777116,-3.18160548942
2012-10-19 20:27:34,49395,1,16.1273313492,-3.29524636243
2012-10-19 20:27:35,49396,1,12.8689649471,-3.25836640212
2012-10-19 20:27:36,49397,1,9.92840608466,-2.94055886243
2012-10-19 20:27:37,49398,1,7.65168650794,-2.27671957672
2012-10-19 20:27:38,49399,1,6.26283068783,-1.38885582011
2012-10-19 20:27:39,49400,1,5.70939153439,-0.553439153439
2012-10-19 20:27:40,49401,1,5.67770337302,-0.0316881613757
2012-10-19 20:27:41,49402,1,5.80676256614,0.129059193122
2012-10-19 20:27:42,49403,1,5.89308862434,0.086326058201
2012-10-19 20:27:43,49404,1,5.93799603175,0.0449074074074
2012-10-19 20:27:44,49405,1,6.16077215608,0.222776124339
2012-10-19 20:27:45,49406,1,6.94252645503,0.781754298942
2012-10-19 20:27:46,49407,1,8.58120039683,1.6386739418
2012-10-19 20:27:47,49408,1,11.1047784392,2.52357804233
2012-10-19 20:27:48,49409,1,14.3214368386,3.21665839947
2012-10-19 20:27:49,49410,1,17.9216269841,3.6001901455
2012-10-19 20:27:50,49411,1,21.5627645503,3.64113756614
2012-10-19 20:27:51,49412,1,24.9682126323,3.40544808201
2012-10-19 20:27:52,49413,1,27.9570684524,2.98885582011
2012-10-19 20:27:53,49414,1,30.4415178571,2.48444940476
2012-10-19 20:27:54,49415,1,32.4455357143,2.00401785714
2012-10-19 20:27:55,49416,1,34.0351934524,1.5896577381
2012-10-19 20:27:56,49417,1,35.2138392857,1.17864583333
2012-10-19 20:27:57,49418,1,35.9795386905,0.765699404762
2012-10-19 20:27:58,49419,1,36.4521577381,0.472619047619
2012-10-19 20:27:59,49420,1,36.8311755952,0.379017857143
2012-10-19 20:28:00,49421,1,37.2394345238,0.408258928571
2012-10-19 20:28:01,49422,1,37.6686755952,0.429241071429
2012-10-19 20:28:02,49423,1,38.0532738095,0.384598214286
2012-10-19 20:28:03,49424,1,38.3500744048,0.296800595238
2012-10-19 20:28:04,49425,1,38.5428571429,0.192782738095
2012-10-19 20:28:05,49426,1,38.5848214286,0.0419642857143
2012-10-19 20:28:06,49427,1,38.3673363095,-0.217485119048
2012-10-19 20:28:07,49428,1,37.790327381,-0.577008928571
2012-10-19 20:28:08,49429,1,36.8874255952,-0.902901785714
2012-10-19 20:28:09,49430,1,35.8729166667,-1.01450892857
2012-10-19 20:28:10,49431,1,35.0488095238,-0.824107142857
2012-10-19 20:28:11,49432,1,34.6369791667,-0.411830357143
2012-10-19 20:28:12,49433,1,34.637797619,0.000818452380905
2012-10-19 20:28:13,49434,1,34.7910714286,0.153273809524
2012-10-19 20:28:14,49435,1,34.6913690476,-0.0997023809524
2012-10-19 20:28:15,49436,1,34.0286458333,-0.662723214286
2012-10-19 20:28:16,49437,1,32.7994791667,-1.22916666667
2012-10-19 20:28:17,49438,1,31.3302083333,-1.46927083333
2012-10-19 20:28:18,49439,1,30.0895833333,-1.240625
2012-10-19 20:28:19,49440,1,29.4171130952,-0.672470238095
2012-10-19 20:28:20,49441,1,29.362797619,-0.0543154761905
2012-10-19 20:28:21,49442,1,29.7203869048,0.357589285714
2012-10-19 20:28:22,49443,1,30.1438244048,0.4234375
2012-10-19 20:28:23,49444,1,30.2500744048,0.10625
2012-10-19 20:28:24,49445,1,29.743452381,-0.506622023809
2012-10-19 20:28:25,49446,1,28.5656994048,-1.17775297619
2012-10-19 20:28:26,49447,1,26.9555059524,-1.61019345238
2012-10-19 20:28:27,49448,1,25.3283482143,-1.6271577381
2012-10-19 20:28:28,49449,1,24.0646577381,-1.26369047619
2012-10-19 20:28:29,49450,1,23.3775297619,-0.68712797619
2012-10-19 20:28:30,49451,1,23.3038690476,-0.0736607142858
2012-10-19 20:28:31,49452,1,23.7463541667,0.442485119048
2012-10-19 20:28:32,49453,1,24.5142857143,0.767931547619
2012-10-19 20:28:33,49454,1,25.3367559524,0.822470238095
2012-10-19 20:28:34,49455,1,25.8678571429,0.531101190476
2012-10-19 20:28:35,49456,1,25.784375,-0.0834821428571
2012-10-19 20:28:36,49457,1,24.9683035714,-0.816071428571
2012-10-19 20:28:37,49458,1,23.5916666667,-1.37663690476
2012-10-19 20:28:38,49459,1,22.0374255952,-1.55424107143
2012-10-19 20:28:39,49460,1,20.752827381,-1.28459821429
2012-10-19 20:28:40,49461,1,20.084077381,-0.66875
2012-10-19 20:28:41,49462,1,20.1694940476,0.0854166666667
2012-10-19 20:28:42,49463,1,20.9765625,0.807068452381
2012-10-19 20:28:43,49464,1,22.3649553571,1.38839285714
2012-10-19 20:28:44,49465,1,24.0787946429,1.71383928571
2012-10-19 20:28:45,49466,1,25.7922619048,1.7134672619
2012-10-19 20:28:46,49467,1,27.2400297619,1.44776785714
2012-10-19 20:28:47,49468,1,28.2969494048,1.05691964286
2012-10-19 20:28:48,49469,1,28.9647321429,0.667782738095
2012-10-19 20:28:49,49470,1,29.2828125,0.318080357143
2012-10-19 20:28:50,49471,1,29.1730654762,-0.109747023809
2012-10-19 20:28:51,49472,1,28.3360491071,-0.837016369048
2012-10-19 20:28:52,49473,1,26.3301153274,-2.00593377976
2012-10-19 20:28:53,49474,1,22.8600074405,-3.4701078869
2012-10-19 20:28:54,49475,1,18.1666852679,-4.69332217262
2012-10-19 20:28:55,49476,1,13.1384300595,-5.02825520833
2012-10-19 20:28:56,49477,1,8.86772693452,-4.270703125
2012-10-19 20:28:57,49478,1,6.07198660714,-2.79574032738
2012-10-19 20:28:58,49479,1,4.94419642857,-1.12779017857
2012-10-19 20:28:59,49480,1,5.33917410714,0.394977678571
2012-10-19 20:29:00,49481,1,6.93271949405,1.5935453869
2012-10-19 20:29:01,49482,1,9.28061755952,2.34789806548
2012-10-19 20:29:02,49483,1,11.852734375,2.57211681548
2012-10-19 20:29:03,49484,1,14.1577008929,2.30496651786
2012-10-19 20:29:04,49485,1,15.9877418155,1.83004092262
2012-10-19 20:29:05,49486,1,17.4907366071,1.50299479167
2012-10-19 20:29:06,49487,1,18.8996279762,1.40889136905
2012-10-19 20:29:07,49488,1,20.2746279762,1.375
2012-10-19 20:29:08,49489,1,21.517485119,1.24285714286
2012-10-19 20:29:09,49490,1,22.4804315476,0.962946428571
2012-10-19 20:29:10,49491,1,23.0446428571,0.564211309524
2012-10-19 20:29:11,49492,1,23.174702381,0.130059523809
2012-10-19 20:29:12,49493,1,22.8677827381,-0.306919642857
2012-10-19 20:29:13,49494,1,22.0216517857,-0.846130952381
2012-10-19 20:29:14,49495,1,20.4469494048,-1.57470238095
2012-10-19 20:29:15,49496,1,18.0863839286,-2.36056547619
2012-10-19 20:29:16,49497,1,15.1526785714,-2.93370535714
2012-10-19 20:29:17,49498,1,12.0121279762,-3.14055059524
2012-10-19 20:29:18,49499,1,9.05461309524,-2.95751488095
2012-10-19 20:29:19,49500,1,6.68616071429,-2.36845238095
2012-10-19 20:29:20,49501,1,5.26480654762,-1.42135416667
2012-10-19 20:29:21,49502,1,4.94717261905,-0.317633928571
2012-10-19 20:29:22,49503,1,5.58087797619,0.633705357143
2012-10-19 20:29:23,49504,1,6.74955357143,1.16867559524
2012-10-19 20:29:24,49505,1,8.02113095238,1.27157738095
2012-10-19 20:29:25,49506,1,9.16227678571,1.14114583333
2012-10-19 20:29:26,49507,1,10.0466517857,0.884375
2012-10-19 20:29:27,49508,1,10.4900297619,0.443377976191
2012-10-19 20:29:28,49509,1,10.3344494048,-0.155580357143
2012-10-19 20:29:29,49510,1,9.63787202381,-0.696577380952
2012-10-19 20:29:30,49511,1,8.67738095238,-0.960491071429
2012-10-19 20:29:31,49512,1,7.73660714286,-0.940773809524
2012-10-19 20:29:32,49513,1,6.89136904762,-0.845238095238
2012-10-19 20:29:33,49514,1,5.99813988095,-0.893229166667
2012-10-19 20:29:34,49515,1,4.86316964286,-1.1349702381
2012-10-19 20:29:35,49516,1,3.44412202381,-1.41904761905
2012-10-19 20:29:36,49517,1,1.98742559524,-1.45669642857
2012-10-19 20:29:37,49518,1,0.0,-1.98742559524
2012-10-19 21:11:47,52048,2530,0.0,0.0
2012-10-19 21:11:48,52049,1,1.12202380952,1.12202380952
2012-10-19 21:11:49,52050,1,1.67705357143,0.555029761905
2012-10-19 21:11:50,52051,1,2.02160714286,0.344553571429
2012-10-19 21:11:51,52052,1,2.1209077381,0.0993005952381
2012-10-19 21:11:52,52053,1,2.11727678571,-0.00363095238095
2012-10-19 21:11:53,52054,1,2.12098214286,0.00370535714285
2012-10-19 21:11:54,52055,1,2.1612797619,0.0402976190476
2012-10-19 21:11:55,52056,1,2.2334375,0.0721577380952
2012-10-19 21:11:56,52057,1,2.33666666667,0.103229166667
2012-10-19 21:11:57,52058,1,2.4852827381,0.148616071429
2012-10-19 21:11:58,52059,1,2.67876488095,0.193482142857
2012-10-19 21:11:59,52060,1,2.8469047619,0.168139880952
2012-10-19 21:12:00,52061,1,2.86994047619,0.0230357142857
2012-10-19 21:12:01,52062,1,2.7115922619,-0.158348214286
2012-10-19 21:12:02,52063,1,2.53370535714,-0.177886904762
2012-10-19 21:12:03,52064,1,2.6202827381,0.0865773809524
2012-10-19 21:12:04,52065,1,3.14787202381,0.527589285714
2012-10-19 21:12:05,52066,1,4.07150297619,0.923630952381
2012-10-19 21:12:06,52067,1,5.2650297619,1.19352678571
2012-10-19 21:12:07,52068,1,6.72165178571,1.45662202381
2012-10-19 21:12:08,52069,1,8.54508928571,1.8234375
2012-10-19 21:12:09,52070,1,10.7047619048,2.15967261905
2012-10-19 21:12:10,52071,1,12.848139881,2.14337797619
2012-10-19 21:12:11,52072,1,14.4404761905,1.59233630952
2012-10-19 21:12:12,52073,1,15.0865327381,0.646056547619
2012-10-19 21:12:13,52074,1,14.7261904762,-0.360342261905
2012-10-19 21:12:14,52075,1,13.638764881,-1.08742559524
2012-10-19 21:12:15,52076,1,12.3314732143,-1.30729166667
2012-10-19 21:12:16,52077,1,11.3503720238,-0.981101190476
2012-10-19 21:12:17,52078,1,11.0246279762,-0.325744047619
2012-10-19 21:12:18,52079,1,11.2190104167,0.194382440476
2012-10-19 21:12:19,52080,1,11.3252232143,0.106212797619
2012-10-19 21:12:20,52081,1,10.6298363095,-0.695386904762
2012-10-19 21:12:21,52082,1,8.80014880952,-1.8296875
2012-10-19 21:12:22,52083,1,6.12209821429,-2.67805059524
2012-10-19 21:12:23,52084,1,3.4052827381,-2.71681547619
2012-10-19 21:12:24,52085,1,0.0,-3.4052827381
2012-10-19 21:12:39,52100,15,0.0,0.0
2012-10-19 21:12:40,52101,1,2.83091517857,2.83091517857
2012-10-19 21:12:41,52102,1,5.13422619048,2.3033110119
2012-10-19 21:12:42,52103,1,7.5734375,2.43921130952
2012-10-19 21:12:43,52104,1,9.60081845238,2.02738095238
2012-10-19 21:12:44,52105,1,11.0142857143,1.4134672619
2012-10-19 21:12:45,52106,1,11.8246279762,0.810342261905
2012-10-19 21:12:46,52107,1,12.0604910714,0.235863095238
2012-10-19 21:12:47,52108,1,11.6883928571,-0.372098214286
2012-10-19 21:12:48,52109,1,10.7290178571,-0.959375
2012-10-19 21:12:49,52110,1,9.42313988095,-1.30587797619
2012-10-19 21:12:50,52111,1,8.21383928571,-1.20930059524
2012-10-19 21:12:51,52112,1,7.5603422619,-0.65349702381
2012-10-19 21:12:52,52113,1,7.771875,0.211532738095
2012-10-19 21:12:53,52114,1,8.96495535714,1.19308035714
2012-10-19 21:12:54,52115,1,11.1228422619,2.15788690476
2012-10-19 21:12:55,52116,1,14.1160714286,2.99322916667
2012-10-19 21:12:56,52117,1,17.6357142857,3.51964285714
2012-10-19 21:12:57,52118,1,21.2222470238,3.5865327381
2012-10-19 21:12:58,52119,1,24.4258928571,3.20364583333
2012-10-19 21:12:59,52120,1,26.9085565476,2.48266369048
2012-10-19 21:13:00,52121,1,28.4621279762,1.55357142857
2012-10-19 21:13:01,52122,1,29.0306547619,0.568526785714
2012-10-19 21:13:02,52123,1,28.7239583333,-0.306696428571
2012-10-19 21:13:03,52124,1,27.7999255952,-0.924032738095
2012-10-19 21:13:04,52125,1,26.5752232143,-1.22470238095
2012-10-19 21:13:05,52126,1,25.2331845238,-1.34203869048
2012-10-19 21:13:06,52127,1,23.6860863095,-1.54709821429
2012-10-19 21:13:07,52128,1,21.7045386905,-1.98154761905
2012-10-19 21:13:08,52129,1,19.2584077381,-2.44613095238
2012-10-19 21:13:09,52130,1,16.7319196429,-2.52648809524
2012-10-19 21:13:10,52131,1,14.7491071429,-1.9828125
2012-10-19 21:13:11,52132,1,13.7494791667,-0.99962797619
2012-10-19 21:13:12,52133,1,13.7007440476,-0.0487351190477
2012-10-19 21:13:13,52134,1,14.178125,0.477380952381
2012-10-19 21:13:14,52135,1,14.7360863095,0.557961309524
2012-10-19 21:13:15,52136,1,15.2452380952,0.509151785714
2012-10-19 21:13:16,52137,1,15.8810267857,0.635788690476
2012-10-19 21:13:17,52138,1,16.836235119,0.955208333333
2012-10-19 21:13:18,52139,1,18.0816964286,1.24546130952
2012-10-19 21:13:19,52140,1,19.3337053571,1.25200892857
2012-10-19 21:13:20,52141,1,20.1930059524,0.859300595238
2012-10-19 21:13:21,52142,1,20.3503720238,0.157366071428
2012-10-19 21:13:22,52143,1,19.6926785714,-0.657693452381
2012-10-19 21:13:23,52144,1,18.2308333333,-1.4618452381
2012-10-19 21:13:24,52145,1,16.0182291667,-2.21260416667
2012-10-19 21:13:25,52146,1,13.2375892857,-2.78063988095
2012-10-19 21:13:26,52147,1,10.3052827381,-2.93230654762
2012-10-19 21:13:27,52148,1,7.74208333333,-2.56319940476
2012-10-19 21:13:28,52149,1,5.88604166667,-1.85604166667
2012-10-19 21:13:29,52150,1,4.76464285714,-1.12139880952
2012-10-19 21:13:30,52151,1,4.30046130952,-0.464181547619
2012-10-19 21:13:31,52152,1,4.58977678571,0.28931547619
2012-10-19 21:13:32,52153,1,5.83068452381,1.2409077381
2012-10-19 21:13:33,52154,1,8.01569940476,2.18501488095
2012-10-19 21:13:34,52155,1,10.8394940476,2.82379464286
2012-10-19 21:13:35,52156,1,13.8523065476,3.0128125
2012-10-19 21:13:36,52157,1,16.6301785714,2.77787202381
2012-10-19 21:13:37,52158,1,18.8593303571,2.22915178571
2012-10-19 21:13:38,52159,1,20.3258928571,1.4665625
2012-10-19 21:13:39,52160,1,20.934375,0.608482142857
2012-10-19 21:13:40,52161,1,20.8115327381,-0.122842261905
2012-10-19 21:13:41,52162,1,20.2831845238,-0.528348214286
2012-10-19 21:13:42,52163,1,19.6482142857,-0.634970238095
2012-10-19 21:13:43,52164,1,18.9979166667,-0.650297619048
2012-10-19 21:13:44,52165,1,18.2224702381,-0.775446428571
2012-10-19 21:13:45,52166,1,17.1110119048,-1.11145833333
2012-10-19 21:13:46,52167,1,15.494047619,-1.61696428571
2012-10-19 21:13:47,52168,1,13.3962425595,-2.09780505952
2012-10-19 21:13:48,52169,1,11.047563244,-2.34867931548
2012-10-19 21:13:49,52170,1,8.72287946429,-2.32468377976
2012-10-19 21:13:50,52171,1,6.61560639881,-2.10727306548
2012-10-19 21:13:51,52172,1,4.84694940476,-1.76865699405
2012-10-19 21:13:52,52173,1,3.509375,-1.33757440476
2012-10-19 21:13:53,52174,1,2.66212797619,-0.84724702381
2012-10-19 21:13:54,52175,1,2.27111235119,-0.391015625
2012-10-19 21:13:55,52176,1,2.16837797619,-0.102734375
2012-10-19 21:13:56,52177,1,2.13549107143,-0.0328869047619
2012-10-19 21:13:57,52178,1,2.07522321429,-0.0602678571429
2012-10-19 21:13:58,52179,1,2.15024181548,0.0750186011905
2012-10-19 21:13:59,52180,1,2.77760416667,0.62736235119
2012-10-19 21:14:00,52181,1,4.37738095238,1.59977678571
2012-10-19 21:14:01,52182,1,6.98623511905,2.60885416667
2012-10-19 21:14:02,52183,1,10.1192894345,3.13305431548
2012-10-19 21:14:03,52184,1,13.09765625,2.97836681548
2012-10-19 21:14:04,52185,1,15.5638206845,2.46616443452
2012-10-19 21:14:05,52186,1,17.6923735119,2.12855282738
2012-10-19 21:14:06,52187,1,19.8941964286,2.20182291667
2012-10-19 21:14:07,52188,1,22.3351190476,2.44092261905
2012-10-19 21:14:08,52189,1,24.809375,2.47425595238
2012-10-19 21:14:09,52190,1,27.0429315476,2.23355654762
2012-10-19 21:14:10,52191,1,28.9735119048,1.93058035714
2012-10-19 21:14:11,52192,1,30.7410714286,1.76755952381
2012-10-19 21:14:12,52193,1,32.5257440476,1.78467261905
2012-10-19 21:14:13,52194,1,34.403422619,1.87767857143
2012-10-19 21:14:14,52195,1,36.288764881,1.8853422619
2012-10-19 21:14:15,52196,1,37.9640625,1.67529761905
2012-10-19 21:14:16,52197,1,39.1728422619,1.2087797619
2012-10-19 21:14:17,52198,1,39.7550595238,0.582217261905
2012-10-19 21:14:18,52199,1,39.7095982143,-0.0454613095238
2012-10-19 21:14:19,52200,1,39.1101934524,-0.599404761905
2012-10-19 21:14:20,52201,1,37.9979910714,-1.11220238095
2012-10-19 21:14:21,52202,1,36.3658482143,-1.63214285714
2012-10-19 21:14:22,52203,1,34.1984375,-2.16741071429
2012-10-19 21:14:23,52204,1,31.5098214286,-2.68861607143
2012-10-19 21:14:24,52205,1,28.353422619,-3.15639880952
2012-10-19 21:14:25,52206,1,24.7931175595,-3.56030505952
2012-10-19 21:14:26,52207,1,20.8786272321,-3.91449032738
2012-10-19 21:14:27,52208,1,16.7048735119,-4.17375372024
2012-10-19 21:14:28,52209,1,12.5290364583,-4.17583705357
2012-10-19 21:14:29,52210,1,8.78206845238,-3.74696800595
2012-10-19 21:14:30,52211,1,5.90662202381,-2.87544642857
2012-10-19 21:14:31,52212,1,4.1380952381,-1.76852678571
2012-10-19 21:14:32,52213,1,3.36162574405,-0.776469494048
2012-10-19 21:14:33,52214,1,3.17191220238,-0.189713541667
2012-10-19 21:14:34,52215,1,3.15496651786,-0.0169456845238
2012-10-19 21:14:35,52216,1,3.11811755952,-0.0368489583333
2012-10-19 21:14:36,52217,1,3.05,-0.0681175595238
2012-10-19 21:14:37,52218,1,2.96670386905,-0.0832961309524
2012-10-19 21:14:38,52219,1,2.84741443452,-0.119289434524
2012-10-19 21:14:39,52220,1,2.71313244048,-0.134281994048
2012-10-19 21:14:40,52221,1,2.80102306548,0.087890625
2012-10-19 21:14:41,52222,1,3.5744047619,0.773381696429
2012-10-19 21:14:42,52223,1,5.38645833333,1.81205357143
2012-10-19 21:14:43,52224,1,8.09441964286,2.70796130952
2012-10-19 21:14:44,52225,1,11.0282552083,2.93383556548
2012-10-19 21:14:45,52226,1,13.388578869,2.36032366071
2012-10-19 21:14:46,52227,1,14.822563244,1.433984375
2012-10-19 21:14:47,52228,1,15.6960193452,0.87345610119
2012-10-19 21:14:48,52229,1,16.8022321429,1.10621279762
2012-10-19 21:14:49,52230,1,18.8024553571,2.00022321429
2012-10-19 21:14:50,52231,1,21.8360863095,3.03363095238
2012-10-19 21:14:51,52232,1,25.5241815476,3.6880952381
2012-10-19 21:14:52,52233,1,29.3142113095,3.7900297619
2012-10-19 21:14:53,52234,1,32.848735119,3.53452380952
2012-10-19 21:14:54,52235,1,36.0884672619,3.23973214286
2012-10-19 21:14:55,52236,1,39.1625,3.0740327381
2012-10-19 21:14:56,52237,1,42.0994791667,2.93697916667
2012-10-19 21:14:57,52238,1,44.727827381,2.62834821429
2012-10-19 21:14:58,52239,1,46.8409970238,2.11316964286
2012-10-19 21:14:59,52240,1,48.3745535714,1.53355654762
2012-10-19 21:15:00,52241,1,49.4345238095,1.0599702381
2012-10-19 21:15:01,52242,1,50.2556547619,0.821130952381
2012-10-19 21:15:02,52243,1,51.1288690476,0.873214285714
2012-10-19 21:15:03,52244,1,52.2995535714,1.17068452381
2012-10-19 21:15:04,52245,1,53.8760416667,1.57648809524
2012-10-19 21:15:05,52246,1,55.7595982143,1.88355654762
2012-10-19 21:15:06,52247,1,57.6359375,1.87633928571
2012-10-19 21:15:07,52248,1,59.1045386905,1.46860119048
2012-10-19 21:15:08,52249,1,59.8979166667,0.793377976191
2012-10-19 21:15:09,52250,1,60.030952381,0.133035714286
2012-10-19 21:15:10,52251,1,59.7801339286,-0.250818452381
2012-10-19 21:15:11,52252,1,59.5129464286,-0.2671875
2012-10-19 21:15:12,52253,1,59.4967261905,-0.0162202380952
2012-10-19 21:15:13,52254,1,59.8212797619,0.324553571429
2012-10-19 21:15:14,52255,1,60.4177827381,0.59650297619
2012-10-19 21:15:15,52256,1,61.0963541667,0.678571428572
2012-10-19 21:15:16,52257,1,61.6086309524,0.512276785714
2012-10-19 21:15:17,52258,1,61.7424107143,0.133779761905
2012-10-19 21:15:18,52259,1,61.4263392857,-0.316071428571
2012-10-19 21:15:19,52260,1,60.8072916667,-0.619047619048
2012-10-19 21:15:20,52261,1,60.1989583333,-0.608333333333
2012-10-19 21:15:21,52262,1,59.8831845238,-0.315773809524
2012-10-19 21:15:22,52263,1,59.9357886905,0.0526041666667
2012-10-19 21:15:23,52264,1,60.2253720238,0.289583333333
2012-10-19 21:15:24,52265,1,60.565625,0.34025297619
2012-10-19 21:15:25,52266,1,60.8947916667,0.329166666667
2012-10-19 21:15:26,52267,1,61.3210565476,0.426264880952
2012-10-19 21:15:27,52268,1,61.9704613095,0.649404761905
2012-10-19 21:15:28,52269,1,62.784077381,0.813616071429
2012-10-19 21:15:29,52270,1,63.5014880952,0.717410714286
2012-10-19 21:15:30,52271,1,63.8892857143,0.387797619048
2012-10-19 21:15:31,52272,1,63.9767857143,0.0875
2012-10-19 21:15:32,52273,1,64.0160714286,0.0392857142857
2012-10-19 21:15:33,52274,1,64.2032738095,0.187202380952
2012-10-19 21:15:34,52275,1,64.4817708333,0.27849702381
2012-10-19 21:15:35,52276,1,64.6360863095,0.154315476191
2012-10-19 21:15:36,52277,1,64.537797619,-0.0982886904762
2012-10-19 21:15:37,52278,1,64.2539434524,-0.283854166667
2012-10-19 21:15:38,52279,1,63.937202381,-0.316741071429
2012-10-19 21:15:39,52280,1,63.66875,-0.268452380952
2012-10-19 21:15:40,52281,1,63.4171130952,-0.251636904762
2012-10-19 21:15:41,52282,1,63.1251488095,-0.291964285714
2012-10-19 21:15:42,52283,1,62.8235119048,-0.301636904762
2012-10-19 21:15:43,52284,1,62.648139881,-0.17537202381
2012-10-19 21:15:44,52285,1,62.751860119,0.103720238095
2012-10-19 21:15:45,52286,1,63.2029761905,0.451116071429
2012-10-19 21:15:46,52287,1,63.9267857143,0.723809523809
2012-10-19 21:15:47,52288,1,64.7217261905,0.794940476191
2012-10-19 21:15:48,52289,1,65.365625,0.643898809524
2012-10-19 21:15:49,52290,1,65.7151785714,0.349553571429
2012-10-19 21:15:50,52291,1,65.7133184524,-0.00186011904759
2012-10-19 21:15:51,52292,1,65.3755952381,-0.337723214286
2012-10-19 21:15:52,52293,1,64.8141369048,-0.561458333333
2012-10-19 21:15:53,52294,1,64.2229166667,-0.591220238095
2012-10-19 21:15:54,52295,1,63.7727678571,-0.450148809524
2012-10-19 21:15:55,52296,1,63.510639881,-0.262127976191
2012-10-19 21:15:56,52297,1,63.3719494048,-0.13869047619
2012-10-19 21:15:57,52298,1,63.2729166667,-0.0990327380952
2012-10-19 21:15:58,52299,1,63.1842261905,-0.0886904761905
2012-10-19 21:15:59,52300,1,63.1402529762,-0.0439732142857
2012-10-19 21:16:00,52301,1,63.1904761905,0.0502232142857
2012-10-19 21:16:01,52302,1,63.3549107143,0.16443452381
2012-10-19 21:16:02,52303,1,63.6311011905,0.276190476191
2012-10-19 21:16:03,52304,1,64.0052827381,0.374181547619
2012-10-19 21:16:04,52305,1,64.4412202381,0.4359375
2012-10-19 21:16:05,52306,1,64.888764881,0.447544642857
2012-10-19 21:16:06,52307,1,65.3021577381,0.413392857143
2012-10-19 21:16:07,52308,1,65.6418154762,0.339657738095
2012-10-19 21:16:08,52309,1,65.8835565476,0.241741071429
2012-10-19 21:16:09,52310,1,66.0229910714,0.13943452381
2012-10-19 21:16:10,52311,1,66.0522321429,0.0292410714285
2012-10-19 21:16:11,52312,1,65.9498511905,-0.102380952381
2012-10-19 21:16:12,52313,1,65.7081845238,-0.241666666667
2012-10-19 21:16:13,52314,1,65.375,-0.33318452381
2012-10-19 21:16:14,52315,1,65.0689732143,-0.306026785714
2012-10-19 21:16:15,52316,1,64.9191964286,-0.149776785714
2012-10-19 21:16:16,52317,1,64.9648809524,0.0456845238096
2012-10-19 21:16:17,52318,1,65.1277529762,0.162872023809
2012-10-19 21:16:18,52319,1,65.2822172619,0.154464285714
2012-10-19 21:16:19,52320,1,65.3483630952,0.0661458333334
2012-10-19 21:16:20,52321,1,65.3286458333,-0.0197172619048
2012-10-19 21:16:21,52322,1,65.2613839286,-0.0672619047619
2012-10-19 21:16:22,52323,1,65.1485119048,-0.11287202381
2012-10-19 21:16:23,52324,1,64.9447172619,-0.203794642857
2012-10-19 21:16:24,52325,1,64.625,-0.319717261905
2012-10-19 21:16:25,52326,1,64.2451636905,-0.379836309524
2012-10-19 21:16:26,52327,1,63.9054315476,-0.339732142857
2012-10-19 21:16:27,52328,1,63.6709077381,-0.234523809524
2012-10-19 21:16:28,52329,1,63.5581845238,-0.112723214286
2012-10-19 21:16:29,52330,1,63.5651041667,0.0069196428572
2012-10-19 21:16:30,52331,1,63.6807291667,0.115625
2012-10-19 21:16:31,52332,1,63.8841517857,0.203422619048
2012-10-19 21:16:32,52333,1,64.1297619048,0.245610119048
2012-10-19 21:16:33,52334,1,64.3285714286,0.198809523809
2012-10-19 21:16:34,52335,1,64.3811755952,0.0526041666667
2012-10-19 21:16:35,52336,1,64.235639881,-0.145535714286
2012-10-19 21:16:36,52337,1,63.8922619048,-0.343377976191
2012-10-19 21:16:37,52338,1,63.3889880952,-0.503273809524
2012-10-19 21:16:38,52339,1,62.8277529762,-0.561235119048
2012-10-19 21:16:39,52340,1,62.3806547619,-0.447098214286
2012-10-19 21:16:40,52341,1,62.2218005952,-0.158854166667
2012-10-19 21:16:41,52342,1,62.4482886905,0.226488095238
2012-10-19 21:16:42,52343,1,63.0324404762,0.584151785714
2012-10-19 21:16:43,52344,1,63.8001488095,0.767708333333
2012-10-19 21:16:44,52345,1,64.4947916667,0.694642857143
2012-10-19 21:16:45,52346,1,64.9396577381,0.444866071429
2012-10-19 21:16:46,52347,1,65.1571428571,0.217485119048
2012-10-19 21:16:47,52348,1,65.3232142857,0.166071428571
2012-10-19 21:16:48,52349,1,65.5983630952,0.275148809524
2012-10-19 21:16:49,52350,1,65.9850446429,0.386681547619
2012-10-19 21:16:50,52351,1,66.3463541667,0.36130952381
2012-10-19 21:16:51,52352,1,66.5537946429,0.20744047619
2012-10-19 21:16:52,52353,1,66.5836309524,0.0298363095238
2012-10-19 21:16:53,52354,1,66.4719494048,-0.111681547619
2012-10-19 21:16:54,52355,1,66.2240327381,-0.247916666667
2012-10-19 21:16:55,52356,1,65.8286458333,-0.395386904762
2012-10-19 21:16:56,52357,1,65.3861607143,-0.442485119048
2012-10-19 21:16:57,52358,1,65.1316220238,-0.254538690476
2012-10-19 21:16:58,52359,1,65.2401785714,0.108556547619
2012-10-19 21:16:59,52360,1,65.6535714286,0.413392857143
2012-10-19 21:17:00,52361,1,66.1157738095,0.462202380952
2012-10-19 21:17:01,52362,1,66.3389136905,0.223139880952
2012-10-19 21:17:02,52363,1,66.1744047619,-0.164508928571
2012-10-19 21:17:03,52364,1,65.6548363095,-0.519568452381
2012-10-19 21:17:04,52365,1,64.8838541667,-0.770982142857
2012-10-19 21:17:05,52366,1,63.9688244048,-0.915029761905
2012-10-19 21:17:06,52367,1,63.0649553571,-0.903869047619
2012-10-19 21:17:07,52368,1,62.3702380952,-0.694717261905
2012-10-19 21:17:08,52369,1,62.0296130952,-0.340625
2012-10-19 21:17:09,52370,1,62.0659970238,0.0363839285714
2012-10-19 21:17:10,52371,1,62.3943452381,0.328348214286
2012-10-19 21:17:11,52372,1,62.9020833333,0.507738095238
2012-10-19 21:17:12,52373,1,63.5337053571,0.63162202381
2012-10-19 21:17:13,52374,1,64.2831845238,0.749479166667
2012-10-19 21:17:14,52375,1,65.1176339286,0.834449404762
2012-10-19 21:17:15,52376,1,65.9446428571,0.827008928572
2012-10-19 21:17:16,52377,1,66.629389881,0.68474702381
2012-10-19 21:17:17,52378,1,67.0316964286,0.402306547619
2012-10-19 21:17:18,52379,1,67.0748511905,0.0431547619048
2012-10-19 21:17:19,52380,1,66.8029761905,-0.271875
2012-10-19 21:17:20,52381,1,66.3654017857,-0.437574404762
2012-10-19 21:17:21,52382,1,65.9239583333,-0.441443452381
2012-10-19 21:17:22,52383,1,65.5386904762,-0.385267857143
2012-10-19 21:17:23,52384,1,65.1479910714,-0.390699404762
2012-10-19 21:17:24,52385,1,64.6831845238,-0.464806547619
2012-10-19 21:17:25,52386,1,64.1743303571,-0.508854166667
2012-10-19 21:17:26,52387,1,63.7194196429,-0.454910714286
2012-10-19 21:17:27,52388,1,63.384375,-0.335044642857
2012-10-19 21:17:28,52389,1,63.1651041667,-0.219270833333
2012-10-19 21:17:29,52390,1,63.0351190476,-0.129985119048
2012-10-19 21:17:30,52391,1,63.004389881,-0.0307291666666
2012-10-19 21:17:31,52392,1,63.1183779762,0.113988095238
2012-10-19 21:17:32,52393,1,63.4084821429,0.290104166667
2012-10-19 21:17:33,52394,1,63.8635416667,0.45505952381
2012-10-19 21:17:34,52395,1,64.4459077381,0.582366071429
2012-10-19 21:17:35,52396,1,65.1076636905,0.661755952381
2012-10-19 21:17:36,52397,1,65.7773065476,0.669642857143
2012-10-19 21:17:37,52398,1,66.3507440476,0.5734375
2012-10-19 21:17:38,52399,1,66.7408482143,0.390104166667
2012-10-19 21:17:39,52400,1,66.9604910714,0.219642857143
2012-10-19 21:17:40,52401,1,67.1345238095,0.174032738095
2012-10-19 21:17:41,52402,1,67.4069940476,0.272470238095
2012-10-19 21:17:42,52403,1,67.8244047619,0.417410714286
2012-10-19 21:17:43,52404,1,68.2878720238,0.463467261905
2012-10-19 21:17:44,52405,1,68.6204613095,0.332589285714
2012-10-19 21:17:45,52406,1,68.6985119048,0.0780505952381
2012-10-19 21:17:46,52407,1,68.5174107143,-0.181101190476
2012-10-19 21:17:47,52408,1,68.1590029762,-0.358407738095
2012-10-19 21:17:48,52409,1,67.7493303571,-0.409672619048
2012-10-19 21:17:49,52410,1,67.430952381,-0.31837797619
2012-10-19 21:17:50,52411,1,67.3104166667,-0.120535714286
2012-10-19 21:17:51,52412,1,67.4114583333,0.101041666667
2012-10-19 21:17:52,52413,1,67.669047619,0.257589285714
2012-10-19 21:17:53,52414,1,67.9523809524,0.283333333333
2012-10-19 21:17:54,52415,1,68.132514881,0.180133928571
2012-10-19 21:17:55,52416,1,68.164360119,0.0318452380952
2012-10-19 21:17:56,52417,1,68.0915178571,-0.0728422619048
2012-10-19 21:17:57,52418,1,67.9948660714,-0.0966517857142
2012-10-19 21:17:58,52419,1,67.9642857143,-0.0305803571429
2012-10-19 21:17:59,52420,1,68.0749255952,0.110639880952
2012-10-19 21:18:00,52421,1,68.3525297619,0.277604166667
2012-10-19 21:18:01,52422,1,68.7662202381,0.41369047619
2012-10-19 21:18:02,52423,1,69.2272321429,0.461011904762
2012-10-19 21:18:03,52424,1,69.576264881,0.349032738095
2012-10-19 21:18:04,52425,1,69.6396577381,0.0633928571428
2012-10-19 21:18:05,52426,1,69.3692708333,-0.270386904762
2012-10-19 21:18:06,52427,1,68.9204613095,-0.44880952381
2012-10-19 21:18:07,52428,1,68.560639881,-0.359821428571
2012-10-19 21:18:08,52429,1,68.4733630952,-0.0872767857143
2012-10-19 21:18:09,52430,1,68.6093005952,0.1359375
2012-10-19 21:18:10,52431,1,68.726860119,0.11755952381
2012-10-19 21:18:11,52432,1,68.6257440476,-0.101116071429
2012-10-19 21:18:12,52433,1,68.3428571429,-0.282886904762
2012-10-19 21:18:13,52434,1,68.0955357143,-0.247321428571
2012-10-19 21:18:14,52435,1,68.056547619,-0.0389880952381
2012-10-19 21:18:15,52436,1,68.2039434524,0.147395833333
2012-10-19 21:18:16,52437,1,68.365625,0.161681547619
2012-10-19 21:18:17,52438,1,68.3761160714,0.0104910714286
2012-10-19 21:18:18,52439,1,68.1747767857,-0.201339285714
2012-10-19 21:18:19,52440,1,67.7833333333,-0.391443452381
2012-10-19 21:18:20,52441,1,67.2505208333,-0.5328125
2012-10-19 21:18:21,52442,1,66.6450892857,-0.605431547619
2012-10-19 21:18:22,52443,1,66.0702380952,-0.574851190476
2012-10-19 21:18:23,52444,1,65.634077381,-0.436160714286
2012-10-19 21:18:24,52445,1,65.3909970238,-0.243080357143
2012-10-19 21:18:25,52446,1,65.330952381,-0.0600446428571
2012-10-19 21:18:26,52447,1,65.4299107143,0.0989583333333
2012-10-19 21:18:27,52448,1,65.6950892857,0.265178571429
2012-10-19 21:18:28,52449,1,66.1525297619,0.45744047619
2012-10-19 21:18:29,52450,1,66.7947916667,0.642261904762
2012-10-19 21:18:30,52451,1,67.5553571429,0.76056547619
2012-10-19 21:18:31,52452,1,68.3388392857,0.783482142857
2012-10-19 21:18:32,52453,1,69.0598958333,0.721056547619
2012-10-19 21:18:33,52454,1,69.6442708333,0.584375
2012-10-19 21:18:34,52455,1,70.0055059524,0.361235119048
2012-10-19 21:18:35,52456,1,70.0520089286,0.0465029761904
2012-10-19 21:18:36,52457,1,69.7524553571,-0.299553571428
2012-10-19 21:18:37,52458,1,69.1949404762,-0.557514880952
2012-10-19 21:18:38,52459,1,68.5531994048,-0.641741071429
2012-10-19 21:18:39,52460,1,67.9802083333,-0.572991071429
2012-10-19 21:18:40,52461,1,67.5305059524,-0.449702380952
2012-10-19 21:18:41,52462,1,67.1754464286,-0.35505952381
2012-10-19 21:18:42,52463,1,66.876264881,-0.299181547619
2012-10-19 21:18:43,52464,1,66.6209821429,-0.255282738095
2012-10-19 21:18:44,52465,1,66.3964285714,-0.224553571429
2012-10-19 21:18:45,52466,1,66.1681547619,-0.228273809524
2012-10-19 21:18:46,52467,1,65.9154761905,-0.252678571429
2012-10-19 21:18:47,52468,1,65.6691220238,-0.246354166667
2012-10-19 21:18:48,52469,1,65.4935267857,-0.175595238095
2012-10-19 21:18:49,52470,1,65.4330357143,-0.0604910714286
2012-10-19 21:18:50,52471,1,65.4717261905,0.0386904761905
2012-10-19 21:18:51,52472,1,65.5316220238,0.0598958333333
2012-10-19 21:18:52,52473,1,65.516889881,-0.0147321428571
2012-10-19 21:18:53,52474,1,65.3802827381,-0.136607142857
2012-10-19 21:18:54,52475,1,65.1540922619,-0.22619047619
2012-10-19 21:18:55,52476,1,64.9276041667,-0.226488095238
2012-10-19 21:18:56,52477,1,64.804389881,-0.123214285714
2012-10-19 21:18:57,52478,1,64.8598214286,0.055431547619
2012-10-19 21:18:58,52479,1,65.10625,0.246428571429
2012-10-19 21:18:59,52480,1,65.4766369048,0.370386904762
2012-10-19 21:19:00,52481,1,65.843452381,0.36681547619
2012-10-19 21:19:01,52482,1,66.0936755952,0.250223214286
2012-10-19 21:19:02,52483,1,66.2189732143,0.125297619048
2012-10-19 21:19:03,52484,1,66.329985119,0.111011904762
2012-10-19 21:19:04,52485,1,66.5651041667,0.235119047619
2012-10-19 21:19:05,52486,1,66.9544642857,0.389360119048
2012-10-19 21:19:06,52487,1,67.3773065476,0.422842261905
2012-10-19 21:19:07,52488,1,67.6938244048,0.316517857143
2012-10-19 21:19:08,52489,1,67.8912946429,0.197470238095
2012-10-19 21:19:09,52490,1,68.0665178571,0.175223214286
2012-10-19 21:19:10,52491,1,68.315327381,0.248809523809
2012-10-19 21:19:11,52492,1,68.6537202381,0.338392857143
2012-10-19 21:19:12,52493,1,69.0133928571,0.359672619048
2012-10-19 21:19:13,52494,1,69.3162946429,0.302901785714
2012-10-19 21:19:14,52495,1,69.5406994048,0.224404761905
2012-10-19 21:19:15,52496,1,69.7067708333,0.166071428571
2012-10-19 21:19:16,52497,1,69.8375,0.130729166667
2012-10-19 21:19:17,52498,1,69.9395833333,0.102083333333
2012-10-19 21:19:18,52499,1,69.9908482143,0.0512648809524
2012-10-19 21:19:19,52500,1,69.9425595238,-0.0482886904762
2012-10-19 21:19:20,52501,1,69.7529017857,-0.189657738095
2012-10-19 21:19:21,52502,1,69.4325892857,-0.3203125
2012-10-19 21:19:22,52503,1,69.0568452381,-0.375744047619
2012-10-19 21:19:23,52504,1,68.7244047619,-0.33244047619
2012-10-19 21:19:24,52505,1,68.499702381,-0.224702380952
2012-10-19 21:19:25,52506,1,68.388764881,-0.1109375
2012-10-19 21:19:26,52507,1,68.356547619,-0.0322172619048
2012-10-19 21:19:27,52508,1,68.3521577381,-0.0043898809524
2012-10-19 21:19:28,52509,1,68.3267113095,-0.0254464285714
2012-10-19 21:19:29,52510,1,68.251264881,-0.0754464285714
2012-10-19 21:19:30,52511,1,68.1225446429,-0.128720238095
2012-10-19 21:19:31,52512,1,67.9500744048,-0.172470238095
2012-10-19 21:19:32,52513,1,67.7427827381,-0.207291666667
2012-10-19 21:19:33,52514,1,67.5011904762,-0.241592261905
2012-10-19 21:19:34,52515,1,67.215327381,-0.285863095238
2012-10-19 21:19:35,52516,1,66.878125,-0.337202380952
2012-10-19 21:19:36,52517,1,66.5044642857,-0.373660714286
2012-10-19 21:19:37,52518,1,66.1305059524,-0.373958333333
2012-10-19 21:19:38,52519,1,65.7933779762,-0.33712797619
2012-10-19 21:19:39,52520,1,65.5097470238,-0.283630952381
2012-10-19 21:19:40,52521,1,65.2662202381,-0.243526785714
2012-10-19 21:19:41,52522,1,65.0373511905,-0.228869047619
2012-10-19 21:19:42,52523,1,64.8224702381,-0.214880952381
2012-10-19 21:19:43,52524,1,64.6444196429,-0.178050595238
2012-10-19 21:19:44,52525,1,64.4985119048,-0.145907738095
2012-10-19 21:19:45,52526,1,64.339360119,-0.159151785714
2012-10-19 21:19:46,52527,1,64.1510416667,-0.188318452381
2012-10-19 21:19:47,52528,1,64.0113095238,-0.139732142857
2012-10-19 21:19:48,52529,1,64.0603422619,0.0490327380953
2012-10-19 21:19:49,52530,1,64.397172619,0.336830357143
2012-10-19 21:19:50,52531,1,64.99375,0.596577380952
2012-10-19 21:19:51,52532,1,65.7078125,0.7140625
2012-10-19 21:19:52,52533,1,66.3800595238,0.67224702381
2012-10-19 21:19:53,52534,1,66.9045386905,0.524479166667
2012-10-19 21:19:54,52535,1,67.232514881,0.327976190476
2012-10-19 21:19:55,52536,1,67.3724702381,0.139955357143
2012-10-19 21:19:56,52537,1,67.398735119,0.0262648809524
2012-10-19 21:19:57,52538,1,67.428125,0.0293898809524
2012-10-19 21:19:58,52539,1,67.5544642857,0.126339285714
2012-10-19 21:19:59,52540,1,67.7790178571,0.224553571429
2012-10-19 21:20:00,52541,1,68.0135416667,0.234523809524
2012-10-19 21:20:01,52542,1,68.1665178571,0.152976190476
2012-10-19 21:20:02,52543,1,68.2125,0.0459821428571
2012-10-19 21:20:03,52544,1,68.184672619,-0.0278273809524
2012-10-19 21:20:04,52545,1,68.1265625,-0.0581101190476
2012-10-19 21:20:05,52546,1,68.0533482143,-0.0732142857143
2012-10-19 21:20:06,52547,1,67.9555059524,-0.0978422619048
2012-10-19 21:20:07,52548,1,67.8322916667,-0.123214285714
2012-10-19 21:20:08,52549,1,67.7092261905,-0.123065476191
2012-10-19 21:20:09,52550,1,67.6316220238,-0.0776041666667
2012-10-19 21:20:10,52551,1,67.6511904762,0.019568452381
2012-10-19 21:20:11,52552,1,67.8038690476,0.152678571429
2012-10-19 21:20:12,52553,1,68.0837797619,0.279910714286
2012-10-19 21:20:13,52554,1,68.4361607143,0.352380952381
2012-10-19 21:20:14,52555,1,68.7767113095,0.340550595238
2012-10-19 21:20:15,52556,1,69.0252232143,0.248511904762
2012-10-19 21:20:16,52557,1,69.144047619,0.118824404762
2012-10-19 21:20:17,52558,1,69.1613839286,0.0173363095238
2012-10-19 21:20:18,52559,1,69.1486607143,-0.0127232142857
2012-10-19 21:20:19,52560,1,69.1672619048,0.0186011904762
2012-10-19 21:20:20,52561,1,69.2373511905,0.0700892857143
2012-10-19 21:20:21,52562,1,69.3475446429,0.110193452381
2012-10-19 21:20:22,52563,1,69.4787946429,0.13125
2012-10-19 21:20:23,52564,1,69.5959077381,0.117113095238
2012-10-19 21:20:24,52565,1,69.6108630952,0.0149553571429
2012-10-19 21:20:25,52566,1,69.408110119,-0.20275297619
2012-10-19 21:20:26,52567,1,68.9508184524,-0.457291666667
2012-10-19 21:20:27,52568,1,68.3404017857,-0.610416666667
2012-10-19 21:20:28,52569,1,67.7398065476,-0.600595238095
2012-10-19 21:20:29,52570,1,67.2232886905,-0.516517857143
2012-10-19 21:20:30,52571,1,66.692485119,-0.530803571429
2012-10-19 21:20:31,52572,1,65.943452381,-0.749032738095
2012-10-19 21:20:32,52573,1,64.8220982143,-1.12135416667
2012-10-19 21:20:33,52574,1,63.320014881,-1.50208333333
2012-10-19 21:20:34,52575,1,61.5436755952,-1.77633928571
2012-10-19 21:20:35,52576,1,59.6389136905,-1.90476190476
2012-10-19 21:20:36,52577,1,57.7526785714,-1.88623511905
2012-10-19 21:20:37,52578,1,56.0013392857,-1.75133928571
2012-10-19 21:20:38,52579,1,54.4415178571,-1.55982142857
2012-10-19 21:20:39,52580,1,53.0821428571,-1.359375
2012-10-19 21:20:40,52581,1,51.8898809524,-1.19226190476
2012-10-19 21:20:41,52582,1,50.7566220238,-1.13325892857
2012-10-19 21:20:42,52583,1,49.4908482143,-1.26577380952
2012-10-19 21:20:43,52584,1,47.8865327381,-1.60431547619
2012-10-19 21:20:44,52585,1,45.8607142857,-2.02581845238
2012-10-19 21:20:45,52586,1,43.5575892857,-2.303125
2012-10-19 21:20:46,52587,1,41.2881696429,-2.26941964286
2012-10-19 21:20:47,52588,1,39.302827381,-1.9853422619
2012-10-19 21:20:48,52589,1,37.588764881,-1.7140625
2012-10-19 21:20:49,52590,1,35.9358630952,-1.65290178571
2012-10-19 21:20:50,52591,1,34.2155505952,-1.7203125
2012-10-19 21:20:51,52592,1,32.5367559524,-1.67879464286
2012-10-19 21:20:52,52593,1,31.1375,-1.39925595238
2012-10-19 21:20:53,52594,1,30.1463541667,-0.991145833333
2012-10-19 21:20:54,52595,1,29.4163690476,-0.729985119048
2012-10-19 21:20:55,52596,1,28.6198660714,-0.79650297619
2012-10-19 21:20:56,52597,1,27.5258928571,-1.09397321429
2012-10-19 21:20:57,52598,1,26.154389881,-1.37150297619
2012-10-19 21:20:58,52599,1,24.7453125,-1.40907738095
2012-10-19 21:20:59,52600,1,23.6581845238,-1.08712797619
2012-10-19 21:21:00,52601,1,23.2026785714,-0.455505952381
2012-10-19 21:21:01,52602,1,23.4658482143,0.263169642857
2012-10-19 21:21:02,52603,1,24.2541666667,0.788318452381
2012-10-19 21:21:03,52604,1,25.1405505952,0.886383928571
2012-10-19 21:21:04,52605,1,25.6154761905,0.474925595238
2012-10-19 21:21:05,52606,1,25.2976934524,-0.317782738095
2012-10-19 21:21:06,52607,1,24.0245535714,-1.27313988095
2012-10-19 21:21:07,52608,1,21.7924107143,-2.23214285714
2012-10-19 21:21:08,52609,1,18.6991815476,-3.09322916667
2012-10-19 21:21:09,52610,1,14.9452380952,-3.75394345238
2012-10-19 21:21:10,52611,1,10.8474702381,-4.09776785714
2012-10-19 21:21:11,52612,1,6.85699404762,-3.99047619048
2012-10-19 21:21:12,52613,1,3.5953125,-3.26168154762
2012-10-19 21:21:13,52614,1,0.0,-3.5953125
2012-10-19 21:21:48,52649,35,0.0,0.0
2012-10-19 21:21:49,52650,1,4.34025297619,4.34025297619
2012-10-19 21:21:50,52651,1,7.82671130952,3.48645833333
2012-10-19 21:21:51,52652,1,11.7348958333,3.90818452381
2012-10-19 21:21:52,52653,1,15.6569196429,3.92202380952
2012-10-19 21:21:53,52654,1,19.5107142857,3.85379464286
2012-10-19 21:21:54,52655,1,23.2171130952,3.70639880952
2012-10-19 21:21:55,52656,1,26.5760416667,3.35892857143
2012-10-19 21:21:56,52657,1,29.4208333333,2.84479166667
2012-10-19 21:21:57,52658,1,31.7949404762,2.37410714286
2012-10-19 21:21:58,52659,1,33.8631696429,2.06822916667
2012-10-19 21:21:59,52660,1,35.6380208333,1.77485119048
2012-10-19 21:22:00,52661,1,36.898735119,1.26071428571
2012-10-19 21:22:01,52662,1,37.4447172619,0.545982142857
2012-10-19 21:22:02,52663,1,37.3720982143,-0.0726190476191
2012-10-19 21:22:03,52664,1,37.0319196429,-0.340178571429
2012-10-19 21:22:04,52665,1,36.7423363095,-0.289583333333
2012-10-19 21:22:05,52666,1,36.5947916667,-0.147544642857
2012-10-19 21:22:06,52667,1,36.5125744048,-0.0822172619048
2012-10-19 21:22:07,52668,1,36.4085565476,-0.104017857143
2012-10-19 21:22:08,52669,1,36.2509672619,-0.157589285714
2012-10-19 21:22:09,52670,1,36.0374255952,-0.213541666667
2012-10-19 21:22:10,52671,1,35.7688244048,-0.268601190476
2012-10-19 21:22:11,52672,1,35.4597470238,-0.309077380952
2012-10-19 21:22:12,52673,1,35.1668154762,-0.292931547619
2012-10-19 21:22:13,52674,1,34.9879464286,-0.178869047619
2012-10-19 21:22:14,52675,1,35.0257440476,0.0377976190477
2012-10-19 21:22:15,52676,1,35.3662202381,0.340476190476
2012-10-19 21:22:16,52677,1,36.0670386905,0.700818452381
2012-10-19 21:22:17,52678,1,37.1114583333,1.04441964286
2012-10-19 21:22:18,52679,1,38.3677827381,1.25632440476
2012-10-19 21:22:19,52680,1,39.6144345238,1.24665178571
2012-10-19 21:22:20,52681,1,40.6206845238,1.00625
2012-10-19 21:22:21,52682,1,41.2388392857,0.618154761905
2012-10-19 21:22:22,52683,1,41.4575892857,0.21875
2012-10-19 21:22:23,52684,1,41.388764881,-0.0688244047619
2012-10-19 21:22:24,52685,1,41.2027529762,-0.186011904762
2012-10-19 21:22:25,52686,1,41.0382440476,-0.164508928571
2012-10-19 21:22:26,52687,1,40.9340029762,-0.104241071429
2012-10-19 21:22:27,52688,1,40.8441220238,-0.089880952381
2012-10-19 21:22:28,52689,1,40.7248511905,-0.119270833333
2012-10-19 21:22:29,52690,1,40.6078125,-0.117038690476
2012-10-19 21:22:30,52691,1,40.588764881,-0.0190476190476
2012-10-19 21:22:31,52692,1,40.7386160714,0.149851190476
2012-10-19 21:22:32,52693,1,41.0274553571,0.288839285714
2012-10-19 21:22:33,52694,1,41.337797619,0.310342261905
2012-10-19 21:22:34,52695,1,41.5386904762,0.200892857143
2012-10-19 21:22:35,52696,1,41.5476190476,0.0089285714286
2012-10-19 21:22:36,52697,1,41.3455357143,-0.202083333333
2012-10-19 21:22:37,52698,1,40.9561755952,-0.389360119048
2012-10-19 21:22:38,52699,1,40.4241815476,-0.531994047619
2012-10-19 21:22:39,52700,1,39.8077380952,-0.616443452381
2012-10-19 21:22:40,52701,1,39.165327381,-0.642410714286
2012-10-19 21:22:41,52702,1,38.5286458333,-0.636681547619
2012-10-19 21:22:42,52703,1,37.8926339286,-0.636011904762
2012-10-19 21:22:43,52704,1,37.2389880952,-0.653645833333
2012-10-19 21:22:44,52705,1,36.5628720238,-0.676116071429
2012-10-19 21:22:45,52706,1,35.8758928571,-0.686979166667
2012-10-19 21:22:46,52707,1,35.1863839286,-0.689508928571
2012-10-19 21:22:47,52708,1,34.4533482143,-0.733035714286
2012-10-19 21:22:48,52709,1,33.5264136905,-0.926934523809
2012-10-19 21:22:49,52710,1,32.1405505952,-1.38586309524
2012-10-19 21:22:50,52711,1,30.0209821429,-2.11956845238
2012-10-19 21:22:51,52712,1,27.0506696429,-2.9703125
2012-10-19 21:22:52,52713,1,23.3760416667,-3.67462797619
2012-10-19 21:22:53,52714,1,19.3348958333,-4.04114583333
2012-10-19 21:22:54,52715,1,15.2545386905,-4.08035714286
2012-10-19 21:22:55,52716,1,11.4083333333,-3.84620535714
2012-10-19 21:22:56,52717,1,8.23958333333,-3.16875
2012-10-19 21:22:57,52718,1,6.43392857143,-1.8056547619
2012-10-19 21:22:58,52719,1,6.53407738095,0.100148809524
2012-10-19 21:22:59,52720,1,8.50349702381,1.96941964286
2012-10-19 21:23:00,52721,1,11.7357142857,3.2322172619
2012-10-19 21:23:01,52722,1,15.4377232143,3.70200892857
2012-10-19 21:23:02,52723,1,19.0270089286,3.58928571429
2012-10-19 21:23:03,52724,1,22.2700892857,3.24308035714
2012-10-19 21:23:04,52725,1,25.1241071429,2.85401785714
2012-10-19 21:23:05,52726,1,27.5655505952,2.44144345238
2012-10-19 21:23:06,52727,1,29.6244047619,2.05885416667
2012-10-19 21:23:07,52728,1,31.4108630952,1.78645833333
2012-10-19 21:23:08,52729,1,32.9845982143,1.57373511905
2012-10-19 21:23:09,52730,1,34.301860119,1.31726190476
2012-10-19 21:23:10,52731,1,35.3176339286,1.01577380952
2012-10-19 21:23:11,52732,1,36.0250744048,0.707440476191
2012-10-19 21:23:12,52733,1,36.3961309524,0.371056547619
2012-10-19 21:23:13,52734,1,36.3582589286,-0.0378720238096
2012-10-19 21:23:14,52735,1,35.8226934524,-0.53556547619
2012-10-19 21:23:15,52736,1,34.7326636905,-1.0900297619
2012-10-19 21:23:16,52737,1,33.1320684524,-1.6005952381
2012-10-19 21:23:17,52738,1,31.1875744048,-1.94449404762
2012-10-19 21:23:18,52739,1,29.099702381,-2.08787202381
2012-10-19 21:23:19,52740,1,26.9808779762,-2.11882440476
2012-10-19 21:23:20,52741,1,24.8105654762,-2.1703125
2012-10-19 21:23:21,52742,1,22.4553819444,-2.35518353175
2012-10-19 21:23:22,52743,1,19.7105406746,-2.74484126984
2012-10-19 21:23:23,52744,1,16.4242559524,-3.28628472222
2012-10-19 21:23:24,52745,1,12.7136160714,-3.71063988095
2012-10-19 21:23:25,52746,1,9.05290178571,-3.66071428571
2012-10-19 21:23:26,52747,1,6.11651785714,-2.93638392857
2012-10-19 21:23:27,52748,1,4.54176587302,-1.57475198413
2012-10-19 21:23:28,52749,1,4.66478174603,0.123015873016
2012-10-19 21:23:29,52750,1,6.2962797619,1.63149801587
2012-10-19 21:23:30,52751,1,8.8552827381,2.55900297619
2012-10-19 21:23:31,52752,1,11.7845238095,2.92924107143
2012-10-19 21:23:32,52753,1,14.7804315476,2.9959077381
2012-10-19 21:23:33,52754,1,17.7421378968,2.96170634921
2012-10-19 21:23:34,52755,1,20.5731894841,2.8310515873
2012-10-19 21:23:35,52756,1,23.0061011905,2.43291170635
2012-10-19 21:23:36,52757,1,24.7572916667,1.75119047619
2012-10-19 21:23:37,52758,1,25.8888392857,1.13154761905
2012-10-19 21:23:38,52759,1,26.8286458333,0.939806547619
2012-10-19 21:23:39,52760,1,27.9713541667,1.14270833333
2012-10-19 21:23:40,52761,1,29.3167410714,1.34538690476
2012-10-19 21:23:41,52762,1,30.5020089286,1.18526785714
2012-10-19 21:23:42,52763,1,31.1670386905,0.665029761905
2012-10-19 21:23:43,52764,1,31.2626488095,0.0956101190476
2012-10-19 21:23:44,52765,1,31.0191220238,-0.243526785714
2012-10-19 21:23:45,52766,1,30.6938244048,-0.325297619048
2012-10-19 21:23:46,52767,1,30.3724702381,-0.321354166667
2012-10-19 21:23:47,52768,1,29.9608630952,-0.411607142857
2012-10-19 21:23:48,52769,1,29.3240327381,-0.636830357143
2012-10-19 21:23:49,52770,1,28.4101934524,-0.913839285714
2012-10-19 21:23:50,52771,1,27.2202380952,-1.18995535714
2012-10-19 21:23:51,52772,1,25.6400297619,-1.58020833333
2012-10-19 21:23:52,52773,1,23.3449404762,-2.29508928571
2012-10-19 21:23:53,52774,1,20.0455357143,-3.2994047619
2012-10-19 21:23:54,52775,1,15.9915178571,-4.05401785714
2012-10-19 21:23:55,52776,1,12.15625,-3.83526785714
2012-10-19 21:23:56,52777,1,9.71160714286,-2.44464285714
2012-10-19 21:23:57,52778,1,9.21086309524,-0.500744047619
2012-10-19 21:23:58,52779,1,10.2671875,1.05632440476
2012-10-19 21:23:59,52780,1,12.0151041667,1.74791666667
2012-10-19 21:24:00,52781,1,13.8743303571,1.85922619048
2012-10-19 21:24:01,52782,1,15.853422619,1.9790922619
2012-10-19 21:24:02,52783,1,18.1561011905,2.30267857143
2012-10-19 21:24:03,52784,1,20.676264881,2.52016369048
2012-10-19 21:24:04,52785,1,23.015327381,2.3390625
2012-10-19 21:24:05,52786,1,24.8505208333,1.83519345238
2012-10-19 21:24:06,52787,1,26.081547619,1.23102678571
2012-10-19 21:24:07,52788,1,26.6751488095,0.593601190476
2012-10-19 21:24:08,52789,1,26.5540178571,-0.121130952381
2012-10-19 21:24:09,52790,1,25.693452381,-0.86056547619
2012-10-19 21:24:10,52791,1,24.2796130952,-1.41383928571
2012-10-19 21:24:11,52792,1,22.7323660714,-1.54724702381
2012-10-19 21:24:12,52793,1,21.5273065476,-1.20505952381
2012-10-19 21:24:13,52794,1,20.9394345238,-0.587872023809
2012-10-19 21:24:14,52795,1,20.9247767857,-0.0146577380952
2012-10-19 21:24:15,52796,1,21.208110119,0.283333333333
2012-10-19 21:24:16,52797,1,21.4584077381,0.250297619048
2012-10-19 21:24:17,52798,1,21.4555803571,-0.0028273809523
2012-10-19 21:24:18,52799,1,21.1997767857,-0.255803571429
2012-10-19 21:24:19,52800,1,20.88125,-0.318526785714
2012-10-19 21:24:20,52801,1,20.7147321429,-0.166517857143
2012-10-19 21:24:21,52802,1,20.8011904762,0.0864583333334
2012-10-19 21:24:22,52803,1,21.1382440476,0.337053571429
2012-10-19 21:24:23,52804,1,21.6907738095,0.552529761905
2012-10-19 21:24:24,52805,1,22.380952381,0.690178571429
2012-10-19 21:24:25,52806,1,23.0311755952,0.650223214286
2012-10-19 21:24:26,52807,1,23.3995535714,0.368377976191
2012-10-19 21:24:27,52808,1,23.3350446429,-0.0645089285715
2012-10-19 21:24:28,52809,1,22.9159970238,-0.419047619048
2012-10-19 21:24:29,52810,1,22.4167410714,-0.499255952381
2012-10-19 21:24:30,52811,1,22.1010416667,-0.315699404762
2012-10-19 21:24:31,52812,1,22.0162946429,-0.0847470238096
2012-10-19 21:24:32,52813,1,21.9822916667,-0.0340029761904
2012-10-19 21:24:33,52814,1,21.7989583333,-0.183333333333
2012-10-19 21:24:34,52815,1,21.4749255952,-0.324032738095
2012-10-19 21:24:35,52816,1,21.2552083333,-0.219717261905
2012-10-19 21:24:36,52817,1,21.4264880952,0.171279761905
2012-10-19 21:24:37,52818,1,22.0517113095,0.625223214286
2012-10-19 21:24:38,52819,1,22.8506696429,0.798958333333
2012-10-19 21:24:39,52820,1,23.3648065476,0.514136904762
2012-10-19 21:24:40,52821,1,23.2686011905,-0.0962053571428
2012-10-19 21:24:41,52822,1,22.5301339286,-0.738467261905
2012-10-19 21:24:42,52823,1,21.3139880952,-1.21614583333
2012-10-19 21:24:43,52824,1,19.7948660714,-1.51912202381
2012-10-19 21:24:44,52825,1,18.0957589286,-1.69910714286
2012-10-19 21:24:45,52826,1,16.3499255952,-1.74583333333
2012-10-19 21:24:46,52827,1,14.7210565476,-1.62886904762
2012-10-19 21:24:47,52828,1,13.329389881,-1.39166666667
2012-10-19 21:24:48,52829,1,12.1744047619,-1.15498511905
2012-10-19 21:24:49,52830,1,11.1261904762,-1.04821428571
2012-10-19 21:24:50,52831,1,9.99207589286,-1.13411458333
2012-10-19 21:24:51,52832,1,8.62663690476,-1.3654389881
2012-10-19 21:24:52,52833,1,7.03976934524,-1.58686755952
2012-10-19 21:24:53,52834,1,5.43578869048,-1.60398065476
2012-10-19 21:24:54,52835,1,4.12038690476,-1.31540178571
2012-10-19 21:24:55,52836,1,3.309375,-0.811011904762
2012-10-19 21:24:56,52837,1,2.98459821429,-0.324776785714
2012-10-19 21:24:57,52838,1,2.9640625,-0.0205357142857
2012-10-19 21:24:58,52839,1,3.14441964286,0.180357142857
2012-10-19 21:24:59,52840,1,3.5646577381,0.420238095238
2012-10-19 21:25:00,52841,1,4.1681547619,0.60349702381
2012-10-19 21:25:01,52842,1,4.67574404762,0.507589285714
2012-10-19 21:25:02,52843,1,4.79103422619,0.115290178571
2012-10-19 21:25:03,52844,1,4.44546130952,-0.345572916667
2012-10-19 21:25:04,52845,1,3.84720982143,-0.598251488095
2012-10-19 21:25:05,52846,1,3.3080109127,-0.53919890873
2012-10-19 21:25:06,52847,1,2.9738343254,-0.334176587302
2012-10-19 21:25:07,52848,1,2.7693452381,-0.204489087302
2012-10-19 21:25:08,52849,1,2.5915922619,-0.17775297619
2012-10-19 21:25:09,52850,1,2.43191964286,-0.159672619048
2012-10-19 21:25:10,52851,1,2.36041666667,-0.0715029761905
2012-10-19 21:25:11,52852,1,2.51507936508,0.154662698413
2012-10-19 21:25:12,52853,1,3.00277777778,0.487698412698
2012-10-19 21:25:13,52854,1,3.67388392857,0.671106150794
2012-10-19 21:25:14,52855,1,4.06004464286,0.386160714286
2012-10-19 21:25:15,52856,1,3.68147321429,-0.378571428571
2012-10-19 21:25:16,52857,1,2.5630952381,-1.11837797619
2012-10-19 21:25:17,52858,1,0.0,-2.5630952381
2012-10-19 21:27:03,52964,106,0.0,0.0
2012-10-19 21:27:04,52965,1,1.78325892857,1.78325892857
2012-10-19 21:27:05,52966,1,2.67816220238,0.89490327381
2012-10-19 21:27:06,52967,1,3.2197172619,0.541555059524
2012-10-19 21:27:07,52968,1,3.29587053571,0.0761532738095
2012-10-19 21:27:08,52969,1,3.17767857143,-0.118191964286
2012-10-19 21:27:09,52970,1,3.29642857143,0.11875
2012-10-19 21:27:10,52971,1,4.0625,0.766071428571
2012-10-19 21:27:11,52972,1,5.64534970238,1.58284970238
2012-10-19 21:27:12,52973,1,7.86748511905,2.22213541667
2012-10-19 21:27:13,52974,1,10.3332217262,2.46573660714
2012-10-19 21:27:14,52975,1,12.665625,2.33240327381
2012-10-19 21:27:15,52976,1,14.692671131,2.02704613095
2012-10-19 21:27:16,52977,1,16.4458333333,1.75316220238
2012-10-19 21:27:17,52978,1,17.9703125,1.52447916667
2012-10-19 21:27:18,52979,1,19.2186755952,1.24836309524
2012-10-19 21:27:19,52980,1,20.1626488095,0.943973214286
2012-10-19 21:27:20,52981,1,20.8961309524,0.733482142857
2012-10-19 21:27:21,52982,1,21.5873511905,0.691220238095
2012-10-19 21:27:22,52983,1,22.3853422619,0.797991071429
2012-10-19 21:27:23,52984,1,23.3484375,0.963095238095
2012-10-19 21:27:24,52985,1,24.3960565476,1.04761904762
2012-10-19 21:27:25,52986,1,25.3389136905,0.942857142857
2012-10-19 21:27:26,52987,1,26.0061755952,0.667261904762
2012-10-19 21:27:27,52988,1,26.3654017857,0.359226190476
2012-10-19 21:27:28,52989,1,26.5219494048,0.156547619048
2012-10-19 21:27:29,52990,1,26.6066964286,0.0847470238095
2012-10-19 21:27:30,52991,1,26.6725446429,0.0658482142857
2012-10-19 21:27:31,52992,1,26.7055059524,0.0329613095239
2012-10-19 21:27:32,52993,1,26.7114583333,0.0059523809523
2012-10-19 21:27:33,52994,1,26.7503720238,0.0389136904762
2012-10-19 21:27:34,52995,1,26.8843005952,0.133928571429
2012-10-19 21:27:35,52996,1,27.1042410714,0.219940476191
2012-10-19 21:27:36,52997,1,27.2974702381,0.193229166667
2012-10-19 21:27:37,52998,1,27.295610119,-0.0018601190476
2012-10-19 21:27:38,52999,1,26.9785714286,-0.317038690476
2012-10-19 21:27:39,53000,1,26.3511160714,-0.627455357143
2012-10-19 21:27:40,53001,1,25.5536458333,-0.797470238095
2012-10-19 21:27:41,53002,1,24.8034970238,-0.750148809524
2012-10-19 21:27:42,53003,1,24.2818452381,-0.521651785714
2012-10-19 21:27:43,53004,1,24.0360863095,-0.245758928571
2012-10-19 21:27:44,53005,1,23.9313244048,-0.104761904762
2012-10-19 21:27:45,53006,1,23.653422619,-0.277901785714
2012-10-19 21:27:46,53007,1,22.841889881,-0.811532738095
2012-10-19 21:27:47,53008,1,21.3363095238,-1.50558035714
2012-10-19 21:27:48,53009,1,19.3432291667,-1.99308035714
2012-10-19 21:27:49,53010,1,17.4198660714,-1.92336309524
2012-10-19 21:27:50,53011,1,16.2669642857,-1.15290178571
2012-10-19 21:27:51,53012,1,16.3375,0.0705357142857
2012-10-19 21:27:52,53013,1,17.506547619,1.16904761905
2012-10-19 21:27:53,53014,1,19.1079613095,1.60141369048
2012-10-19 21:27:54,53015,1,20.2704613095,1.1625
2012-10-19 21:27:55,53016,1,20.2927083333,0.0222470238095
2012-10-19 21:27:56,53017,1,18.8834821429,-1.40922619048
2012-10-19 21:27:57,53018,1,16.1905505952,-2.69293154762
2012-10-19 21:27:58,53019,1,12.7521577381,-3.43839285714
2012-10-19 21:27:59,53020,1,9.48154761905,-3.27061011905
2012-10-19 21:28:00,53021,1,7.42827380952,-2.05327380952
2012-10-19 21:28:01,53022,1,7.2290922619,-0.199181547619
2012-10-19 21:28:02,53023,1,8.75037202381,1.5212797619
2012-10-19 21:28:03,53024,1,11.2763392857,2.5259672619
2012-10-19 21:28:04,53025,1,13.9523809524,2.67604166667
2012-10-19 21:28:05,53026,1,16.0427579365,2.09037698413
2012-10-19 21:28:06,53027,1,16.9017361111,0.858978174603
2012-10-19 21:28:07,53028,1,15.9945684524,-0.90716765873
2012-10-19 21:28:08,53029,1,13.2750744048,-2.71949404762
2012-10-19 21:28:09,53030,1,9.5130952381,-3.76197916667
2012-10-19 21:28:10,53031,1,6.01413690476,-3.49895833333
2012-10-19 21:28:11,53032,1,3.96515376984,-2.04898313492
2012-10-19 21:28:12,53033,1,3.91267361111,-0.0524801587302
2012-10-19 21:28:13,53034,1,5.58199404762,1.66932043651
2012-10-19 21:28:14,53035,1,8.13363095238,2.55163690476
2012-10-19 21:28:15,53036,1,10.6651041667,2.53147321429
2012-10-19 21:28:16,53037,1,12.625297619,1.96019345238
2012-10-19 21:28:17,53038,1,14.0688740079,1.44357638889
2012-10-19 21:28:18,53039,1,15.5845486111,1.51567460317
2012-10-19 21:28:19,53040,1,17.759672619,2.17512400794
2012-10-19 21:28:20,53041,1,20.664360119,2.9046875
2012-10-19 21:28:21,53042,1,23.8819940476,3.21763392857
2012-10-19 21:28:22,53043,1,26.9007440476,3.01875
2012-10-19 21:28:23,53044,1,29.4136160714,2.51287202381
2012-10-19 21:28:24,53045,1,31.3819940476,1.96837797619
2012-10-19 21:28:25,53046,1,32.917485119,1.53549107143
2012-10-19 21:28:26,53047,1,34.1084077381,1.19092261905
2012-10-19 21:28:27,53048,1,34.9627232143,0.854315476191
2012-10-19 21:28:28,53049,1,35.4735119048,0.510788690476
2012-10-19 21:28:29,53050,1,35.6630952381,0.189583333333
2012-10-19 21:28:30,53051,1,35.554985119,-0.108110119048
2012-10-19 21:28:31,53052,1,35.1017857143,-0.453199404762
2012-10-19 21:28:32,53053,1,34.0901041667,-1.01168154762
2012-10-19 21:28:33,53054,1,32.1035714286,-1.9865327381
2012-10-19 21:28:34,53055,1,28.687797619,-3.41577380952
2012-10-19 21:28:35,53056,1,23.7654017857,-4.92239583333
2012-10-19 21:28:36,53057,1,18.0587797619,-5.70662202381
2012-10-19 21:28:37,53058,1,13.0414434524,-5.01733630952
2012-10-19 21:28:38,53059,1,10.2078869048,-2.83355654762
2012-10-19 21:28:39,53060,1,10.1852678571,-0.022619047619
2012-10-19 21:28:40,53061,1,12.4963541667,2.31108630952
2012-10-19 21:28:41,53062,1,16.0944196429,3.59806547619
2012-10-19 21:28:42,53063,1,20.0454613095,3.95104166667
2012-10-19 21:28:43,53064,1,23.8163690476,3.7709077381
2012-10-19 21:28:44,53065,1,27.1501488095,3.3337797619
2012-10-19 21:28:45,53066,1,29.8692708333,2.71912202381
2012-10-19 21:28:46,53067,1,31.8948660714,2.0255952381
2012-10-19 21:28:47,53068,1,33.3359375,1.44107142857
2012-10-19 21:28:48,53069,1,34.3723214286,1.03638392857
2012-10-19 21:28:49,53070,1,35.0871279762,0.714806547619
2012-10-19 21:28:50,53071,1,35.5156994048,0.428571428571
2012-10-19 21:28:51,53072,1,35.7668154762,0.251116071429
2012-10-19 21:28:52,53073,1,35.9819940476,0.215178571428
2012-10-19 21:28:53,53074,1,36.2007440476,0.21875
2012-10-19 21:28:54,53075,1,36.3002232143,0.0994791666667
2012-10-19 21:28:55,53076,1,36.0365327381,-0.263690476191
2012-10-19 21:28:56,53077,1,35.1310267857,-0.905505952381
2012-10-19 21:28:57,53078,1,33.3630208333,-1.76800595238
2012-10-19 21:28:58,53079,1,30.6274305556,-2.73559027778
2012-10-19 21:28:59,53080,1,26.9372271825,-3.69020337302
2012-10-19 21:29:00,53081,1,22.4547619048,-4.48246527778
2012-10-19 21:29:01,53082,1,17.5735119048,-4.88125
2012-10-19 21:29:02,53083,1,12.8848214286,-4.68869047619
2012-10-19 21:29:03,53084,1,9.021875,-3.86294642857
2012-10-19 21:29:04,53085,1,6.54632936508,-2.47554563492
2012-10-19 21:29:05,53086,1,5.78737599206,-0.758953373016
2012-10-19 21:29:06,53087,1,6.62232142857,0.834945436508
2012-10-19 21:29:07,53088,1,8.54241071429,1.92008928571
2012-10-19 21:29:08,53089,1,10.98125,2.43883928571
2012-10-19 21:29:09,53090,1,13.5438244048,2.56257440476
2012-10-19 21:29:10,53091,1,16.0766865079,2.53286210317
2012-10-19 21:29:11,53092,1,18.5669890873,2.49030257937
2012-10-19 21:29:12,53093,1,20.9046130952,2.33762400794
2012-10-19 21:29:13,53094,1,22.8618303571,1.9572172619
2012-10-19 21:29:14,53095,1,24.3342261905,1.47239583333
2012-10-19 21:29:15,53096,1,25.4396577381,1.10543154762
2012-10-19 21:29:16,53097,1,26.3717261905,0.932068452381
2012-10-19 21:29:17,53098,1,27.2421875,0.870461309524
2012-10-19 21:29:18,53099,1,28.0447916667,0.802604166667
2012-10-19 21:29:19,53100,1,28.7113839286,0.666592261905
2012-10-19 21:29:20,53101,1,29.1822916667,0.470907738095
2012-10-19 21:29:21,53102,1,29.4553571429,0.27306547619
2012-10-19 21:29:22,53103,1,29.6118303571,0.156473214286
2012-10-19 21:29:23,53104,1,29.7848958333,0.17306547619
2012-10-19 21:29:24,53105,1,30.0663690476,0.281473214286
2012-10-19 21:29:25,53106,1,30.4194196429,0.353050595238
2012-10-19 21:29:26,53107,1,30.6704613095,0.251041666667
2012-10-19 21:29:27,53108,1,30.6007440476,-0.0697172619048
2012-10-19 21:29:28,53109,1,30.0411458333,-0.559598214286
2012-10-19 21:29:29,53110,1,28.8567708333,-1.184375
2012-10-19 21:29:30,53111,1,26.9235863095,-1.93318452381
2012-10-19 21:29:31,53112,1,24.2587797619,-2.66480654762
2012-10-19 21:29:32,53113,1,21.2104910714,-3.04828869048
2012-10-19 21:29:33,53114,1,18.484672619,-2.72581845238
2012-10-19 21:29:34,53115,1,16.903125,-1.58154761905
2012-10-19 21:29:35,53116,1,16.9765625,0.0734375
2012-10-19 21:29:36,53117,1,18.5843005952,1.60773809524
2012-10-19 21:29:37,53118,1,21.0404761905,2.45617559524
2012-10-19 21:29:38,53119,1,23.5125744048,2.47209821429
2012-10-19 21:29:39,53120,1,25.4776041667,1.9650297619
2012-10-19 21:29:40,53121,1,26.9078869048,1.4302827381
2012-10-19 21:29:41,53122,1,28.1108630952,1.20297619048
2012-10-19 21:29:42,53123,1,29.3826636905,1.27180059524
2012-10-19 21:29:43,53124,1,30.7427827381,1.36011904762
2012-10-19 21:29:44,53125,1,31.9475446429,1.20476190476
2012-10-19 21:29:45,53126,1,32.7191220238,0.771577380952
2012-10-19 21:29:46,53127,1,32.9542410714,0.235119047619
2012-10-19 21:29:47,53128,1,32.7829613095,-0.171279761905
2012-10-19 21:29:48,53129,1,32.4819196429,-0.301041666667
2012-10-19 21:29:49,53130,1,32.3063988095,-0.175520833333
2012-10-19 21:29:50,53131,1,32.3659970238,0.0595982142857
2012-10-19 21:29:51,53132,1,32.6169642857,0.250967261905
2012-10-19 21:29:52,53133,1,32.925297619,0.308333333333
2012-10-19 21:29:53,53134,1,33.1395833333,0.214285714286
2012-10-19 21:29:54,53135,1,33.1288690476,-0.0107142857143
2012-10-19 21:29:55,53136,1,32.7495535714,-0.37931547619
2012-10-19 21:29:56,53137,1,31.7878720238,-0.961681547619
2012-10-19 21:29:57,53138,1,29.9800595238,-1.8078125
2012-10-19 21:29:58,53139,1,27.1266369048,-2.85342261905
2012-10-19 21:29:59,53140,1,23.2060267857,-3.92061011905
2012-10-19 21:30:00,53141,1,18.448735119,-4.75729166667
2012-10-19 21:30:01,53142,1,13.4482142857,-5.00052083333
2012-10-19 21:30:02,53143,1,9.19538690476,-4.25282738095
2012-10-19 21:30:03,53144,1,6.72447916667,-2.4709077381
2012-10-19 21:30:04,53145,1,6.48355654762,-0.240922619048
2012-10-19 21:30:05,53146,1,8.02633928571,1.5427827381
2012-10-19 21:30:06,53147,1,10.3441220238,2.3177827381
2012-10-19 21:30:07,53148,1,12.5817708333,2.23764880952
2012-10-19 21:30:08,53149,1,14.5578125,1.97604166667
2012-10-19 21:30:09,53150,1,16.6017857143,2.04397321429
2012-10-19 21:30:10,53151,1,18.9502232143,2.3484375
2012-10-19 21:30:11,53152,1,21.4735863095,2.52336309524
2012-10-19 21:30:12,53153,1,23.9113095238,2.43772321429
2012-10-19 21:30:13,53154,1,26.1085565476,2.19724702381
2012-10-19 21:30:14,53155,1,28.010639881,1.90208333333
2012-10-19 21:30:15,53156,1,29.5832589286,1.57261904762
2012-10-19 21:30:16,53157,1,30.7828869048,1.19962797619
2012-10-19 21:30:17,53158,1,31.5944196429,0.811532738095
2012-10-19 21:30:18,53159,1,32.082514881,0.488095238095
2012-10-19 21:30:19,53160,1,32.3446428571,0.26212797619
2012-10-19 21:30:20,53161,1,32.4088541667,0.0642113095238
2012-10-19 21:30:21,53162,1,32.2523065476,-0.156547619048
2012-10-19 21:30:22,53163,1,31.9205357143,-0.331770833333
2012-10-19 21:30:23,53164,1,31.5574404762,-0.363095238095
2012-10-19 21:30:24,53165,1,31.3212797619,-0.236160714286
2012-10-19 21:30:25,53166,1,31.3167410714,-0.0045386904762
2012-10-19 21:30:26,53167,1,31.5811755952,0.26443452381
2012-10-19 21:30:27,53168,1,32.0848214286,0.503645833333
2012-10-19 21:30:28,53169,1,32.7360119048,0.651190476191
2012-10-19 21:30:29,53170,1,33.3951636905,0.659151785714
2012-10-19 21:30:30,53171,1,33.9287202381,0.533556547619
2012-10-19 21:30:31,53172,1,34.3073660714,0.378645833333
2012-10-19 21:30:32,53173,1,34.6255208333,0.318154761905
2012-10-19 21:30:33,53174,1,34.9734375,0.347916666667
2012-10-19 21:30:34,53175,1,35.3006696429,0.327232142857
2012-10-19 21:30:35,53176,1,35.4218005952,0.121130952381
2012-10-19 21:30:36,53177,1,35.162202381,-0.259598214286
2012-10-19 21:30:37,53178,1,34.509375,-0.652827380952
2012-10-19 21:30:38,53179,1,33.6305059524,-0.878869047619
2012-10-19 21:30:39,53180,1,32.775297619,-0.855208333333
2012-10-19 21:30:40,53181,1,32.1604166667,-0.614880952381
2012-10-19 21:30:41,53182,1,31.8604910714,-0.299925595238
2012-10-19 21:30:42,53183,1,31.7703869048,-0.0901041666667
2012-10-19 21:30:43,53184,1,31.7235119048,-0.046875
2012-10-19 21:30:44,53185,1,31.65625,-0.0672619047619
2012-10-19 21:30:45,53186,1,31.6407738095,-0.0154761904762
2012-10-19 21:30:46,53187,1,31.7898065476,0.149032738095
2012-10-19 21:30:47,53188,1,32.1399553571,0.350148809524
2012-10-19 21:30:48,53189,1,32.603422619,0.463467261905
2012-10-19 21:30:49,53190,1,33.0337797619,0.430357142857
2012-10-19 21:30:50,53191,1,33.3303571429,0.296577380952
2012-10-19 21:30:51,53192,1,33.4570684524,0.126711309524
2012-10-19 21:30:52,53193,1,33.3861607143,-0.0709077380953
2012-10-19 21:30:53,53194,1,33.0546875,-0.331473214286
2012-10-19 21:30:54,53195,1,32.35,-0.7046875
2012-10-19 21:30:55,53196,1,31.1328869048,-1.21711309524
2012-10-19 21:30:56,53197,1,29.3260416667,-1.8068452381
2012-10-19 21:30:57,53198,1,26.9722470238,-2.35379464286
2012-10-19 21:30:58,53199,1,24.1350446429,-2.83720238095
2012-10-19 21:30:59,53200,1,20.7723214286,-3.36272321429
2012-10-19 21:31:00,53201,1,16.8776041667,-3.8947172619
2012-10-19 21:31:01,53202,1,12.8632440476,-4.01436011905
2012-10-19 21:31:02,53203,1,9.69241071429,-3.17083333333
2012-10-19 21:31:03,53204,1,8.39456845238,-1.2978422619
2012-10-19 21:31:04,53205,1,9.3384672619,0.943898809524
2012-10-19 21:31:05,53206,1,12.012202381,2.67373511905
2012-10-19 21:31:06,53207,1,15.4889136905,3.47671130952
2012-10-19 21:31:07,53208,1,19.0188244048,3.52991071429
2012-10-19 21:31:08,53209,1,22.2135416667,3.1947172619
2012-10-19 21:31:09,53210,1,24.8613839286,2.6478422619
2012-10-19 21:31:10,53211,1,26.7828869048,1.92150297619
2012-10-19 21:31:11,53212,1,27.9418154762,1.15892857143
2012-10-19 21:31:12,53213,1,28.5660714286,0.624255952381
2012-10-19 21:31:13,53214,1,29.0162946429,0.450223214286
2012-10-19 21:31:14,53215,1,29.5595982143,0.543303571429
2012-10-19 21:31:15,53216,1,30.2923363095,0.732738095238
2012-10-19 21:31:16,53217,1,31.1756696429,0.883333333333
2012-10-19 21:31:17,53218,1,32.0694940476,0.893824404762
2012-10-19 21:31:18,53219,1,32.7811011905,0.711607142857
2012-10-19 21:31:19,53220,1,33.1746279762,0.393526785714
2012-10-19 21:31:20,53221,1,33.2718005952,0.0971726190476
2012-10-19 21:31:21,53222,1,33.2205357143,-0.0512648809524
2012-10-19 21:31:22,53223,1,33.160639881,-0.0598958333333
2012-10-19 21:31:23,53224,1,33.1468005952,-0.0138392857143
2012-10-19 21:31:24,53225,1,33.1770833333,0.0302827380952
2012-10-19 21:31:25,53226,1,33.2333333333,0.05625
2012-10-19 21:31:26,53227,1,33.263764881,0.0304315476191
2012-10-19 21:31:27,53228,1,33.1318452381,-0.131919642857
2012-10-19 21:31:28,53229,1,32.6142113095,-0.517633928571
2012-10-19 21:31:29,53230,1,31.4876488095,-1.1265625
2012-10-19 21:31:30,53231,1,29.631547619,-1.85610119048
2012-10-19 21:31:31,53232,1,27.0494791667,-2.58206845238
2012-10-19 21:31:32,53233,1,23.8002232143,-3.24925595238
2012-10-19 21:31:33,53234,1,19.9313244048,-3.86889880952
2012-10-19 21:31:34,53235,1,15.5813244048,-4.35
2012-10-19 21:31:35,53236,1,11.2624255952,-4.31889880952
2012-10-19 21:31:36,53237,1,7.94010416667,-3.32232142857
2012-10-19 21:31:37,53238,1,6.57098214286,-1.36912202381
2012-10-19 21:31:38,53239,1,7.46755952381,0.896577380952
2012-10-19 21:31:39,53240,1,10.1520833333,2.68452380952
2012-10-19 21:31:40,53241,1,13.7694940476,3.61741071429
2012-10-19 21:31:41,53242,1,17.5988095238,3.82931547619
2012-10-19 21:31:42,53243,1,21.2474702381,3.64866071429
2012-10-19 21:31:43,53244,1,24.4927827381,3.2453125
2012-10-19 21:31:44,53245,1,27.1360119048,2.64322916667
2012-10-19 21:31:45,53246,1,29.1203125,1.98430059524
2012-10-19 21:31:46,53247,1,30.6413690476,1.52105654762
2012-10-19 21:31:47,53248,1,31.9673363095,1.3259672619
2012-10-19 21:31:48,53249,1,33.1792410714,1.2119047619
2012-10-19 21:31:49,53250,1,34.154389881,0.975148809524
2012-10-19 21:31:50,53251,1,34.7448660714,0.590476190476
2012-10-19 21:31:51,53252,1,34.9099702381,0.165104166667
2012-10-19 21:31:52,53253,1,34.7218005952,-0.188169642857
2012-10-19 21:31:53,53254,1,34.3080357143,-0.413764880952
2012-10-19 21:31:54,53255,1,33.7963541667,-0.511681547619
2012-10-19 21:31:55,53256,1,33.2854910714,-0.510863095238
2012-10-19 21:31:56,53257,1,32.8228422619,-0.462648809524
2012-10-19 21:31:57,53258,1,32.3823660714,-0.440476190476
2012-10-19 21:31:58,53259,1,31.8710565476,-0.51130952381
2012-10-19 21:31:59,53260,1,31.1493303571,-0.721726190476
2012-10-19 21:32:00,53261,1,30.0383928571,-1.1109375
2012-10-19 21:32:01,53262,1,28.3271577381,-1.71123511905
2012-10-19 21:32:02,53263,1,25.7869047619,-2.54025297619
2012-10-19 21:32:03,53264,1,22.2421130952,-3.54479166667
2012-10-19 21:32:04,53265,1,17.7617559524,-4.48035714286
2012-10-19 21:32:05,53266,1,12.8398809524,-4.921875
2012-10-19 21:32:06,53267,1,8.3412202381,-4.49866071429
2012-10-19 21:32:07,53268,1,5.22366071429,-3.11755952381
2012-10-19 21:32:08,53269,1,4.17291666667,-1.05074404762
2012-10-19 21:32:09,53270,1,5.25706845238,1.08415178571
2012-10-19 21:32:10,53271,1,7.85848214286,2.60141369048
2012-10-19 21:32:11,53272,1,11.0419642857,3.18348214286
2012-10-19 21:32:12,53273,1,14.0420386905,3.00007440476
2012-10-19 21:32:13,53274,1,16.4804315476,2.43839285714
2012-10-19 21:32:14,53275,1,18.2878720238,1.80744047619
2012-10-19 21:32:15,53276,1,19.4854910714,1.19761904762
2012-10-19 21:32:16,53277,1,20.0102678571,0.524776785714
2012-10-19 21:32:17,53278,1,19.7335565476,-0.276711309524
2012-10-19 21:32:18,53279,1,18.5769345238,-1.15662202381
2012-10-19 21:32:19,53280,1,16.5297619048,-2.04717261905
2012-10-19 21:32:20,53281,1,13.6379464286,-2.89181547619
2012-10-19 21:32:21,53282,1,10.1139880952,-3.52395833333
2012-10-19 21:32:22,53283,1,6.45007440476,-3.66391369048
2012-10-19 21:32:23,53284,1,3.3662202381,-3.08385416667
2012-10-19 21:32:24,53285,1,0.0,-3.3662202381
2012-10-19 21:32:43,53304,19,0.0,0.0
2012-10-19 21:32:44,53305,1,3.48668154762,3.48668154762
2012-10-19 21:32:45,53306,1,6.37611607143,2.88943452381
2012-10-19 21:32:46,53307,1,9.46108630952,3.0849702381
2012-10-19 21:32:47,53308,1,12.0710565476,2.6099702381
2012-10-19 21:32:48,53309,1,13.9936011905,1.92254464286
2012-10-19 21:32:49,53310,1,15.4842261905,1.490625
2012-10-19 21:32:50,53311,1,17.0500744048,1.56584821429
2012-10-19 21:32:51,53312,1,19.0566964286,2.00662202381
2012-10-19 21:32:52,53313,1,21.4541666667,2.3974702381
2012-10-19 21:32:53,53314,1,23.8946428571,2.44047619048
2012-10-19 21:32:54,53315,1,26.0625744048,2.16793154762
2012-10-19 21:32:55,53316,1,27.8319196429,1.7693452381
2012-10-19 21:32:56,53317,1,29.1869047619,1.35498511905
2012-10-19 21:32:57,53318,1,30.1197916667,0.932886904762
2012-10-19 21:32:58,53319,1,30.6474702381,0.527678571428
2012-10-19 21:32:59,53320,1,30.9090029762,0.261532738095
2012-10-19 21:33:00,53321,1,31.1631696429,0.254166666667
2012-10-19 21:33:01,53322,1,31.5793154762,0.416145833333
2012-10-19 21:33:02,53323,1,32.0435267857,0.464211309524
2012-10-19 21:33:03,53324,1,32.2597470238,0.216220238095
2012-10-19 21:33:04,53325,1,32.0418154762,-0.217931547619
2012-10-19 21:33:05,53326,1,31.4751488095,-0.566666666667
2012-10-19 21:33:06,53327,1,30.8353422619,-0.639806547619
2012-10-19 21:33:07,53328,1,30.3854166667,-0.449925595238
2012-10-19 21:33:08,53329,1,30.2078125,-0.177604166667
2012-10-19 21:33:09,53330,1,30.1758184524,-0.031994047619
2012-10-19 21:33:10,53331,1,30.0828869048,-0.0929315476191
2012-10-19 21:33:11,53332,1,29.8365327381,-0.246354166667
2012-10-19 21:33:12,53333,1,29.5633184524,-0.273214285714
2012-10-19 21:33:13,53334,1,29.5276041667,-0.0357142857143
2012-10-19 21:33:14,53335,1,29.9319196429,0.40431547619
2012-10-19 21:33:15,53336,1,30.7775297619,0.845610119048
2012-10-19 21:33:16,53337,1,31.8842261905,1.10669642857
2012-10-19 21:33:17,53338,1,33.020014881,1.13578869048
2012-10-19 21:33:18,53339,1,34.0154017857,0.995386904762
2012-10-19 21:33:19,53340,1,34.7739583333,0.758556547619
2012-10-19 21:33:20,53341,1,35.2257440476,0.451785714286
2012-10-19 21:33:21,53342,1,35.3272321429,0.101488095238
2012-10-19 21:33:22,53343,1,35.1191964286,-0.208035714286
2012-10-19 21:33:23,53344,1,34.7798363095,-0.339360119048
2012-10-19 21:33:24,53345,1,34.6021577381,-0.177678571429
2012-10-19 21:33:25,53346,1,34.8638392857,0.261681547619
2012-10-19 21:33:26,53347,1,35.6644345238,0.800595238095
2012-10-19 21:33:27,53348,1,36.8552827381,1.19084821429
2012-10-19 21:33:28,53349,1,38.1121279762,1.2568452381
2012-10-19 21:33:29,53350,1,39.0972470238,0.985119047619
2012-10-19 21:33:30,53351,1,39.6031994048,0.505952380952
2012-10-19 21:33:31,53352,1,39.6037946429,0.000595238095201
2012-10-19 21:33:32,53353,1,39.2095982143,-0.394196428571
2012-10-19 21:33:33,53354,1,38.565327381,-0.644270833333
2012-10-19 21:33:34,53355,1,37.775297619,-0.790029761905
2012-10-19 21:33:35,53356,1,36.9311011905,-0.844196428571
2012-10-19 21:33:36,53357,1,36.1752232143,-0.75587797619
2012-10-19 21:33:37,53358,1,35.6835565476,-0.491666666667
2012-10-19 21:33:38,53359,1,35.5783482143,-0.105208333333
2012-10-19 21:33:39,53360,1,35.8576636905,0.279315476191
2012-10-19 21:33:40,53361,1,36.3904017857,0.532738095238
2012-10-19 21:33:41,53362,1,36.9915922619,0.60119047619
2012-10-19 21:33:42,53363,1,37.5220238095,0.530431547619
2012-10-19 21:33:43,53364,1,37.9069940476,0.384970238095
2012-10-19 21:33:44,53365,1,38.0878720238,0.18087797619
2012-10-19 21:33:45,53366,1,38.0204613095,-0.0674107142857
2012-10-19 21:33:46,53367,1,37.7368303571,-0.283630952381
2012-10-19 21:33:47,53368,1,37.3840029762,-0.352827380952
2012-10-19 21:33:48,53369,1,37.1740327381,-0.209970238095
2012-10-19 21:33:49,53370,1,37.2623511905,0.088318452381
2012-10-19 21:33:50,53371,1,37.6529761905,0.390625
2012-10-19 21:33:51,53372,1,38.2246279762,0.571651785714
2012-10-19 21:33:52,53373,1,38.8513392857,0.626711309524
2012-10-19 21:33:53,53374,1,39.4793154762,0.627976190476
2012-10-19 21:33:54,53375,1,40.0912946429,0.611979166667
2012-10-19 21:33:55,53376,1,40.6616815476,0.570386904762
2012-10-19 21:33:56,53377,1,41.1863095238,0.524627976191
2012-10-19 21:33:57,53378,1,41.7156994048,0.529389880952
2012-10-19 21:33:58,53379,1,42.3161458333,0.600446428571
2012-10-19 21:33:59,53380,1,42.9855654762,0.669419642857
2012-10-19 21:34:00,53381,1,43.6069196429,0.621354166667
2012-10-19 21:34:01,53382,1,43.9973958333,0.390476190476
2012-10-19 21:34:02,53383,1,44.0166666667,0.0192708333334
2012-10-19 21:34:03,53384,1,43.6511904762,-0.365476190476
2012-10-19 21:34:04,53385,1,43.0313988095,-0.619791666667
2012-10-19 21:34:05,53386,1,42.3713541667,-0.660044642857
2012-10-19 21:34:06,53387,1,41.859375,-0.511979166667
2012-10-19 21:34:07,53388,1,41.5689732143,-0.290401785714
2012-10-19 21:34:08,53389,1,41.4473214286,-0.121651785714
2012-10-19 21:34:09,53390,1,41.3912202381,-0.0561011904762
2012-10-19 21:34:10,53391,1,41.345014881,-0.0462053571428
2012-10-19 21:34:11,53392,1,41.3322916667,-0.0127232142857
2012-10-19 21:34:12,53393,1,41.4159970238,0.0837053571428
2012-10-19 21:34:13,53394,1,41.6279017857,0.211904761905
2012-10-19 21:34:14,53395,1,41.9090029762,0.281101190476
2012-10-19 21:34:15,53396,1,42.1213541667,0.212351190476
2012-10-19 21:34:16,53397,1,42.1402529762,0.0188988095238
2012-10-19 21:34:17,53398,1,41.9541666667,-0.186086309524
2012-10-19 21:34:18,53399,1,41.6899553571,-0.264211309524
2012-10-19 21:34:19,53400,1,41.5276041667,-0.162351190476
2012-10-19 21:34:20,53401,1,41.5703869048,0.0427827380952
2012-10-19 21:34:21,53402,1,41.7995535714,0.229166666667
2012-10-19 21:34:22,53403,1,42.1433779762,0.343824404762
2012-10-19 21:34:23,53404,1,42.5566220238,0.413244047619
2012-10-19 21:34:24,53405,1,43.0244047619,0.467782738095
2012-10-19 21:34:25,53406,1,43.5117559524,0.487351190476
2012-10-19 21:34:26,53407,1,43.932514881,0.420758928571
2012-10-19 21:34:27,53408,1,44.1926339286,0.260119047619
2012-10-19 21:34:28,53409,1,44.2793154762,0.0866815476191
2012-10-19 21:34:29,53410,1,44.2851190476,0.0058035714285
2012-10-19 21:34:30,53411,1,44.3235863095,0.0384672619048
2012-10-19 21:34:31,53412,1,44.4320684524,0.108482142857
2012-10-19 21:34:32,53413,1,44.5631696429,0.131101190476
2012-10-19 21:34:33,53414,1,44.6608630952,0.097693452381
2012-10-19 21:34:34,53415,1,44.7363095238,0.0754464285714
2012-10-19 21:34:35,53416,1,44.8618303571,0.125520833333
2012-10-19 21:34:36,53417,1,45.0816964286,0.219866071428
2012-10-19 21:34:37,53418,1,45.3395089286,0.2578125
2012-10-19 21:34:38,53419,1,45.5224702381,0.182961309524
2012-10-19 21:34:39,53420,1,45.5700892857,0.0476190476191
2012-10-19 21:34:40,53421,1,45.5136160714,-0.0564732142857
2012-10-19 21:34:41,53422,1,45.4354910714,-0.078125
2012-10-19 21:34:42,53423,1,45.41875,-0.0167410714286
2012-10-19 21:34:43,53424,1,45.5154017857,0.0966517857143
2012-10-19 21:34:44,53425,1,45.7464285714,0.231026785714
2012-10-19 21:34:45,53426,1,46.1083333333,0.361904761905
2012-10-19 21:34:46,53427,1,46.5441220238,0.435788690476
2012-10-19 21:34:47,53428,1,46.9462797619,0.402157738095
2012-10-19 21:34:48,53429,1,47.2520089286,0.305729166667
2012-10-19 21:34:49,53430,1,47.5123511905,0.260342261905
2012-10-19 21:34:50,53431,1,47.8355654762,0.323214285714
2012-10-19 21:34:51,53432,1,48.2819940476,0.446428571429
2012-10-19 21:34:52,53433,1,48.7997767857,0.517782738095
2012-10-19 21:34:53,53434,1,49.233110119,0.433333333333
2012-10-19 21:34:54,53435,1,49.4125744048,0.179464285714
2012-10-19 21:34:55,53436,1,49.253125,-0.159449404762
2012-10-19 21:34:56,53437,1,48.774702381,-0.478422619048
2012-10-19 21:34:57,53438,1,48.0752232143,-0.699479166667
2012-10-19 21:34:58,53439,1,47.2930059524,-0.782217261905
2012-10-19 21:34:59,53440,1,46.5485119048,-0.744494047619
2012-10-19 21:35:00,53441,1,45.913764881,-0.63474702381
2012-10-19 21:35:01,53442,1,45.4383928571,-0.475372023809
2012-10-19 21:35:02,53443,1,45.1587797619,-0.279613095238
2012-10-19 21:35:03,53444,1,45.0681547619,-0.090625
2012-10-19 21:35:04,53445,1,45.1123511905,0.0441964285714
2012-10-19 21:35:05,53446,1,45.2233630952,0.111011904762
2012-10-19 21:35:06,53447,1,45.3452380952,0.121875
2012-10-19 21:35:07,53448,1,45.4241815476,0.0789434523809
2012-10-19 21:35:08,53449,1,45.3741815476,-0.05
2012-10-19 21:35:09,53450,1,45.0732142857,-0.300967261905
2012-10-19 21:35:10,53451,1,44.4294642857,-0.64375
2012-10-19 21:35:11,53452,1,43.4473958333,-0.982068452381
2012-10-19 21:35:12,53453,1,42.1834821429,-1.26391369048
2012-10-19 21:35:13,53454,1,40.6130208333,-1.57046130952
2012-10-19 21:35:14,53455,1,38.5445684524,-2.06845238095
2012-10-19 21:35:15,53456,1,35.6959821429,-2.84858630952
2012-10-19 21:35:16,53457,1,31.946875,-3.74910714286
2012-10-19 21:35:17,53458,1,27.5837797619,-4.3630952381
2012-10-19 21:35:18,53459,1,23.2610863095,-4.32269345238
2012-10-19 21:35:19,53460,1,19.6970982143,-3.56398809524
2012-10-19 21:35:20,53461,1,17.3774553571,-2.31964285714
2012-10-19 21:35:21,53462,1,16.4135416667,-0.963913690476
2012-10-19 21:35:22,53463,1,16.6063244048,0.192782738095
2012-10-19 21:35:23,53464,1,17.6585565476,1.05223214286
2012-10-19 21:35:24,53465,1,19.2902529762,1.63169642857
2012-10-19 21:35:25,53466,1,21.2016369048,1.91138392857
2012-10-19 21:35:26,53467,1,23.0607142857,1.85907738095
2012-10-19 21:35:27,53468,1,24.56875,1.50803571429
2012-10-19 21:35:28,53469,1,25.581547619,1.01279761905
2012-10-19 21:35:29,53470,1,26.2024553571,0.620907738095
2012-10-19 21:35:30,53471,1,26.6910714286,0.488616071429
2012-10-19 21:35:31,53472,1,27.251860119,0.560788690476
2012-10-19 21:35:32,53473,1,27.9003720238,0.648511904762
2012-10-19 21:35:33,53474,1,28.4675595238,0.5671875
2012-10-19 21:35:34,53475,1,28.7174107143,0.249851190476
2012-10-19 21:35:35,53476,1,28.4744047619,-0.243005952381
2012-10-19 21:35:36,53477,1,27.6476934524,-0.826711309524
2012-10-19 21:35:37,53478,1,26.1867559524,-1.4609375
2012-10-19 21:35:38,53479,1,24.0265625,-2.16019345238
2012-10-19 21:35:39,53480,1,21.0543154762,-2.97224702381
2012-10-19 21:35:40,53481,1,17.2253720238,-3.82894345238
2012-10-19 21:35:41,53482,1,12.8529761905,-4.37239583333
2012-10-19 21:35:42,53483,1,8.73913690476,-4.11383928571
2012-10-19 21:35:43,53484,1,5.7953125,-2.94382440476
2012-10-19 21:35:44,53485,1,4.41837797619,-1.37693452381
2012-10-19 21:35:45,53486,1,4.29084821429,-0.127529761905
2012-10-19 21:35:46,53487,1,4.72894345238,0.438095238095
2012-10-19 21:35:47,53488,1,5.11770833333,0.388764880952
2012-10-19 21:35:48,53489,1,5.15691964286,0.0392113095238
2012-10-19 21:35:49,53490,1,4.93519345238,-0.221726190476
2012-10-19 21:35:50,53491,1,4.86324404762,-0.0719494047619
2012-10-19 21:35:51,53492,1,5.46867559524,0.605431547619
2012-10-19 21:35:52,53493,1,7.06569940476,1.59702380952
2012-10-19 21:35:53,53494,1,9.50550595238,2.43980654762
2012-10-19 21:35:54,53495,1,12.3085565476,2.80305059524
2012-10-19 21:35:55,53496,1,15.077827381,2.76927083333
2012-10-19 21:35:56,53497,1,17.724702381,2.646875
2012-10-19 21:35:57,53498,1,20.2885416667,2.56383928571
2012-10-19 21:35:58,53499,1,22.6658482143,2.37730654762
2012-10-19 21:35:59,53500,1,24.6473958333,1.98154761905
2012-10-19 21:36:00,53501,1,26.1484375,1.50104166667
2012-10-19 21:36:01,53502,1,27.2382440476,1.08980654762
2012-10-19 21:36:02,53503,1,27.9651041667,0.726860119048
2012-10-19 21:36:03,53504,1,28.2826636905,0.317559523809
2012-10-19 21:36:04,53505,1,28.1610119048,-0.121651785714
2012-10-19 21:36:05,53506,1,27.7025297619,-0.458482142857
2012-10-19 21:36:06,53507,1,27.1319196429,-0.570610119048
2012-10-19 21:36:07,53508,1,26.6841517857,-0.447767857143
2012-10-19 21:36:08,53509,1,26.4852678571,-0.198883928571
2012-10-19 21:36:09,53510,1,26.5245535714,0.0392857142857
2012-10-19 21:36:10,53511,1,26.7230654762,0.198511904762
2012-10-19 21:36:11,53512,1,27.0085565476,0.285491071429
2012-10-19 21:36:12,53513,1,27.3538690476,0.3453125
2012-10-19 21:36:13,53514,1,27.7796875,0.425818452381
2012-10-19 21:36:14,53515,1,28.3054315476,0.525744047619
2012-10-19 21:36:15,53516,1,28.8811011905,0.575669642857
2012-10-19 21:36:16,53517,1,29.3764880952,0.495386904762
2012-10-19 21:36:17,53518,1,29.6560267857,0.279538690476
2012-10-19 21:36:18,53519,1,29.6840029762,0.0279761904762
2012-10-19 21:36:19,53520,1,29.5601190476,-0.123883928571
2012-10-19 21:36:20,53521,1,29.4431547619,-0.116964285714
2012-10-19 21:36:21,53522,1,29.4321428571,-0.0110119047619
2012-10-19 21:36:22,53523,1,29.5186011905,0.0864583333333
2012-10-19 21:36:23,53524,1,29.645610119,0.127008928571
2012-10-19 21:36:24,53525,1,29.7819196429,0.13630952381
2012-10-19 21:36:25,53526,1,29.923735119,0.14181547619
2012-10-19 21:36:26,53527,1,30.0618303571,0.138095238095
2012-10-19 21:36:27,53528,1,30.1753720238,0.113541666667
2012-10-19 21:36:28,53529,1,30.2433779762,0.068005952381
2012-10-19 21:36:29,53530,1,30.2541666667,0.0107886904762
2012-10-19 21:36:30,53531,1,30.2129464286,-0.0412202380953
2012-10-19 21:36:31,53532,1,30.141889881,-0.071056547619
2012-10-19 21:36:32,53533,1,30.070610119,-0.0712797619048
2012-10-19 21:36:33,53534,1,30.0178571429,-0.0527529761905
2012-10-19 21:36:34,53535,1,29.9630208333,-0.0548363095238
2012-10-19 21:36:35,53536,1,29.8433779762,-0.119642857143
2012-10-19 21:36:36,53537,1,29.6120535714,-0.231324404762
2012-10-19 21:36:37,53538,1,29.2863095238,-0.325744047619
2012-10-19 21:36:38,53539,1,28.8979910714,-0.388318452381
2012-10-19 21:36:39,53540,1,28.3980654762,-0.499925595238
2012-10-19 21:36:40,53541,1,27.6242559524,-0.77380952381
2012-10-19 21:36:41,53542,1,26.3605654762,-1.26369047619
2012-10-19 21:36:42,53543,1,24.4435267857,-1.91703869048
2012-10-19 21:36:43,53544,1,21.8348958333,-2.60863095238
2012-10-19 21:36:44,53545,1,18.6267113095,-3.20818452381
2012-10-19 21:36:45,53546,1,15.0446428571,-3.58206845238
2012-10-19 21:36:46,53547,1,11.4764880952,-3.5681547619
2012-10-19 21:36:47,53548,1,8.40610119048,-3.07038690476
2012-10-19 21:36:48,53549,1,6.15892857143,-2.24717261905
2012-10-19 21:36:49,53550,1,4.63154761905,-1.52738095238
2012-10-19 21:36:50,53551,1,3.37455357143,-1.25699404762
2012-10-19 21:36:51,53552,1,2.12976190476,-1.24479166667
2012-10-19 21:36:52,53553,1,0.0,-2.12976190476
