timestamp,cycle_sec,timestep,speed_mph,accel_meters_ps
2012-03-04 23:10:39,0,23853,0.0,0.0
2012-03-04 23:10:40,1,1,1.18779747991,1.18779747991
2012-03-04 23:10:41,2,1,1.68567678237,0.497879302455
2012-03-04 23:10:42,3,1,1.89793476172,0.212257979353
2012-03-04 23:10:43,4,1,1.85710497507,-0.0408297866444
2012-03-04 23:10:44,5,1,1.72810564453,-0.128999330543
2012-03-04 23:10:45,6,1,1.59356327641,-0.134542368118
2012-03-04 23:10:46,7,1,1.48725759914,-0.106305677269
2012-03-04 23:10:47,8,1,1.50874210826,0.0214845091146
2012-03-04 23:10:48,9,1,1.82613430264,0.317392194382
2012-03-04 23:10:49,10,1,2.55881663728,0.732682334635
2012-03-04 23:10:50,11,1,3.67455328646,1.11573664918
2012-03-04 23:10:51,12,1,5.01897296503,1.34441967857
2012-03-04 23:10:52,13,1,6.42872000149,1.40974703646
2012-03-04 23:10:53,14,1,7.80319915402,1.37447915253
2012-03-04 23:10:54,15,1,9.10810982738,1.30491067336
2012-03-04 23:10:55,16,1,10.336532407,1.22842257961
2012-03-04 23:10:56,17,1,11.4484371667,1.11190475967
2012-03-04 23:10:57,18,1,12.3479907426,0.899553575893
2012-03-04 23:10:58,19,1,12.9356395052,0.587648762649
2012-03-04 23:10:59,20,1,13.1965025201,0.260863014881
2012-03-04 23:11:00,21,1,13.2523804479,0.0558779278274
2012-03-04 23:11:01,22,1,13.3034965223,0.0511160744047
2012-03-04 23:11:02,23,1,13.4801334412,0.176636918899
2012-03-04 23:11:03,24,1,13.7498506607,0.269717219494
2012-03-04 23:11:04,25,1,13.9800588534,0.230208192708
2012-03-04 23:11:05,26,1,14.0890616466,0.109002793155
2012-03-04 23:11:06,27,1,14.1269335781,0.0378719315476
2012-03-04 23:11:07,28,1,14.2058027083,0.0788691302083
2012-03-04 23:11:08,29,1,14.3743297195,0.168527011161
2012-03-04 23:11:09,30,1,14.5799103504,0.205580630952
2012-03-04 23:11:10,31,1,14.7312498564,0.151339505952
2012-03-04 23:11:11,32,1,14.7696427999,0.0383929434524
2012-03-04 23:11:12,33,1,14.6828123943,-0.086830405506
2012-03-04 23:11:13,34,1,14.4725444345,-0.210267959821
2012-03-04 23:11:14,35,1,14.1317705372,-0.340773897321
2012-03-04 23:11:15,36,1,13.6547615588,-0.477008978423
2012-03-04 23:11:16,37,1,13.0509669159,-0.603794642857
2012-03-04 23:11:17,38,1,12.3232883943,-0.727678521577
2012-03-04 23:11:18,39,1,11.3968747902,-0.926413604167
2012-03-04 23:11:19,40,1,10.0952379814,-1.30163680878
2012-03-04 23:11:20,41,1,8.31287195387,-1.78236602753
2012-03-04 23:11:21,42,1,6.27886892708,-2.03400302679
2012-03-04 23:11:22,43,1,4.59412181101,-1.68474711607
2012-03-04 23:11:23,44,1,3.92596700818,-0.668154802827
2012-03-04 23:11:24,45,1,4.56674085491,0.640773846726
2012-03-04 23:11:25,46,1,6.22827364881,1.6615327939
2012-03-04 23:11:26,47,1,8.27127960119,2.04300595238
2012-03-04 23:11:27,48,1,10.1159968088,1.84471720759
2012-03-04 23:11:28,49,1,11.486234872,1.37023806324
2012-03-04 23:11:29,50,1,12.4370533646,0.950818492559
2012-03-04 23:11:30,51,1,13.2215772314,0.784523866816
2012-03-04 23:11:31,52,1,14.0414432604,0.819866029018
2012-03-04 23:11:32,53,1,14.8115323609,0.770089100446
2012-03-04 23:11:33,54,1,15.0968743988,0.285342037946
2012-03-04 23:11:34,55,1,14.31644275,-0.78043164881
2012-03-04 23:11:35,56,1,12.1703862969,-2.14605645313
2012-03-04 23:11:36,57,1,9.03236569122,-3.13802060565
2012-03-04 23:11:37,58,1,5.93087782664,-3.10148786458
2012-03-04 23:11:38,59,1,3.9890624814,-1.94181534524
2012-03-04 23:11:39,60,1,3.71480653125,-0.274255950149
2012-03-04 23:11:40,61,1,4.73013381771,1.01532728646
2012-03-04 23:11:41,62,1,6.13876463244,1.40863081473
2012-03-04 23:11:42,63,1,7.1971722381,1.05840760565
2012-03-04 23:11:43,64,1,7.71904714807,0.52187490997
2012-03-04 23:11:44,65,1,7.93162151786,0.212574369792
2012-03-04 23:11:45,66,1,8.10379413765,0.172172619792
2012-03-04 23:11:46,67,1,8.39508878943,0.291294651786
2012-03-04 23:11:47,68,1,8.91108580729,0.515997017857
2012-03-04 23:11:48,69,1,9.71316910119,0.802083293899
2012-03-04 23:11:49,70,1,10.7419636897,1.02879458854
2012-03-04 23:11:50,71,1,11.7906988028,1.0487351131
2012-03-04 23:11:51,72,1,12.6103417515,0.819642948661
2012-03-04 23:11:52,73,1,13.0597466905,0.449404938988
2012-03-04 23:11:53,74,1,13.1491813996,0.0894347090774
2012-03-04 23:11:54,75,1,12.9712052999,-0.177976099702
2012-03-04 23:11:55,76,1,12.6383927545,-0.332812545387
2012-03-04 23:11:56,77,1,12.2747021369,-0.36369061756
2012-03-04 23:11:57,78,1,12.0024549375,-0.272247199405
2012-03-04 23:11:58,79,1,11.9002226555,-0.102232281994
2012-03-04 23:11:59,80,1,11.9727672619,0.0725446063988
2012-03-04 23:12:00,81,1,12.152901244,0.180133982143
2012-03-04 23:12:01,82,1,12.3360858185,0.183184574405
2012-03-04 23:12:02,83,1,12.4426333973,0.106547578869
2012-03-04 23:12:03,84,1,12.4561749234,0.0135415260417
2012-03-04 23:12:04,85,1,12.4046122857,-0.0515626376488
2012-03-04 23:12:05,86,1,12.3198652619,-0.0847470238095
2012-03-04 23:12:06,87,1,12.2159963519,-0.10386890997
2012-03-04 23:12:07,88,1,12.0999994687,-0.115996883185
2012-03-04 23:12:08,89,1,12.0001483185,-0.0998511502976
2012-03-04 23:12:09,90,1,11.9664429107,-0.0337054077381
2012-03-04 23:12:10,91,1,12.0367553586,0.0703124479167
2012-03-04 23:12:11,92,1,12.1999250446,0.163169686012
2012-03-04 23:12:12,93,1,12.3756692344,0.175744189732
2012-03-04 23:12:13,94,1,12.4335934743,0.0579242399554
2012-03-04 23:12:14,95,1,12.2200332178,-0.213560256511
2012-03-04 23:12:15,96,1,11.5664802526,-0.653552965216
2012-03-04 23:12:16,97,1,10.3786266073,-1.18785364528
2012-03-04 23:12:17,98,1,8.77198579948,-1.60664080785
2012-03-04 23:12:18,99,1,7.05012936477,-1.72185643471
2012-03-04 23:12:19,100,1,5.55799779353,-1.49213157124
2012-03-04 23:12:20,101,1,4.55424057143,-1.0037572221
2012-03-04 23:12:21,102,1,4.11119763504,-0.443042936384
2012-03-04 23:12:22,103,1,4.12970594624,0.0185083111979
2012-03-04 23:12:23,104,1,4.48098939621,0.351283449963
2012-03-04 23:12:24,105,1,5.06080691425,0.579817518043
2012-03-04 23:12:25,106,1,5.74192644531,0.681119531064
2012-03-04 23:12:26,107,1,6.39566509766,0.653738652344
2012-03-04 23:12:27,108,1,6.94661376153,0.550948663876
2012-03-04 23:12:28,109,1,7.37306483854,0.426451077009
2012-03-04 23:12:29,110,1,7.70200852232,0.32894368378
2012-03-04 23:12:30,111,1,8.0025294933,0.300520970982
2012-03-04 23:12:31,112,1,8.33318425223,0.330654758929
2012-03-04 23:12:32,113,1,8.69263356548,0.359449313244
2012-03-04 23:12:33,114,1,9.02492513021,0.332291564732
2012-03-04 23:12:34,115,1,9.24166612054,0.216740990327
2012-03-04 23:12:35,116,1,9.24211249256,0.000446372023811
2012-03-04 23:12:36,117,1,8.97165118229,-0.270461310268
2012-03-04 23:12:37,118,1,8.50394294196,-0.467708240327
2012-03-04 23:12:38,119,1,8.03400264286,-0.469940299107
2012-03-04 23:12:39,120,1,7.74092246949,-0.293080173363
2012-03-04 23:12:40,121,1,7.66994041071,-0.0709820587798
2012-03-04 23:12:41,122,1,7.73549095908,0.0655505483631
2012-03-04 23:12:42,123,1,7.76688967634,0.0313987172619
2012-03-04 23:12:43,124,1,7.57008903795,-0.196800638393
2012-03-04 23:12:44,125,1,7.02038665923,-0.54970237872
2012-03-04 23:12:45,126,1,6.14412174405,-0.876264915179
2012-03-04 23:12:46,127,1,5.19270792411,-0.95141381994
2012-03-04 23:12:47,128,1,4.59181488542,-0.60089303869
2012-03-04 23:12:48,129,1,4.59203797024,0.00022308482143
2012-03-04 23:12:49,130,1,4.93690400744,0.344866037202
2012-03-04 23:12:50,131,1,5.05409151116,0.11718750372
2012-03-04 23:12:51,132,1,4.59679980655,-0.457291704613
2012-03-04 23:12:52,133,1,3.73601102158,-0.86078878497
2012-03-04 23:12:53,134,1,2.96242462649,-0.773586395089
2012-03-04 23:12:54,135,1,2.61071331548,-0.351711311012
2012-03-04 23:12:55,136,1,2.58619702679,-0.0245162886905
2012-03-04 23:12:56,137,1,2.59172167708,0.00552465029762
2012-03-04 23:12:57,138,1,2.4903638683,-0.10135780878
2012-03-04 23:12:58,139,1,2.34153582738,-0.148828040923
2012-03-04 23:12:59,140,1,2.22213491071,-0.119400916667
2012-03-04 23:13:00,141,1,2.12040517262,-0.101729738095
2012-03-04 23:13:01,142,1,1.98850431176,-0.131900860863
2012-03-04 23:13:02,143,1,1.88712794792,-0.101376363839
2012-03-04 23:13:03,144,1,2.00360864881,0.116480700893
2012-03-04 23:13:04,145,1,2.45585938765,0.452250738839
2012-03-04 23:13:05,146,1,3.12116812202,0.665308734375
2012-03-04 23:13:06,147,1,3.70273425818,0.581566136161
2012-03-04 23:13:07,148,1,3.99200127976,0.289267021577
2012-03-04 23:13:08,149,1,4.09778617336,0.105784893601
2012-03-04 23:13:09,150,1,4.37481361905,0.277027445685
2012-03-04 23:13:10,151,1,5.08363045685,0.708816837798
2012-03-04 23:13:11,152,1,6.14508861086,1.06145815402
2012-03-04 23:13:12,153,1,7.21272235417,1.0676337433
2012-03-04 23:13:13,154,1,7.9252222686,0.712499914435
2012-03-04 23:13:14,155,1,8.0812491436,0.156026875
2012-03-04 23:13:15,156,1,7.65989519866,-0.42135394494
2012-03-04 23:13:16,157,1,6.82276745089,-0.837127747768
2012-03-04 23:13:17,158,1,5.94702353646,-0.875743914435
2012-03-04 23:13:18,159,1,5.53296106548,-0.414062470982
2012-03-04 23:13:19,160,1,5.93422594122,0.401264875744
2012-03-04 23:13:20,161,1,7.12790157292,1.1936756317
2012-03-04 23:13:21,162,1,8.74367547173,1.61577389881
2012-03-04 23:13:22,163,1,10.3046130595,1.5609375878
2012-03-04 23:13:23,164,1,11.4384672664,1.13385420685
2012-03-04 23:13:24,165,1,11.9098214353,0.471354168899
2012-03-04 23:13:25,166,1,11.5772321443,-0.332589290923
2012-03-04 23:13:26,167,1,10.4598958348,-1.11733630952
2012-03-04 23:13:27,168,1,8.86607143527,-1.59382439955
2012-03-04 23:13:28,169,1,7.34293155357,-1.5231398817
2012-03-04 23:13:29,170,1,6.40706842336,-0.935863130208
2012-03-04 23:13:30,171,1,6.29992547619,-0.107142947173
2012-03-04 23:13:31,172,1,6.93988070238,0.63995522619
2012-03-04 23:13:32,173,1,8.03191926042,1.09203855804
2012-03-04 23:13:33,174,1,9.23943404613,1.20751478571
2012-03-04 23:13:34,175,1,10.3067703229,1.06733627679
2012-03-04 23:13:35,176,1,11.090624529,0.783854206101
2012-03-04 23:13:36,177,1,11.589210933,0.498586404018
2012-03-04 23:13:37,178,1,11.9576634115,0.368452478423
2012-03-04 23:13:38,179,1,12.3983628557,0.440699444196
2012-03-04 23:13:39,180,1,13.009002692,0.61063983631
2012-03-04 23:13:40,181,1,13.7476186734,0.738615981399
2012-03-04 23:13:41,182,1,14.4974698088,0.749851135417
2012-03-04 23:13:42,183,1,15.1558775618,0.658407752976
2012-03-04 23:13:43,184,1,15.6924103371,0.536532775298
2012-03-04 23:13:44,185,1,16.1253716466,0.432961309524
2012-03-04 23:13:45,186,1,16.4671870841,0.3418154375
2012-03-04 23:13:46,187,1,16.7195680164,0.252380932292
2012-03-04 23:13:47,188,1,16.8945680737,0.175000057292
2012-03-04 23:13:48,189,1,17.0203866577,0.125818584077
2012-03-04 23:13:49,190,1,17.1308034635,0.110416805804
2012-03-04 23:13:50,191,1,17.2374255417,0.106622078125
2012-03-04 23:13:51,192,1,17.3042409226,0.0668153809523
2012-03-04 23:13:52,193,1,17.2590770141,-0.0451639084821
2012-03-04 23:13:53,194,1,17.0440470253,-0.215029988839
2012-03-04 23:13:54,195,1,16.6597462954,-0.384300729911
2012-03-04 23:13:55,196,1,16.1485855454,-0.51116075
2012-03-04 23:13:56,197,1,15.539731381,-0.608854164435
2012-03-04 23:13:57,198,1,14.8380944807,-0.701636900298
2012-03-04 23:13:58,199,1,14.0502224918,-0.787871988839
2012-03-04 23:13:59,200,1,13.1549844963,-0.895237995536
2012-03-04 23:14:00,201,1,12.0171126079,-1.13787188839
2012-03-04 23:14:01,202,1,10.403124593,-1.61398801488
2012-03-04 23:14:02,203,1,8.25498467336,-2.14813991964
2012-03-04 23:14:03,204,1,6.01346671429,-2.24151795908
2012-03-04 23:14:04,205,1,4.4958327381,-1.51763397619
2012-03-04 23:14:05,206,1,4.31398754241,-0.181845195685
2012-03-04 23:14:06,207,1,5.43854120015,1.12455365774
2012-03-04 23:14:07,208,1,7.29345200744,1.85491080729
2012-03-04 23:14:08,209,1,9.21688959598,1.92343758854
2012-03-04 23:14:09,210,1,10.8860861057,1.66919650967
2012-03-04 23:14:10,211,1,12.3453123542,1.45922624851
2012-03-04 23:14:11,212,1,13.7074403214,1.36212796726
2012-03-04 23:14:12,213,1,14.9582586763,1.25081835491
2012-03-04 23:14:13,214,1,15.9963537865,1.03809511012
2012-03-04 23:14:14,215,1,16.7232882515,0.72693446503
2012-03-04 23:14:15,216,1,17.104612715,0.381324463542
2012-03-04 23:14:16,217,1,17.1912199859,0.0866072708333
2012-03-04 23:14:17,218,1,17.084598058,-0.106621927827
2012-03-04 23:14:18,219,1,16.9082587746,-0.176339283482
2012-03-04 23:14:19,220,1,16.8163688341,-0.0918899404762
2012-03-04 23:14:20,221,1,16.9690473705,0.152678536458
2012-03-04 23:14:21,222,1,17.4275295484,0.458482177827
2012-03-04 23:14:22,223,1,18.0392111555,0.611681607143
2012-03-04 23:14:23,224,1,18.4423361548,0.403124999256
2012-03-04 23:14:24,225,1,18.2074402307,-0.234895924107
2012-03-04 23:14:25,226,1,16.9870531957,-1.22038703497
2012-03-04 23:14:26,227,1,14.6291661905,-2.35788700521
2012-03-04 23:14:27,228,1,11.3595977039,-3.26956848661
2012-03-04 23:14:28,229,1,7.94754417336,-3.41205353051
2012-03-04 23:14:29,230,1,5.50684486682,-2.44069930655
2012-03-04 23:14:30,231,1,4.89278245685,-0.61406240997
2012-03-04 23:14:31,232,1,6.17767829315,1.28489583631
2012-03-04 23:14:32,233,1,8.64069903646,2.4630207433
2012-03-04 23:14:33,234,1,11.2568447656,2.61614572917
2012-03-04 23:14:34,235,1,13.29627925,2.03943448437
2012-03-04 23:14:35,236,1,14.5705352448,1.27425599479
2012-03-04 23:14:36,237,1,15.2549847374,0.68444949256
2012-03-04 23:14:37,238,1,15.6089282798,0.353943542411
2012-03-04 23:14:38,239,1,15.7816218207,0.172693540923
2012-03-04 23:14:39,240,1,15.7034969115,-0.0781249092262
2012-03-04 23:14:40,241,1,15.1241814782,-0.579315433284
2012-03-04 23:14:41,242,1,13.7885415494,-1.33563992882
2012-03-04 23:14:42,243,1,11.6327378884,-2.15580366096
2012-03-04 23:14:43,244,1,8.91659200074,-2.71614588765
2012-03-04 23:14:44,245,1,6.17336282143,-2.74322917932
2012-03-04 23:14:45,246,1,3.97946398065,-2.19389884077
2012-03-04 23:14:46,247,1,2.76837755779,-1.21108642287
2012-03-04 23:14:47,248,1,2.72537140947,-0.0430061483135
2012-03-04 23:14:48,249,1,3.69665096429,0.971279554812
2012-03-04 23:14:49,250,1,5.26391273363,1.56726176935
2012-03-04 23:14:50,251,1,6.9613085558,1.69739582217
2012-03-04 23:14:51,252,1,8.42083248512,1.45952392932
2012-03-04 23:14:52,253,1,9.46450826314,1.04367577803
2012-03-04 23:14:53,254,1,10.1520083983,0.687500135169
2012-03-04 23:14:54,255,1,10.6715024821,0.519494083829
2012-03-04 23:14:55,256,1,11.174553067,0.503050584821
2012-03-04 23:14:56,257,1,11.7110858475,0.536532780506
2012-03-04 23:14:57,258,1,12.2391365781,0.528050730655
2012-03-04 23:14:58,259,1,12.6726188571,0.433482279018
2012-03-04 23:14:59,260,1,12.9568450476,0.284226190476
2012-03-04 23:15:00,261,1,13.1023062195,0.145461171875
2012-03-04 23:15:01,262,1,13.1503715536,0.0480653340774
2012-03-04 23:15:02,263,1,13.1366066272,-0.0137649263393
2012-03-04 23:15:03,264,1,13.0897316801,-0.0468749471726
2012-03-04 23:15:04,265,1,13.039657369,-0.0500743110119
2012-03-04 23:15:05,266,1,13.0162199219,-0.0234374471726
2012-03-04 23:15:06,267,1,13.0412942835,0.0250743616071
2012-03-04 23:15:07,268,1,13.1144340298,0.0731397462798
2012-03-04 23:15:08,269,1,13.2057284888,0.0912944590774
2012-03-04 23:15:09,270,1,13.2718741756,0.0661456867559
2012-03-04 23:15:10,271,1,13.2800587016,0.0081845260417
2012-03-04 23:15:11,272,1,13.2189725722,-0.0610861294643
2012-03-04 23:15:12,273,1,13.0990323609,-0.119940211309
2012-03-04 23:15:13,274,1,12.9444938996,-0.15453846131
2012-03-04 23:15:14,275,1,12.7784226027,-0.166071296875
2012-03-04 23:15:15,276,1,12.6150297805,-0.163392822173
2012-03-04 23:15:16,277,1,12.459895814,-0.155133966518
2012-03-04 23:15:17,278,1,12.2935266734,-0.166369140625
2012-03-04 23:15:18,279,1,12.0436009397,-0.249925733631
2012-03-04 23:15:19,280,1,11.5870531555,-0.456547784226
2012-03-04 23:15:20,281,1,10.7962047946,-0.790848360863
2012-03-04 23:15:21,282,1,9.60185947545,-1.1943453192
2012-03-04 23:15:22,283,1,8.03556483259,-1.56629464286
2012-03-04 23:15:23,284,1,6.24739527083,-1.78816956176
2012-03-04 23:15:24,285,1,4.50371982217,-1.74367544866
2012-03-04 23:15:25,286,1,3.1042036183,-1.39951620387
2012-03-04 23:15:26,287,1,2.22127964807,-0.882923970238
2012-03-04 23:15:27,288,1,1.81015622247,-0.411123425595
2012-03-04 23:15:28,289,1,1.66599702976,-0.144159192708
2012-03-04 23:15:29,290,1,1.56871280432,-0.0972842254464
2012-03-04 23:15:30,291,1,1.40517113244,-0.163541671875
2012-03-04 23:15:31,292,1,1.15613839286,-0.249032739583
2012-03-04 23:15:32,293,1,0.825037202381,-0.331101190476
2012-03-04 23:15:33,294,1,0.51837797619,-0.30665922619
2012-03-04 23:15:34,295,1,0.0,-0.51837797619
