timestamp,cycle_sec,timestep,speed_mph,accel_meters_ps
2012-11-26 07:48:16,0,1,0.0,0.0
2012-11-26 07:48:17,1,1,0.0,0.0
2012-11-26 07:48:18,2,1,0.0,0.0
2012-11-26 07:48:19,3,1,0.0,0.0
2012-11-26 07:48:20,4,1,0.0,0.0
2012-11-26 07:48:21,5,1,0.0,0.0
2012-11-26 07:48:22,6,1,4.1880952381,4.1880952381
2012-11-26 07:48:23,7,1,7.48348214286,3.29538690476
2012-11-26 07:48:24,8,1,10.9732886905,3.48980654762
2012-11-26 07:48:25,9,1,14.1773809524,3.2040922619
2012-11-26 07:48:26,10,1,16.9274553571,2.75007440476
2012-11-26 07:48:27,11,1,19.2389880952,2.3115327381
2012-11-26 07:48:28,12,1,21.1787450397,1.93975694444
2012-11-26 07:48:29,13,1,22.7945436508,1.61579861111
2012-11-26 07:48:30,14,1,24.0825892857,1.28804563492
2012-11-26 07:48:31,15,1,24.9714285714,0.888839285714
2012-11-26 07:48:32,16,1,25.3473958333,0.375967261905
2012-11-26 07:48:33,17,1,25.1236607143,-0.223735119048
2012-11-26 07:48:34,18,1,24.2936755952,-0.829985119048
2012-11-26 07:48:35,19,1,22.925,-1.36867559524
2012-11-26 07:48:36,20,1,21.1040922619,-1.8209077381
2012-11-26 07:48:37,21,1,18.8808035714,-2.22328869048
2012-11-26 07:48:38,22,1,16.2695684524,-2.61123511905
2012-11-26 07:48:39,23,1,13.3138392857,-2.95572916667
2012-11-26 07:48:40,24,1,10.1714285714,-3.14241071429
2012-11-26 07:48:41,25,1,7.17358630952,-2.9978422619
2012-11-26 07:48:42,26,1,4.790625,-2.38296130952
2012-11-26 07:48:43,27,1,3.43266369048,-1.35796130952
2012-11-26 07:48:44,28,1,3.15233134921,-0.28033234127
2012-11-26 07:48:45,29,1,3.52270585317,0.370374503968
2012-11-26 07:48:46,30,1,3.88891369048,0.366207837302
2012-11-26 07:48:47,31,1,3.81137152778,-0.0775421626984
2012-11-26 07:48:48,32,1,3.31418650794,-0.497185019841
2012-11-26 07:48:49,33,1,2.74955357143,-0.564632936508
2012-11-26 07:48:50,34,1,2.44370039683,-0.305853174603
2012-11-26 07:48:51,35,1,2.47155257937,0.0278521825397
2012-11-26 07:48:52,36,1,2.72336309524,0.251810515873
2012-11-26 07:48:53,37,1,3.07271825397,0.34935515873
2012-11-26 07:48:54,38,1,3.40652281746,0.333804563492
2012-11-26 07:48:55,39,1,3.58898809524,0.182465277778
2012-11-26 07:48:56,40,1,3.55932539683,-0.0296626984127
2012-11-26 07:48:57,41,1,3.50239335317,-0.0569320436508
2012-11-26 07:48:58,42,1,3.85089285714,0.348499503968
2012-11-26 07:48:59,43,1,5.03093998016,1.18004712302
2012-11-26 07:49:00,44,1,7.14141865079,2.11047867063
2012-11-26 07:49:01,45,1,9.86361607143,2.72219742063
2012-11-26 07:49:02,46,1,12.6813988095,2.8177827381
2012-11-26 07:49:03,47,1,15.1919642857,2.51056547619
2012-11-26 07:49:04,48,1,17.2462797619,2.05431547619
2012-11-26 07:49:05,49,1,18.8770089286,1.63072916667
2012-11-26 07:49:06,50,1,20.1662202381,1.28921130952
2012-11-26 07:49:07,51,1,21.1676339286,1.00141369048
2012-11-26 07:49:08,52,1,21.8860863095,0.718452380952
2012-11-26 07:49:09,53,1,22.3113839286,0.425297619048
2012-11-26 07:49:10,54,1,22.4866815476,0.175297619048
2012-11-26 07:49:11,55,1,22.5213541667,0.0346726190477
2012-11-26 07:49:12,56,1,22.4904017857,-0.0309523809524
2012-11-26 07:49:13,57,1,22.3041666667,-0.186235119048
2012-11-26 07:49:14,58,1,21.696875,-0.607291666667
2012-11-26 07:49:15,59,1,20.3860119048,-1.31086309524
2012-11-26 07:49:16,60,1,18.2997767857,-2.08623511905
2012-11-26 07:49:17,61,1,15.6878720238,-2.6119047619
2012-11-26 07:49:18,62,1,13.0255208333,-2.66235119048
2012-11-26 07:49:19,63,1,10.8136160714,-2.2119047619
2012-11-26 07:49:20,64,1,9.41577380952,-1.3978422619
2012-11-26 07:49:21,65,1,8.96897321429,-0.446800595238
2012-11-26 07:49:22,66,1,9.36733630952,0.398363095238
2012-11-26 07:49:23,67,1,10.317485119,0.950148809524
2012-11-26 07:49:24,68,1,11.432514881,1.1150297619
2012-11-26 07:49:25,69,1,12.336235119,0.903720238095
2012-11-26 07:49:26,70,1,12.7676339286,0.431398809524
2012-11-26 07:49:27,71,1,12.6619047619,-0.105729166667
2012-11-26 07:49:28,72,1,12.1588541667,-0.503050595238
2012-11-26 07:49:29,73,1,11.4979166667,-0.6609375
2012-11-26 07:49:30,74,1,10.845014881,-0.652901785714
2012-11-26 07:49:31,75,1,10.1796875,-0.665327380952
2012-11-26 07:49:32,76,1,9.34962797619,-0.83005952381
2012-11-26 07:49:33,77,1,8.26830357143,-1.08132440476
2012-11-26 07:49:34,78,1,7.06361607143,-1.2046875
2012-11-26 07:49:35,79,1,6.01510416667,-1.04851190476
2012-11-26 07:49:36,80,1,5.35535714286,-0.65974702381
2012-11-26 07:49:37,81,1,5.10982142857,-0.245535714286
2012-11-26 07:49:38,82,1,5.08831845238,-0.0215029761905
2012-11-26 07:49:39,83,1,5.04486607143,-0.0434523809524
2012-11-26 07:49:40,84,1,4.81398809524,-0.23087797619
2012-11-26 07:49:41,85,1,4.26264880952,-0.551339285714
2012-11-26 07:49:42,86,1,3.28623511905,-0.976413690476
2012-11-26 07:49:43,87,1,2.06666666667,-1.21956845238
2012-11-26 07:49:44,88,1,0.0,-2.06666666667
