timestamp,cycle_sec,timestep,speed_mph,accel_meters_ps
2012-12-22 20:06:06,0,9302,0.0,0.0
2012-12-22 20:06:07,1,1,4.13013392857,4.13013392857
2012-12-22 20:06:08,2,1,7.37150297619,3.24136904762
2012-12-22 20:06:09,3,1,10.8052083333,3.43370535714
2012-12-22 20:06:10,4,1,13.7368303571,2.93162202381
2012-12-22 20:06:11,5,1,15.699702381,1.96287202381
2012-12-22 20:06:12,6,1,16.3786458333,0.678943452381
2012-12-22 20:06:13,7,1,15.7506696429,-0.627976190476
2012-12-22 20:06:14,8,1,14.2941964286,-1.45647321429
2012-12-22 20:06:15,9,1,12.8898809524,-1.40431547619
2012-12-22 20:06:16,10,1,12.3865327381,-0.503348214286
2012-12-22 20:06:17,11,1,13.1863095238,0.799776785714
2012-12-22 20:06:18,12,1,15.1066220238,1.9203125
2012-12-22 20:06:19,13,1,17.4938244048,2.38720238095
2012-12-22 20:06:20,14,1,19.450297619,1.95647321429
2012-12-22 20:06:21,15,1,20.0767113095,0.626413690476
2012-12-22 20:06:22,16,1,18.7498511905,-1.32686011905
2012-12-22 20:06:23,17,1,15.5209077381,-3.22894345238
2012-12-22 20:06:24,18,1,11.4072916667,-4.11361607143
2012-12-22 20:06:25,19,1,8.04620535714,-3.36108630952
2012-12-22 20:06:26,20,1,6.7415922619,-1.30461309524
2012-12-22 20:06:27,21,1,7.69508928571,0.95349702381
2012-12-22 20:06:28,22,1,10.0194940476,2.3244047619
2012-12-22 20:06:29,23,1,12.4576636905,2.43816964286
2012-12-22 20:06:30,24,1,14.2293154762,1.77165178571
2012-12-22 20:06:31,25,1,15.3075892857,1.07827380952
2012-12-22 20:06:32,26,1,15.9979166667,0.690327380952
2012-12-22 20:06:33,27,1,16.3619295635,0.364012896825
2012-12-22 20:06:34,28,1,16.0182043651,-0.343725198413
2012-12-22 20:06:35,29,1,14.4711309524,-1.5470734127
2012-12-22 20:06:36,30,1,11.6832589286,-2.78787202381
2012-12-22 20:06:37,31,1,8.31889880952,-3.36436011905
2012-12-22 20:06:38,32,1,5.42522321429,-2.89367559524
2012-12-22 20:06:39,33,1,3.86066468254,-1.56455853175
2012-12-22 20:06:40,34,1,3.85935019841,-0.00131448412698
2012-12-22 20:06:41,35,1,5.01979166667,1.16044146825
2012-12-22 20:06:42,36,1,6.72671130952,1.70691964286
2012-12-22 20:06:43,37,1,8.54665178571,1.81994047619
2012-12-22 20:06:44,38,1,10.2803571429,1.73370535714
2012-12-22 20:06:45,39,1,11.8579117063,1.57755456349
2012-12-22 20:06:46,40,1,13.2511656746,1.39325396825
2012-12-22 20:06:47,41,1,14.4159970238,1.16483134921
2012-12-22 20:06:48,42,1,15.2600446429,0.844047619048
2012-12-22 20:06:49,43,1,15.5765252976,0.316480654762
2012-12-22 20:06:50,44,1,15.0325892857,-0.543936011905
2012-12-22 20:06:51,45,1,13.4078125,-1.62477678571
2012-12-22 20:06:52,46,1,10.9631696429,-2.44464285714
2012-12-22 20:06:53,47,1,8.58493303571,-2.37823660714
2012-12-22 20:06:54,48,1,7.44821428571,-1.13671875
2012-12-22 20:06:55,49,1,8.26804315476,0.819828869048
2012-12-22 20:06:56,50,1,10.7595982143,2.49155505952
2012-12-22 20:06:57,51,1,13.9208333333,3.16123511905
2012-12-22 20:06:58,52,1,16.8101190476,2.88928571429
2012-12-22 20:06:59,53,1,18.9838169643,2.17369791667
2012-12-22 20:07:00,54,1,20.3279761905,1.34415922619
2012-12-22 20:07:01,55,1,20.6822916667,0.354315476191
2012-12-22 20:07:02,56,1,19.785639881,-0.896651785714
2012-12-22 20:07:03,57,1,17.6584077381,-2.12723214286
2012-12-22 20:07:04,58,1,14.9118303571,-2.74657738095
2012-12-22 20:07:05,59,1,12.4917410714,-2.42008928571
2012-12-22 20:07:06,60,1,11.1064732143,-1.38526785714
2012-12-22 20:07:07,61,1,10.9410714286,-0.165401785714
2012-12-22 20:07:08,62,1,11.8154017857,0.874330357143
2012-12-22 20:07:09,63,1,13.499702381,1.68430059524
2012-12-22 20:07:10,64,1,15.8743303571,2.37462797619
2012-12-22 20:07:11,65,1,18.8191220238,2.94479166667
2012-12-22 20:07:12,66,1,22.0151041667,3.19598214286
2012-12-22 20:07:13,67,1,24.9242559524,2.90915178571
2012-12-22 20:07:14,68,1,26.9448660714,2.02061011905
2012-12-22 20:07:15,69,1,27.6316220238,0.686755952381
2012-12-22 20:07:16,70,1,26.9495535714,-0.682068452381
2012-12-22 20:07:17,71,1,25.3695684524,-1.57998511905
2012-12-22 20:07:18,72,1,23.6144345238,-1.75513392857
2012-12-22 20:07:19,73,1,22.2620535714,-1.35238095238
2012-12-22 20:07:20,74,1,21.5313988095,-0.730654761905
2012-12-22 20:07:21,75,1,21.3218005952,-0.209598214286
2012-12-22 20:07:22,76,1,21.4032738095,0.0814732142857
2012-12-22 20:07:23,77,1,21.5683779762,0.165104166667
2012-12-22 20:07:24,78,1,21.5751488095,0.0067708333333
2012-12-22 20:07:25,79,1,21.0333333333,-0.541815476191
2012-12-22 20:07:26,80,1,19.5979910714,-1.4353422619
2012-12-22 20:07:27,81,1,17.365327381,-2.23266369048
2012-12-22 20:07:28,82,1,14.9220238095,-2.44330357143
2012-12-22 20:07:29,83,1,12.9444940476,-1.9775297619
2012-12-22 20:07:30,84,1,11.7826636905,-1.16183035714
2012-12-22 20:07:31,85,1,11.3670386905,-0.415625
2012-12-22 20:07:32,86,1,11.4686755952,0.101636904762
2012-12-22 20:07:33,87,1,12.0222470238,0.553571428571
2012-12-22 20:07:34,88,1,13.1283482143,1.10610119048
2012-12-22 20:07:35,89,1,14.7657738095,1.63742559524
2012-12-22 20:07:36,90,1,16.6142857143,1.84851190476
2012-12-22 20:07:37,91,1,18.2159970238,1.60171130952
2012-12-22 20:07:38,92,1,19.2773809524,1.06138392857
2012-12-22 20:07:39,93,1,19.7941964286,0.51681547619
2012-12-22 20:07:40,94,1,19.9657738095,0.171577380952
2012-12-22 20:07:41,95,1,20.0267857143,0.0610119047619
2012-12-22 20:07:42,96,1,20.0945684524,0.0677827380953
2012-12-22 20:07:43,97,1,20.1921875,0.097619047619
2012-12-22 20:07:44,98,1,20.4240327381,0.231845238095
2012-12-22 20:07:45,99,1,20.9738095238,0.549776785714
2012-12-22 20:07:46,100,1,21.8623511905,0.888541666667
2012-12-22 20:07:47,101,1,22.8165178571,0.954166666667
2012-12-22 20:07:48,102,1,23.4383184524,0.621800595238
2012-12-22 20:07:49,103,1,23.5220982143,0.0837797619048
2012-12-22 20:07:50,104,1,23.2456845238,-0.276413690476
2012-12-22 20:07:51,105,1,23.0338541667,-0.211830357143
2012-12-22 20:07:52,106,1,23.2225446429,0.18869047619
2012-12-22 20:07:53,107,1,23.8419642857,0.619419642857
2012-12-22 20:07:54,108,1,24.5988095238,0.756845238095
2012-12-22 20:07:55,109,1,25.0009672619,0.402157738095
2012-12-22 20:07:56,110,1,24.5988839286,-0.402083333333
2012-12-22 20:07:57,111,1,23.1873511905,-1.4115327381
2012-12-22 20:07:58,112,1,20.8389136905,-2.3484375
2012-12-22 20:07:59,113,1,17.8557291667,-2.98318452381
2012-12-22 20:08:00,114,1,14.7066220238,-3.14910714286
2012-12-22 20:08:01,115,1,11.9331845238,-2.7734375
2012-12-22 20:08:02,116,1,10.0494791667,-1.88370535714
2012-12-22 20:08:03,117,1,9.41875,-0.630729166667
2012-12-22 20:08:04,118,1,10.1040922619,0.685342261905
2012-12-22 20:08:05,119,1,11.8166666667,1.71257440476
2012-12-22 20:08:06,120,1,13.9892113095,2.17254464286
2012-12-22 20:08:07,121,1,15.8758928571,1.88668154762
2012-12-22 20:08:08,122,1,16.7478422619,0.871949404762
2012-12-22 20:08:09,123,1,16.2601190476,-0.487723214286
2012-12-22 20:08:10,124,1,14.7120535714,-1.54806547619
2012-12-22 20:08:11,125,1,12.8703869048,-1.84166666667
2012-12-22 20:08:12,126,1,11.473139881,-1.39724702381
2012-12-22 20:08:13,127,1,10.857514881,-0.615625
2012-12-22 20:08:14,128,1,10.9909970238,0.133482142857
2012-12-22 20:08:15,129,1,11.7563244048,0.765327380952
2012-12-22 20:08:16,130,1,13.0962797619,1.33995535714
2012-12-22 20:08:17,131,1,14.8808779762,1.78459821429
2012-12-22 20:08:18,132,1,16.7808035714,1.89992559524
2012-12-22 20:08:19,133,1,18.3784970238,1.59769345238
2012-12-22 20:08:20,134,1,19.3739583333,0.995461309524
2012-12-22 20:08:21,135,1,19.6378720238,0.263913690476
2012-12-22 20:08:22,136,1,19.0925595238,-0.5453125
2012-12-22 20:08:23,137,1,17.6624255952,-1.43013392857
2012-12-22 20:08:24,138,1,15.4675595238,-2.19486607143
2012-12-22 20:08:25,139,1,13.0057291667,-2.46183035714
2012-12-22 20:08:26,140,1,10.9527529762,-2.05297619048
2012-12-22 20:08:27,141,1,9.68936011905,-1.26339285714
2012-12-22 20:08:28,142,1,9.00900297619,-0.680357142857
2012-12-22 20:08:29,143,1,8.2796875,-0.72931547619
2012-12-22 20:08:30,144,1,6.94375,-1.3359375
2012-12-22 20:08:31,145,1,4.95431547619,-1.98943452381
2012-12-22 20:08:32,146,1,2.84401041667,-2.11030505952
2012-12-22 20:08:33,147,1,0.0,-2.84401041667
2012-12-22 20:23:22,1036,889,0.0,0.0
2012-12-22 20:23:23,1037,1,2.23973214286,2.23973214286
2012-12-22 20:23:24,1038,1,3.40773809524,1.16800595238
2012-12-22 20:23:25,1039,1,3.97849702381,0.570758928571
2012-12-22 20:23:26,1040,1,3.7396577381,-0.238839285714
2012-12-22 20:23:27,1041,1,3.21532738095,-0.524330357143
2012-12-22 20:23:28,1042,1,3.36216517857,0.146837797619
2012-12-22 20:23:29,1043,1,4.94836309524,1.58619791667
2012-12-22 20:23:30,1044,1,7.99367559524,3.0453125
2012-12-22 20:23:31,1045,1,11.7125,3.71882440476
2012-12-22 20:23:32,1046,1,14.9636160714,3.25111607143
2012-12-22 20:23:33,1047,1,16.8240327381,1.86041666667
2012-12-22 20:23:34,1048,1,16.9029761905,0.078943452381
2012-12-22 20:23:35,1049,1,15.3390625,-1.56391369048
2012-12-22 20:23:36,1050,1,12.7220982143,-2.61696428571
2012-12-22 20:23:37,1051,1,10.0248511905,-2.69724702381
2012-12-22 20:23:38,1052,1,8.35491071429,-1.66994047619
2012-12-22 20:23:39,1053,1,8.46599702381,0.111086309524
2012-12-22 20:23:40,1054,1,10.3372767857,1.8712797619
2012-12-22 20:23:41,1055,1,13.2826636905,2.94538690476
2012-12-22 20:23:42,1056,1,16.5743303571,3.29166666667
2012-12-22 20:23:43,1057,1,19.8979166667,3.32358630952
2012-12-22 20:23:44,1058,1,23.2175595238,3.31964285714
2012-12-22 20:23:45,1059,1,26.4139880952,3.19642857143
2012-12-22 20:23:46,1060,1,29.1552083333,2.7412202381
2012-12-22 20:23:47,1061,1,31.0775297619,1.92232142857
2012-12-22 20:23:48,1062,1,32.0725446429,0.995014880952
2012-12-22 20:23:49,1063,1,32.3745535714,0.302008928571
2012-12-22 20:23:50,1064,1,32.3694196429,-0.0051339285715
2012-12-22 20:23:51,1065,1,32.3529761905,-0.0164434523809
2012-12-22 20:23:52,1066,1,32.4298363095,0.0768601190476
2012-12-22 20:23:53,1067,1,32.5380208333,0.108184523809
2012-12-22 20:23:54,1068,1,32.5334077381,-0.0046130952381
2012-12-22 20:23:55,1069,1,32.3003720238,-0.233035714286
2012-12-22 20:23:56,1070,1,31.8261904762,-0.474181547619
2012-12-22 20:23:57,1071,1,31.1858630952,-0.640327380952
2012-12-22 20:23:58,1072,1,30.4767113095,-0.709151785714
2012-12-22 20:23:59,1073,1,29.7698660714,-0.706845238095
2012-12-22 20:24:00,1074,1,29.0996279762,-0.670238095238
2012-12-22 20:24:01,1075,1,28.4770833333,-0.622544642857
2012-12-22 20:24:02,1076,1,27.8918154762,-0.585267857143
2012-12-22 20:24:03,1077,1,27.3001488095,-0.591666666667
2012-12-22 20:24:04,1078,1,26.6488839286,-0.651264880952
2012-12-22 20:24:05,1079,1,25.926264881,-0.722619047619
2012-12-22 20:24:06,1080,1,25.1947172619,-0.731547619048
2012-12-22 20:24:07,1081,1,24.5997767857,-0.59494047619
2012-12-22 20:24:08,1082,1,24.3045386905,-0.295238095238
2012-12-22 20:24:09,1083,1,24.3376488095,0.0331101190476
2012-12-22 20:24:10,1084,1,24.521577381,0.183928571429
2012-12-22 20:24:11,1085,1,24.5696428571,0.0480654761905
2012-12-22 20:24:12,1086,1,24.2095982143,-0.360044642857
2012-12-22 20:24:13,1087,1,23.2185267857,-0.991071428571
2012-12-22 20:24:14,1088,1,21.4273809524,-1.79114583333
2012-12-22 20:24:15,1089,1,18.8258928571,-2.60148809524
2012-12-22 20:24:16,1090,1,15.7610863095,-3.06480654762
2012-12-22 20:24:17,1091,1,12.9944940476,-2.7665922619
2012-12-22 20:24:18,1092,1,11.4223958333,-1.57209821429
2012-12-22 20:24:19,1093,1,11.5813988095,0.15900297619
2012-12-22 20:24:20,1094,1,13.3162202381,1.73482142857
2012-12-22 20:24:21,1095,1,15.9058779762,2.5896577381
2012-12-22 20:24:22,1096,1,18.5261904762,2.6203125
2012-12-22 20:24:23,1097,1,20.63125,2.10505952381
2012-12-22 20:24:24,1098,1,22.0255208333,1.39427083333
2012-12-22 20:24:25,1099,1,22.7351190476,0.709598214286
2012-12-22 20:24:26,1100,1,22.8665922619,0.131473214286
2012-12-22 20:24:27,1101,1,22.5372767857,-0.32931547619
2012-12-22 20:24:28,1102,1,21.8641369048,-0.673139880952
2012-12-22 20:24:29,1103,1,20.9451636905,-0.918973214286
2012-12-22 20:24:30,1104,1,19.7830357143,-1.16212797619
2012-12-22 20:24:31,1105,1,18.2008928571,-1.58214285714
2012-12-22 20:24:32,1106,1,15.9103422619,-2.29055059524
2012-12-22 20:24:33,1107,1,12.8546875,-3.0556547619
2012-12-22 20:24:34,1108,1,9.61473214286,-3.23995535714
2012-12-22 20:24:35,1109,1,7.34501488095,-2.2697172619
2012-12-22 20:24:36,1110,1,7.03616071429,-0.308854166667
2012-12-22 20:24:37,1111,1,8.69077380952,1.65461309524
2012-12-22 20:24:38,1112,1,11.2634672619,2.57269345238
2012-12-22 20:24:39,1113,1,13.4962797619,2.2328125
2012-12-22 20:24:40,1114,1,14.8488095238,1.3525297619
2012-12-22 20:24:41,1115,1,15.6651785714,0.816369047619
2012-12-22 20:24:42,1116,1,16.5293154762,0.864136904762
2012-12-22 20:24:43,1117,1,17.5522321429,1.02291666667
2012-12-22 20:24:44,1118,1,18.3595982143,0.807366071429
2012-12-22 20:24:45,1119,1,18.6746279762,0.315029761905
2012-12-22 20:24:46,1120,1,18.6969494048,0.0223214285714
2012-12-22 20:24:47,1121,1,18.9229910714,0.226041666667
2012-12-22 20:24:48,1122,1,19.7253720238,0.802380952381
2012-12-22 20:24:49,1123,1,21.0620535714,1.33668154762
2012-12-22 20:24:50,1124,1,22.5438988095,1.4818452381
2012-12-22 20:24:51,1125,1,23.802827381,1.25892857143
2012-12-22 20:24:52,1126,1,24.7328125,0.929985119048
2012-12-22 20:24:53,1127,1,25.3435267857,0.610714285714
2012-12-22 20:24:54,1128,1,25.4395833333,0.096056547619
2012-12-22 20:24:55,1129,1,24.4610119048,-0.978571428571
2012-12-22 20:24:56,1130,1,21.7415178571,-2.71949404762
2012-12-22 20:24:57,1131,1,17.2241071429,-4.51741071429
2012-12-22 20:24:58,1132,1,12.0595238095,-5.16458333333
2012-12-22 20:24:59,1133,1,8.22462797619,-3.83489583333
2012-12-22 20:25:00,1134,1,7.2212797619,-1.00334821429
2012-12-22 20:25:01,1135,1,9.07105654762,1.84977678571
2012-12-22 20:25:02,1136,1,12.5540922619,3.48303571429
2012-12-22 20:25:03,1137,1,16.2715029762,3.71741071429
2012-12-22 20:25:04,1138,1,19.3478422619,3.07633928571
2012-12-22 20:25:05,1139,1,21.2087425595,1.86090029762
2012-12-22 20:25:06,1140,1,21.1470238095,-0.06171875
2012-12-22 20:25:07,1141,1,18.6969494048,-2.45007440476
2012-12-22 20:25:08,1142,1,14.4901785714,-4.20677083333
2012-12-22 20:25:09,1143,1,10.2700520833,-4.2201264881
2012-12-22 20:25:10,1144,1,7.78757440476,-2.48247767857
2012-12-22 20:25:11,1145,1,7.70375744048,-0.0838169642857
2012-12-22 20:25:12,1146,1,9.45357142857,1.7498139881
2012-12-22 20:25:13,1147,1,11.967485119,2.51391369048
2012-12-22 20:25:14,1148,1,14.4780505952,2.51056547619
2012-12-22 20:25:15,1149,1,16.719828869,2.24177827381
2012-12-22 20:25:16,1150,1,18.5646577381,1.84482886905
2012-12-22 20:25:17,1151,1,19.702827381,1.13816964286
2012-12-22 20:25:18,1152,1,19.6552083333,-0.0476190476191
2012-12-22 20:25:19,1153,1,18.0343005952,-1.6209077381
2012-12-22 20:25:20,1154,1,14.984375,-3.04992559524
2012-12-22 20:25:21,1155,1,11.3946428571,-3.58973214286
2012-12-22 20:25:22,1156,1,8.46912202381,-2.92552083333
2012-12-22 20:25:23,1157,1,6.96953125,-1.49959077381
2012-12-22 20:25:24,1158,1,6.74144345238,-0.228087797619
2012-12-22 20:25:25,1159,1,6.86919642857,0.12775297619
2012-12-22 20:25:26,1160,1,6.378125,-0.491071428571
2012-12-22 20:25:27,1161,1,4.91949404762,-1.45863095238
2012-12-22 20:25:28,1162,1,2.971875,-1.94761904762
2012-12-22 20:25:29,1163,1,0.0,-2.971875
