sampno,vehno,day_id,trip_id,mt_cnt,start_ts,end_ts,start_rts,end_rts,absolute_time_duration_hrs,speed_data_duration_hrs,driving_data_duration_hrs,non_recorded_time_hrs,collected_vs_real_time_ratio,mean_estimated_sampling_rate_hz,max_gap_between_samples_s,min_gap_between_samples_s,mean_gap_between_samples_s,median_gap_between_samples_s,std_gap_between_samples_s,var_gap_between_samples_s,gap_25th_percentile_s,gap_75th_percentile_s,gap_inter_quartile_range_s,gap_median_absolute_deviation_s,median_estimated_sampling_rate_hz,max_speed,total_average_speed,total_median_speed,total_root_mean_cubed_speed,total_speed_variance,total_speed_standard_deviation,total_speed_velocity_ratio,total_speed_25th_percentile,total_speed_75th_percentile,total_speed_inter_quartile_range,total_speed_median_absolute_deviation,driving_average_speed,driving_median_speed,driving_root_mean_cubed_speed,driving_speed_variance,driving_speed_standard_deviation,driving_speed_velocity_ratio,driving_speed_25th_percentile,driving_speed_75th_percentile,driving_speed_inter_quartile_range,driving_speed_median_absolute_deviation,zero_seconds,zero_five_seconds,five_ten_seconds,ten_fifteen_seconds,fifteen_twenty_seconds,twenty_twenty_five_seconds,twenty_five_thirty_seconds,thirty_thirty_five_seconds,thirty_five_fourty_seconds,fourty_fourty_five_seconds,fourty_five_fifty_seconds,fifty_fifty_five_seconds,fifty_five_sixty_seconds,sixty_sixty_five_seconds,sixty_five_seventy_seconds,seventy_seventy_five_seconds,seventy_five_plus_seconds,driving_time_seconds,percent_zero,percent_zero_five,percent_five_ten,percent_ten_fifteen,percent_fifteen_twenty,percent_twenty_twenty_five,percent_twenty_five_thirty,percent_thirty_thirty_five,percent_thirty_five_fourty,percent_fourty_fourty_five,percent_fourty_five_fifty,percent_fifty_fifty_five,percent_fifty_five_sixty,percent_sixty_sixty_five,percent_sixty_five_seventy,percent_seventy_seventy_five,percent_seventy_five_plus,percent_distance_zero_five,percent_distance_twenty_twenty_five,percent_distance_twenty_five_thirty,percent_distance_total,percent_distance_thirty_thirty_five,percent_distance_thirty_five_fourty,percent_distance_ten_fifteen,percent_distance_sixty_sixty_five,percent_distance_sixty_five_seventy,percent_distance_seventy_seventy_five,percent_distance_seventy_five_plus,percent_distance_fourty_fourty_five,percent_distance_fourty_five_fifty,percent_distance_five_ten,percent_distance_fifty_five_sixty,percent_distance_fifty_fifty_five,percent_distance_fifteen_twenty,percent_total,distance_zero_five,distance_five_ten,distance_ten_fifteen,distance_fifteen_twenty,distance_twenty_twenty_five,distance_twenty_five_thirty,distance_thirty_thirty_five,distance_thirty_five_fourty,distance_fourty_fourty_five,distance_fourty_five_fifty,distance_fifty_fifty_five,distance_fifty_five_sixty,distance_sixty_sixty_five,distance_sixty_five_seventy,distance_seventy_seventy_five,distance_seventy_five_plus,distance_total,total_number_of_acceleration_events,total_number_of_deceleration_events,acceleration_events_per_mile,deceleration_events_per_mile,max_acceleration_ft_per_second_squared,max_deceleration_ft_per_second_squared,average_acceleration_ft_per_second_squared,average_deceleration_ft_per_second_squared,median_acceleration_ft_per_second_squared,median_deceleration_ft_per_second_squared,std_acceleration_ft_per_second_squared,std_deceleration_ft_per_second_squared,var_acceleration_ft_per_second_squared,var_deceleration_ft_per_second_squared,acceleration_25th_percentile_ft_per_second_squared,deceleration_25th_percentile_ft_per_second_squared,acceleration_75th_percentile_ft_per_second_squared,deceleration_75th_percentile_ft_per_second_squared,acceleration_inter_quartile_range_ft_per_second_squared,deceleration_inter_quartile_range_ft_per_second_squared,acceleration_median_absolute_deviation_ft_per_second_squared,deceleration_median_absolute_deviation_ft_per_second_squared,cumulative_acceleration_duration,cumulative_deceleration_duration,cumulative_acceleration_cycle_duration_percent,cumulative_deceleration_cycle_duration_percent,absolute_time_cumulative_acceleration_duration,absolute_time_cumulative_deceleration_duration,absolute_time_cumulative_acceleration_cycle_duration_percent,absolute_time_cumulative_deceleration_cycle_duration_percent,average_acceleration_event_duration,average_deceleration_event_duration,min_acceleration_event_duration,min_deceleration_event_duration,max_acceleration_event_duration,max_deceleration_event_duration,std_acceleration_event_duration,std_deceleration_event_duration,var_acceleration_event_duration,var_deceleration_event_duration,median_acceleration_event_duration,median_deceleration_event_duration,acceleration_event_duration_25th_percentile,deceleration_event_duration_25th_percentile,acceleration_event_duration_75th_percentile,deceleration_event_duration_75th_percentile,acceleration_event_duration_inter_quartile_range,deceleration_event_duration_inter_quartile_range,acceleration_event_duration_median_absolute_deviation,deceleration_event_duration_median_absolute_deviation,total_stops,stops_0_30,stops_30_60,stops_60_plus,stops_300_plus,stops_1800_plus,stops_3600_plus,stops_per_mile,average_stop_duration,min_stop_duration,max_stop_duration,median_stop_duration,mean_stop_duration,std_stop_duration,var_stop_duration,stop_duration_25th_percentile,stop_duration_75th_percentile,stop_duration_inter_quartile_range,stop_duration_median_absolute_deviation,max_elevation,min_elevation,mean_elevation,median_elevation,std_of_elevation,var_of_elevation,elevation_25th_percentile,elevation_75th_percentile,elevation_inter_quartile_range,elevation_median_absolute_deviation,delta_elevation,delta_elevation_cumulative,absolute_delta_elevation_cumulative,total_elevation_gained,total_elevation_lost,average_absolute_elevation_rate_change,max_climbing_rate,average_climbing_rate,median_climbing_rate,max_descending_rate,average_descending_rate,median_descending_rate,climbing_rate_25th_percentile,descending_rate_25th_percentile,climbing_rate_75th_percentile,descending_rate_75th_percentile,climbing_rate_inter_quartile_range,descending_rate_inter_quartile_range,climbing_rate_median_absolute_deviation,descending_rate_median_absolute_deviation,max_road_grade,min_road_grade,mean_road_grade,median_road_grade,std_of_road_grade,var_of_road_grade,road_grade_25th_percentile,road_grade_75th_percentile,road_grade_inter_quartile_range,road_grade_median_absolute_deviation,maximum_kinetic_power_density_demand,total_kinetic_power_density_demand,average_kinetic_power_density_demand,variance_kinetic_power_density_demand,standard_deivation_kinetic_power_density_demand,maximum_kinetic_power_density_regen,total_kinetic_power_density_regen,average_kinetic_power_density_regen,variance_kinetic_power_density_regen,standard_deivation_kinetic_power_density_regen,maximum_potential_power_density_demand,total_potential_power_density_demand,average_potential_power_density_demand,variance_potential_power_density_demand,standard_deivation_potential_power_density_demand,maximum_potential_power_density_regen,total_potential_power_density_regen,average_potential_power_density_regen,variance_potential_power_density_regen,standard_deivation_potential_power_density_regen,maximum_aerodynamic_power_density_demand,total_aerodynamic_power_density_demand,average_aerodynamic_power_density_demand,variance_aerodynamic_power_density_demand,standard_deivation_aerodynamic_power_density_demand,maximum_aerodynamic_power_density_regen,total_aerodynamic_power_density_regen,average_aerodynamic_power_density_regen,variance_aerodynamic_power_density_regen,standard_deivation_aerodynamic_power_density_regen,maximum_rolling_power_density_demand,total_rolling_power_density_demand,average_rolling_power_density_demand,variance_rolling_power_density_demand,standard_deivation_rolling_power_density_demand,maximum_rolling_power_density_regen,total_rolling_power_density_regen,average_rolling_power_density_regen,variance_rolling_power_density_regen,standard_deivation_rolling_power_density_regen,maximum_instantanteous_potential_energy_density,average_instantanteous_potential_energy_density,cumulative_instanteous_potential_energy_density,maximum_instantanteous_kinetic_energy_density,average_instantanteous_kinetic_energy_density,cumulative_instanteous_kinetic_energy_density,maximum_instantanteous_aerodynamic_energy_density,average_instantanteous_aerodynamic_energy_density,cumulative_instanteous_aerodynamic_energy_density,maximum_instantanteous_rolling_energy_density,average_instantanteous_rolling_energy_density,cumulative_instanteous_rolling_energy_density,characteristic_acceleration,characteristic_deceleration,aerodynamic_speed,kinetic_intensity,ca_standard,cd_standard,as_standard,ki_standard
2291208,2,1,1,4,2012-09-01 09:27:55,2012-09-01 10:11:42,5.0,2632.0,0.73,0.636388888889,0.634166666667,0.0936111111111,0.871765601218,0.87171678721,274.0,1.0,1.14716157205,1.0,5.78355621664,33.449522511,1.0,1.0,0.0,0.0,1.0,81.0464273988,63.0752073808,69.7294631176,67.2126315361,349.339994846,18.6906392305,1.06559509397,64.809113859,73.0519716879,8.24285782887,3.6957594747,63.2962330747,69.741816192,63.2962330747,336.574044666,18.3459544496,1.0,64.9105664985,73.0645452786,8.15397878013,3.67582090848,8.0,36.0,60.0,42.0,25.0,20.0,20.0,32.0,46.0,36.0,17.0,40.0,55.0,146.0,623.0,760.0,325.0,2283.0,0.349192492361,1.57136621563,2.61894369271,1.8332605849,1.09122653863,0.872981230904,0.872981230904,1.39676996945,2.00785683108,1.57136621563,0.742034046268,1.74596246181,2.40069838498,6.3727629856,27.1933653426,33.1732867743,14.1859450022,0.090520505055,0.307379266114,0.375817433856,100.0,0.738635131756,1.17619559652,0.344752199969,6.39947462646,29.3586919009,38.016505001,17.3385460254,1.0382073185,0.554709548112,0.317732337908,2.18907923077,1.45127641132,0.302477466332,100.0,0.0363352576362,0.1275389079,0.138384778111,0.121415547357,0.123383147492,0.150854475182,0.296490809405,0.472129160172,0.416740167043,0.222662415899,0.582547592665,0.878704308903,2.56877222622,11.7846849555,15.2599624008,6.95975499129,40.1403611415,111.0,111.0,2.76529649568,2.76529649568,6.27523918859,-7.18655883688,0.597249836519,-0.719925068128,0.315923126265,-0.355864323041,0.935983223187,1.09715366144,0.876064594088,1.20374615681,0.139136550074,-0.797064655357,0.579165289912,-0.138482618477,0.440028739838,0.65858203688,0.199375164261,0.25470362505,0.545613269315,0.452640768223,0.0238155071722,0.0238155071722,1250.0,1033.0,47.5646879756,39.3074581431,11.2612612613,9.30630630631,1.0,1.0,35.0,49.0,7.83237875538,7.52747854221,61.3461569678,56.6629332035,9.0,7.0,6.0,4.0,15.0,12.0,9.0,8.0,4.0,3.0,4.0,1.0,1.0,1.0,0.0,0.0,0.0,0.0996503241686,85.75,0.0,275.0,34.0,85.75,110.223352789,12149.1875,21.0,98.75,77.75,20.0,1573.06956376,15.5299773989,351.389168561,147.605841634,450.017598091,202515.838592,40.5635438286,424.683067256,384.119523427,120.724018973,1555.19824687,1555.19824687,2658.08247298,2106.64035993,-551.442113054,1.16022805455,6.84905176676,1.37959421082,0.807434697565,-0.000109662664347,-0.725581727703,-0.389160829099,0.288074601116,-1.00958977756,1.89195114951,-0.0827383654754,1.60387654839,0.926851412085,0.62535499633,0.343898924546,0.0657860751297,-0.0570163625871,0.00735591771614,0.00333770909198,0.0168385016141,0.000283535136607,-0.00121953978559,0.0132908603655,0.0145104001511,0.00665366364114,23.8467978451,4637.31407415,3.70985125932,14.314422803,3.78344060387,-42.668355854,-4637.31407415,-4.47185542349,23.9697643936,4.89589260438,20.4722740694,6296.88901219,4.12369941859,20.5034664418,4.52807535735,-19.1061993871,-1648.29737843,-2.16881234003,7.63502049325,2.76315408424,23777.4203577,31072269.6702,13586.4755882,36089854.1473,6007.48317911,0.0,0.0,0.0,0.0,0.0,355.292128538,633506.151406,277.003126981,6588.54175277,81.1698327753,0.0,0.0,0.0,0.0,0.0,4702.0101959,1050.32573979,2406296.26986,656.34249588,432.446256034,990734.372574,23779.9416237,13563.19032,31073269.0231,355.304686179,276.51948992,633506.151406,0.140256772934,-0.0682967595322,31.0160441487,0.14579781986,0.460160016188,-0.224070733373,101.758675029,0.234638846605
2291208,2,1,1,1,2012-09-01 10:17:07,2012-09-01 10:37:27,2957.0,4177.0,0.339166666667,0.339166666667,0.338611111111,0.0,1.0,1.0,1.0,1.0,1.0,1.0,0.0,0.0,1.0,1.0,0.0,0.0,1.0,76.6914421882,46.5216952237,66.3337075796,58.2507356721,754.834584292,27.4742531162,1.25211979899,17.6254833449,70.3280497135,52.7025663687,7.57009121429,46.5980228615,66.3441241979,46.5980228615,752.516316148,27.4320308426,1.0,17.6906244148,70.3332215063,52.6425970915,7.50171009747,2.0,52.0,136.0,84.0,84.0,82.0,29.0,42.0,2.0,3.0,4.0,5.0,10.0,42.0,313.0,285.0,46.0,1219.0,0.1638001638,4.2588042588,11.1384111384,6.87960687961,6.87960687961,6.71580671581,2.3751023751,3.4398034398,0.1638001638,0.2457002457,0.3276003276,0.4095004095,0.819000819001,3.4398034398,25.6347256347,23.3415233415,3.7674037674,0.344321038005,3.16352107787,1.42060337013,100.0,2.4079969529,0.136297043024,1.76536319621,4.69373712585,37.4037784957,36.0089782802,6.13513330883,0.219541568285,0.328537887351,1.82885201609,1.01926374197,0.461329051596,2.66274584605,100.0,0.05432906787,0.288567395945,0.278549743745,0.420144236986,0.49915959926,0.224151441223,0.379948406995,0.0215057765388,0.0346406041082,0.0518387063514,0.0727913040103,0.160825633356,0.740606395566,5.901795697,5.68171563448,0.968038653281,15.7786082967,67.0,67.0,4.24625535662,4.24625535662,5.65496145754,-8.48571568065,0.789981908582,-0.816314638868,0.510368966605,-0.399568428609,0.87336311812,1.08315771704,0.762763136092,1.17323063998,0.215562106721,-0.990572727387,0.978023424461,-0.181586879886,0.762461317739,0.808985847501,0.342440647321,0.284712806076,0.507780507781,0.4914004914,0.0415872651745,0.0415872651745,620.0,599.0,50.7780507781,49.0581490581,9.25373134328,8.94029850746,1.0,1.0,34.0,32.0,6.49763052928,7.04755826672,42.219202495,49.6680775228,7.0,7.0,5.0,4.0,12.0,10.5,7.0,6.5,3.0,3.0,1.0,0.0,0.0,0.0,0.0,0.0,0.0,0.0633769456212,0.0,0.0,0.0,0.0,0.0,0.0,0.0,0.0,0.0,0.0,0.0,2515.09798308,1530.33029442,2091.61693511,2225.75611058,326.684731668,106722.913905,1745.71866036,2354.31336254,608.594702182,192.740415875,782.43254813,782.43254813,2510.16690841,1646.29972827,-863.867180141,2.05582875382,9.58369444955,2.03498112271,1.10035665337,-0.00627858273947,-2.10186661835,-1.17947405812,0.333912388672,-3.31798597844,3.29897028042,-0.334661292305,2.96505789174,2.98332468613,0.962111110257,1.1099741701,0.0946177932403,-0.0931005605075,0.00898911145416,0.011110128996,0.0350486581429,0.00122840843762,-0.00925298588783,0.0326275616372,0.041880547525,0.0212721153436,24.2725809935,2381.29837569,3.84080383176,17.6885637279,4.20577742253,-52.6331622052,-2381.29837569,-3.96883062615,32.5697746041,5.70699348204,28.6463040505,4920.90005818,6.08269475671,39.8685275471,6.31415295563,-28.6176650864,-2582.15681143,-6.28261997916,41.6026297625,6.4500100591,20123.9219801,10779649.8083,8835.77853138,56074386.2635,7488.28326544,0.034323473454,0.0,0.0,0.0,0.0,336.073955702,249022.309026,204.116646742,14481.4508633,120.338900042,3.18701728741,0.0,0.0,0.0,0.0,7517.79618178,6251.98299006,7633671.23086,587.701207166,291.683692661,356145.788739,20148.8318257,8829.03831431,10780255.7818,336.212584242,203.949475042,249022.309026,0.227279349138,-0.135178217515,29.1379191533,0.267696633177,0.745667155965,-0.443498088959,95.5968476157,0.430815970424
2291208,2,1,1,3,2012-09-01 14:26:10,2012-09-01 14:46:36,17900.0,19126.0,0.340833333333,0.325277777778,0.323611111111,0.0155555555556,0.954360228199,0.954323001631,33.0,1.0,1.04786324786,1.0,1.16843077545,1.36523047703,1.0,1.0,0.0,0.0,1.0,80.0090770097,49.9111971765,62.8319937716,60.5511039404,719.375591003,26.8211780316,1.21317674922,22.7381320298,72.9933411321,50.2552091023,14.6454607091,50.1682505525,62.948734439,50.1682505525,710.184611496,26.6492891368,1.0,22.910788317,73.0284982009,50.1177098839,14.5117567455,6.0,20.0,123.0,67.0,53.0,67.0,49.0,39.0,6.0,8.0,18.0,8.0,41.0,148.0,132.0,153.0,233.0,1165.0,0.512382578992,1.70794192997,10.5038428693,5.72160546541,4.52604611443,5.72160546541,4.18445772844,3.33048676345,0.512382578992,0.68317677199,1.53714773698,0.68317677199,3.50128095645,12.6387702818,11.2724167378,13.0657557643,19.8975234842,0.11892959867,2.630782983,2.24506550289,100.0,2.14483667183,0.378346144664,1.3984952371,15.8232139919,15.2288901822,18.9773436084,30.9520481398,0.580313415096,1.46479363872,1.62895811973,4.08927383382,0.717882890296,1.62082604185,100.0,0.0193082242732,0.264461404555,0.227045747947,0.263141161443,0.427107704206,0.364486458567,0.348214304533,0.061424509086,0.0942139021132,0.23780929564,0.116548310957,0.663893742022,2.56889931436,2.47241082421,3.08097236179,5.02506603809,16.2350033038,60.0,60.0,3.69571837327,3.69571837327,6.38491243385,-10.4393082009,1.0454166932,-1.0598362338,0.503620530183,-0.480813274504,1.34452548619,1.43548464162,1.80774878302,2.06061615632,0.231513406684,-1.25736142907,1.15605860782,-0.252356186595,0.924545201141,1.00500524247,0.346533060752,0.342058653137,0.502134927412,0.495303159693,0.0428808648516,0.0428808648516,588.0,577.0,47.9217603912,47.0252648737,9.8,9.61666666667,1.0,2.0,35.0,30.0,7.61095701385,6.42415147877,57.9266666667,41.2697222222,7.0,8.0,5.0,4.75,12.25,13.25,7.25,8.5,3.0,4.0,3.0,1.0,1.0,0.0,0.0,0.0,0.0,0.184785918664,20.0,0.0,34.0,26.0,20.0,14.5143607047,210.666666667,13.0,30.0,17.0,8.0,2508.97709563,1360.46641132,1977.86064358,2079.17675847,387.391469678,150072.150779,1574.46900343,2327.75693973,753.287936298,342.485467054,-982.865740092,-982.865740092,2709.80172586,863.467992885,-1846.33373298,2.31409199476,8.10545719863,2.10601949484,1.23832827265,-0.0041798615116,-2.4357964815,-1.56716162323,0.497138707528,-3.99603848162,3.76460039206,-0.605154756093,3.26746168453,3.39088372553,0.981082894424,1.26518893048,0.0894442416711,-0.100004058446,-0.00915391236048,-0.0111809224735,0.0384159019029,0.00147578151902,-0.0360315310625,0.0128639683532,0.0488954994157,0.0244314915998,40.304902835,2781.67495149,4.73073971342,31.6873471809,5.62915155071,-35.950926708,-2781.67495149,-4.79599129567,30.4581325536,5.5188887064,24.2277539839,2580.96361401,6.29503320491,33.1754500421,5.75981336869,-34.6254789134,-5518.81508452,-7.2807586867,47.2665710023,6.87506879982,22865.3862621,11611759.8311,9941.57519784,67094202.5962,8191.10509005,0.0,0.0,0.0,0.0,0.0,350.69010839,256225.259777,219.37094159,13731.2154281,117.180268937,0.0,0.0,0.0,0.0,0.0,7499.50043957,5911.95782211,6922902.60969,639.64836478,320.80112277,375658.114763,22878.4679557,9916.886755,11612674.3901,350.756978571,218.808932346,256225.259777,0.145873146011,-0.258315147819,29.8135290524,0.164115112814,0.478586437043,-0.847490642451,97.8134155262,0.264117672116
2291208,2,1,1,8,2012-09-01 15:36:54,2012-09-01 16:32:28,22144.0,25478.0,0.926388888889,0.7925,0.788055555556,0.133888888889,0.855472263868,0.855428914217,230.0,1.0,1.16900420757,1.0,4.90650811367,24.0738218695,1.0,1.0,0.0,0.0,1.0,78.8613098817,58.514133931,69.2864573021,64.3358218907,445.014973429,21.095378011,1.09949199567,43.8758185573,73.2548365275,29.3790179702,5.3967238631,58.8441396212,69.371132689,58.8441396212,428.105850308,20.6907189413,1.0,44.2148060885,73.3145077165,29.099701628,5.30059329836,16.0,71.0,70.0,50.0,43.0,55.0,39.0,96.0,130.0,173.0,93.0,53.0,27.0,140.0,453.0,1006.0,338.0,2837.0,0.56081317911,2.4886084823,2.4535576586,1.75254118472,1.50718541886,1.92779530319,1.36698212408,3.36487907466,4.55660708027,6.06379249912,3.25972660358,1.8576936558,0.946372239748,4.90711531721,15.8780231335,35.2611286365,11.8471784087,0.142437045732,0.751872909261,0.644823482701,100.0,1.89781061962,2.9137399509,0.376447282508,5.2995075861,18.4032064018,43.7321935694,15.4232793788,4.40294558988,2.68003741067,0.307355913831,0.90910371658,1.66452847097,0.450710671252,100.0,0.066051549438,0.142528470968,0.17456783215,0.20900558581,0.348661897485,0.299020454457,0.880061302322,1.35117263509,2.0417537924,1.24279903881,0.771882651919,0.421573676786,2.45751156604,8.53401789692,20.2796900956,7.15215269416,46.3724511403,136.0,136.0,2.93277574628,2.93277574628,8.08938476958,-7.68767036089,0.839479082497,-0.878735298585,0.358809380556,-0.33823886462,1.32478676771,1.39781266269,1.7550599799,1.95388023996,0.167019025211,-0.875934751035,0.783313590427,-0.145330114577,0.616294565216,0.730604636458,0.244007559821,0.255956673747,0.509989484753,0.487206449352,0.017875551516,0.017875551516,1455.0,1382.0,43.628185907,41.4392803598,10.6985294118,10.1617647059,1.0,1.0,40.0,46.0,7.52087277177,8.39311744319,56.5635272491,70.4444204152,9.0,8.0,5.0,5.0,16.0,13.0,11.0,8.0,5.0,4.0,8.0,3.0,2.0,2.0,0.0,0.0,0.0,0.172516220369,62.0,0.0,231.0,32.5,62.0,70.6611633077,4993.0,21.25,65.25,44.0,16.0,1450.64952336,12.4644419114,505.514139128,182.118112603,548.518472322,300872.514478,30.6072640279,1148.57656459,1117.96930056,166.430685367,-1354.82727213,-1354.82727213,2583.04887402,614.110800943,-1968.93807307,0.90537990677,4.15156878918,0.590491154753,0.275241638853,-4.7530523517e-08,-1.09142908707,-0.574297958757,0.0726761505476,-1.52051000202,0.858947513964,-0.207939837196,0.786271363417,1.31257016482,0.238286438704,0.455395258439,0.0482874567248,-0.0757631385471,-0.00516506315629,-0.00208215902875,0.0165925158357,0.000275311581759,-0.0110151378707,0.00185458830767,0.0128697261783,0.00577973889033,42.510919713,6449.01312547,4.43231142644,23.9561733309,4.89450440094,-36.5958031119,-6449.01312547,-4.63957778811,28.961403823,5.38158004892,12.4093169338,1835.61828031,1.76501757723,4.94818057799,2.22445062386,-22.2564135294,-5885.28766175,-3.26235457968,14.5773115539,3.81802456172,21895.9847798,33934690.0835,11927.8348272,48546369.2478,6967.52246124,0.0,0.0,0.0,0.0,0.0,345.662417922,731862.699231,257.245236988,8385.51429041,91.5724537752,0.0,0.0,0.0,0.0,0.0,4336.08850278,1511.01559086,4310927.48072,621.427897578,386.591581927,1102945.78324,21907.9185107,11895.0896071,33936690.6491,345.725207865,256.523904392,731862.699231,0.0750223258811,-0.129286179308,30.156606749,0.0824946109725,0.246136239767,-0.424167254946,98.9389985202,0.132762207201
2291208,2,2,8,3,2012-09-02 12:56:04,2012-09-02 13:04:49,98894.0,99419.0,0.146111111111,0.0952777777778,0.0936111111111,0.0508333333333,0.652091254753,0.651428571429,163.0,1.0,1.5350877193,1.0,8.81702880352,77.7399969221,1.0,1.0,0.0,0.0,1.0,52.1470237225,26.5239583554,22.9789425982,34.5579890509,274.325188238,16.5627651145,1.30289712372,12.4430426101,45.452752465,33.0097098549,14.3751485573,26.9961950026,23.3031247068,26.9961950026,266.460723601,16.3236247078,1.0,13.864062381,45.5313233981,31.6672610171,14.4670391109,6.0,28.0,31.0,35.0,45.0,53.0,18.0,6.0,6.0,21.0,76.0,18.0,0.0,0.0,0.0,0.0,0.0,337.0,1.74927113703,8.16326530612,9.03790087464,10.2040816327,13.1195335277,15.4518950437,5.24781341108,1.74927113703,1.74927113703,6.12244897959,22.1574344023,5.24781341108,0.0,0.0,0.0,0.0,0.0,1.00270025504,13.2046659565,5.22803181193,100.0,2.22052824192,2.50885949988,4.77783675645,0.0,0.0,0.0,0.0,10.0639846872,39.6538126506,2.69394900131,0.0,10.0803129868,8.56531815241,100.0,0.0253396774277,0.0680799654303,0.120742805841,0.216457907493,0.333700898347,0.132119882318,0.0561159420143,0.0634024875521,0.254331366059,1.00210887182,0.254744005671,0.0,0.0,0.0,0.0,0.0,2.52714380997,15.0,15.0,5.93555457383,5.93555457383,7.31805734752,-9.10822497089,1.86180303218,-1.73486191635,1.38253017051,-1.02819471632,1.64154892996,1.8979206715,2.69468288944,3.60210287529,0.485096930016,-2.4151717025,2.89773129342,-0.331528041506,2.41263436341,2.08364366099,1.04761950615,0.839895993118,0.478134110787,0.513119533528,0.139397699938,0.139397699938,164.0,173.0,31.1787072243,32.8897338403,10.9333333333,11.5333333333,2.0,1.0,23.0,24.0,5.44630353747,6.530611678,29.6622222222,42.6488888889,10.0,9.0,7.5,7.0,13.0,16.0,5.5,9.0,3.0,3.0,3.0,1.0,0.0,1.0,0.0,0.0,0.0,1.18711091477,62.3333333333,0.0,164.0,23.0,62.3333333333,72.4998084289,5256.22222222,11.5,93.5,82.0,23.0,24.505503383,15.531132234,18.6620721381,17.0950083113,2.89965365937,8.4079913443,15.9660717524,22.2765706988,6.31049894639,1.55253511881,-0.40960285009,-0.40960285009,27.0821462558,13.3362717028,-13.7458745529,0.0789566946233,0.715864754941,0.0939174063581,0.0296148233261,-0.000202131159115,-0.0697760129591,-0.00885114422711,0.00557285867752,-0.0773918964775,0.141137840767,-0.00135402102828,0.13556498209,0.0760378754492,0.028453151104,0.00829561381799,0.010162578827,-0.0116092260745,-3.32406966259e-05,-7.30921377371e-05,0.0024245567415,5.87847539275e-06,-0.000416843451355,0.000673384912387,0.00109022836374,0.00061745590966,25.4950125989,880.278171948,5.36754982895,31.1479740881,5.58103700831,-35.8377944017,-880.278171948,-5.00158052243,41.458939341,6.43886164947,2.13976765819,39.8630085831,0.280725412557,0.171151488407,0.413704590749,-2.48629743734,-41.0873389126,-0.208565172145,0.177289036117,0.421057046155,6333.41940984,631884.774259,1858.48463017,4699317.85509,2167.79100817,0.0,0.0,0.0,0.0,0.0,228.60027933,39884.0743724,117.306101095,5184.17768726,72.0012339287,0.0,0.0,0.0,0.0,0.0,73.24858952,55.7821824865,19133.2885929,271.720137483,97.7086559178,33514.0689798,6334.28699133,1843.54840762,632337.103815,228.610717258,116.280100211,39884.0743724,0.215143911476,-0.215444948399,17.6276541968,0.692372827586,0.70585272794,-0.706840381887,57.8335111443,1.11426605584
2291208,2,2,8,1,2012-09-02 13:43:58,2012-09-02 13:44:29,101768.0,101799.0,0.00888888888889,0.00888888888889,0.00833333333333,0.0,1.0,1.0,1.0,1.0,1.0,1.0,0.0,0.0,1.0,1.0,0.0,0.0,1.0,16.856398401,9.98747056555,11.9524547835,12.1002780963,27.9917829034,5.29072612251,1.21154580801,5.40935600186,14.5111046667,9.10174866481,3.8308592792,10.6533019366,12.702417667,10.6533019366,22.7645991291,4.77122616621,1.0,5.96815450446,14.6412013021,8.67304679762,3.2245164215,2.0,6.0,6.0,13.0,5.0,0.0,0.0,0.0,0.0,0.0,0.0,0.0,0.0,0.0,0.0,0.0,0.0,30.0,6.25,18.75,18.75,40.625,15.625,0.0,0.0,0.0,0.0,0.0,0.0,0.0,0.0,0.0,0.0,0.0,0.0,6.62335798694,0.0,0.0,100.0,0.0,0.0,54.5966553539,0.0,0.0,0.0,0.0,0.0,0.0,13.4329970038,0.0,0.0,25.3469896554,100.0,0.00588005270575,0.0119254810829,0.0484695545177,0.0225024278318,0.0,0.0,0.0,0.0,0.0,0.0,0.0,0.0,0.0,0.0,0.0,0.0,0.0887775161382,2.0,2.0,22.5282265938,22.5282265938,3.32597234082,-3.2945443439,1.70197890104,-1.81544416111,1.61551639405,-1.65392891131,0.920155123699,0.932986727089,0.846685451669,0.870464232925,0.980615263765,-2.58527336846,2.34578047771,-1.30646859345,1.36516521395,1.27880477501,0.739853807409,0.748502054935,0.5,0.46875,1.5625,1.5625,16.0,14.0,50.0,43.75,8.0,7.0,4.0,5.0,12.0,9.0,4.0,2.0,16.0,4.0,8.0,7.0,6.0,6.0,10.0,8.0,4.0,2.0,4.0,2.0,1.0,0.0,0.0,0.0,0.0,0.0,0.0,11.2641132969,0.0,0.0,0.0,0.0,0.0,0.0,0.0,0.0,0.0,0.0,0.0,17.0393977378,16.6490263068,16.8341067565,16.8282599024,0.152891007384,0.0233756601388,16.6689740763,16.997399137,0.328425060716,0.164791369218,0.383706534784,0.383706534784,0.397036327314,0.390371431049,-0.00666489626524,0.0124073852286,0.0271368376092,0.01445820115,0.0167786461339,-0.000620815249068,-0.00166622406631,-0.00188463960551,0.00530534406845,-0.00219210972738,0.0240249703269,-0.00135875394444,0.0187196262584,0.000833355782934,0.00939497890849,0.000335034147797,0.00122807506221,-0.000373313621729,0.00063280784063,0.00047321564986,0.000480466758093,2.30848305632e-07,0.000434984964615,0.00107943656817,0.000644451603551,0.000431093871847,4.77080001532,33.199062547,2.07494140919,2.13195262121,1.46012075569,-4.77148856488,-33.199062547,-2.21327083647,2.06752421513,1.43788880486,0.0811138236111,1.16684633106,0.0432165307801,0.00077942190462,0.0279181286017,-0.00679953482536,-0.0199218209517,-0.00498045523792,3.83146213901e-06,0.0019574121025,210.423317589,2521.92094205,81.3522884531,4877.83553032,69.8415029214,0.109676646939,0.0,0.0,0.0,0.0,73.4893074374,1401.11102593,45.1971298686,482.676992809,21.9699110788,4.6941691015,0.0,0.0,0.0,0.0,50.9319001149,50.3182716335,1610.18469227,28.3917621282,12.7642199386,408.455038036,213.945678937,79.1398481501,2532.4751408,73.8978575146,43.7847195602,1401.11102593,0.235909111582,-0.227881562702,5.94161892604,6.68244090007,0.773980024874,-0.747642922249,19.4935004135,10.7543461679
2291208,2,2,8,1,2012-09-02 16:24:13,2012-09-02 16:28:13,111383.0,111623.0,0.0669444444444,0.0669444444444,0.0663888888889,0.0,1.0,1.0,1.0,1.0,1.0,1.0,0.0,0.0,1.0,1.0,0.0,0.0,1.0,49.2593000603,25.752171879,25.2880205796,31.9696971389,201.751042994,14.2039094264,1.24143692769,14.2265623876,38.0324398802,23.8058774926,11.8093007016,25.9676712253,25.3550591533,25.9676712253,197.843320068,14.0656787987,1.0,14.4202750978,38.3008180432,23.8805429453,11.742262128,2.0,20.0,22.0,21.0,15.0,39.0,36.0,13.0,21.0,20.0,32.0,0.0,0.0,0.0,0.0,0.0,0.0,239.0,0.829875518672,8.29875518672,9.12863070539,8.71369294606,6.22406639004,16.1825726141,14.9377593361,5.39419087137,8.71369294606,8.29875518672,13.2780082988,0.0,0.0,0.0,0.0,0.0,0.0,0.953610793437,14.2753275142,15.8750729276,100.0,6.79533883042,12.7053785591,4.29232141844,0.0,0.0,0.0,0.0,13.7841634754,24.3485986396,2.85851611066,0.0,0.0,4.11167173113,100.0,0.0164399147862,0.0492798126843,0.0739981120599,0.0708837749677,0.246101627093,0.273680675545,0.117149252173,0.219036259108,0.23763413176,0.419761279501,0.0,0.0,0.0,0.0,0.0,0.0,1.72396483968,9.0,9.0,5.220524104,5.220524104,5.68649937374,-7.21962466652,1.72207542605,-2.03518004897,1.26521858026,-1.28060540885,1.37303486193,1.84373298948,1.88522473209,3.39935133651,0.634955511545,-3.25472670536,2.45003752452,-0.629526555252,1.81508201297,2.62520015011,0.83970499739,0.881855339509,0.539419087137,0.45643153527,0.22382534736,0.22382534736,130.0,109.0,53.9419087137,45.2282157676,14.4444444444,12.1111111111,2.0,7.0,32.0,19.0,9.97899027525,3.54163943345,99.5802469136,12.5432098765,10.0,12.0,8.0,9.0,22.0,14.0,14.0,5.0,8.0,3.0,1.0,0.0,0.0,0.0,0.0,0.0,0.0,0.580058233778,0.0,0.0,0.0,0.0,0.0,0.0,0.0,0.0,0.0,0.0,0.0,17.0924481878,15.5391986606,15.7886136071,15.5426515962,0.528836116558,0.279667638177,15.5426515962,15.5426515962,1.7763568394e-15,0.0,-1.4967461416,-1.4967461416,1.60975291281,0.0565033856051,-1.55324952721,0.00667947266727,0.00539745123591,0.000763559264933,1.7763568394e-15,-1.7763568394e-15,-0.0196613864204,-1.7763568394e-15,1.7763568394e-15,-0.0324107493396,0.00100395795739,-1.7763568394e-15,0.00100395795738,0.0324107493396,0.0,0.0,0.000473215649874,-0.0026356266347,-0.000169021657169,0.0,0.000592284892411,3.50801393779e-07,-3.52061191897e-17,3.12847830939e-17,6.64909022836e-17,3.21597516583e-17,16.2815231457,730.733413042,5.62102625417,17.4336521453,4.17536251664,-31.6059869517,-730.733413042,-6.64303102765,54.4539086586,7.37928917028,0.0161333429416,0.16889240078,0.00228232974027,1.55535620362e-05,0.00394380045594,-0.313474977702,-4.64276678028,-0.0587691997504,0.00837750244234,0.0915286973705,5336.36557666,351406.022191,1464.19175913,2705013.96447,1644.69266566,0.0181814670385,0.0,0.0,0.0,0.0,215.913200158,27208.0843242,113.367018018,3826.72184795,61.8605031337,2.57867721704,0.0,0.0,0.0,0.0,51.0904714599,47.1932226456,11373.5666576,242.459522912,86.4254051305,20828.5226365,5339.17145249,1459.56931274,351756.20437,215.951038325,112.896615453,27208.0843242,0.262811957312,-0.264424482459,15.9158908865,1.03748831595,0.862243954434,-0.867534391269,52.2174897851,1.66967559635
2291208,2,2,8,3,2012-09-02 16:35:00,2012-09-02 16:42:53,112030.0,112503.0,0.131666666667,0.0780555555556,0.0763888888889,0.0536111111111,0.592827004219,0.591966173362,179.0,1.0,1.68928571429,1.0,10.6529620055,113.48559949,1.0,1.0,0.0,0.0,1.0,55.740848622,24.6871672154,18.4904012184,35.4455282513,356.557579117,18.8827323001,1.43578758721,8.5086306994,46.3019342597,37.7933035603,12.9957581968,25.2257963182,19.1151039115,25.2257963182,350.749669166,18.7283119679,1.0,9.25531951897,46.6238463389,37.3685268199,12.9114584591,6.0,37.0,38.0,45.0,20.0,30.0,8.0,8.0,8.0,8.0,11.0,53.0,9.0,0.0,0.0,0.0,0.0,275.0,2.13523131673,13.1672597865,13.5231316726,16.0142348754,7.11743772242,10.6761565836,2.84697508897,2.84697508897,2.84697508897,2.84697508897,3.91459074733,18.8612099644,3.20284697509,0.0,0.0,0.0,0.0,1.8275917892,10.0252772137,3.24104617579,100.0,3.79102130209,4.34318238469,7.96646361116,0.0,0.0,0.0,0.0,4.93635116359,7.52173733195,4.19571510696,7.18673544634,40.1009747636,4.86390371089,100.0,0.0352171555902,0.0808501945607,0.15351140783,0.0937259921908,0.193184139674,0.062454005387,0.0730518641147,0.0836918455764,0.0951220332701,0.144941663392,0.772733974795,0.138486275708,0.0,0.0,0.0,0.0,1.92697055209,14.0,14.0,7.26529006104,7.26529006104,5.45285831339,-8.99689434011,1.82153112252,-2.2954253983,1.54763918824,-1.47648862505,1.54535058371,2.31034553584,2.38810842657,5.33769649498,0.468973321962,-3.68287281827,2.69647352429,-0.501002138914,2.22750020233,3.18187067935,1.08592294551,1.27132962564,0.551601423488,0.437722419929,0.196299438964,0.196299438964,155.0,120.0,32.7004219409,25.3164556962,11.0714285714,8.57142857143,1.0,4.0,41.0,21.0,10.4912499985,5.09501557146,110.066326531,25.9591836735,7.5,6.5,4.5,5.0,12.5,8.75,8.0,3.75,4.5,1.5,3.0,1.0,0.0,1.0,0.0,0.0,0.0,1.55684787022,65.6666666667,0.0,180.0,17.0,65.6666666667,81.1432204329,6584.22222222,8.5,98.5,90.0,17.0,17.0144184446,15.5388382997,15.6751288141,15.5426515962,0.378101343655,0.142960626074,15.5426515962,15.5426515962,1.7763568394e-15,0.0,1.46629684134,1.46629684134,1.48486344855,1.47558014494,-0.00928330360514,0.00528421156067,0.0712205855492,0.0165795521904,3.5527136788e-15,-1.7763568394e-15,-0.000138556770226,-1.7763568394e-15,1.7763568394e-15,-7.63961498862e-05,0.0262468489461,-1.7763568394e-15,0.0262468489461,7.63961498844e-05,1.7763568394e-15,0.0,0.00201810980203,-0.000224595711726,0.000170787672933,0.0,0.000489480815654,2.39591468893e-07,0.0,4.79081064691e-17,4.79081064691e-17,2.34164034932e-17,24.6434276241,820.201138466,5.29162024817,29.9527515401,5.4729107009,-33.6201807277,-820.201138466,-6.66830193875,85.8385103191,9.26490746414,0.212883096288,4.41060779906,0.0495573910006,0.0052243216783,0.0722794692724,-0.00542108568877,-0.0277484157144,-0.000414155458424,1.04843011046e-06,0.0010239287624,7733.17262379,558506.709832,2009.01694184,7452241.75941,2729.87944045,0.0,0.0,0.0,0.0,0.0,244.333625861,30411.9759666,109.395597002,6781.32892504,82.3488246731,0.0,0.0,0.0,0.0,0.0,50.8572353358,46.854009005,13165.9765304,310.46305438,96.526399205,27123.9181766,7736.23914923,1989.26900986,558984.591772,244.365919173,108.227672479,30411.9759666,0.265195687135,-0.263782389688,18.9787329046,0.736261394742,0.870064590336,-0.865427787691,62.2661840702,1.18489785806
2291208,2,3,9,5,2012-09-03 19:50:57,2012-09-03 20:36:32,210187.0,212922.0,0.76,0.593333333333,0.590555555556,0.166666666667,0.780701754386,0.780621572212,282.0,1.0,1.28103044496,1.0,7.7035647253,59.3449094768,1.0,1.0,0.0,0.0,1.0,81.4134672381,44.0931339417,42.8944564911,54.9959200249,618.840626409,24.8765075203,1.24726720713,22.3023432692,71.6433023207,49.3409590515,26.1767374136,44.3005334428,42.9942328475,44.3005334428,612.563539257,24.7500209951,1.0,22.5949400787,71.6722468603,49.0773067816,26.0472107794,10.0,104.0,109.0,126.0,127.0,136.0,125.0,104.0,125.0,191.0,141.0,27.0,24.0,44.0,114.0,458.0,171.0,2126.0,0.468164794007,4.86891385768,5.10299625468,5.89887640449,5.9456928839,6.3670411985,5.85205992509,4.86891385768,5.85205992509,8.94194756554,6.60112359551,1.26404494382,1.12359550562,2.05992509363,5.33707865169,21.4419475655,8.00561797753,0.412556319151,3.24886626311,3.63760299868,100.0,3.58075705077,4.95005772971,1.71376579225,2.93640860641,8.25062686295,35.377214108,13.9750470188,8.63514752024,7.0872027363,0.895576506329,1.46327031788,1.49818878832,2.33771138112,100.0,0.107932679497,0.234300064102,0.448354140759,0.611590324866,0.849965992101,0.951667009735,0.936795014831,1.29503044707,2.25912091622,1.85414874517,0.39195504422,0.382819699773,0.768221050742,2.15852290587,9.25536062488,3.65614147891,26.1619261387,103.0,103.0,3.93701898911,3.93701898911,9.39594451739,-8.85871231662,1.26782199681,-1.3526713836,0.57766430847,-0.646468323413,1.49551556421,1.60856243663,2.23656680281,2.58747311253,0.21912151674,-1.97738138924,1.8440557389,-0.232822601773,1.62493422216,1.74455878746,0.463026309747,0.514861150645,0.514981273408,0.482677902622,0.0241096101783,0.0241096101783,1100.0,1026.0,40.2046783626,37.5,10.6796116505,9.96116504854,1.0,1.0,38.0,42.0,8.32263680238,7.45591878015,69.2662833443,55.5907248563,8.0,8.0,5.0,4.5,14.0,14.0,9.0,9.5,4.0,4.0,5.0,1.0,0.0,3.0,0.0,0.0,0.0,0.191117426656,121.6,0.0,283.0,130.0,121.6,105.217108875,11070.64,16.0,179.0,163.0,114.0,74.3537092752,15.5318061007,39.3704186936,38.1301574205,17.0859041375,291.928120196,23.9875109379,51.1703251408,27.1828142029,13.9281785097,0.0260108215957,0.0260108215957,616.679629322,308.352820072,-308.32680925,0.28870769163,4.91077645816,0.283412518448,0.101792461058,-3.5527136788e-15,-0.304069831607,-0.106178293223,0.0275881093252,-0.303864750354,0.264729233853,-0.0214624880946,0.237141124528,0.282402262259,0.0907336232186,0.0989581152818,0.0492440266096,-0.0460406043421,0.000155174363883,1.56454232302e-05,0.0068607007046,4.7069214158e-05,-0.00171939031977,0.0022332899007,0.00395268022047,0.00191490782778,38.6281012888,5543.68021548,5.0397092868,28.8562788536,5.3718040595,-33.2711429251,-5543.68021548,-5.37699341948,32.4273449606,5.69450129165,14.6786394626,921.687214165,0.847138983607,2.81106721776,1.67662375558,-14.4569980767,-921.609466078,-0.908885075028,3.17265358459,1.78119442639,24103.8599178,15868731.6845,7446.61270976,59755238.3223,7730.15124834,0.0,0.0,0.0,0.0,0.0,356.910676128,412894.66936,193.756297212,11824.4119319,108.740111881,0.0,0.0,0.0,0.0,0.0,222.248212774,117.680816144,251366.223283,662.300792867,256.105567212,547041.491564,24104.4879523,7430.20117989,15870909.7202,356.91377592,193.302747828,412894.66936,0.136476530815,-0.136474684222,27.4553387251,0.181052431689,0.44775764703,-0.447751588655,90.0765706205,0.291375644625
2291208,2,4,10,11,2012-09-04 07:38:22,2012-09-04 08:10:09,252632.0,254539.0,0.53,0.405277777778,0.399166666667,0.124722222222,0.764675052411,0.764551651809,79.0,1.0,1.30795610425,1.0,3.95748389926,15.6616788129,1.0,1.0,0.0,0.0,1.0,76.4811754055,34.401226143,34.481249035,44.4265594749,449.013055556,21.1899281631,1.29142372107,16.8007805949,53.0491813095,36.2484007147,18.3188250982,34.9278976636,34.7785713616,34.9278976636,437.491769603,20.9163039183,1.0,17.4883925685,53.2517107946,35.7633182262,17.8381687299,22.0,141.0,129.0,57.0,79.0,69.0,121.0,135.0,126.0,114.0,62.0,75.0,124.0,65.0,83.0,50.0,7.0,1437.0,1.50788211103,9.66415352981,8.84167237834,3.9067854695,5.41466758053,4.72926662097,8.29335161069,9.25291295408,8.63605209047,7.813570939,4.24948594928,5.14050719671,8.49897189856,4.45510623715,5.68882796436,3.42700479781,0.479780671693,1.07701306499,3.08146222703,6.67940068458,100.0,8.77761990934,9.40952477263,1.41139598401,8.01409588389,11.1603329445,7.10073509225,1.05742987187,9.50872479345,5.8566736884,1.99968740368,14.1982214192,7.86092331261,2.80675894761,100.0,0.150420382709,0.279285139928,0.197121772214,0.392004302265,0.430370570757,0.932874483979,1.22592101151,1.31417562462,1.32803033594,0.817968812308,1.09789113203,1.98298606497,1.11928388718,1.55870119615,0.991719900911,0.147685307806,13.9664399253,76.0,76.0,5.44161578804,5.44161578804,9.25986323309,-9.74678812044,1.81210446776,-1.97668139528,1.06693531957,-1.12073478001,1.82834159266,2.03012502158,3.34283297945,4.12140760323,0.462862159263,-2.96008822227,2.75611190938,-0.509077677803,2.29324975011,2.45101054447,0.785411027985,0.803830778721,0.517477724469,0.474982864976,0.0354679728903,0.0354679728903,755.0,696.0,39.570230608,36.4779874214,9.93421052632,9.15789473684,2.0,1.0,31.0,28.0,5.99854264388,6.19646043186,35.9825138504,38.3961218837,8.0,8.0,6.0,4.0,14.0,12.25,8.0,8.25,4.0,4.0,11.0,3.0,5.0,2.0,0.0,0.0,0.0,0.787602285111,41.3636363636,0.0,80.0,47.0,41.3636363636,22.8364649679,521.504132231,23.5,51.5,28.0,21.0,48.1403425523,15.5331530506,27.4451807405,23.215964019,11.9805393715,143.533323631,16.7448745388,39.7411963227,22.9963217839,7.6733124228,30.5646058928,30.5646058928,274.996583341,152.780594617,-122.215988724,0.188482922098,4.97992166229,0.212786343477,0.0460808913219,-2.36847578587e-16,-0.209273953295,-0.0230215234364,0.00472301611121,-0.0931210108549,0.175238750287,-0.000961454331212,0.170515734176,0.0921595565237,0.0451773276099,0.023015768231,0.0489322763058,-0.0452135422705,0.000373196860965,0.0,0.00592273625958,3.50788048005e-05,-0.000284121467545,0.00104851301237,0.00133263447992,0.000718062040101,30.4576618178,5112.24591983,6.77118664878,45.0827557472,6.71436934844,-39.0410605265,-5113.69967566,-7.37907601106,61.1690535703,7.8210647338,14.885319105,456.671421387,0.636032620316,2.47875466943,1.5744061323,-12.2182224193,-365.31176899,-0.62553385101,2.81518303234,1.67785071813,19978.4848539,5712111.57554,3944.82843614,22831444.1258,4778.22604382,0.0,0.0,0.0,0.0,0.0,335.262404931,220037.28319,151.959449717,8504.80202145,92.2214835136,0.0,0.0,0.0,0.0,0.0,143.89470544,82.0354818649,119689.768041,584.482995706,163.119031531,237990.667004,19983.5581706,3916.85236297,5714687.59757,335.290782064,150.813765038,220037.28319,0.228083404917,-0.224018785985,22.5450891956,0.448734821682,0.748305134242,-0.734969770292,73.9668280695,0.722168692865
2291208,2,4,10,4,2012-09-04 16:59:30,2012-09-04 17:20:39,286300.0,287569.0,0.352777777778,0.317777777778,0.315555555556,0.035,0.900787401575,0.900709219858,71.0,1.0,1.11023622047,1.0,2.38545282044,5.69038515855,1.0,1.0,0.0,0.0,1.0,75.6712790536,36.9057483287,39.1599699989,43.9410509379,321.956598663,17.9431490732,1.19062891088,24.4647134098,50.3599515813,25.8952381715,12.9507813657,37.1656479649,39.2016733002,37.1656479649,314.564560272,17.7359679824,1.0,25.0709075313,50.5528265545,25.4819190233,12.8921496726,8.0,53.0,61.0,43.0,57.0,69.0,110.0,83.0,118.0,140.0,111.0,90.0,102.0,48.0,23.0,21.0,7.0,1136.0,0.699300699301,4.63286713287,5.33216783217,3.75874125874,4.98251748252,6.03146853147,9.61538461538,7.25524475524,10.3146853147,12.2377622378,9.7027972028,7.86713286713,8.91608391608,4.1958041958,2.01048951049,1.83566433566,0.611888111888,0.467820555255,3.64153172438,7.19690580896,100.0,6.31966273956,10.6031624126,1.30158346092,7.08247961556,3.64924032737,3.58701470156,1.24960821846,14.0911887786,12.3348750869,1.03814029606,13.8335347663,11.2463062154,2.35694529215,100.0,0.0548651839458,0.121751294733,0.152647452537,0.276418459068,0.427072529538,0.844040640399,0.74115909356,1.24352051153,1.65259019868,1.44661277276,1.3189473021,1.62237298264,0.830620934748,0.427976581137,0.420678867584,0.146551886179,11.7278266911,48.0,48.0,4.09282992187,4.09282992187,8.33326592795,-8.2014404095,1.79684421797,-1.86101722576,1.31421629298,-1.31039717123,1.63640333433,1.66802099008,2.67781587261,2.78229402334,0.617331738319,-2.60640281152,2.48812294646,-0.593187066214,1.87079120814,2.01321574531,0.802792897929,0.864067515923,0.506993006993,0.48951048951,0.0443175705413,0.0443175705413,580.0,556.0,45.6692913386,43.7795275591,12.0833333333,11.5833333333,1.0,1.0,58.0,38.0,10.1895234868,9.02504232061,103.826388889,81.4513888889,9.5,7.0,5.0,5.0,15.25,14.5,10.25,9.5,4.5,4.0,4.0,1.0,1.0,1.0,0.0,0.0,0.0,0.341069160156,33.0,0.0,72.0,30.0,33.0,25.8746980659,669.5,18.75,44.25,25.5,17.5,48.0600906923,15.5311942365,34.0576922004,34.9057878829,9.60779114324,92.3096506521,27.3622680227,41.7211971052,14.3589290825,7.44465319647,-30.5490672825,-30.5490672825,266.359245417,117.905089067,-148.45415635,0.232831508232,4.5507610403,0.272928446915,0.0578447714102,-7.1054273576e-15,-0.219282357976,-0.0685980086567,0.0216321826047,-0.199822471313,0.241699591377,-0.0146641348511,0.220067408772,0.185158336462,0.0493184023681,0.059494064337,0.0420761448652,-0.044808143788,-0.000552547121636,-0.000288341084828,0.00695358779605,4.83523832374e-05,-0.00220525218705,0.000768951984537,0.00297420417159,0.00140546861401,34.2926411886,4522.15271863,7.79681503213,42.5044168159,6.51954115072,-47.4858930625,-4522.15271863,-8.07527271185,61.4853308738,7.84125824558,13.6025292864,352.426201431,0.815801392201,3.04394304162,1.74468995573,-14.4306524126,-443.739407882,-0.655449642366,2.32552705382,1.52496788616,19346.5338629,4333559.39444,3801.36788986,15921213.1271,3990.13948717,0.0,0.0,0.0,0.0,0.0,331.689502318,185091.766495,162.36119868,6103.70576892,78.1262169116,0.0,0.0,0.0,0.0,0.0,143.65482726,101.800721128,116460.02497,572.169788762,168.268375814,192499.021931,19355.4103017,3789.83652314,4335572.98248,331.740224953,161.793502181,185091.766495,0.24041039008,-0.245248404612,21.4291113777,0.523534021103,0.78874799895,-0.804620750039,70.3054835226,0.842546335657
2291208,2,5,12,8,2012-09-05 07:33:46,2012-09-05 08:08:50,338756.0,340860.0,0.584722222222,0.4325,0.428055555556,0.152222222222,0.739667458432,0.739543726236,195.0,1.0,1.35218508997,1.0,6.24649014922,39.0186391843,1.0,1.0,0.0,0.0,1.0,77.9834054256,32.8106308119,31.6108625476,42.3167522491,381.969678411,19.5440445766,1.28972687211,16.8633180424,47.1220979442,30.2587799018,15.1023819368,33.1512992694,31.7582593058,33.1512992694,374.642017278,19.3556714499,1.0,17.3400294762,47.2945684308,29.9545389546,14.9167417805,16.0,76.0,115.0,128.0,152.0,101.0,119.0,188.0,136.0,111.0,99.0,99.0,47.0,53.0,34.0,52.0,31.0,1541.0,1.02761721259,4.88118175979,7.38599871548,8.22093770071,9.76236351959,6.48683365446,7.64290301863,12.0745022479,8.734746307,7.12909441233,6.35838150289,6.35838150289,3.01862556198,3.4039820167,2.18368657675,3.33975594091,1.99100834939,0.64837834752,4.41473687085,6.38464203332,100.0,11.8227622211,9.88811652762,3.06367592605,6.47858657124,4.46087498105,7.45622305603,4.60057845816,9.13326723977,9.29599188361,1.73689401491,5.25457388274,10.1394765549,5.22122143116,100.0,0.0921232092037,0.246782224163,0.435294699996,0.741844134742,0.627256801354,0.907145829246,1.67980747911,1.40492820433,1.29767733895,1.32079766131,1.44064206255,0.746582934066,0.92049370299,0.633812218873,1.05939872775,0.653661636574,14.2082488652,78.0,78.0,5.4897687069,5.4897687069,8.54704540779,-8.52838507666,1.73234464628,-1.95613892881,1.24513924717,-1.26554595583,1.56682054216,1.90310693306,2.45492661135,3.62181599866,0.52730148125,-2.94258254293,2.67022871272,-0.477539787252,2.14292723147,2.46504275567,0.86701401937,0.959171489224,0.527296082209,0.467565831728,0.033866158138,0.033866158138,835.0,720.0,39.6674584323,34.2042755344,10.7051282051,9.23076923077,1.0,1.0,47.0,41.0,9.15270588316,7.26763650948,83.7720249836,52.8185404339,7.0,6.5,5.0,4.0,13.75,12.75,8.75,8.75,3.0,3.5,8.0,1.0,2.0,4.0,0.0,0.0,0.0,0.563053200708,68.5,0.0,196.0,65.5,68.5,56.2761050536,3167.0,33.75,78.5,44.75,26.0,48.1316164213,15.535961692,28.1665929487,23.2622207813,11.8606910235,140.675991556,16.9333217585,40.5268192063,23.5934974478,7.71956918511,30.6424453413,30.6424453413,268.419211093,149.530828217,-118.888382876,0.172239694265,4.87072128871,0.193630118152,0.0405277837713,-1.7763568394e-15,-0.18991754453,-0.0205798115738,0.00746221609404,-0.0733889176929,0.155089588371,-0.00284311646868,0.147627372277,0.0705458012242,0.0394789398021,0.0199947214656,0.0444477942521,-0.0436483531414,0.000416472585789,0.0,0.00552873565924,3.05669179897e-05,-0.000359953787475,0.0011369653124,0.00149691909987,0.000679397126749,27.8768775621,5162.06982959,6.28753937831,29.2925525762,5.41225947052,-40.7424092122,-5163.19181627,-7.09229645092,53.8915834733,7.34108871172,14.5589118806,446.957652144,0.579711611081,2.30139518985,1.51703499955,-13.2419241539,-355.365332426,-0.567676249882,2.6420417288,1.6254358581,21156.8664757,5267919.20784,3400.85165128,22772240.8344,4772.02691048,0.0,0.0,0.0,0.0,0.0,341.728417431,223959.893716,144.58353371,7257.35369139,85.1901032479,0.0,0.0,0.0,0.0,0.0,143.868622451,84.1918312322,131086.681229,607.66911788,145.737509109,226913.301682,21184.3794357,3384.90234782,5270292.95555,341.876505618,143.84065107,223959.893716,0.23245525408,-0.228449635271,21.4655634189,0.504492579336,0.762648471392,-0.749506677398,70.4250768336,0.811902105599
2291208,2,5,12,6,2012-09-05 10:36:21,2012-09-05 10:52:25,349711.0,350675.0,0.268055555556,0.225555555556,0.222222222222,0.0425,0.841450777202,0.841286307054,59.0,1.0,1.18865598027,1.0,2.53851603665,6.44406366833,1.0,1.0,0.0,0.0,1.0,58.4507430424,27.6722507744,32.3526039289,33.130329394,196.382461195,14.0136526714,1.1972401401,16.0099884176,38.6039992029,22.5940107853,8.31268581548,28.087334536,32.5951637939,28.087334536,187.66960164,13.6992555141,1.0,16.7859369782,38.6557103545,21.8697733763,8.03195735417,12.0,65.0,64.0,51.0,54.0,56.0,65.0,113.0,190.0,98.0,22.0,13.0,9.0,0.0,0.0,0.0,0.0,800.0,1.47783251232,8.00492610837,7.88177339901,6.28078817734,6.65024630542,6.89655172414,8.00492610837,13.9162561576,23.3990147783,12.0689655172,2.70935960591,1.60098522167,1.10837438424,0.0,0.0,0.0,0.0,1.37230976428,5.56585410552,7.92944486235,100.0,16.3645036093,31.7427193079,2.82115522294,0.0,0.0,0.0,0.0,18.0573395529,4.60926646059,2.05994516913,2.27978701168,2.97569508952,4.22197984382,100.0,0.0859186899405,0.128970728685,0.176629189111,0.26433316047,0.348471537254,0.49645315676,1.02456220034,1.98737408206,1.13054865496,0.288580717116,0.186304747229,0.142734766221,0.0,0.0,0.0,0.0,6.26088163015,33.0,33.0,5.27082317626,5.27082317626,8.08995920096,-8.47476700241,2.18396461045,-2.47758466025,1.61251540676,-1.83846259229,1.83382381683,2.10486692373,3.36290979116,4.43046476663,0.678060712264,-4.00032325587,3.38640185361,-0.612556909232,2.70834114135,3.38776634663,1.14621566214,1.4906748192,0.527093596059,0.465517241379,0.0649130044408,0.0649130044408,428.0,386.0,44.3523316062,40.0,12.9696969697,11.696969697,1.0,2.0,34.0,31.0,9.35652372796,7.2633778288,87.5445362718,52.7566574839,11.0,11.0,5.0,6.0,22.0,16.0,17.0,10.0,7.0,5.0,6.0,4.0,1.0,0.0,0.0,0.0,0.0,0.958331486592,24.8333333333,0.0,60.0,22.5,24.8333333333,17.9575115821,322.472222222,18.0,26.25,8.25,5.0,50.8409577774,26.6815573601,42.8785051009,43.302556042,5.1195573632,26.2098675951,39.4583201963,47.4328180133,7.97449781709,4.04382207779,-3.35932151128,-3.35932151128,99.2173881911,47.9290333399,-51.2883548512,0.122162673282,1.18006612778,0.102366956952,0.044552104954,-7.1054273576e-15,-0.15448299654,-0.0863648455577,0.0120975011239,-0.175241691016,0.150115165665,-0.0359822310107,0.138017664541,0.139259460005,0.0392527995528,0.0587655607268,0.0210110353173,-0.0264180762927,-0.000416919354834,0.000297757083723,0.00453314940174,2.05494434985e-05,-0.0023524348139,0.00174765275935,0.00410008757325,0.00195577251693,29.2531836707,3031.2492506,7.08235806216,36.8577985709,6.07106239228,-31.7027940375,-3032.45677124,-8.02237241068,61.3808337586,7.83459212459,3.52729662597,143.263088064,0.306117709538,0.199033330231,0.446131516743,-4.2707377825,-153.304324867,-0.461760014659,0.433283696055,0.658242885305,8897.77014621,1317274.527,1634.33564144,2441425.6505,1562.50620815,0.0,0.0,0.0,0.0,0.0,256.030064331,98507.1091047,122.217256954,3671.30022118,60.5912553194,0.0,0.0,0.0,0.0,0.0,151.967025074,128.166721176,104071.377595,341.38375105,96.1389121907,78064.7966989,8920.29602378,1624.37545726,1318992.8713,256.246000967,121.314173774,98507.1091047,0.298210578911,-0.299207137488,16.1705086209,1.14044851838,0.978381164407,-0.981650713542,53.0528498061,1.83537398036
2291208,2,5,12,4,2012-09-05 11:38:52,2012-09-05 11:52:57,353462.0,354307.0,0.235,0.194166666667,0.191944444444,0.0408333333333,0.826241134752,0.826035502959,92.0,1.0,1.2106017192,1.0,3.68067078945,13.5473374603,1.0,1.0,0.0,0.0,1.0,58.4394332805,31.8848907434,34.3411450208,37.5949582456,233.329532197,15.2751278946,1.1790838033,20.6274178341,44.7361601049,24.1087422708,11.4296869673,32.2540356434,34.7545388564,32.2540356434,224.124474364,14.9707873662,1.0,21.9291288966,44.9536826905,23.0245537939,11.1241810476,8.0,41.0,41.0,43.0,33.0,54.0,54.0,88.0,87.0,78.0,102.0,57.0,13.0,0.0,0.0,0.0,0.0,691.0,1.14449213162,5.86552217454,5.86552217454,6.15164520744,4.72103004292,7.72532188841,7.72532188841,12.5894134478,12.4463519313,11.1587982833,14.5922746781,8.15450643777,1.85979971388,0.0,0.0,0.0,0.0,1.00919583716,5.55965046619,6.77577917324,100.0,12.7769382769,14.5454710162,2.40985763351,0.0,0.0,0.0,0.0,14.809820975,21.7741741445,1.31365720556,3.31969057861,13.0895890999,2.61617559325,100.0,0.0626990686568,0.0816145690357,0.149719037329,0.162537108358,0.345408585183,0.420963927854,0.793802452154,0.903677415528,0.920100884202,1.35278049052,0.813226744941,0.206244912873,0.0,0.0,0.0,0.0,6.21277519663,31.0,31.0,4.98971860704,4.98971860704,7.16124182805,-7.99104387021,1.79694046829,-2.04198465157,1.21763921582,-1.23488119648,1.65163715422,1.9088605155,2.7279052892,3.64374846764,0.505803551066,-2.91573732301,2.55684581374,-0.653534434468,2.05104226267,2.26220288854,0.898769898214,0.813183399972,0.527896995708,0.466380543634,0.0755217447365,0.0755217447365,383.0,322.0,45.2718676123,38.061465721,12.3548387097,10.3870967742,1.0,2.0,37.0,26.0,9.13888673638,6.58285857779,83.5192507804,43.3340270552,10.0,9.0,5.0,5.0,16.0,16.0,11.0,11.0,5.0,5.0,4.0,1.0,1.0,1.0,0.0,0.0,0.0,0.643834658973,34.75,0.0,93.0,23.0,34.75,35.3721288587,1251.1875,11.25,46.5,35.25,15.5,50.7603544864,26.6291019806,42.6809007575,43.1492529326,4.8763143904,23.778442034,39.2026716065,47.07698265,7.87431104346,3.93242253058,3.27933213537,3.27933213537,98.69383523,50.9865836827,-47.7072515473,0.140327191965,1.03858810252,0.178657644099,0.081691646034,-7.1054273576e-15,-0.116643646815,-0.0556962946444,0.0270402411975,-0.171906923556,0.235464548105,-0.0233332465075,0.208424306907,0.148573677049,0.0721723516314,0.0458466836535,0.0201583560379,-0.0234609307459,7.16055713301e-05,-0.000445635943922,0.0046050579053,2.12065583112e-05,-0.00219233809019,0.00139951674264,0.00359185483283,0.00180760062928,28.941881859,2572.84093215,6.97246865081,45.5490391336,6.74900282513,-38.9129548991,-2574.83835201,-7.89827715341,60.3674579862,7.76964979817,3.10440934074,152.40231065,0.540433725708,0.467471334188,0.68371875372,-4.57201534967,-142.600167444,-0.348655666123,0.250149720508,0.500149698098,8896.78174027,1657817.65499,2385.34914387,4642622.18517,2154.67449634,0.0,0.0,0.0,0.0,0.0,256.0206041,97707.7851874,140.586741277,4381.8260552,66.1953627923,0.0,0.0,0.0,0.0,0.0,151.726096443,127.57606857,89175.6719305,341.251653656,124.90055687,87305.4892524,8915.11900296,2373.54777734,1659109.89636,256.196419369,139.782239181,97707.7851874,0.256619472413,-0.255639110302,18.2108806573,0.773798192985,0.841927402931,-0.838710991804,59.7469837838,1.24530747909
2291208,2,5,12,3,2012-09-05 16:58:30,2012-09-05 17:22:44,372640.0,374094.0,0.404166666667,0.3775,0.375833333333,0.0266666666667,0.934020618557,0.933975240715,64.0,1.0,1.0706921944,1.0,1.92862583367,3.71959760629,1.0,1.0,0.0,0.0,1.0,68.4145077738,31.2962579906,31.1813241265,38.3347125629,267.054997919,16.3418174607,1.2248976403,19.2838164833,43.8654014144,24.5815849312,12.2022323348,31.4350440571,31.2069188713,31.4350440571,263.876531174,16.2442768745,1.0,19.3715027746,43.8919643415,24.520461567,12.0386900774,6.0,68.0,84.0,99.0,105.0,156.0,122.0,177.0,135.0,88.0,107.0,92.0,66.0,30.0,24.0,0.0,0.0,1353.0,0.441501103753,5.00367917586,6.18101545254,7.28476821192,7.72626931567,11.4790286976,8.97718910964,13.0242825607,9.93377483444,6.47534952171,7.87343635026,6.76968359088,4.85651214128,2.20750551876,1.76600441501,0.0,0.0,0.600107073223,8.33504724751,7.90712299891,100.0,13.4549470358,11.7599574808,2.93213452638,4.37700236151,3.74634958123,0.0,0.0,8.73519874275,11.9391586845,1.53919083267,8.89747948995,11.3671475834,4.40915636141,100.0,0.0708986743406,0.18184519807,0.346412265718,0.520912608654,0.984730603558,0.934174189048,1.58961283865,1.38936105388,1.03200585128,1.41053248868,1.34295316728,1.05117824628,0.517113826621,0.44260637939,0.0,0.0,11.8143373915,64.0,64.0,5.41714680049,5.41714680049,7.92502191086,-8.49510142842,1.87514462805,-2.1801920795,1.51817466667,-1.60034824616,1.5108095198,1.9351194302,2.28254540513,3.74468720916,0.751667171429,-3.23779838219,2.61697470618,-0.595196892712,1.86530753475,2.64260148948,0.908809278571,1.17877400637,0.53642384106,0.461368653422,0.0394719529845,0.0394719529845,729.0,624.0,50.1030927835,42.8865979381,11.390625,9.75,1.0,1.0,33.0,26.0,7.92862138769,6.23999198717,62.8630371094,38.9375,10.0,8.0,5.0,5.0,16.0,14.0,11.0,9.0,5.5,4.0,3.0,0.0,1.0,1.0,0.0,0.0,0.0,0.253928756273,33.3333333333,0.0,65.0,35.0,33.3333333333,26.5622957508,705.555555556,17.5,50.0,32.5,30.0,48.0834739039,15.5296377912,34.4742648021,34.9298144296,9.55992219649,91.392112403,27.4448064853,42.5316186733,15.086812188,7.51981121032,-30.544705087,-30.544705087,285.602941248,127.529118081,-158.073823168,0.21015668966,3.89942306871,0.216151047594,0.0363758182177,-3.5527136788e-15,-0.220158528089,-0.0705662245165,0.0079860431793,-0.183943684918,0.158136808063,-0.0178151606998,0.150150764883,0.166128524218,0.0345525297611,0.060280578132,0.04448579419,-0.0488963998399,-0.000305107101259,-5.41974560339e-05,0.00775801135807,6.01867402319e-05,-0.00185815251012,0.000783745473475,0.0026418979836,0.00134501480576,34.6314602406,5322.85106571,7.30157896531,35.193081053,5.93237566688,-49.1116692956,-5322.85106571,-8.48939563909,79.4115757141,8.91131728276,11.6556365018,381.193068192,0.646089946088,2.25242890014,1.50080941499,-12.6417149532,-472.493235748,-0.658068573466,2.58316644562,1.60722320964,14236.1407754,3417160.60173,2520.02994228,9158387.48443,3026.28278329,0.0,0.0,0.0,0.0,0.0,299.452356728,186457.102014,137.505237474,5086.44587106,71.3193232656,0.0,0.0,0.0,0.0,0.0,143.724721245,103.045884511,140039.357051,467.691187245,124.554323045,169269.325018,14303.8773519,2516.4354308,3419835.75045,299.926794984,137.201693903,186457.102014,0.284162452782,-0.288964355088,18.9591370465,0.79055039682,0.932291511752,-0.94804578441,62.2018931972,1.27226753782
2291208,2,6,16,11,2012-09-06 07:39:26,2012-09-06 08:18:03,425496.0,427813.0,0.643888888889,0.508333333333,0.502222222222,0.135555555556,0.789473684211,0.789382822615,129.0,1.0,1.26681246583,1.0,4.13983274469,17.138215154,1.0,1.0,0.0,0.0,1.0,66.3743287009,27.5494571611,27.428756904,35.0332501418,255.4303717,15.9821892023,1.27164938086,14.6182100884,38.5089657805,23.8907556922,11.8270091373,27.8846828566,27.6927826042,27.8846828566,249.190822424,15.78577912,1.0,15.3335467182,38.6723959397,23.3388492215,11.5421870439,22.0,126.0,176.0,143.0,175.0,178.0,226.0,207.0,166.0,106.0,97.0,113.0,60.0,29.0,6.0,0.0,0.0,1808.0,1.20218579235,6.88524590164,9.6174863388,7.81420765027,9.56284153005,9.72677595628,12.349726776,11.3114754098,9.07103825137,5.79234972678,5.30054644809,6.17486338798,3.27868852459,1.58469945355,0.327868852459,0.0,0.0,1.01195470978,7.94829647626,12.3651449924,100.0,13.2128774242,12.2407804653,3.54069116522,3.56799886428,0.779712500197,0.0,0.0,8.85910402638,9.0883067492,2.77324556922,6.73414775994,11.7745050129,6.10323428464,100.0,0.142137515381,0.389525569614,0.497319731893,0.857250377537,1.11640481706,1.73678818782,1.85585930868,1.71932014828,1.24433536664,1.27652880892,1.65382785535,0.945867459835,0.501155326963,0.109517151725,0.0,0.0,14.0458376257,89.0,89.0,6.33639675837,6.33639675837,8.42272824507,-9.55134158961,1.72327645739,-1.83919359347,1.26227236218,-1.32965790879,1.52902335643,1.71167176432,2.3379124245,2.92982022876,0.608055576984,-2.49631857062,2.39904819539,-0.558839402356,1.7909926184,1.93747916826,0.750903166692,0.871979020002,0.513114754098,0.48087431694,0.028039057601,0.028039057601,939.0,897.0,40.5090595341,38.6971527179,10.5505617978,10.0786516854,1.0,1.0,46.0,33.0,7.00082055537,7.46109718579,49.0114884484,55.6679712158,8.0,8.0,6.0,5.0,14.0,13.0,8.0,8.0,3.0,4.0,11.0,3.0,5.0,2.0,0.0,0.0,0.0,0.783150161147,43.6363636364,0.0,130.0,42.0,43.6363636364,33.0544254423,1092.59504132,22.5,51.0,28.5,16.0,48.1310648921,15.535869308,27.995278713,27.4781536169,10.9414638321,119.715630789,16.9455281429,37.228724775,20.2831966322,10.5271727476,30.6323292981,30.6323292981,276.683870374,153.658099836,-123.025770538,0.150966261444,2.19013564081,0.168484758592,0.0478864091981,-1.7763568394e-15,-0.163045423678,-0.040983512942,0.00471938887079,-0.166408510673,0.168522615713,-0.00307183062322,0.163803226842,0.163336680049,0.0476555280794,0.040793516286,0.0462136712318,-0.0410120658091,6.46645435436e-05,0.0,0.00779613733417,6.07797573333e-05,-0.000435250316038,0.00113764498832,0.00157289530436,0.000843110001843,34.6074350582,5688.92466566,6.05849272168,35.7881924423,5.98232333147,-53.7932069271,-5689.11733537,-6.46490606292,55.6255008763,7.45825052383,6.54646199427,459.294343211,0.503612218433,0.938647957019,0.968838457649,-8.39230755415,-367.732261023,-0.489005666254,0.918284669977,0.958271709891,13042.6161015,3512124.33967,1930.79952703,6387930.97288,2527.43565158,0.0,0.0,0.0,0.0,0.0,290.838709605,221019.807136,121.506216128,4837.15013813,69.5496235657,0.0,0.0,0.0,0.0,0.0,143.866973893,83.6797615171,153133.963576,440.213195666,101.361559011,185491.65299,13061.9970946,1920.65980498,3514807.44312,290.98272171,120.775850894,221019.807136,0.254406923849,-0.250356325964,17.6284278733,0.818656587105,0.834668385331,-0.821379022193,57.8360494532,1.31750006652
2291208,2,6,16,9,2012-09-06 16:51:10,2012-09-06 17:32:20,458600.0,461070.0,0.686388888889,0.585555555556,0.580555555556,0.100833333333,0.853095912586,0.853036437247,137.0,1.0,1.17228286664,1.0,3.557278368,12.6542293875,1.0,1.0,0.0,0.0,1.0,70.3759693683,27.7263025637,27.9508923092,34.0199684174,208.658332292,14.4450106366,1.22699261249,16.5968377586,37.6919646168,21.0951268583,10.3601563936,27.9650936862,28.1981020517,27.9650936862,203.777573586,14.2750682515,1.0,16.9308034202,37.7443825227,20.8135791025,10.3077752098,18.0,102.0,167.0,174.0,206.0,217.0,274.0,277.0,269.0,169.0,119.0,60.0,7.0,20.0,24.0,5.0,0.0,2090.0,0.853889943074,4.83870967742,7.92220113852,8.25426944972,9.77229601518,10.2941176471,12.9981024668,13.1404174573,12.7609108159,8.01707779886,5.64516129032,2.84629981025,0.332068311195,0.948766603416,1.1385199241,0.237191650854,0.0,0.741344463866,8.41703987208,12.8361922061,100.0,15.2698001462,17.2088650362,3.75646655101,2.14208349785,2.77321165646,0.598342945763,0.0,12.2847870722,9.59849900346,2.20781591516,0.686516846215,5.34748095801,6.13155382946,100.0,0.120472714022,0.358782709422,0.610447292172,0.996412554505,1.36781710372,2.08595462455,2.48142982898,2.79653896024,1.99634813761,1.55981096757,0.86899622995,0.111562912677,0.348100815783,0.450662750038,0.097234149718,0.0,16.250571751,88.0,88.0,5.41519408354,5.41519408354,8.51914534702,-8.37931726709,1.76495757121,-1.92465843952,1.29282735231,-1.4595733592,1.52525871669,1.6363084503,2.32641415283,2.67750534453,0.631599684691,-2.82879013011,2.56443018397,-0.596815621652,1.93283049927,2.23197450846,0.801701539447,0.972430517931,0.518975332068,0.476755218216,0.0246193231531,0.0246193231531,1108.0,996.0,44.84014569,40.3075677863,12.5909090909,11.3181818182,1.0,1.0,36.0,36.0,8.05610491778,8.07288595258,64.9008264463,65.1714876033,10.0,9.0,6.0,5.0,18.25,16.25,12.25,11.25,5.5,5.0,9.0,4.0,2.0,2.0,0.0,0.0,0.0,0.553826667635,40.5555555556,0.0,138.0,25.0,40.5555555556,38.2306192327,1461.58024691,22.0,40.0,18.0,8.0,48.070855366,15.5275359056,29.2916349164,25.1529927098,10.3792695385,107.729236154,21.6087913278,38.0815623398,16.472771012,7.55436304249,-30.6499239223,-30.6499239223,289.829542754,129.589809416,-160.239733338,0.137441523071,3.02505391227,0.148664750052,0.0462338340888,-3.5527136788e-15,-0.135337612617,-0.045756094307,0.0121984142251,-0.128825957587,0.13296238529,-0.0124692508444,0.120763971065,0.116356706743,0.0388901112012,0.0416529121541,0.0421092438937,-0.0430922118499,-0.000338159481988,-0.000128278744115,0.00525559348839,2.76212629152e-05,-0.00176679168924,0.00100658968011,0.00277338136935,0.00129104504435,32.9249048948,6459.65403706,5.90461977793,27.7423808255,5.26710364674,-32.8798116906,-6461.48418229,-6.42933749481,36.0873644427,6.0072759586,9.04208858037,387.352612494,0.444721713541,0.922552659795,0.960496048818,-13.0931692588,-478.967286191,-0.404533180904,0.854721995617,0.92451176067,15510.8364151,3704646.58094,1764.95787563,5613238.69653,2369.22744719,0.0,0.0,0.0,0.0,0.0,308.13581617,256229.792405,122.072316534,3950.63420975,62.8540707492,0.0,0.0,0.0,0.0,0.0,143.687003591,87.5546569614,184565.216875,494.893275859,97.6647531282,205877.299594,15569.7746718,1758.77739822,3707502.75544,308.525773603,121.551134917,256229.792405,0.245171103859,-0.248674163314,16.8318585405,0.865376579506,0.804367138644,-0.815860115858,55.222633007,1.39268860597
2291208,2,7,18,12,2012-09-07 07:41:04,2012-09-07 08:15:50,511994.0,514080.0,0.579722222222,0.442222222222,0.435555555556,0.1375,0.762817441303,0.762703739214,102.0,1.0,1.31112507857,1.0,4.27224044206,18.2520383948,1.0,1.0,0.0,0.0,1.0,76.621725968,31.4332318631,29.6786082902,43.2426587116,490.522923382,22.1477521067,1.37569877956,10.5354161611,49.3173174235,38.7819012625,19.2970608147,31.914352759,30.1690473594,31.914352759,482.676265321,21.9698945223,1.0,11.1058403646,50.0422054581,38.9363650936,19.2312129457,24.0,172.0,189.0,132.0,93.0,93.0,99.0,130.0,106.0,92.0,69.0,62.0,97.0,59.0,109.0,61.0,5.0,1568.0,1.50753768844,10.8040201005,11.8718592965,8.29145728643,5.84170854271,5.84170854271,6.21859296482,8.16582914573,6.65829145729,5.77889447236,4.33417085427,3.89447236181,6.09296482412,3.70603015075,6.84673366834,3.83165829146,0.314070351759,1.17668371509,4.17243246698,5.3982232113,100.0,8.43826093978,7.91870624918,3.21057665182,7.3609993423,14.6441394948,8.76764834625,0.757227810731,7.75408910077,6.51961070802,2.97950667795,11.0831165444,6.54234454187,3.27643419881,100.0,0.163829048591,0.41483513204,0.447006881755,0.45617619304,0.580925555957,0.751591750143,1.17485458819,1.10251726461,1.07959770648,0.907721935623,0.910887155233,1.54309642906,1.02486802822,2.03889576281,1.22071502182,0.105428425844,13.9229468794,82.0,82.0,5.88955777179,5.88955777179,7.75020015337,-7.74638055419,1.54145126584,-1.6180732458,1.03419658832,-1.02655788867,1.56819136127,1.6304649575,2.45922414555,2.65841597764,0.372350003871,-2.50762926262,2.16551611637,-0.331909817845,1.7931661125,2.17571944478,0.771637378051,0.819544067312,0.508165829146,0.484296482412,0.0319199641423,0.0319199641423,809.0,773.0,38.7637757547,37.0388116914,9.86585365854,9.42682926829,1.0,1.0,36.0,41.0,6.62545386411,8.20622976888,43.8966389054,67.3422070196,8.0,7.0,5.0,3.0,14.0,12.0,9.0,9.0,4.0,4.0,12.0,5.0,4.0,2.0,0.0,0.0,0.0,0.861886503189,41.9166666667,0.0,103.0,35.0,41.9166666667,28.6951166964,823.409722222,21.25,57.75,36.5,18.0,48.1271040215,15.5346398135,28.4749042315,24.0126802448,12.3077335197,151.480304393,16.8665657404,41.5041469622,24.6375812217,8.47002864856,30.5831750331,30.5831750331,268.073352804,149.328263919,-118.745088886,0.168387784425,4.5122408153,0.181223621261,0.0244909716865,-3.5527136788e-16,-0.187000139977,-0.0170327576759,0.005680909485,-0.0873073168562,0.142128932763,-0.00113069959859,0.136448023278,0.0861766172577,0.0244014254477,0.0169369617643,0.0464201428409,-0.0405255597773,0.000517508004062,5.71035255513e-17,0.00564699322553,3.18885324892e-05,-0.000281680498888,0.00130180191495,0.00158348241383,0.000832127086586,28.2287424265,4397.4962229,5.43571844611,31.6153325382,5.62275133171,-30.7879142545,-4397.89024196,-5.70413779761,39.9162426769,6.31793025262,13.4873897561,446.352173901,0.541689531433,2.12795418443,1.45875089869,-11.5538076449,-354.937017101,-0.558955932442,2.39026163532,1.54604709997,19997.2896166,5748450.13953,3638.25958198,24618323.4436,4961.68554461,0.0,0.0,0.0,0.0,0.0,335.367271916,219381.074606,138.848781396,9342.43255794,96.656259797,0.0,0.0,0.0,0.0,0.0,143.855134586,85.1133942886,135500.523707,586.633195333,147.742333377,235205.794736,20093.9329815,3611.98819152,5750285.2009,335.906950785,137.802182541,219381.074606,0.202407721404,-0.198327928134,22.6519148256,0.39447295731,0.66406732744,-0.650682178919,74.3173058584,0.634842687008
2291208,2,7,18,6,2012-09-07 16:53:16,2012-09-07 17:21:04,545126.0,546794.0,0.463611111111,0.4075,0.404166666667,0.0561111111111,0.87896944278,0.878896882494,74.0,1.0,1.1377899045,1.0,2.66964218307,7.1269893856,1.0,1.0,0.0,0.0,1.0,71.2223217857,34.8863831113,34.4278269182,42.4987920654,324.74577686,18.0207041166,1.21820573746,23.0861231269,47.4753715342,24.3892484074,12.1011903043,35.1741058586,34.5130950603,35.1741058586,317.303702173,17.8130205797,1.0,23.5639812506,47.8667029022,24.3027216516,11.8872026131,12.0,77.0,84.0,63.0,70.0,104.0,160.0,180.0,186.0,125.0,77.0,99.0,71.0,53.0,90.0,16.0,0.0,1455.0,0.81799591002,5.2488070893,5.72597137014,4.29447852761,4.77164280845,7.08929788684,10.9066121336,12.2699386503,12.6789366053,8.52079072938,5.2488070893,6.74846625767,4.83980913429,3.61281526926,6.13496932515,1.09066121336,0.0,0.534117852091,4.59587051772,8.65167715994,100.0,11.4002501935,13.6630726207,1.52642431146,6.52628882935,11.7727109259,2.20804233901,0.0,10.2606587458,7.12820360306,1.25905907927,7.97878966497,10.1004261907,2.39440796656,100.0,0.0759312680597,0.178990370901,0.216999550029,0.340393852108,0.653358195915,1.22993982512,1.62068249545,1.94236988264,1.45867588332,1.0133597603,1.43589690103,1.13428078554,0.927790345513,1.67363226225,0.31389973968,0.0,14.2162011179,72.0,72.0,5.06464416219,5.06464416219,8.25402124045,-9.60557804043,1.83848991193,-2.0713117785,1.42634479773,-1.47277811032,1.64288747102,1.89961452164,2.69907924242,3.60853533081,0.553246515197,-3.09173182727,2.62548668053,-0.569752371701,2.07224016533,2.52197945557,0.951205502939,1.07468304474,0.527607361963,0.468302658487,0.0359650553485,0.0359650553485,774.0,681.0,46.3750748951,40.8028759736,10.75,9.45833333333,1.0,1.0,31.0,34.0,8.1441014783,7.10816725089,66.3263888889,50.5260416667,8.0,8.0,4.0,4.0,15.25,13.0,11.25,9.0,4.0,4.0,6.0,2.0,2.0,1.0,0.0,0.0,0.0,0.422053680182,35.3333333333,0.0,75.0,34.5,35.3333333333,25.2102272016,635.555555556,17.0,51.25,34.25,19.0,48.0630384832,12.8459535296,31.5702635909,32.4835969151,11.734553074,137.699735846,18.83309222,42.306188712,23.473096492,11.7558662276,-30.6046442778,-30.6046442778,354.097913679,161.746634701,-192.351278979,0.241375537614,4.5157911587,0.228778832674,0.0569440518071,-3.5527136788e-15,-0.266046029016,-0.0980032811805,0.0109906082959,-0.232835992279,0.207329207503,-0.0384565514942,0.196338599207,0.194379440785,0.0525207767163,0.0740258087705,0.0450620270818,-0.0445112177562,-0.000241590288536,0.0,0.0074664910353,5.57484883802e-05,-0.00218311766051,0.00125802205813,0.00344113971863,0.00167377384285,36.583172349,5574.41813229,7.20209061019,39.9644048627,6.32174065133,-58.7012802868,-5574.41813229,-8.11414575296,62.5465899777,7.90864021041,13.4980019701,483.471515206,0.683835240743,2.27489474375,1.50827542039,-12.9993016941,-574.950845015,-0.795229384529,2.46556480281,1.57021170637,16124.0840929,5027324.91745,3441.0163706,16273086.9752,4033.99144461,0.0,0.0,0.0,0.0,0.0,312.144494801,224363.971864,153.568769243,6155.02346859,78.453957635,0.0,0.0,0.0,0.0,0.0,143.663638405,94.3656305552,138434.380024,506.868179417,154.060876635,226007.306024,16138.2908872,3428.77444383,5030012.1091,312.236152822,152.940676117,224363.971864,0.245332917975,-0.249331357485,20.9636670331,0.558240470334,0.804898024853,-0.818016264714,68.7784351479,0.898400951488
2291208,2,7,18,3,2012-09-07 18:40:36,2012-09-07 18:48:36,551566.0,552046.0,0.133611111111,0.106388888889,0.104722222222,0.0272222222222,0.796257796258,0.795833333333,59.0,1.0,1.25654450262,1.0,3.32011899693,11.0231901538,1.0,1.0,0.0,0.0,1.0,70.0573649554,32.0326072074,32.2137641391,41.430336188,381.569069888,19.5337930236,1.29338008361,15.5082956622,46.1044265268,30.5961308646,14.8317707217,32.5424099746,32.563168689,32.5424099746,371.051576523,19.2626990976,1.0,16.9299844836,46.216145506,29.2861610223,14.4023072954,6.0,30.0,35.0,24.0,24.0,32.0,27.0,35.0,31.0,35.0,43.0,8.0,9.0,11.0,31.0,2.0,0.0,377.0,1.56657963446,7.83289817232,9.13838120104,6.26631853786,6.26631853786,8.35509138381,7.04960835509,9.13838120104,8.09399477807,9.13838120104,11.227154047,2.08877284595,2.3498694517,2.87206266319,8.09399477807,0.522193211488,0.0,0.894966853403,5.77938366696,6.04590798555,100.0,9.16796360013,9.40410559192,2.54544262444,5.59632234724,17.0167656021,1.13359024314,0.0,11.9785721856,16.4956458223,2.85402577233,4.19567334446,3.40210796825,3.48952639214,100.0,0.030709001425,0.0979301983935,0.0873417835351,0.119736133848,0.198308016201,0.207453266272,0.314580373776,0.322683114939,0.411020798053,0.56601516485,0.1167365451,0.143966157209,0.192026632363,0.583896350056,0.0388968868059,0.0,3.43130042283,11.0,11.0,3.20578167007,3.20578167007,7.24554150614,-8.3072938777,1.83126555202,-2.13489956347,1.1398314282,-1.14757976667,1.59518620756,2.18272574643,2.54461903678,4.76429168415,0.591686632589,-3.50450486731,2.91030832443,-0.424558660429,2.31862169184,3.07994620688,0.815505964211,0.957154063666,0.535248041775,0.456919060052,0.139751446939,0.139751446939,205.0,186.0,42.6195426195,38.6694386694,18.6363636364,16.9090909091,1.0,3.0,44.0,50.0,12.5428192226,14.1193261844,157.32231405,199.355371901,15.0,13.0,11.5,7.5,23.0,20.0,11.5,12.5,8.0,7.0,3.0,1.0,1.0,0.0,0.0,0.0,0.0,0.874304091837,29.3333333333,0.0,60.0,28.0,29.3333333333,24.5130350811,600.888888889,14.0,44.0,30.0,28.0,32.5728262447,15.5335874557,20.9784854766,20.1527511923,4.45649172177,19.8603184662,16.9488815292,23.957554977,7.00867344782,3.43869598334,-0.476654032256,-0.476654032256,64.140079307,31.8317126374,-32.3083666696,0.162479937013,0.964433467491,0.175865815676,0.103188732988,-5.1857768705e-05,-0.152754287631,-0.0546542899075,0.0299046178483,-0.119553068899,0.232659189901,-0.00773537587989,0.202754572053,0.111817693019,0.0825145493477,0.0501025071888,0.0138912724263,-0.0165970579114,-5.80657260624e-05,-1.91943874501e-05,0.00506735211456,2.5678057453e-05,-0.00148187055135,0.00268705692489,0.00416892747624,0.00197587054674,22.2194897134,1309.5131061,6.38786881024,28.6500381031,5.35257303575,-40.15988313,-1308.03649103,-7.47449423448,64.8853104382,8.05514186332,2.88275617422,95.1471192513,0.525674691996,0.38655158634,0.621732729024,-6.1177556037,-96.5718700514,-0.485285779153,0.962055613975,0.98084433728,15348.7998658,1215977.89891,3199.94183925,17566775.7128,4191.2737578,0.0,0.0,0.0,0.0,0.0,307.059219091,53784.6221944,141.538479459,7217.69208731,84.9570014025,0.0,0.0,0.0,0.0,0.0,97.3623574188,62.7060969699,24016.4351395,490.422480746,140.656438229,53871.4158419,15359.2692103,3176.61461645,1216643.3981,307.129023066,140.429822962,53784.6221944,0.235344452851,-0.235602459727,20.9869149536,0.534326558394,0.772127469984,-0.772973949237,68.8547078532,0.859915240792
2291208,2,7,18,3,2012-09-07 19:48:38,2012-09-07 20:02:54,555648.0,556504.0,0.238055555556,0.171388888889,0.169722222222,0.0666666666667,0.719953325554,0.719626168224,195.0,1.0,1.38961038961,1.0,7.88085934426,62.107944004,1.0,1.0,0.0,0.0,1.0,40.9098204769,20.2309635278,20.9718744211,24.7284760863,114.27669568,10.6900278615,1.22230837164,10.5773807574,27.5106394993,16.9332587418,9.00744049256,20.4296309274,21.0719490439,20.4296309274,111.340187439,10.5517859834,1.0,11.060230151,27.7926673352,16.7324371841,8.79680039509,6.0,46.0,98.0,56.0,84.0,94.0,91.0,101.0,29.0,12.0,0.0,0.0,0.0,0.0,0.0,0.0,0.0,611.0,0.97244732577,7.45542949757,15.8833063209,9.07617504052,13.6142625608,15.2350081037,14.7487844408,16.3695299838,4.70016207455,1.94489465154,0.0,0.0,0.0,0.0,0.0,0.0,0.0,1.32969863437,16.8052804505,19.1992147628,100.0,26.4928443757,8.18762413532,5.58561652482,0.0,0.0,0.0,0.0,3.84562016344,0.0,6.94072972189,0.0,0.0,11.6133712312,100.0,0.0467360763825,0.243951874544,0.196322530384,0.408185276641,0.590669833345,0.674811528302,0.931167082773,0.287777558831,0.135165362325,0.0,0.0,0.0,0.0,0.0,0.0,0.0,3.51478712353,29.0,29.0,8.25085530952,8.25085530952,6.9050110218,-10.546361466,1.46085945793,-1.55199514762,0.878254463591,-0.580555887202,1.50370507689,2.00419996398,2.26112895828,4.01681749563,0.301081488566,-2.3437206409,2.08607195615,-0.218254137897,1.78499046758,2.125466503,0.699831798537,0.488343752356,0.513776337115,0.481361426256,0.0832700708452,0.0832700708452,317.0,322.0,36.9894982497,37.5729288215,10.9310344828,11.1034482759,1.0,1.0,30.0,40.0,7.44604053303,9.06050477237,55.4435196195,82.0927467301,8.0,10.0,5.0,4.0,15.0,14.0,10.0,10.0,4.0,6.0,3.0,1.0,0.0,1.0,0.0,0.0,0.0,0.853536756157,72.0,0.0,196.0,20.0,72.0,88.0605852051,7754.66666667,10.0,108.0,98.0,20.0,32.1278314334,15.5283485779,20.6490716293,21.4712547602,3.50102883768,12.2572029223,17.7880032086,22.3772082785,4.5892050699,2.54129197327,0.470306966234,0.470306966234,44.1361688233,22.3032378948,-21.8329309286,0.0707006006592,0.383558896024,0.0752597945725,0.0353879058875,-6.70112198193e-05,-0.0672248776135,-0.0233946347641,0.0153744380148,-0.0814608838413,0.0703138401463,-0.00217575184513,0.0549394021314,0.0792851319962,0.0247952797298,0.0226728470207,0.00960112224762,-0.011012748878,0.000194618172046,-3.11507021187e-05,0.00339775485869,1.15447380797e-05,-0.000996842843364,0.00122908213246,0.00222592497583,0.00116823755011,18.301869775,1066.50984026,3.36438435413,14.1827848036,3.76600382416,-36.9882272042,-1064.81787746,-3.58524537866,30.1111577932,5.48736346465,1.14648320798,66.6658706002,0.228307776028,0.0930393011227,0.305023443562,-1.37850374446,-65.2600916052,-0.202671091942,0.0960196182258,0.309870324855,3056.90652156,416187.548296,677.829883219,525651.100794,725.018000324,0.0,0.0,0.0,0.0,0.0,179.318345521,54722.8605289,89.1251800145,2156.385349,46.4368964187,0.0,0.0,0.0,0.0,0.0,96.0322381489,61.7214569357,38082.1389294,167.231436611,52.3162191199,32279.107197,3058.38305461,675.46246081,416760.33832,179.3472136,88.6918322996,54722.8605289,0.191555688748,-0.191307164289,12.1349346795,1.3008288738,0.628463545761,-0.6276481768,39.8127778198,2.09348114307
2291208,2,7,18,1,2012-09-07 23:11:57,2012-09-07 23:15:25,567847.0,568055.0,0.0580555555556,0.0580555555556,0.0575,0.0,1.0,1.0,1.0,1.0,1.0,1.0,0.0,0.0,1.0,1.0,0.0,0.0,1.0,46.8990318713,25.172222333,23.3593743698,32.3709470852,237.427004331,15.4086665332,1.28597891187,11.3677230663,42.6604912396,31.2927681733,15.8203874204,25.4154322107,23.8758181786,25.4154322107,233.539700891,15.2820057876,1.0,11.5954238914,42.6877232586,31.0922993672,15.996949724,2.0,20.0,24.0,19.0,28.0,20.0,12.0,6.0,12.0,50.0,16.0,0.0,0.0,0.0,0.0,0.0,0.0,207.0,0.956937799043,9.56937799043,11.4832535885,9.09090909091,13.3971291866,9.56937799043,5.74162679426,2.87081339713,5.74162679426,23.9234449761,7.65550239234,0.0,0.0,0.0,0.0,0.0,0.0,1.12744247051,8.67601861433,6.19897322589,100.0,3.67396907724,8.52297461584,4.46114746402,0.0,0.0,0.0,0.0,41.0231431722,13.9709256153,3.35923414357,0.0,0.0,8.98617160107,100.0,0.0164763016663,0.0490914229019,0.0651946447983,0.131322775217,0.126790238697,0.090591010684,0.0536909194153,0.12455367306,0.599507025758,0.204169339915,0.0,0.0,0.0,0.0,0.0,0.0,1.46138735211,13.0,13.0,8.89565656991,8.89565656991,5.07866173757,-5.51809469021,1.4237462816,-1.59808256098,0.915429961276,-1.26805585303,1.37805812402,1.36862618017,1.89904419319,1.87313762105,0.339958122179,-2.42564793682,1.92142674348,-0.45053095785,1.5814686213,1.97511697897,0.655620435002,0.979796913504,0.526315789474,0.468899521531,0.25182573659,0.25182573659,110.0,97.0,52.6315789474,46.4114832536,8.46153846154,7.46153846154,2.0,2.0,18.0,36.0,4.36093470248,8.69673134544,19.0177514793,75.6331360947,8.0,4.0,5.0,3.0,12.0,8.0,7.0,5.0,3.0,2.0,1.0,0.0,0.0,0.0,0.0,0.0,0.0,0.684281274608,0.0,0.0,0.0,0.0,0.0,0.0,0.0,0.0,0.0,0.0,0.0,24.5974934936,15.5304385199,20.1023737601,22.2346697461,3.14825393458,9.91150283659,16.8626978453,22.8099801263,5.94728228096,1.68686804618,6.28120881144,6.28120881144,15.1372893635,10.7092490875,-4.42804027602,0.0724272218349,0.724849809993,0.0907563481988,0.0342552280914,-0.000177030165862,-0.0492004475114,-0.0251200214012,0.00912755794317,-0.0527143185824,0.138047737577,-0.00544142434356,0.128920179634,0.0472728942388,0.0301707108208,0.0206224273564,0.0106696461984,-0.00666617337709,0.0005677528983,0.000109434611439,0.00243970654003,5.95216800145e-06,-0.000730223505604,0.00203530251212,0.00276552601773,0.00116977520037,16.9551964062,407.373036372,3.70339123974,13.1837388006,3.63094186136,-11.4427608184,-407.373036372,-4.15686771808,10.6478613901,3.26310609544,2.16662458902,32.0106621854,0.271276798181,0.162779356395,0.403459237588,-1.28324441232,-13.2357087095,-0.147063430105,0.0656902987073,0.256301187487,4579.0078732,316535.398805,1521.80480195,2735240.36944,1653.85621184,0.0190979963359,0.0,0.0,0.0,0.0,205.17313764,23064.0146432,110.884685784,4516.95649055,67.2083067079,2.62129929562,0.0,0.0,0.0,0.0,73.5235541168,60.0873404199,12558.2541478,219.781194126,87.0391665671,18191.1858125,4607.87607794,1515.21888731,316680.747448,205.603705628,110.354137049,23064.0146432,0.178370215872,-0.170387243248,16.4066164592,0.662650128731,0.585204120315,-0.559013265248,53.8274818215,1.06643200877
2291208,2,7,18,2,2012-09-07 23:22:14,2012-09-07 23:28:52,568464.0,568862.0,0.110833333333,0.0994444444444,0.0983333333333,0.0113888888889,0.897243107769,0.896984924623,42.0,1.0,1.11484593838,1.0,2.16690883145,4.69549388383,1.0,1.0,0.0,0.0,1.0,74.1969483996,47.1758705053,54.6263762288,56.7537177605,600.182247176,24.4986172503,1.20302428238,24.7678380831,70.9049659425,46.1371278594,17.2519729245,47.708931189,55.0504834762,47.708931189,581.532212006,24.1149789966,1.0,25.2696049732,70.9706470087,45.7010420355,16.8101204505,4.0,13.0,23.0,15.0,18.0,19.0,25.0,7.0,9.0,14.0,13.0,21.0,15.0,24.0,40.0,98.0,0.0,354.0,1.11731843575,3.6312849162,6.42458100559,4.18994413408,5.02793296089,5.30726256983,6.98324022346,1.95530726257,2.51396648045,3.91061452514,3.6312849162,5.86592178771,4.18994413408,6.70391061453,11.1731843575,27.374301676,0.0,0.301971497587,2.60394465485,4.11071545343,100.0,1.32949084884,2.00165826818,1.07361244148,8.87213946932,16.0986571833,41.9003150866,0.0,3.5470113116,3.62250616394,1.00350955198,5.12451260649,6.56377308023,1.84618238221,100.0,0.0141666251094,0.0470784286936,0.0503672203926,0.086611398431,0.122160892752,0.192849210027,0.0623714442998,0.093905360304,0.166403716615,0.169945465685,0.307931421588,0.240410268998,0.416225619917,0.755248898998,1.96570226177,0.0,4.69137823358,16.0,16.0,3.41051162438,3.41051162438,5.47133735873,-7.36814650166,1.32391472347,-1.64032201588,0.65257931369,-0.86996110883,1.45660299522,1.81938972147,2.1216922857,3.31017895858,0.196974398438,-2.30820913403,2.24354191248,-0.252519943403,2.04656751404,2.05568919063,0.574663207689,0.74893918936,0.550279329609,0.444134078212,0.153709309947,0.153709309947,197.0,157.0,49.373433584,39.3483709273,12.3125,9.8125,4.0,1.0,34.0,40.0,9.23118864231,10.3574776732,85.21484375,107.27734375,8.5,6.0,5.0,4.0,15.75,9.5,10.75,5.5,3.5,2.5,2.0,0.0,1.0,0.0,0.0,0.0,0.0,0.426313953047,21.5,0.0,43.0,21.5,21.5,21.5,462.25,10.75,32.25,21.5,21.5,45.6355042944,18.1569608414,28.6697474975,27.1758122444,6.02648487572,36.3185199573,24.1675493398,31.2067993567,7.03925001688,3.24952704595,3.40967885032,3.40967885032,260.784482429,132.09708064,-128.68740179,0.728448274943,4.72738900417,0.750551594545,0.204841405687,-0.000987935168027,-0.714930009942,-0.266870950371,0.0528111100632,-0.984656513785,0.954948335377,-0.0838101604735,0.902137225314,0.900846353312,0.179057374706,0.246576068765,0.044820205287,-0.0384855997906,-8.2882358943e-05,-0.000266610762906,0.01301185487,0.000169308367159,-0.00431629220232,0.00392892459901,0.00824521680133,0.00419553536188,24.6714645601,1150.81684741,5.84170988534,41.5949116103,6.44941172591,-30.53113497,-1150.81684741,-7.23784180762,50.3751395261,7.09754461248,14.1304820903,394.847013969,2.24344894301,10.3576052029,3.21832335275,-11.9185584635,-384.65525571,-2.13697364283,8.30885599643,2.88250862903,18229.5509018,2922836.47863,8210.21482762,48244696.6718,6945.84024232,0.0,0.0,0.0,0.0,0.0,325.17911963,74040.6136125,207.979251721,11347.368988,106.524030097,0.0,0.0,0.0,0.0,0.0,136.407576264,85.6957938496,30679.0941981,550.091406958,282.355168444,101083.150303,18245.9839746,8165.67528597,2923311.75238,325.276811238,206.817356459,74040.6136125,0.171308886456,-0.169958992104,27.8254752344,0.221255823997,0.562037029054,-0.55760824181,91.2909292469,0.356076732814
2291208,2,8,24,1,2012-09-08 02:07:35,2012-09-08 02:16:44,578385.0,578934.0,0.152777777778,0.152777777778,0.150833333333,0.0,1.0,1.0,1.0,1.0,1.0,1.0,0.0,0.0,1.0,1.0,0.0,0.0,1.0,64.5316941689,37.5429208402,39.5344866142,46.0305852171,420.608808035,20.5087495483,1.22607895675,20.8928936983,56.4483624321,35.5554687338,17.3920014967,38.0268995618,40.138988128,38.0268995618,407.626810789,20.1897699539,1.0,21.700966869,56.5130203013,34.8120534323,16.9292400759,7.0,46.0,29.0,26.0,24.0,33.0,39.0,39.0,35.0,39.0,21.0,38.0,75.0,99.0,0.0,0.0,0.0,543.0,1.27272727273,8.36363636364,5.27272727273,4.72727272727,4.36363636364,6.0,7.09090909091,7.09090909091,6.36363636364,7.09090909091,3.81818181818,6.90909090909,13.6363636364,18.0,0.0,0.0,0.0,0.777076247522,3.59990435976,5.15563204063,100.0,6.27032392902,6.28675068152,1.61555881097,30.0005427797,0.0,0.0,0.0,8.05578899699,4.85369229507,0.967132435544,20.6851600163,9.65836747763,2.0740699293,100.0,0.0445709489614,0.055472047384,0.0926639947336,0.118962927069,0.206480578961,0.295712825195,0.359648475556,0.360590668744,0.462057824279,0.278394394691,0.553977303088,1.18644369106,1.72074833752,0.0,0.0,0.0,5.73572401725,23.0,23.0,4.00995583659,4.00995583659,6.06558835053,-6.45115211687,1.16273556825,-1.44026093022,0.561676335193,-0.858938945908,1.32330023069,1.54559674087,1.75112350056,2.38886928538,0.215089487376,-2.08694477743,1.6095145035,-0.353473447398,1.39442501612,1.73347133003,0.436616646552,0.615367375769,0.547272727273,0.441818181818,0.0995041322314,0.0995041322314,301.0,242.0,54.7272727273,44.0,13.0869565217,10.5217391304,3.0,2.0,34.0,44.0,9.48643444943,9.35702277631,89.9924385633,87.5538752363,9.0,8.0,5.0,5.5,19.0,12.0,14.0,6.5,5.0,3.0,1.0,1.0,0.0,0.0,0.0,0.0,0.0,0.174345905939,5.0,5.0,5.0,5.0,5.0,0.0,0.0,5.0,5.0,0.0,0.0,45.4102143017,15.5261052437,25.756407598,24.2678450412,7.10957178649,50.5460109873,22.1748799119,27.5332397211,5.35835980924,3.03024279236,-9.55898678398,-9.55898678398,220.601501667,105.521257442,-115.080244226,0.401093639395,4.11607144269,0.502482178294,0.11082761108,-0.000526130671641,-0.344551629418,-0.0840245958907,0.0359936600018,-0.361944410059,0.677869562344,-0.0129776057247,0.641875902342,0.348966804334,0.105908292131,0.0798008355634,0.0436714019228,-0.0433100366425,-0.000189007550734,-0.000566602388268,0.00956326052516,9.1455951872e-05,-0.00233952862384,0.00148295812658,0.00382248675042,0.00194655344692,18.1849704687,1315.64459746,4.37091228393,17.2109464493,4.14860777241,-24.1180397462,-1315.64459746,-5.4141752982,30.0099897914,5.47813743816,12.3032129897,315.410099976,1.50195285703,5.46538727672,2.33781677569,-12.0834812228,-343.982551161,-1.02988787773,3.71967425153,1.92864570399,11985.6840291,2395654.62155,4403.77687785,17372982.8079,4168.09102683,0.0,0.0,0.0,0.0,0.0,282.760176767,90522.7642292,166.402140127,7862.54430272,88.6709890704,0.0,0.0,0.0,0.0,0.0,135.734169399,76.9876259291,42343.194261,416.110722526,182.865922001,100576.257101,12004.0655524,4356.60962717,2396135.29494,282.904676753,164.586844053,90522.7642292,0.156549614362,-0.159644968672,22.7828754149,0.301602496153,0.513614220348,-0.523769582257,74.7469665843,0.485382167568
