timestamp,cycle_sec,timestep,speed_mph,accel_meters_ps
2012-03-29 12:17:30,0,1,0.0,0.0
2012-03-29 12:17:31,1,1,0.0,0.0
2012-03-29 12:17:32,2,1,0.0,0.0
2012-03-29 12:17:33,3,1,0.0,0.0
2012-03-29 12:17:34,4,1,0.0,0.0
2012-03-29 12:17:35,5,1,0.0,0.0
2012-03-29 12:17:36,6,1,5.57767857143,5.57767857143
2012-03-29 12:17:37,7,1,10.1587053571,4.58102678571
2012-03-29 12:17:38,8,1,14.9117559524,4.75305059524
2012-03-29 12:17:39,9,1,18.8421130952,3.93035714286
2012-03-29 12:17:40,10,1,21.6146577381,2.77254464286
2012-03-29 12:17:41,11,1,23.5561755952,1.94151785714
2012-03-29 12:17:42,12,1,25.1499255952,1.59375
2012-03-29 12:17:43,13,1,26.4929315476,1.34300595238
2012-03-29 12:17:44,14,1,27.2476934524,0.754761904762
2012-03-29 12:17:45,15,1,26.9985119048,-0.249181547619
2012-03-29 12:17:46,16,1,25.565625,-1.43288690476
2012-03-29 12:17:47,17,1,23.0805059524,-2.48511904762
2012-03-29 12:17:48,18,1,19.8645833333,-3.21592261905
2012-03-29 12:17:49,19,1,16.2791666667,-3.58541666667
2012-03-29 12:17:50,20,1,12.7079613095,-3.57120535714
2012-03-29 12:17:51,21,1,9.57113095238,-3.13683035714
2012-03-29 12:17:52,22,1,7.23571428571,-2.33541666667
2012-03-29 12:17:53,23,1,5.92380952381,-1.3119047619
2012-03-29 12:17:54,24,1,5.68586309524,-0.237946428571
2012-03-29 12:17:55,25,1,6.41629464286,0.730431547619
2012-03-29 12:17:56,26,1,7.92016369048,1.50386904762
2012-03-29 12:17:57,27,1,9.93660714286,2.01644345238
2012-03-29 12:17:58,28,1,12.0909970238,2.15438988095
2012-03-29 12:17:59,29,1,13.938764881,1.84776785714
2012-03-29 12:18:00,30,1,15.1035714286,1.16480654762
2012-03-29 12:18:01,31,1,15.3863095238,0.282738095238
2012-03-29 12:18:02,32,1,14.8448660714,-0.541443452381
2012-03-29 12:18:03,33,1,13.792485119,-1.05238095238
2012-03-29 12:18:04,34,1,12.6409970238,-1.15148809524
2012-03-29 12:18:05,35,1,11.7047619048,-0.936235119048
2012-03-29 12:18:06,36,1,11.0830357143,-0.621726190476
2012-03-29 12:18:07,37,1,10.6336309524,-0.449404761905
2012-03-29 12:18:08,38,1,10.0782738095,-0.555357142857
2012-03-29 12:18:09,39,1,9.21480654762,-0.863467261905
2012-03-29 12:18:10,40,1,8.06845238095,-1.14635416667
2012-03-29 12:18:11,41,1,6.87388392857,-1.19456845238
2012-03-29 12:18:12,42,1,5.9365327381,-0.937351190476
2012-03-29 12:18:13,43,1,5.45729166667,-0.479241071429
2012-03-29 12:18:14,44,1,5.41555059524,-0.0417410714286
2012-03-29 12:18:15,45,1,5.61867559524,0.203125
2012-03-29 12:18:16,46,1,5.87998511905,0.26130952381
2012-03-29 12:18:17,47,1,6.12745535714,0.247470238095
2012-03-29 12:18:18,48,1,6.34479166667,0.217336309524
2012-03-29 12:18:19,49,1,6.45744047619,0.112648809524
2012-03-29 12:18:20,50,1,6.32239583333,-0.135044642857
2012-03-29 12:18:21,51,1,5.85714285714,-0.46525297619
2012-03-29 12:18:22,52,1,5.17529761905,-0.681845238095
2012-03-29 12:18:23,53,1,4.55208333333,-0.623214285714
2012-03-29 12:18:24,54,1,4.2171875,-0.334895833333
2012-03-29 12:18:25,55,1,4.17842261905,-0.0387648809524
2012-03-29 12:18:26,56,1,4.24806547619,0.0696428571429
2012-03-29 12:18:27,57,1,4.21398809524,-0.0340773809524
2012-03-29 12:18:28,58,1,3.97633928571,-0.237648809524
2012-03-29 12:18:29,59,1,3.56956845238,-0.406770833333
2012-03-29 12:18:30,60,1,3.10952380952,-0.460044642857
2012-03-29 12:18:31,61,1,2.74114583333,-0.36837797619
2012-03-29 12:18:32,62,1,2.61711309524,-0.124032738095
2012-03-29 12:18:33,63,1,2.83913690476,0.222023809524
2012-03-29 12:18:34,64,1,3.35587797619,0.516741071429
2012-03-29 12:18:35,65,1,3.96017485119,0.604296875
2012-03-29 12:18:36,66,1,4.41401599702,0.453841145833
2012-03-29 12:18:37,67,1,4.57181919643,0.157803199405
2012-03-29 12:18:38,68,1,4.43862537202,-0.133193824405
2012-03-29 12:18:39,69,1,4.14025297619,-0.298372395833
2012-03-29 12:18:40,70,1,3.81443452381,-0.325818452381
2012-03-29 12:18:41,71,1,3.5400297619,-0.274404761905
2012-03-29 12:18:42,72,1,3.34703311012,-0.192996651786
2012-03-29 12:18:43,73,1,3.22645089286,-0.120582217262
2012-03-29 12:18:44,74,1,3.1427827381,-0.0836681547619
2012-03-29 12:18:45,75,1,3.0798735119,-0.0629092261905
2012-03-29 12:18:46,76,1,3.02313058036,-0.0567429315476
2012-03-29 12:18:47,77,1,2.85050223214,-0.172628348214
2012-03-29 12:18:48,78,1,2.35978422619,-0.490718005952
2012-03-29 12:18:49,79,1,1.569921875,-0.78986235119
2012-03-29 12:18:50,80,1,0.0,-1.569921875
2012-03-29 12:46:59,1769,1689,0.0,0.0
2012-03-29 12:47:00,1770,1,1.72567894345,1.72567894345
2012-03-29 12:47:01,1771,1,2.70435267857,0.978673735119
2012-03-29 12:47:02,1772,1,3.49308035714,0.788727678571
2012-03-29 12:47:03,1773,1,4.09055059524,0.597470238095
2012-03-29 12:47:04,1774,1,4.66272321429,0.572172619048
2012-03-29 12:47:05,1775,1,5.21945684524,0.556733630952
2012-03-29 12:47:06,1776,1,5.63839285714,0.418936011905
2012-03-29 12:47:07,1777,1,5.85204613095,0.21365327381
2012-03-29 12:47:08,1778,1,5.92782738095,0.07578125
2012-03-29 12:47:09,1779,1,6.02898065476,0.10115327381
2012-03-29 12:47:10,1780,1,6.29516369048,0.266183035714
2012-03-29 12:47:11,1781,1,6.7234375,0.428273809524
2012-03-29 12:47:12,1782,1,7.17477678571,0.451339285714
2012-03-29 12:47:13,1783,1,7.46800595238,0.293229166667
2012-03-29 12:47:14,1784,1,7.44967261905,-0.0183333333333
2012-03-29 12:47:15,1785,1,7.04229166667,-0.407380952381
2012-03-29 12:47:16,1786,1,6.28444940476,-0.757842261905
2012-03-29 12:47:17,1787,1,5.3274702381,-0.956979166667
2012-03-29 12:47:18,1788,1,4.38110119048,-0.946369047619
2012-03-29 12:47:19,1789,1,3.62422619048,-0.756875
2012-03-29 12:47:20,1790,1,3.12264880952,-0.501577380952
2012-03-29 12:47:21,1791,1,2.82669642857,-0.295952380952
2012-03-29 12:47:22,1792,1,2.65046130952,-0.176235119048
2012-03-29 12:47:23,1793,1,2.53732142857,-0.113139880952
2012-03-29 12:47:24,1794,1,2.46327380952,-0.0740476190476
2012-03-29 12:47:25,1795,1,2.43720238095,-0.0260714285714
2012-03-29 12:47:26,1796,1,2.52952380952,0.0923214285714
2012-03-29 12:47:27,1797,1,2.8478422619,0.318318452381
2012-03-29 12:47:28,1798,1,3.39580357143,0.547961309524
2012-03-29 12:47:29,1799,1,3.95188988095,0.556086309524
2012-03-29 12:47:30,1800,1,4.20223214286,0.250342261905
2012-03-29 12:47:31,1801,1,4.07016369048,-0.132068452381
2012-03-29 12:47:32,1802,1,3.88392857143,-0.186235119048
2012-03-29 12:47:33,1803,1,4.2025297619,0.318601190476
2012-03-29 12:47:34,1804,1,5.43162202381,1.2290922619
2012-03-29 12:47:35,1805,1,7.47767857143,2.04605654762
2012-03-29 12:47:36,1806,1,9.72886904762,2.25119047619
2012-03-29 12:47:37,1807,1,11.4140625,1.68519345238
2012-03-29 12:47:38,1808,1,12.0180803571,0.604017857143
2012-03-29 12:47:39,1809,1,11.4751488095,-0.542931547619
2012-03-29 12:47:40,1810,1,10.096577381,-1.37857142857
2012-03-29 12:47:41,1811,1,8.31793154762,-1.77864583333
2012-03-29 12:47:42,1812,1,6.49486607143,-1.82306547619
2012-03-29 12:47:43,1813,1,4.88824404762,-1.60662202381
2012-03-29 12:47:44,1814,1,3.70483630952,-1.1834077381
2012-03-29 12:47:45,1815,1,3.06019345238,-0.644642857143
2012-03-29 12:47:46,1816,1,2.9068452381,-0.153348214286
2012-03-29 12:47:47,1817,1,3.04836309524,0.141517857143
2012-03-29 12:47:48,1818,1,3.27745535714,0.229092261905
2012-03-29 12:47:49,1819,1,3.49657738095,0.21912202381
2012-03-29 12:47:50,1820,1,3.69910714286,0.202529761905
2012-03-29 12:47:51,1821,1,3.89494047619,0.195833333333
2012-03-29 12:47:52,1822,1,4.0865327381,0.191592261905
2012-03-29 12:47:53,1823,1,4.27983630952,0.193303571429
2012-03-29 12:47:54,1824,1,4.51398809524,0.234151785714
2012-03-29 12:47:55,1825,1,4.92723214286,0.413244047619
2012-03-29 12:47:56,1826,1,5.79404761905,0.86681547619
2012-03-29 12:47:57,1827,1,7.44449404762,1.65044642857
2012-03-29 12:47:58,1828,1,10.0936755952,2.64918154762
2012-03-29 12:47:59,1829,1,13.665922619,3.57224702381
2012-03-29 12:48:00,1830,1,17.7110863095,4.04516369048
2012-03-29 12:48:01,1831,1,21.5213541667,3.81026785714
2012-03-29 12:48:02,1832,1,24.3977678571,2.87641369048
2012-03-29 12:48:03,1833,1,25.8666666667,1.46889880952
2012-03-29 12:48:04,1834,1,25.7586309524,-0.108035714286
2012-03-29 12:48:05,1835,1,24.1779761905,-1.5806547619
2012-03-29 12:48:06,1836,1,21.391108631,-2.78686755952
2012-03-29 12:48:07,1837,1,17.7325892857,-3.65851934524
2012-03-29 12:48:08,1838,1,13.601264881,-4.13132440476
2012-03-29 12:48:09,1839,1,9.45111607143,-4.15014880952
2012-03-29 12:48:10,1840,1,5.73474702381,-3.71636904762
2012-03-29 12:48:11,1841,1,2.88125,-2.85349702381
2012-03-29 12:48:12,1842,1,0.0,-2.88125
2012-03-29 12:48:26,1856,14,0.0,0.0
2012-03-29 12:48:27,1857,1,1.52808779762,1.52808779762
2012-03-29 12:48:28,1858,1,2.77462797619,1.24654017857
2012-03-29 12:48:29,1859,1,4.53541666667,1.76078869048
2012-03-29 12:48:30,1860,1,6.9134672619,2.37805059524
2012-03-29 12:48:31,1861,1,9.79300595238,2.87953869048
2012-03-29 12:48:32,1862,1,12.6638392857,2.87083333333
2012-03-29 12:48:33,1863,1,14.8715029762,2.20766369048
2012-03-29 12:48:34,1864,1,16.0242559524,1.15275297619
2012-03-29 12:48:35,1865,1,16.1808779762,0.15662202381
2012-03-29 12:48:36,1866,1,15.6877232143,-0.493154761905
2012-03-29 12:48:37,1867,1,14.9180059524,-0.769717261905
2012-03-29 12:48:38,1868,1,14.1985119048,-0.719494047619
2012-03-29 12:48:39,1869,1,13.8805059524,-0.318005952381
2012-03-29 12:48:40,1870,1,14.3173363095,0.436830357143
2012-03-29 12:48:41,1871,1,15.6713541667,1.35401785714
2012-03-29 12:48:42,1872,1,17.7520089286,2.0806547619
2012-03-29 12:48:43,1873,1,20.090922619,2.33891369048
2012-03-29 12:48:44,1874,1,22.2014880952,2.11056547619
2012-03-29 12:48:45,1875,1,23.8170386905,1.61555059524
2012-03-29 12:48:46,1876,1,24.9287202381,1.11168154762
2012-03-29 12:48:47,1877,1,25.6,0.671279761905
2012-03-29 12:48:48,1878,1,25.7627232143,0.162723214286
2012-03-29 12:48:49,1879,1,25.1944940476,-0.568229166667
2012-03-29 12:48:50,1880,1,23.6369047619,-1.55758928571
2012-03-29 12:48:51,1881,1,20.9500744048,-2.68683035714
2012-03-29 12:48:52,1882,1,17.2873511905,-3.66272321429
2012-03-29 12:48:53,1883,1,13.195610119,-4.09174107143
2012-03-29 12:48:54,1884,1,9.47671130952,-3.71889880952
2012-03-29 12:48:55,1885,1,6.83883928571,-2.63787202381
2012-03-29 12:48:56,1886,1,5.56279761905,-1.27604166667
2012-03-29 12:48:57,1887,1,5.40848214286,-0.15431547619
2012-03-29 12:48:58,1888,1,5.84077380952,0.432291666667
2012-03-29 12:48:59,1889,1,6.36272321429,0.521949404762
2012-03-29 12:49:00,1890,1,6.65691964286,0.294196428571
2012-03-29 12:49:01,1891,1,6.55223214286,-0.1046875
2012-03-29 12:49:02,1892,1,5.97351190476,-0.578720238095
2012-03-29 12:49:03,1893,1,4.90625,-1.06726190476
2012-03-29 12:49:04,1894,1,3.44925595238,-1.45699404762
2012-03-29 12:49:05,1895,1,1.97317708333,-1.47607886905
2012-03-29 12:49:06,1896,1,0.0,-1.97317708333
2012-03-29 12:49:35,1925,29,0.0,0.0
2012-03-29 12:49:36,1926,1,3.74203869048,3.74203869048
2012-03-29 12:49:37,1927,1,7.12001488095,3.37797619048
2012-03-29 12:49:38,1928,1,11.3102678571,4.19025297619
2012-03-29 12:49:39,1929,1,15.9428571429,4.63258928571
2012-03-29 12:49:40,1930,1,20.7390625,4.79620535714
2012-03-29 12:49:41,1931,1,25.3850074405,4.64594494048
2012-03-29 12:49:42,1932,1,29.5400297619,4.15502232143
2012-03-29 12:49:43,1933,1,32.9622767857,3.42224702381
2012-03-29 12:49:44,1934,1,35.625297619,2.66302083333
2012-03-29 12:49:45,1935,1,37.7134672619,2.08816964286
2012-03-29 12:49:46,1936,1,39.4851190476,1.77165178571
2012-03-29 12:49:47,1937,1,41.1172619048,1.63214285714
2012-03-29 12:49:48,1938,1,42.6463541667,1.5290922619
2012-03-29 12:49:49,1939,1,44.0175595238,1.37120535714
2012-03-29 12:49:50,1940,1,45.1790922619,1.1615327381
2012-03-29 12:49:51,1941,1,46.1486607143,0.969568452381
2012-03-29 12:49:52,1942,1,47.0103422619,0.861681547619
2012-03-29 12:49:53,1943,1,47.849702381,0.839360119048
2012-03-29 12:49:54,1944,1,48.6839285714,0.834226190476
2012-03-29 12:49:55,1945,1,49.4530505952,0.76912202381
2012-03-29 12:49:56,1946,1,50.0807291667,0.627678571429
2012-03-29 12:49:57,1947,1,50.5418154762,0.461086309524
2012-03-29 12:49:58,1948,1,50.8764136905,0.334598214286
2012-03-29 12:49:59,1949,1,51.153422619,0.277008928571
2012-03-29 12:50:00,1950,1,51.4266369048,0.273214285714
2012-03-29 12:50:01,1951,1,51.7185267857,0.291889880952
2012-03-29 12:50:02,1952,1,52.0308779762,0.312351190476
2012-03-29 12:50:03,1953,1,52.3531994048,0.322321428571
2012-03-29 12:50:04,1954,1,52.6584077381,0.305208333333
2012-03-29 12:50:05,1955,1,52.9088541667,0.250446428572
2012-03-29 12:50:06,1956,1,53.0829613095,0.174107142857
2012-03-29 12:50:07,1957,1,53.1963541667,0.113392857143
2012-03-29 12:50:08,1958,1,53.2933035714,0.0969494047619
2012-03-29 12:50:09,1959,1,53.4198660714,0.1265625
2012-03-29 12:50:10,1960,1,53.6067708333,0.186904761905
2012-03-29 12:50:11,1961,1,53.8676339286,0.260863095238
2012-03-29 12:50:12,1962,1,54.1906994048,0.323065476191
2012-03-29 12:50:13,1963,1,54.5171130952,0.326413690476
2012-03-29 12:50:14,1964,1,54.7357886905,0.218675595238
2012-03-29 12:50:15,1965,1,54.7186011905,-0.0171875
2012-03-29 12:50:16,1966,1,54.3827380952,-0.335863095238
2012-03-29 12:50:17,1967,1,53.7452380952,-0.6375
2012-03-29 12:50:18,1968,1,52.9318452381,-0.813392857143
2012-03-29 12:50:19,1969,1,52.1334077381,-0.7984375
2012-03-29 12:50:20,1970,1,51.5342261905,-0.599181547619
2012-03-29 12:50:21,1971,1,51.2264136905,-0.3078125
2012-03-29 12:50:22,1972,1,51.1462797619,-0.0801339285714
2012-03-29 12:50:23,1973,1,51.0936755952,-0.0526041666667
2012-03-29 12:50:24,1974,1,50.8102678571,-0.283407738095
2012-03-29 12:50:25,1975,1,50.0334077381,-0.776860119048
2012-03-29 12:50:26,1976,1,48.5223958333,-1.51101190476
2012-03-29 12:50:27,1977,1,46.1014880952,-2.4209077381
2012-03-29 12:50:28,1978,1,42.7046875,-3.39680059524
2012-03-29 12:50:29,1979,1,38.3918154762,-4.31287202381
2012-03-29 12:50:30,1980,1,33.3822916667,-5.00952380952
2012-03-29 12:50:31,1981,1,28.1414434524,-5.24084821429
2012-03-29 12:50:32,1982,1,23.3994047619,-4.74203869048
2012-03-29 12:50:33,1983,1,19.9669642857,-3.43244047619
2012-03-29 12:50:34,1984,1,18.4151041667,-1.55186011905
2012-03-29 12:50:35,1985,1,18.834672619,0.419568452381
2012-03-29 12:50:36,1986,1,20.8479910714,2.01331845238
2012-03-29 12:50:37,1987,1,23.8175595238,2.96956845238
2012-03-29 12:50:38,1988,1,27.0380208333,3.22046130952
2012-03-29 12:50:39,1989,1,29.866889881,2.82886904762
2012-03-29 12:50:40,1990,1,31.8916666667,2.02477678571
2012-03-29 12:50:41,1991,1,33.0757440476,1.18407738095
2012-03-29 12:50:42,1992,1,33.7243303571,0.648586309524
2012-03-29 12:50:43,1993,1,34.2343005952,0.509970238095
2012-03-29 12:50:44,1994,1,34.8072916667,0.572991071429
2012-03-29 12:50:45,1995,1,35.3870535714,0.579761904762
2012-03-29 12:50:46,1996,1,35.8222470238,0.435193452381
2012-03-29 12:50:47,1997,1,35.998139881,0.175892857143
2012-03-29 12:50:48,1998,1,35.8207589286,-0.177380952381
2012-03-29 12:50:49,1999,1,35.172172619,-0.648586309524
2012-03-29 12:50:50,2000,1,33.942485119,-1.2296875
2012-03-29 12:50:51,2001,1,32.1037946429,-1.83869047619
2012-03-29 12:50:52,2002,1,29.7223958333,-2.38139880952
2012-03-29 12:50:53,2003,1,26.8742559524,-2.84813988095
2012-03-29 12:50:54,2004,1,23.5745535714,-3.29970238095
2012-03-29 12:50:55,2005,1,19.8513392857,-3.72321428571
2012-03-29 12:50:56,2006,1,15.9022321429,-3.94910714286
2012-03-29 12:50:57,2007,1,12.119047619,-3.78318452381
2012-03-29 12:50:58,2008,1,8.87641369048,-3.24263392857
2012-03-29 12:50:59,2009,1,6.26473214286,-2.61168154762
2012-03-29 12:51:00,2010,1,4.10364583333,-2.16108630952
2012-03-29 12:51:01,2011,1,2.32663690476,-1.77700892857
2012-03-29 12:51:02,2012,1,0.0,-2.32663690476
