timestamp,cycle_sec,timestep,speed_mph,accel_meters_ps
2013-01-20 06:47:20,0,52726,0.0,0.0
2013-01-20 06:47:21,1,1,3.87137864881,3.87137864881
2013-01-20 06:47:22,2,1,6.50818409226,2.63680544345
2013-01-20 06:47:23,3,1,8.78802039881,2.27983630655
2013-01-20 06:47:24,4,1,10.1657734658,1.37775306696
2013-01-20 06:47:25,5,1,10.694568186,0.528794720238
2013-01-20 06:47:26,6,1,10.7151782909,0.0206101049107
2013-01-20 06:47:27,7,1,10.5265869301,-0.188591360863
2013-01-20 06:47:28,8,1,10.2576384256,-0.268948504464
2013-01-20 06:47:29,9,1,9.94709770982,-0.310540715774
2013-01-20 06:47:30,10,1,9.6312494933,-0.315848216518
2013-01-20 06:47:31,11,1,9.33868997321,-0.292559520089
2013-01-20 06:47:32,12,1,9.08891318378,-0.249776789435
2013-01-20 06:47:33,13,1,8.92857092262,-0.160342261161
2013-01-20 06:47:34,14,1,8.9293150067,0.000744084077381
2013-01-20 06:47:35,15,1,9.13682998437,0.207514977679
2013-01-20 06:47:36,16,1,9.53630928646,0.399479302083
2013-01-20 06:47:37,17,1,10.0645087865,0.5281995
2013-01-20 06:47:38,18,1,10.6509670848,0.586458298363
2013-01-20 06:47:39,19,1,11.2519341607,0.600967075893
2013-01-20 06:47:40,20,1,11.8380946124,0.586160451637
2013-01-20 06:47:41,21,1,12.3537193795,0.515624767113
2013-01-20 06:47:42,22,1,12.70996925,0.356249870536
2013-01-20 06:47:43,23,1,12.8263383028,0.116369052827
2013-01-20 06:47:44,24,1,12.6799098586,-0.146428444196
2013-01-20 06:47:45,25,1,12.3127969509,-0.367112907738
2013-01-20 06:47:46,26,1,11.776859625,-0.535937325893
2013-01-20 06:47:47,27,1,11.0706841548,-0.706175470238
2013-01-20 06:47:48,28,1,10.1517854293,-0.918898725446
2013-01-20 06:47:49,29,1,9.04069919643,-1.11108623289
2013-01-20 06:47:50,30,1,7.93467250223,-1.1060266942
2013-01-20 06:47:51,31,1,7.18712794196,-0.747544560268
2013-01-20 06:47:52,32,1,7.12455357738,-0.0625743645833
2013-01-20 06:47:53,33,1,7.86979168155,0.745238104167
2013-01-20 06:47:54,34,1,9.31688989509,1.44709821354
2013-01-20 06:47:55,35,1,11.2312499769,1.91436008185
2013-01-20 06:47:56,36,1,13.3581843743,2.12693439732
2013-01-20 06:47:57,37,1,15.4478418847,2.08965751042
2013-01-20 06:47:58,38,1,17.225445785,1.7776039003
2013-01-20 06:47:59,39,1,18.393005125,1.16755934003
2013-01-20 06:48:00,40,1,18.6769337031,0.283928578125
2013-01-20 06:48:01,41,1,17.8962047262,-0.780728976934
2013-01-20 06:48:02,42,1,16.0220234092,-1.87418131696
2013-01-20 06:48:03,43,1,13.2289431533,-2.79308025595
2013-01-20 06:48:04,44,1,9.96019305357,-3.2687500997
2013-01-20 06:48:05,45,1,6.90915116295,-3.05104189063
2013-01-20 06:48:06,46,1,4.80766288095,-2.10148828199
2013-01-20 06:48:07,47,1,4.12470152381,-0.682961357143
2013-01-20 06:48:08,48,1,4.87209741815,0.747395894345
2013-01-20 06:48:09,49,1,6.65543083557,1.78333341741
2013-01-20 06:48:10,50,1,8.95818386161,2.30275302604
2013-01-20 06:48:11,51,1,11.4323654115,2.47418154985
2013-01-20 06:48:12,52,1,13.9893594442,2.55699403274
2013-01-20 06:48:13,53,1,16.6975439717,2.70818452753
2013-01-20 06:48:14,54,1,19.6033475766,2.90580360491
2013-01-20 06:48:15,55,1,22.609448849,3.00610127232
2013-01-20 06:48:16,56,1,25.4844489903,2.87500014137
2013-01-20 06:48:17,57,1,27.965847965,2.4813989747
2013-01-20 06:48:18,58,1,29.8735117976,1.90766383259
2013-01-20 06:48:19,59,1,31.1679315246,1.29441972693
2013-01-20 06:48:20,60,1,31.9284969955,0.760565470982
2013-01-20 06:48:21,61,1,32.2839284598,0.355431464286
2013-01-20 06:48:22,62,1,32.3543152612,0.0703868013393
2013-01-20 06:48:23,63,1,32.2347467277,-0.119568533482
2013-01-20 06:48:24,64,1,31.9992556131,-0.235491114583
2013-01-20 06:48:25,65,1,31.6956841838,-0.303571429315
2013-01-20 06:48:26,66,1,31.3376484829,-0.358035700893
2013-01-20 06:48:27,67,1,30.9152526406,-0.422395842262
2013-01-20 06:48:28,68,1,30.4218746332,-0.49337800744
2013-01-20 06:48:29,69,1,29.8730650662,-0.548809566964
2013-01-20 06:48:30,70,1,29.3043894137,-0.56867565253
2013-01-20 06:48:31,71,1,28.7522316101,-0.552157803572
2013-01-20 06:48:32,72,1,28.2319190543,-0.520312555803
2013-01-20 06:48:33,73,1,27.7369785387,-0.494940515625
2013-01-20 06:48:34,74,1,27.2584070699,-0.47857146875
2013-01-20 06:48:35,75,1,26.7899546369,-0.468452433036
2013-01-20 06:48:36,76,1,26.3146569829,-0.475297654018
2013-01-20 06:48:37,77,1,25.8020826057,-0.512574377232
2013-01-20 06:48:38,78,1,25.2167404457,-0.58534215997
2013-01-20 06:48:39,79,1,24.5107137917,-0.706026654018
2013-01-20 06:48:40,80,1,23.5965025647,-0.914211226935
2013-01-20 06:48:41,81,1,22.3340025647,-1.2625
2013-01-20 06:48:42,82,1,20.5918150469,-1.74218751786
2013-01-20 06:48:43,83,1,18.3939728356,-2.19784221131
2013-01-20 06:48:44,84,1,16.0143598653,-2.37961297024
2013-01-20 06:48:45,85,1,13.8620534591,-2.15230640625
2013-01-20 06:48:46,86,1,12.2270833155,-1.6349701436
2013-01-20 06:48:47,87,1,11.1020089033,-1.1250744122
2013-01-20 06:48:48,88,1,10.1965772284,-0.905431674851
2013-01-20 06:48:49,89,1,9.13638359077,-1.06019363765
2013-01-20 06:48:50,90,1,7.7405501183,-1.39583347247
2013-01-20 06:48:51,91,1,6.18422568006,-1.55632443824
2013-01-20 06:48:52,92,1,4.91197870685,-1.27224697321
2013-01-20 06:48:53,93,1,4.36607101562,-0.54590769122
2013-01-20 06:48:54,94,1,4.71168109375,0.345610078125
2013-01-20 06:48:55,95,1,5.72879408705,1.0171129933
2013-01-20 06:48:56,96,1,6.95796071131,1.22916662426
2013-01-20 06:48:57,97,1,7.99032687054,1.03236615923
2013-01-20 06:48:58,98,1,8.64709787872,0.656771008185
2013-01-20 06:48:59,99,1,8.95550576935,0.308407890625
2013-01-20 06:49:00,100,1,9.04084806399,0.0853422946429
2013-01-20 06:49:01,101,1,9.0280503497,-0.0127977142857
2013-01-20 06:49:02,102,1,8.98154724033,-0.046503109375
2013-01-20 06:49:03,103,1,8.90431503571,-0.0772322046131
2013-01-20 06:49:04,104,1,8.76956806548,-0.134746970238
2013-01-20 06:49:05,105,1,8.54910688616,-0.220461179315
2013-01-20 06:49:06,106,1,8.23377964137,-0.315327244792
2013-01-20 06:49:07,107,1,7.83883925818,-0.394940383185
2013-01-20 06:49:08,108,1,7.40550596652,-0.433333291667
2013-01-20 06:49:09,109,1,7.01919644792,-0.386309518601
2013-01-20 06:49:10,110,1,6.79806545312,-0.221130994792
2013-01-20 06:49:11,111,1,6.80900281994,0.0109373668155
2013-01-20 06:49:12,112,1,6.99516330878,0.186160488839
2013-01-20 06:49:13,113,1,7.21986546503,0.22470215625
2013-01-20 06:49:14,114,1,7.38802013616,0.168154671131
2013-01-20 06:49:15,115,1,7.51993987277,0.131919736607
2013-01-20 06:49:16,116,1,7.70796089211,0.188021019345
2013-01-20 06:49:17,117,1,7.99739555357,0.289434661458
2013-01-20 06:49:18,118,1,8.31778250074,0.320386947173
2013-01-20 06:49:19,119,1,8.5396575,0.221874999256
2013-01-20 06:49:20,120,1,8.5712051131,0.0315476130952
2013-01-20 06:49:21,121,1,8.38177054911,-0.189434563988
2013-01-20 06:49:22,122,1,7.97983592783,-0.40193462128
2013-01-20 06:49:23,123,1,7.41562452307,-0.564211404762
2013-01-20 06:49:24,124,1,6.78712750818,-0.628497014881
2013-01-20 06:49:25,125,1,6.21026752381,-0.576859984375
2013-01-20 06:49:26,126,1,5.75372004613,-0.456547477679
2013-01-20 06:49:27,127,1,5.35059504613,-0.403125
2013-01-20 06:49:28,128,1,4.76696395759,-0.583631088542
2013-01-20 06:49:29,129,1,3.75952337574,-1.00744058185
2013-01-20 06:49:30,130,1,2.38571390774,-1.37380946801
2013-01-20 06:49:31,131,1,0.0,-2.38571390774
2013-01-20 06:49:32,132,1,0.0,0.0
2013-01-20 06:49:33,133,1,0.0,0.0
2013-01-20 06:49:34,134,1,0.0,0.0
2013-01-20 06:49:35,135,1,0.0,0.0
2013-01-20 06:49:36,136,1,0.0,0.0
