timestamp,cycle_sec,timestep,speed_mph,accel_meters_ps
2012-06-10 12:41:35,0,8133,0.0,0.0
2012-06-10 12:41:36,1,1,1.78958333333,1.78958333333
2012-06-10 12:41:37,2,1,2.6990327381,0.909449404762
2012-06-10 12:41:38,3,1,3.24441964286,0.545386904762
2012-06-10 12:41:39,4,1,3.31696428571,0.0725446428571
2012-06-10 12:41:40,5,1,3.11473214286,-0.202232142857
2012-06-10 12:41:41,6,1,2.81822916667,-0.29650297619
2012-06-10 12:41:42,7,1,2.51711309524,-0.301116071429
2012-06-10 12:41:43,8,1,2.32433035714,-0.192782738095
2012-06-10 12:41:44,9,1,2.41956845238,0.0952380952381
2012-06-10 12:41:45,10,1,2.959375,0.539806547619
2012-06-10 12:41:46,11,1,3.97477678571,1.01540178571
2012-06-10 12:41:47,12,1,5.33802083333,1.36324404762
2012-06-10 12:41:48,13,1,6.82708333333,1.4890625
2012-06-10 12:41:49,14,1,8.2603422619,1.43325892857
2012-06-10 12:41:50,15,1,9.56525297619,1.30491071429
2012-06-10 12:41:51,16,1,10.7046875,1.13943452381
2012-06-10 12:41:52,17,1,11.5555059524,0.850818452381
2012-06-10 12:41:53,18,1,11.8569196429,0.301413690476
2012-06-10 12:41:54,19,1,11.3254464286,-0.531473214286
2012-06-10 12:41:55,20,1,9.95163690476,-1.37380952381
2012-06-10 12:41:56,21,1,8.20825892857,-1.74337797619
2012-06-10 12:41:57,22,1,6.85208333333,-1.35617559524
2012-06-10 12:41:58,23,1,6.44717261905,-0.404910714286
2012-06-10 12:41:59,24,1,7.04665178571,0.599479166667
2012-06-10 12:42:00,25,1,8.27492559524,1.22827380952
2012-06-10 12:42:01,26,1,9.69739583333,1.4224702381
2012-06-10 12:42:02,27,1,11.1229166667,1.42552083333
2012-06-10 12:42:03,28,1,12.5665178571,1.44360119048
2012-06-10 12:42:04,29,1,14.023139881,1.45662202381
2012-06-10 12:42:05,30,1,15.3808035714,1.35766369048
2012-06-10 12:42:06,31,1,16.5054315476,1.12462797619
2012-06-10 12:42:07,32,1,17.3287202381,0.823288690476
2012-06-10 12:42:08,33,1,17.8761904762,0.547470238095
2012-06-10 12:42:09,34,1,18.2569940476,0.380803571428
2012-06-10 12:42:10,35,1,18.6023065476,0.3453125
2012-06-10 12:42:11,36,1,18.9366815476,0.334375
2012-06-10 12:42:12,37,1,19.0651041667,0.128422619048
2012-06-10 12:42:13,38,1,18.6098958333,-0.455208333333
2012-06-10 12:42:14,39,1,17.2122767857,-1.39761904762
2012-06-10 12:42:15,40,1,14.7828125,-2.42946428571
2012-06-10 12:42:16,41,1,11.6499255952,-3.13288690476
2012-06-10 12:42:17,42,1,8.48422619048,-3.16569940476
2012-06-10 12:42:18,43,1,6.03296130952,-2.45126488095
2012-06-10 12:42:19,44,1,4.84605654762,-1.1869047619
2012-06-10 12:42:20,45,1,5.10595238095,0.259895833333
2012-06-10 12:42:21,46,1,6.58519345238,1.47924107143
2012-06-10 12:42:22,47,1,8.76056547619,2.17537202381
2012-06-10 12:42:23,48,1,11.0418154762,2.28125
2012-06-10 12:42:24,49,1,12.9978422619,1.95602678571
2012-06-10 12:42:25,50,1,14.4790178571,1.48117559524
2012-06-10 12:42:26,51,1,15.5794642857,1.10044642857
2012-06-10 12:42:27,52,1,16.4881696429,0.908705357143
2012-06-10 12:42:28,53,1,17.3582589286,0.870089285714
2012-06-10 12:42:29,54,1,18.2546130952,0.896354166667
2012-06-10 12:42:30,55,1,19.1560267857,0.901413690476
2012-06-10 12:42:31,56,1,19.9837053571,0.827678571429
2012-06-10 12:42:32,57,1,20.6392113095,0.655505952381
2012-06-10 12:42:33,58,1,21.0448660714,0.405654761905
2012-06-10 12:42:34,59,1,21.1647321429,0.119866071429
2012-06-10 12:42:35,60,1,20.9597470238,-0.204985119048
2012-06-10 12:42:36,61,1,20.3051339286,-0.654613095238
2012-06-10 12:42:37,62,1,18.9895833333,-1.31555059524
2012-06-10 12:42:38,63,1,16.8457589286,-2.14382440476
2012-06-10 12:42:39,64,1,13.9517113095,-2.89404761905
2012-06-10 12:42:40,65,1,10.7807291667,-3.17098214286
2012-06-10 12:42:41,66,1,8.11294642857,-2.6677827381
2012-06-10 12:42:42,67,1,6.6740327381,-1.43891369048
2012-06-10 12:42:43,68,1,6.7650297619,0.0909970238095
2012-06-10 12:42:44,69,1,8.15297619048,1.38794642857
2012-06-10 12:42:45,70,1,10.268452381,2.11547619048
2012-06-10 12:42:46,71,1,12.5537946429,2.2853422619
2012-06-10 12:42:47,72,1,14.6904761905,2.13668154762
2012-06-10 12:42:48,73,1,16.5655505952,1.87507440476
2012-06-10 12:42:49,74,1,18.0979910714,1.53244047619
2012-06-10 12:42:50,75,1,19.1103422619,1.01235119048
2012-06-10 12:42:51,76,1,19.348735119,0.238392857143
2012-06-10 12:42:52,77,1,18.670610119,-0.678125
2012-06-10 12:42:53,78,1,17.2604910714,-1.41011904762
2012-06-10 12:42:54,79,1,15.6325892857,-1.62790178571
2012-06-10 12:42:55,80,1,14.3829613095,-1.24962797619
2012-06-10 12:42:56,81,1,13.8967261905,-0.486235119048
2012-06-10 12:42:57,82,1,14.2066964286,0.309970238095
2012-06-10 12:42:58,83,1,15.0863839286,0.8796875
2012-06-10 12:42:59,84,1,16.2662202381,1.17983630952
2012-06-10 12:43:00,85,1,17.5289434524,1.26272321429
2012-06-10 12:43:01,86,1,18.664360119,1.13541666667
2012-06-10 12:43:02,87,1,19.4845982143,0.820238095238
2012-06-10 12:43:03,88,1,19.9335565476,0.448958333333
2012-06-10 12:43:04,89,1,20.1264880952,0.192931547619
2012-06-10 12:43:05,90,1,20.251860119,0.12537202381
2012-06-10 12:43:06,91,1,20.4408482143,0.188988095238
2012-06-10 12:43:07,92,1,20.7123511905,0.27150297619
2012-06-10 12:43:08,93,1,21.0131696429,0.300818452381
2012-06-10 12:43:09,94,1,21.2979910714,0.284821428572
2012-06-10 12:43:10,95,1,21.5538690476,0.25587797619
2012-06-10 12:43:11,96,1,21.7625744048,0.208705357143
2012-06-10 12:43:12,97,1,21.8970982143,0.134523809524
2012-06-10 12:43:13,98,1,21.9646577381,0.0675595238095
2012-06-10 12:43:14,99,1,22.0126488095,0.0479910714286
2012-06-10 12:43:15,100,1,22.0833333333,0.0706845238095
2012-06-10 12:43:16,101,1,22.1828125,0.0994791666667
2012-06-10 12:43:17,102,1,22.2979166667,0.115104166667
2012-06-10 12:43:18,103,1,22.4230654762,0.125148809524
2012-06-10 12:43:19,104,1,22.5537202381,0.130654761905
2012-06-10 12:43:20,105,1,22.6683035714,0.114583333333
2012-06-10 12:43:21,106,1,22.7366815476,0.0683779761904
2012-06-10 12:43:22,107,1,22.7302083333,-0.0064732142857
2012-06-10 12:43:23,108,1,22.6040178571,-0.12619047619
2012-06-10 12:43:24,109,1,22.2729910714,-0.331026785714
2012-06-10 12:43:25,110,1,21.5895833333,-0.683407738095
2012-06-10 12:43:26,111,1,20.3480654762,-1.24151785714
2012-06-10 12:43:27,112,1,18.4077380952,-1.94032738095
2012-06-10 12:43:28,113,1,15.9044642857,-2.50327380952
2012-06-10 12:43:29,114,1,13.3239583333,-2.58050595238
2012-06-10 12:43:30,115,1,11.3275297619,-1.99642857143
2012-06-10 12:43:31,116,1,10.4429315476,-0.884598214286
2012-06-10 12:43:32,117,1,10.7694940476,0.3265625
2012-06-10 12:43:33,118,1,11.8911458333,1.12165178571
2012-06-10 12:43:34,119,1,13.0927827381,1.20163690476
2012-06-10 12:43:35,120,1,13.6694196429,0.576636904762
2012-06-10 12:43:36,121,1,13.1598958333,-0.509523809524
2012-06-10 12:43:37,122,1,11.5353422619,-1.62455357143
2012-06-10 12:43:38,123,1,9.22790178571,-2.30744047619
2012-06-10 12:43:39,124,1,6.88757440476,-2.34032738095
2012-06-10 12:43:40,125,1,5.04888392857,-1.83869047619
2012-06-10 12:43:41,126,1,3.92686011905,-1.12202380952
2012-06-10 12:43:42,127,1,3.41666666667,-0.510193452381
2012-06-10 12:43:43,128,1,3.27150297619,-0.145163690476
2012-06-10 12:43:44,129,1,3.29412202381,0.022619047619
2012-06-10 12:43:45,130,1,3.38139880952,0.0872767857143
2012-06-10 12:43:46,131,1,3.47723214286,0.0958333333333
2012-06-10 12:43:47,132,1,3.57217261905,0.0949404761905
2012-06-10 12:43:48,133,1,3.74114583333,0.168973214286
2012-06-10 12:43:49,134,1,4.09888392857,0.357738095238
2012-06-10 12:43:50,135,1,4.66019345238,0.56130952381
2012-06-10 12:43:51,136,1,5.26019345238,0.6
2012-06-10 12:43:52,137,1,5.62507440476,0.364880952381
2012-06-10 12:43:53,138,1,5.50297619048,-0.122098214286
2012-06-10 12:43:54,139,1,4.76569940476,-0.737276785714
2012-06-10 12:43:55,140,1,3.49412202381,-1.27157738095
2012-06-10 12:43:56,141,1,2.08043154762,-1.41369047619
2012-06-10 12:43:57,142,1,0.0,-2.08043154762
2012-06-10 12:49:50,495,353,0.0,0.0
2012-06-10 12:49:51,496,1,2.40491071429,2.40491071429
2012-06-10 12:49:52,497,1,3.31584821429,0.9109375
2012-06-10 12:49:53,498,1,3.49017857143,0.174330357143
2012-06-10 12:49:54,499,1,3.05014880952,-0.440029761905
2012-06-10 12:49:55,500,1,2.51979166667,-0.530357142857
2012-06-10 12:49:56,501,1,2.24092261905,-0.278869047619
2012-06-10 12:49:57,502,1,2.18474702381,-0.0561755952381
2012-06-10 12:49:58,503,1,2.18288690476,-0.00186011904762
2012-06-10 12:49:59,504,1,2.225,0.0421130952381
2012-06-10 12:50:00,505,1,2.5255952381,0.300595238095
2012-06-10 12:50:01,506,1,3.37507440476,0.849479166667
2012-06-10 12:50:02,507,1,4.953125,1.57805059524
2012-06-10 12:50:03,508,1,7.21577380952,2.26264880952
2012-06-10 12:50:04,509,1,9.87879464286,2.66302083333
2012-06-10 12:50:05,510,1,12.5069196429,2.628125
2012-06-10 12:50:06,511,1,14.6619047619,2.15498511905
2012-06-10 12:50:07,512,1,16.0000744048,1.33816964286
2012-06-10 12:50:08,513,1,16.3300595238,0.329985119048
2012-06-10 12:50:09,514,1,15.7146577381,-0.615401785714
2012-06-10 12:50:10,515,1,14.5162202381,-1.1984375
2012-06-10 12:50:11,516,1,13.2480654762,-1.2681547619
2012-06-10 12:50:12,517,1,12.3375,-0.910565476191
2012-06-10 12:50:13,518,1,11.9970982143,-0.340401785714
2012-06-10 12:50:14,519,1,12.2578125,0.260714285714
2012-06-10 12:50:15,520,1,13.0719494048,0.814136904762
2012-06-10 12:50:16,521,1,14.3560267857,1.28407738095
2012-06-10 12:50:17,522,1,15.9537202381,1.59769345238
2012-06-10 12:50:18,523,1,17.6282738095,1.67455357143
2012-06-10 12:50:19,524,1,19.149702381,1.52142857143
2012-06-10 12:50:20,525,1,20.3976190476,1.24791666667
2012-06-10 12:50:21,526,1,21.3675595238,0.969940476191
2012-06-10 12:50:22,527,1,22.0813244048,0.713764880952
2012-06-10 12:50:23,528,1,22.5139880952,0.432663690476
2012-06-10 12:50:24,529,1,22.626264881,0.112276785714
2012-06-10 12:50:25,530,1,22.448735119,-0.177529761905
2012-06-10 12:50:26,531,1,22.1075892857,-0.341145833333
2012-06-10 12:50:27,532,1,21.7773065476,-0.330282738095
2012-06-10 12:50:28,533,1,21.5968005952,-0.180505952381
2012-06-10 12:50:29,534,1,21.5914434524,-0.0053571428571
2012-06-10 12:50:30,535,1,21.6779017857,0.0864583333333
2012-06-10 12:50:31,536,1,21.7430059524,0.0651041666667
2012-06-10 12:50:32,537,1,21.6851190476,-0.057886904762
2012-06-10 12:50:33,538,1,21.4081845238,-0.27693452381
2012-06-10 12:50:34,539,1,20.8586309524,-0.549553571429
2012-06-10 12:50:35,540,1,20.1017857143,-0.756845238095
2012-06-10 12:50:36,541,1,19.3323660714,-0.769419642857
2012-06-10 12:50:37,542,1,18.7665178571,-0.565848214286
2012-06-10 12:50:38,543,1,18.4988095238,-0.267708333333
2012-06-10 12:50:39,544,1,18.4552827381,-0.0435267857143
2012-06-10 12:50:40,545,1,18.4776041667,0.0223214285715
2012-06-10 12:50:41,546,1,18.4602678571,-0.0173363095238
2012-06-10 12:50:42,547,1,18.4270833333,-0.0331845238096
2012-06-10 12:50:43,548,1,18.4803571429,0.0532738095238
2012-06-10 12:50:44,549,1,18.6633928571,0.183035714286
2012-06-10 12:50:45,550,1,18.8392113095,0.175818452381
2012-06-10 12:50:46,551,1,18.666889881,-0.172321428571
2012-06-10 12:50:47,552,1,17.7226934524,-0.944196428572
2012-06-10 12:50:48,553,1,15.748735119,-1.97395833333
2012-06-10 12:50:49,554,1,12.9130952381,-2.83563988095
2012-06-10 12:50:50,555,1,9.90044642857,-3.01264880952
2012-06-10 12:50:51,556,1,7.65751488095,-2.24293154762
2012-06-10 12:50:52,557,1,6.84546130952,-0.812053571429
2012-06-10 12:50:53,558,1,7.43735119048,0.591889880952
2012-06-10 12:50:54,559,1,8.84977678571,1.41242559524
2012-06-10 12:50:55,560,1,10.4427827381,1.59300595238
2012-06-10 12:50:56,561,1,11.9183779762,1.4755952381
2012-06-10 12:50:57,562,1,13.3400297619,1.42165178571
2012-06-10 12:50:58,563,1,14.848735119,1.50870535714
2012-06-10 12:50:59,564,1,16.426264881,1.5775297619
2012-06-10 12:51:00,565,1,17.9379464286,1.51168154762
2012-06-10 12:51:01,566,1,19.2750744048,1.33712797619
2012-06-10 12:51:02,567,1,20.3658482143,1.09077380952
2012-06-10 12:51:03,568,1,21.127827381,0.761979166667
2012-06-10 12:51:04,569,1,21.5014880952,0.373660714286
2012-06-10 12:51:05,570,1,21.5188244048,0.0173363095238
2012-06-10 12:51:06,571,1,21.2951636905,-0.223660714286
2012-06-10 12:51:07,572,1,20.9235119048,-0.371651785714
2012-06-10 12:51:08,573,1,20.3488839286,-0.57462797619
2012-06-10 12:51:09,574,1,19.3413690476,-1.00751488095
2012-06-10 12:51:10,575,1,17.6217261905,-1.71964285714
2012-06-10 12:51:11,576,1,15.0699404762,-2.55178571429
2012-06-10 12:51:12,577,1,11.9021577381,-3.1677827381
2012-06-10 12:51:13,578,1,8.71130952381,-3.19084821429
2012-06-10 12:51:14,579,1,6.30044642857,-2.41086309524
2012-06-10 12:51:15,580,1,5.3650297619,-0.935416666667
2012-06-10 12:51:16,581,1,6.17991071429,0.814880952381
2012-06-10 12:51:17,582,1,8.43950892857,2.25959821429
2012-06-10 12:51:18,583,1,11.3837053571,2.94419642857
2012-06-10 12:51:19,584,1,14.1857142857,2.80200892857
2012-06-10 12:51:20,585,1,16.3241815476,2.1384672619
2012-06-10 12:51:21,586,1,17.678422619,1.35424107143
2012-06-10 12:51:22,587,1,18.3326636905,0.654241071429
2012-06-10 12:51:23,588,1,18.3139136905,-0.01875
2012-06-10 12:51:24,589,1,17.5710565476,-0.742857142857
2012-06-10 12:51:25,590,1,16.2179315476,-1.353125
2012-06-10 12:51:26,591,1,14.6983630952,-1.51956845238
2012-06-10 12:51:27,592,1,13.633110119,-1.06525297619
2012-06-10 12:51:28,593,1,13.4821428571,-0.150967261905
2012-06-10 12:51:29,594,1,14.3006696429,0.818526785714
2012-06-10 12:51:30,595,1,15.7491071429,1.4484375
2012-06-10 12:51:31,596,1,17.3109375,1.56183035714
2012-06-10 12:51:32,597,1,18.5378720238,1.22693452381
2012-06-10 12:51:33,598,1,19.2067708333,0.668898809524
2012-06-10 12:51:34,599,1,19.3811011905,0.174330357143
2012-06-10 12:51:35,600,1,19.3320684524,-0.0490327380952
2012-06-10 12:51:36,601,1,19.311235119,-0.0208333333334
2012-06-10 12:51:37,602,1,19.3493303571,0.0380952380953
2012-06-10 12:51:38,603,1,19.2483630952,-0.100967261905
2012-06-10 12:51:39,604,1,18.7459077381,-0.502455357143
2012-06-10 12:51:40,605,1,17.7273065476,-1.01860119048
2012-06-10 12:51:41,606,1,16.3441964286,-1.38311011905
2012-06-10 12:51:42,607,1,14.9616815476,-1.38251488095
2012-06-10 12:51:43,608,1,13.9798363095,-0.981845238095
2012-06-10 12:51:44,609,1,13.6134672619,-0.366369047619
2012-06-10 12:51:45,610,1,13.7363095238,0.122842261905
2012-06-10 12:51:46,611,1,13.9375,0.201190476191
2012-06-10 12:51:47,612,1,13.7964285714,-0.141071428571
2012-06-10 12:51:48,613,1,13.1505952381,-0.645833333333
2012-06-10 12:51:49,614,1,12.1266369048,-1.02395833333
2012-06-10 12:51:50,615,1,10.9392113095,-1.18742559524
2012-06-10 12:51:51,616,1,9.69933035714,-1.23988095238
2012-06-10 12:51:52,617,1,8.44709821429,-1.25223214286
2012-06-10 12:51:53,618,1,7.3125,-1.13459821429
2012-06-10 12:51:54,619,1,6.5228422619,-0.789657738095
2012-06-10 12:51:55,620,1,6.1974702381,-0.32537202381
2012-06-10 12:51:56,621,1,6.16242559524,-0.0350446428571
2012-06-10 12:51:57,622,1,5.99233630952,-0.170089285714
2012-06-10 12:51:58,623,1,5.26919642857,-0.723139880952
2012-06-10 12:51:59,624,1,3.90089285714,-1.36830357143
2012-06-10 12:52:00,625,1,2.32235863095,-1.57853422619
2012-06-10 12:52:01,626,1,0.0,-2.32235863095
