timestamp,cycle_sec,timestep,speed_mph,accel_meters_ps
2012-11-04 14:50:27,0,85825,0.0,0.0
2012-11-04 14:50:28,1,1,2.72135416667,2.72135416667
2012-11-04 14:50:29,2,1,4.63973214286,1.91837797619
2012-11-04 14:50:30,3,1,6.59040178571,1.95066964286
2012-11-04 14:50:31,4,1,8.50825892857,1.91785714286
2012-11-04 14:50:32,5,1,10.6171875,2.10892857143
2012-11-04 14:50:33,6,1,12.9860491071,2.36886160714
2012-11-04 14:50:34,7,1,15.3423363095,2.35628720238
2012-11-04 14:50:35,8,1,17.277827381,1.93549107143
2012-11-04 14:50:36,9,1,18.5796875,1.30186011905
2012-11-04 14:50:37,10,1,19.3557291667,0.776041666667
2012-11-04 14:50:38,11,1,19.8811011905,0.52537202381
2012-11-04 14:50:39,12,1,20.3645833333,0.483482142857
2012-11-04 14:50:40,13,1,20.8022321429,0.437648809524
2012-11-04 14:50:41,14,1,20.9098710317,0.107638888889
2012-11-04 14:50:42,15,1,20.1750248016,-0.734846230159
2012-11-04 14:50:43,16,1,18.1497767857,-2.02524801587
2012-11-04 14:50:44,17,1,14.8568452381,-3.29293154762
2012-11-04 14:50:45,18,1,10.9194196429,-3.93742559524
2012-11-04 14:50:46,19,1,7.2712797619,-3.64813988095
2012-11-04 14:50:47,20,1,4.75109126984,-2.52018849206
2012-11-04 14:50:48,21,1,3.85865575397,-0.892435515873
2012-11-04 14:50:49,22,1,4.68266369048,0.824007936508
2012-11-04 14:50:50,23,1,6.95714285714,2.27447916667
2012-11-04 14:50:51,24,1,10.1691220238,3.21197916667
2012-11-04 14:50:52,25,1,13.670610119,3.50148809524
2012-11-04 14:50:53,26,1,16.8746031746,3.20399305556
2012-11-04 14:50:54,27,1,19.4514384921,2.57683531746
2012-11-04 14:50:55,28,1,21.3272321429,1.87579365079
2012-11-04 14:50:56,29,1,22.5734375,1.24620535714
2012-11-04 14:50:57,30,1,23.3710565476,0.797619047619
2012-11-04 14:50:58,31,1,23.9811755952,0.610119047619
2012-11-04 14:50:59,32,1,24.6155505952,0.634375
2012-11-04 14:51:00,33,1,25.3229910714,0.70744047619
2012-11-04 14:51:01,34,1,26.0374255952,0.71443452381
2012-11-04 14:51:02,35,1,26.7130952381,0.675669642857
2012-11-04 14:51:03,36,1,27.3955357143,0.682440476191
2012-11-04 14:51:04,37,1,28.1883928571,0.792857142857
2012-11-04 14:51:05,38,1,29.1358630952,0.947470238095
2012-11-04 14:51:06,39,1,30.1359375,1.00007440476
2012-11-04 14:51:07,40,1,31.0373511905,0.901413690476
2012-11-04 14:51:08,41,1,31.794047619,0.756696428571
2012-11-04 14:51:09,42,1,32.4081845238,0.614136904762
2012-11-04 14:51:10,43,1,32.7365327381,0.328348214286
2012-11-04 14:51:11,44,1,32.4595238095,-0.277008928571
2012-11-04 14:51:12,45,1,31.2688988095,-1.190625
2012-11-04 14:51:13,46,1,29.0739583333,-2.19494047619
2012-11-04 14:51:14,47,1,26.0479910714,-3.0259672619
2012-11-04 14:51:15,48,1,22.5069196429,-3.54107142857
2012-11-04 14:51:16,49,1,18.7651041667,-3.74181547619
2012-11-04 14:51:17,50,1,15.112202381,-3.65290178571
2012-11-04 14:51:18,51,1,11.8729166667,-3.23928571429
2012-11-04 14:51:19,52,1,9.39188988095,-2.48102678571
2012-11-04 14:51:20,53,1,7.94516369048,-1.44672619048
2012-11-04 14:51:21,54,1,7.69211309524,-0.253050595238
2012-11-04 14:51:22,55,1,8.60245535714,0.910342261905
2012-11-04 14:51:23,56,1,10.3213541667,1.71889880952
2012-11-04 14:51:24,57,1,12.2109375,1.88958333333
2012-11-04 14:51:25,58,1,13.676860119,1.46592261905
2012-11-04 14:51:26,59,1,14.5149553571,0.838095238095
2012-11-04 14:51:27,60,1,14.9754464286,0.460491071428
2012-11-04 14:51:28,61,1,15.5084077381,0.532961309524
2012-11-04 14:51:29,62,1,16.4453869048,0.936979166667
2012-11-04 14:51:30,63,1,17.8941220238,1.44873511905
2012-11-04 14:51:31,64,1,19.8388392857,1.9447172619
2012-11-04 14:51:32,65,1,22.2289434524,2.39010416667
2012-11-04 14:51:33,66,1,24.9335565476,2.70461309524
2012-11-04 14:51:34,67,1,27.6813244048,2.74776785714
2012-11-04 14:51:35,68,1,30.1386160714,2.45729166667
2012-11-04 14:51:36,69,1,32.0525297619,1.91391369048
2012-11-04 14:51:37,70,1,33.3158482143,1.26331845238
2012-11-04 14:51:38,71,1,33.9591517857,0.643303571429
2012-11-04 14:51:39,72,1,34.1228422619,0.163690476191
2012-11-04 14:51:40,73,1,34.0249255952,-0.0979166666667
2012-11-04 14:51:41,74,1,33.91875,-0.106175595238
2012-11-04 14:51:42,75,1,34.0040922619,0.0853422619048
2012-11-04 14:51:43,76,1,34.3116815476,0.307589285714
2012-11-04 14:51:44,77,1,34.694047619,0.382366071428
2012-11-04 14:51:45,78,1,34.9751488095,0.281101190476
2012-11-04 14:51:46,79,1,35.0961309524,0.120982142857
2012-11-04 14:51:47,80,1,35.1156994048,0.019568452381
2012-11-04 14:51:48,81,1,35.1357886905,0.0200892857143
2012-11-04 14:51:49,82,1,35.2524553571,0.116666666667
2012-11-04 14:51:50,83,1,35.5296875,0.277232142857
2012-11-04 14:51:51,84,1,35.9728422619,0.443154761905
2012-11-04 14:51:52,85,1,36.4912202381,0.51837797619
2012-11-04 14:51:53,86,1,36.8912946429,0.400074404762
2012-11-04 14:51:54,87,1,36.9880952381,0.0968005952381
2012-11-04 14:51:55,88,1,36.7840029762,-0.204092261905
2012-11-04 14:51:56,89,1,36.5098958333,-0.274107142857
2012-11-04 14:51:57,90,1,36.4560267857,-0.053869047619
2012-11-04 14:51:58,91,1,36.7583333333,0.302306547619
2012-11-04 14:51:59,92,1,37.3124255952,0.554092261905
2012-11-04 14:52:00,93,1,37.8472470238,0.534821428571
2012-11-04 14:52:01,94,1,38.1057291667,0.258482142857
2012-11-04 14:52:02,95,1,38.0167410714,-0.0889880952381
2012-11-04 14:52:03,96,1,37.7168154762,-0.299925595238
2012-11-04 14:52:04,97,1,37.4020089286,-0.314806547619
2012-11-04 14:52:05,98,1,37.1584821429,-0.243526785714
2012-11-04 14:52:06,99,1,36.9322172619,-0.226264880952
2012-11-04 14:52:07,100,1,36.6505952381,-0.28162202381
2012-11-04 14:52:08,101,1,36.3470238095,-0.303571428571
2012-11-04 14:52:09,102,1,36.1269345238,-0.220089285714
2012-11-04 14:52:10,103,1,36.0205357143,-0.106398809524
2012-11-04 14:52:11,104,1,35.9473214286,-0.0732142857143
2012-11-04 14:52:12,105,1,35.8625,-0.0848214285714
2012-11-04 14:52:13,106,1,35.8782738095,0.0157738095238
2012-11-04 14:52:14,107,1,36.1860863095,0.3078125
2012-11-04 14:52:15,108,1,36.8779761905,0.691889880952
2012-11-04 14:52:16,109,1,37.8688988095,0.990922619048
2012-11-04 14:52:17,110,1,38.966889881,1.09799107143
2012-11-04 14:52:18,111,1,39.9779761905,1.01108630952
2012-11-04 14:52:19,112,1,40.7441220238,0.766145833333
2012-11-04 14:52:20,113,1,41.1383184524,0.394196428571
2012-11-04 14:52:21,114,1,41.1008184524,-0.0375000000001
2012-11-04 14:52:22,115,1,40.6986607143,-0.402157738095
2012-11-04 14:52:23,116,1,40.0838541667,-0.614806547619
2012-11-04 14:52:24,117,1,39.3235863095,-0.760267857143
2012-11-04 14:52:25,118,1,38.2704613095,-1.053125
2012-11-04 14:52:26,119,1,36.6177083333,-1.65275297619
2012-11-04 14:52:27,120,1,34.0669642857,-2.55074404762
2012-11-04 14:52:28,121,1,30.4729166667,-3.59404761905
2012-11-04 14:52:29,122,1,25.9563988095,-4.51651785714
2012-11-04 14:52:30,123,1,20.9835565476,-4.9728422619
2012-11-04 14:52:31,124,1,16.2609375,-4.72261904762
2012-11-04 14:52:32,125,1,12.3858630952,-3.87507440476
2012-11-04 14:52:33,126,1,9.53995535714,-2.8459077381
2012-11-04 14:52:34,127,1,7.51294642857,-2.02700892857
2012-11-04 14:52:35,128,1,5.96927083333,-1.54367559524
2012-11-04 14:52:36,129,1,4.71138392857,-1.25788690476
2012-11-04 14:52:37,130,1,3.73816964286,-0.973214285714
2012-11-04 14:52:38,131,1,3.07395833333,-0.664211309524
2012-11-04 14:52:39,132,1,2.67998511905,-0.393973214286
2012-11-04 14:52:40,133,1,2.60699404762,-0.0729910714286
2012-11-04 14:52:41,134,1,3.0359375,0.428943452381
2012-11-04 14:52:42,135,1,4.03147321429,0.995535714286
2012-11-04 14:52:43,136,1,5.33549107143,1.30401785714
2012-11-04 14:52:44,137,1,6.42708333333,1.0915922619
2012-11-04 14:52:45,138,1,6.76770833333,0.340625
2012-11-04 14:52:46,139,1,6.0828125,-0.684895833333
2012-11-04 14:52:47,140,1,4.52745535714,-1.55535714286
2012-11-04 14:52:48,141,1,2.67180059524,-1.8556547619
2012-11-04 14:52:49,142,1,0.0,-2.67180059524
2012-11-04 14:54:11,224,82,0.0,0.0
2012-11-04 14:54:12,225,1,1.21540178571,1.21540178571
2012-11-04 14:54:13,226,1,1.91607142857,0.700669642857
2012-11-04 14:54:14,227,1,2.67291666667,0.756845238095
2012-11-04 14:54:15,228,1,3.56785714286,0.89494047619
2012-11-04 14:54:16,229,1,4.72961309524,1.16175595238
2012-11-04 14:54:17,230,1,6.06331845238,1.33370535714
2012-11-04 14:54:18,231,1,7.31517857143,1.25186011905
2012-11-04 14:54:19,232,1,8.3699156746,1.05473710317
2012-11-04 14:54:20,233,1,9.37829861111,1.00838293651
2012-11-04 14:54:21,234,1,10.5229166667,1.14461805556
2012-11-04 14:54:22,235,1,11.6976934524,1.17477678571
2012-11-04 14:54:23,236,1,12.4520833333,0.754389880952
2012-11-04 14:54:24,237,1,12.291889881,-0.160193452381
2012-11-04 14:54:25,238,1,11.1294642857,-1.16242559524
2012-11-04 14:54:26,239,1,9.43983134921,-1.68963293651
2012-11-04 14:54:27,240,1,7.87884424603,-1.56098710317
2012-11-04 14:54:28,241,1,6.75818452381,-1.12065972222
2012-11-04 14:54:29,242,1,5.94360119048,-0.814583333333
2012-11-04 14:54:30,243,1,5.16421130952,-0.779389880952
2012-11-04 14:54:31,244,1,4.33772321429,-0.826488095238
2012-11-04 14:54:32,245,1,3.69593253968,-0.641790674603
2012-11-04 14:54:33,246,1,3.69290674603,-0.00302579365079
2012-11-04 14:54:34,247,1,4.771875,1.07896825397
2012-11-04 14:54:35,248,1,7.14933035714,2.37745535714
2012-11-04 14:54:36,249,1,10.7121279762,3.56279761905
2012-11-04 14:54:37,250,1,15.0459077381,4.3337797619
2012-11-04 14:54:38,251,1,19.6145337302,4.56862599206
2012-11-04 14:54:39,252,1,23.9860615079,4.37152777778
2012-11-04 14:54:40,253,1,27.9029017857,3.91684027778
2012-11-04 14:54:41,254,1,31.2053571429,3.30245535714
2012-11-04 14:54:42,255,1,33.7982886905,2.59293154762
2012-11-04 14:54:43,256,1,35.6807291667,1.88244047619
2012-11-04 14:54:44,257,1,36.9334821429,1.25275297619
2012-11-04 14:54:45,258,1,37.6757440476,0.742261904762
2012-11-04 14:54:46,259,1,38.0290178571,0.353273809524
2012-11-04 14:54:47,260,1,38.0970238095,0.068005952381
2012-11-04 14:54:48,261,1,37.9959821429,-0.101041666667
2012-11-04 14:54:49,262,1,37.8886160714,-0.107366071429
2012-11-04 14:54:50,263,1,37.9505208333,0.0619047619047
2012-11-04 14:54:51,264,1,38.3189732143,0.368452380952
2012-11-04 14:54:52,265,1,39.0540178571,0.735044642857
2012-11-04 14:54:53,266,1,40.0739583333,1.01994047619
2012-11-04 14:54:54,267,1,41.1299107143,1.05595238095
2012-11-04 14:54:55,268,1,41.9083333333,0.778422619048
2012-11-04 14:54:56,269,1,42.1899553571,0.28162202381
2012-11-04 14:54:57,270,1,41.9379464286,-0.252008928571
2012-11-04 14:54:58,271,1,41.282514881,-0.655431547619
2012-11-04 14:54:59,272,1,40.4234375,-0.859077380952
2012-11-04 14:55:00,273,1,39.5113839286,-0.912053571429
2012-11-04 14:55:01,274,1,38.6067708333,-0.904613095238
2012-11-04 14:55:02,275,1,37.7188244048,-0.887946428571
2012-11-04 14:55:03,276,1,36.8202380952,-0.898586309524
2012-11-04 14:55:04,277,1,35.8371279762,-0.983110119048
2012-11-04 14:55:05,278,1,34.7192708333,-1.11785714286
2012-11-04 14:55:06,279,1,33.5363095238,-1.18296130952
2012-11-04 14:55:07,280,1,32.4525297619,-1.0837797619
2012-11-04 14:55:08,281,1,31.6282738095,-0.824255952381
2012-11-04 14:55:09,282,1,31.146577381,-0.481696428571
2012-11-04 14:55:10,283,1,30.9529761905,-0.193601190476
2012-11-04 14:55:11,284,1,30.8655505952,-0.0874255952381
2012-11-04 14:55:12,285,1,30.6808779762,-0.184672619048
2012-11-04 14:55:13,286,1,30.249702381,-0.431175595238
2012-11-04 14:55:14,287,1,29.515625,-0.734077380952
2012-11-04 14:55:15,288,1,28.578422619,-0.937202380952
2012-11-04 14:55:16,289,1,27.6688244048,-0.909598214286
2012-11-04 14:55:17,290,1,26.9728422619,-0.695982142857
2012-11-04 14:55:18,291,1,26.4613839286,-0.511458333333
2012-11-04 14:55:19,292,1,25.8807291667,-0.580654761905
2012-11-04 14:55:20,293,1,24.9242559524,-0.956473214286
2012-11-04 14:55:21,294,1,23.4995535714,-1.42470238095
2012-11-04 14:55:22,295,1,21.9074404762,-1.59211309524
2012-11-04 14:55:23,296,1,20.723735119,-1.18370535714
2012-11-04 14:55:24,297,1,20.3982142857,-0.325520833333
2012-11-04 14:55:25,298,1,20.9026785714,0.504464285714
2012-11-04 14:55:26,299,1,21.7641369048,0.861458333333
2012-11-04 14:55:27,300,1,22.5053571429,0.741220238095
2012-11-04 14:55:28,301,1,23.1188244048,0.613467261905
2012-11-04 14:55:29,302,1,24.071577381,0.952752976191
2012-11-04 14:55:30,303,1,25.8068452381,1.73526785714
2012-11-04 14:55:31,304,1,28.2432291667,2.43638392857
2012-11-04 14:55:32,305,1,30.7177083333,2.47447916667
2012-11-04 14:55:33,306,1,32.3773065476,1.65959821429
2012-11-04 14:55:34,307,1,32.6075892857,0.230282738095
2012-11-04 14:55:35,308,1,31.1613095238,-1.4462797619
2012-11-04 14:55:36,309,1,28.1508184524,-3.01049107143
2012-11-04 14:55:37,310,1,24.112797619,-4.03802083333
2012-11-04 14:55:38,311,1,20.0058035714,-4.10699404762
2012-11-04 14:55:39,312,1,16.9667410714,-3.0390625
2012-11-04 14:55:40,313,1,15.8449404762,-1.12180059524
2012-11-04 14:55:41,314,1,16.7841517857,0.939211309524
2012-11-04 14:55:42,315,1,19.2177827381,2.43363095238
2012-11-04 14:55:43,316,1,22.2696428571,3.05186011905
2012-11-04 14:55:44,317,1,25.1980654762,2.92842261905
2012-11-04 14:55:45,318,1,27.6241815476,2.42611607143
2012-11-04 14:55:46,319,1,29.5150297619,1.89084821429
2012-11-04 14:55:47,320,1,31.0227678571,1.50773809524
2012-11-04 14:55:48,321,1,32.3196428571,1.296875
2012-11-04 14:55:49,322,1,33.501264881,1.18162202381
2012-11-04 14:55:50,323,1,34.5706845238,1.06941964286
2012-11-04 14:55:51,324,1,35.4916666667,0.920982142857
2012-11-04 14:55:52,325,1,36.2453869048,0.753720238095
2012-11-04 14:55:53,326,1,36.8375,0.592113095238
2012-11-04 14:55:54,327,1,37.2747767857,0.437276785714
2012-11-04 14:55:55,328,1,37.5273065476,0.252529761905
2012-11-04 14:55:56,329,1,37.5020089286,-0.0252976190476
2012-11-04 14:55:57,330,1,37.0816964286,-0.4203125
2012-11-04 14:55:58,331,1,36.203422619,-0.878273809524
2012-11-04 14:55:59,332,1,34.9001488095,-1.30327380952
2012-11-04 14:56:00,333,1,33.2616071429,-1.63854166667
2012-11-04 14:56:01,334,1,31.3036458333,-1.95796130952
2012-11-04 14:56:02,335,1,28.8686011905,-2.43504464286
2012-11-04 14:56:03,336,1,25.7229910714,-3.14561011905
2012-11-04 14:56:04,337,1,21.7869419643,-3.93604910714
2012-11-04 14:56:05,338,1,17.290922619,-4.49601934524
2012-11-04 14:56:06,339,1,12.7441220238,-4.54680059524
2012-11-04 14:56:07,340,1,8.72261904762,-4.02150297619
2012-11-04 14:56:08,341,1,5.64520089286,-3.07741815476
2012-11-04 14:56:09,342,1,3.71592261905,-1.92927827381
2012-11-04 14:56:10,343,1,2.99936755952,-0.716555059524
2012-11-04 14:56:11,344,1,3.5037202381,0.504352678571
2012-11-04 14:56:12,345,1,5.20327380952,1.69955357143
2012-11-04 14:56:13,346,1,7.97038690476,2.76711309524
2012-11-04 14:56:14,347,1,11.477641369,3.50725446429
2012-11-04 14:56:15,348,1,15.2037946429,3.72615327381
2012-11-04 14:56:16,349,1,18.5859375,3.38214285714
2012-11-04 14:56:17,350,1,21.1964285714,2.61049107143
2012-11-04 14:56:18,351,1,22.8027529762,1.60632440476
2012-11-04 14:56:19,352,1,23.3345982143,0.531845238095
2012-11-04 14:56:20,353,1,22.887797619,-0.446800595238
2012-11-04 14:56:21,354,1,21.7743303571,-1.1134672619
2012-11-04 14:56:22,355,1,20.4626488095,-1.31168154762
2012-11-04 14:56:23,356,1,19.3328869048,-1.12976190476
2012-11-04 14:56:24,357,1,18.4479910714,-0.884895833333
2012-11-04 14:56:25,358,1,17.573139881,-0.874851190476
2012-11-04 14:56:26,359,1,16.396577381,-1.1765625
2012-11-04 14:56:27,360,1,14.7401785714,-1.65639880952
2012-11-04 14:56:28,361,1,12.6138392857,-2.12633928571
2012-11-04 14:56:29,362,1,10.1514136905,-2.46242559524
2012-11-04 14:56:30,363,1,7.60602678571,-2.54538690476
2012-11-04 14:56:31,364,1,5.39397321429,-2.21205357143
2012-11-04 14:56:32,365,1,3.95818452381,-1.43578869048
2012-11-04 14:56:33,366,1,3.46994047619,-0.488244047619
2012-11-04 14:56:34,367,1,3.67366071429,0.203720238095
2012-11-04 14:56:35,368,1,4.03683035714,0.363169642857
2012-11-04 14:56:36,369,1,4.10052083333,0.0636904761905
2012-11-04 14:56:37,370,1,3.7619047619,-0.338616071429
2012-11-04 14:56:38,371,1,3.21039186508,-0.551512896825
2012-11-04 14:56:39,372,1,2.59791666667,-0.612475198413
2012-11-04 14:56:40,373,1,1.90193452381,-0.695982142857
2012-11-04 14:56:41,374,1,1.19900793651,-0.702926587302
2012-11-04 14:56:42,375,1,0.0,-1.19900793651
