timestamp,cycle_sec,timestep,speed_mph,accel_meters_ps
2012-02-25 07:47:18,0,1,0.0,0.0
2012-02-25 07:47:19,1,1,0.0,0.0
2012-02-25 07:47:20,2,1,0.0,0.0
2012-02-25 07:47:21,3,1,0.0,0.0
2012-02-25 07:47:22,4,1,0.0,0.0
2012-02-25 07:47:23,5,1,0.0,0.0
2012-02-25 07:47:24,6,1,2.5962797619,2.5962797619
2012-02-25 07:47:25,7,1,3.93203125,1.3357514881
2012-02-25 07:47:26,8,1,4.54538690476,0.613355654762
2012-02-25 07:47:27,9,1,4.25386904762,-0.291517857143
2012-02-25 07:47:28,10,1,3.42105654762,-0.8328125
2012-02-25 07:47:29,11,1,2.65390625,-0.767150297619
2012-02-25 07:47:30,12,1,2.5119047619,-0.142001488095
2012-02-25 07:47:31,13,1,3.3064360119,0.79453125
2012-02-25 07:47:32,14,1,4.99895833333,1.69252232143
2012-02-25 07:47:33,15,1,7.30163690476,2.30267857143
2012-02-25 07:47:34,16,1,9.87790178571,2.57626488095
2012-02-25 07:47:35,17,1,12.4170014881,2.53909970238
2012-02-25 07:47:36,18,1,14.615327381,2.19832589286
2012-02-25 07:47:37,19,1,16.1746279762,1.55930059524
2012-02-25 07:47:38,20,1,16.7994791667,0.624851190476
2012-02-25 07:47:39,21,1,16.2416666667,-0.5578125
2012-02-25 07:47:40,22,1,14.4837053571,-1.75796130952
2012-02-25 07:47:41,23,1,11.95625,-2.52745535714
2012-02-25 07:47:42,24,1,9.5040922619,-2.4521577381
2012-02-25 07:47:43,25,1,7.9517609127,-1.55233134921
2012-02-25 07:47:44,26,1,7.53335813492,-0.418402777778
2012-02-25 07:47:45,27,1,7.71614583333,0.182787698413
2012-02-25 07:47:46,28,1,7.66240079365,-0.0537450396825
2012-02-25 07:47:47,29,1,6.92100694444,-0.741393849206
2012-02-25 07:47:48,30,1,5.68050595238,-1.24050099206
2012-02-25 07:47:49,31,1,4.42914186508,-1.2513640873
2012-02-25 07:47:50,32,1,3.47286706349,-0.956274801587
2012-02-25 07:47:51,33,1,2.7880952381,-0.684771825397
2012-02-25 07:47:52,34,1,2.29052579365,-0.497569444444
2012-02-25 07:47:53,35,1,2.16192956349,-0.128596230159
2012-02-25 07:47:54,36,1,2.80654761905,0.644618055556
2012-02-25 07:47:55,37,1,4.46790674603,1.66135912698
2012-02-25 07:47:56,38,1,6.92762896825,2.45972222222
2012-02-25 07:47:57,39,1,9.57834821429,2.65071924603
2012-02-25 07:47:58,40,1,11.8065972222,2.22824900794
2012-02-25 07:47:59,41,1,13.3611111111,1.55451388889
2012-02-25 07:48:00,42,1,14.3941964286,1.03308531746
2012-02-25 07:48:01,43,1,15.2192708333,0.825074404762
2012-02-25 07:48:02,44,1,16.1140625,0.894791666667
2012-02-25 07:48:03,45,1,17.315327381,1.20126488095
2012-02-25 07:48:04,46,1,19.0445684524,1.72924107143
2012-02-25 07:48:05,47,1,21.429985119,2.38541666667
2012-02-25 07:48:06,48,1,24.395014881,2.9650297619
2012-02-25 07:48:07,49,1,27.6589285714,3.26391369048
2012-02-25 07:48:08,50,1,30.8828869048,3.22395833333
2012-02-25 07:48:09,51,1,33.8327380952,2.94985119048
2012-02-25 07:48:10,52,1,36.421875,2.58913690476
2012-02-25 07:48:11,53,1,38.6367559524,2.21488095238
2012-02-25 07:48:12,54,1,40.4420386905,1.8052827381
2012-02-25 07:48:13,55,1,41.7558779762,1.31383928571
2012-02-25 07:48:14,56,1,42.5220238095,0.766145833333
2012-02-25 07:48:15,57,1,42.8110119048,0.288988095238
2012-02-25 07:48:16,58,1,42.8438988095,0.0328869047619
2012-02-25 07:48:17,59,1,42.9043154762,0.0604166666667
2012-02-25 07:48:18,60,1,43.2024553571,0.298139880952
2012-02-25 07:48:19,61,1,43.7883928571,0.5859375
2012-02-25 07:48:20,62,1,44.5714285714,0.783035714286
2012-02-25 07:48:21,63,1,45.4073660714,0.8359375
2012-02-25 07:48:22,64,1,46.1644345238,0.757068452381
2012-02-25 07:48:23,65,1,46.7382440476,0.57380952381
2012-02-25 07:48:24,66,1,47.0486607143,0.310416666667
2012-02-25 07:48:25,67,1,47.0465029762,-0.0021577380952
2012-02-25 07:48:26,68,1,46.734077381,-0.312425595238
2012-02-25 07:48:27,69,1,46.1802827381,-0.553794642857
2012-02-25 07:48:28,70,1,45.5125744048,-0.667708333333
2012-02-25 07:48:29,71,1,44.8875744048,-0.625
2012-02-25 07:48:30,72,1,44.4366815476,-0.450892857143
2012-02-25 07:48:31,73,1,44.2027529762,-0.233928571428
2012-02-25 07:48:32,74,1,44.1192708333,-0.0834821428572
2012-02-25 07:48:33,75,1,44.0501488095,-0.0691220238095
2012-02-25 07:48:34,76,1,43.864360119,-0.185788690476
2012-02-25 07:48:35,77,1,43.5061755952,-0.35818452381
2012-02-25 07:48:36,78,1,43.0098214286,-0.496354166667
2012-02-25 07:48:37,79,1,42.4506696429,-0.559151785714
2012-02-25 07:48:38,80,1,41.8775297619,-0.573139880952
2012-02-25 07:48:39,81,1,41.2429315476,-0.634598214286
2012-02-25 07:48:40,82,1,40.3497767857,-0.893154761905
2012-02-25 07:48:41,83,1,38.8851934524,-1.46458333333
2012-02-25 07:48:42,84,1,36.5536458333,-2.33154761905
2012-02-25 07:48:43,85,1,33.2035714286,-3.35007440476
2012-02-25 07:48:44,86,1,28.8661458333,-4.33742559524
2012-02-25 07:48:45,87,1,23.7473958333,-5.11875
2012-02-25 07:48:46,88,1,18.25,-5.49739583333
2012-02-25 07:48:47,89,1,12.9930803571,-5.25691964286
2012-02-25 07:48:48,90,1,8.6818452381,-4.31123511905
2012-02-25 07:48:49,91,1,5.81540178571,-2.86644345238
2012-02-25 07:48:50,92,1,4.49605654762,-1.3193452381
2012-02-25 07:48:51,93,1,4.51607142857,0.0200148809524
2012-02-25 07:48:52,94,1,5.56138392857,1.0453125
2012-02-25 07:48:53,95,1,7.30788690476,1.74650297619
2012-02-25 07:48:54,96,1,9.36532738095,2.05744047619
2012-02-25 07:48:55,97,1,11.2436755952,1.87834821429
2012-02-25 07:48:56,98,1,12.5526785714,1.30900297619
2012-02-25 07:48:57,99,1,13.2799107143,0.727232142857
2012-02-25 07:48:58,100,1,13.7824404762,0.502529761905
2012-02-25 07:48:59,101,1,14.501860119,0.719419642857
2012-02-25 07:49:00,102,1,15.6930803571,1.1912202381
2012-02-25 07:49:01,103,1,17.3174107143,1.62433035714
2012-02-25 07:49:02,104,1,19.1270089286,1.80959821429
2012-02-25 07:49:03,105,1,20.8667410714,1.73973214286
2012-02-25 07:49:04,106,1,22.4061011905,1.53936011905
2012-02-25 07:49:05,107,1,23.7415922619,1.33549107143
2012-02-25 07:49:06,108,1,24.9337797619,1.1921875
2012-02-25 07:49:07,109,1,25.9927083333,1.05892857143
2012-02-25 07:49:08,110,1,26.809672619,0.816964285714
2012-02-25 07:49:09,111,1,27.2613095238,0.451636904762
2012-02-25 07:49:10,112,1,27.3761160714,0.114806547619
2012-02-25 07:49:11,113,1,27.3732886905,-0.0028273809524
2012-02-25 07:49:12,114,1,27.5308779762,0.157589285714
2012-02-25 07:49:13,115,1,27.9820684524,0.45119047619
2012-02-25 07:49:14,116,1,28.6325892857,0.650520833333
2012-02-25 07:49:15,117,1,29.2710565476,0.638467261905
2012-02-25 07:49:16,118,1,29.7176339286,0.446577380952
2012-02-25 07:49:17,119,1,29.8803571429,0.162723214286
2012-02-25 07:49:18,120,1,29.723735119,-0.15662202381
2012-02-25 07:49:19,121,1,29.1966517857,-0.527083333333
2012-02-25 07:49:20,122,1,28.1988095238,-0.997842261905
2012-02-25 07:49:21,123,1,26.6339285714,-1.56488095238
2012-02-25 07:49:22,124,1,24.4816964286,-2.15223214286
2012-02-25 07:49:23,125,1,21.8338541667,-2.6478422619
2012-02-25 07:49:24,126,1,18.9537202381,-2.88013392857
2012-02-25 07:49:25,127,1,16.3295386905,-2.62418154762
2012-02-25 07:49:26,128,1,14.5456845238,-1.78385416667
2012-02-25 07:49:27,129,1,13.9686011905,-0.577083333333
2012-02-25 07:49:28,130,1,14.4926339286,0.524032738095
2012-02-25 07:49:29,131,1,15.5539434524,1.06130952381
2012-02-25 07:49:30,132,1,16.4198660714,0.865922619048
2012-02-25 07:49:31,133,1,16.5613095238,0.141443452381
2012-02-25 07:49:32,134,1,15.8540178571,-0.707291666667
2012-02-25 07:49:33,135,1,14.5290178571,-1.325
2012-02-25 07:49:34,136,1,12.9874255952,-1.5415922619
2012-02-25 07:49:35,137,1,11.6090029762,-1.37842261905
2012-02-25 07:49:36,138,1,10.6249255952,-0.984077380952
2012-02-25 07:49:37,139,1,10.1061011905,-0.518824404762
2012-02-25 07:49:38,140,1,10.0479166667,-0.0581845238095
2012-02-25 07:49:39,141,1,10.416889881,0.368973214286
2012-02-25 07:49:40,142,1,11.0796130952,0.662723214286
2012-02-25 07:49:41,143,1,11.7286458333,0.649032738095
2012-02-25 07:49:42,144,1,11.9796875,0.251041666667
2012-02-25 07:49:43,145,1,11.6344494048,-0.345238095238
2012-02-25 07:49:44,146,1,10.844047619,-0.790401785714
2012-02-25 07:49:45,147,1,9.94382440476,-0.900223214286
2012-02-25 07:49:46,148,1,9.12916666667,-0.814657738095
2012-02-25 07:49:47,149,1,8.3453125,-0.783854166667
2012-02-25 07:49:48,150,1,7.47797619048,-0.867336309524
2012-02-25 07:49:49,151,1,6.57991071429,-0.89806547619
2012-02-25 07:49:50,152,1,5.84977678571,-0.730133928571
2012-02-25 07:49:51,153,1,5.378125,-0.471651785714
2012-02-25 07:49:52,154,1,4.98452380952,-0.393601190476
2012-02-25 07:49:53,155,1,4.37023809524,-0.614285714286
2012-02-25 07:49:54,156,1,3.39992559524,-0.9703125
2012-02-25 07:49:55,157,1,2.21763392857,-1.18229166667
2012-02-25 07:49:56,158,1,1.1482514881,-1.06938244048
2012-02-25 07:49:57,159,1,0.0,-1.1482514881
2012-02-25 09:01:23,4445,4286,0.0,0.0
2012-02-25 09:01:24,4446,1,0.532738095238,0.532738095238
2012-02-25 09:01:25,4447,1,0.80896577381,0.276227678571
2012-02-25 09:01:26,4448,1,1.02100074405,0.212034970238
2012-02-25 09:01:27,4449,1,1.20353422619,0.182533482143
2012-02-25 09:01:28,4450,1,1.430859375,0.22732514881
2012-02-25 09:01:29,4451,1,1.67281994048,0.241960565476
2012-02-25 09:01:30,4452,1,1.82518973214,0.152369791667
2012-02-25 09:01:31,4453,1,1.82860863095,0.00341889880952
2012-02-25 09:01:32,4454,1,1.735390625,-0.0932180059524
2012-02-25 09:01:33,4455,1,1.67630208333,-0.0590885416667
2012-02-25 09:01:34,4456,1,1.74949404762,0.0731919642857
2012-02-25 09:01:35,4457,1,1.95058035714,0.201086309524
2012-02-25 09:01:36,4458,1,2.243125,0.292544642857
2012-02-25 09:01:37,4459,1,2.67183035714,0.428705357143
2012-02-25 09:01:38,4460,1,3.33848214286,0.666651785714
2012-02-25 09:01:39,4461,1,4.24566964286,0.9071875
2012-02-25 09:01:40,4462,1,5.18712797619,0.941458333333
2012-02-25 09:01:41,4463,1,5.81485119048,0.627723214286
2012-02-25 09:01:42,4464,1,5.88742559524,0.0725744047619
2012-02-25 09:01:43,4465,1,5.52129464286,-0.366130952381
2012-02-25 09:01:44,4466,1,5.14730654762,-0.373988095238
2012-02-25 09:01:45,4467,1,5.18348214286,0.0361755952381
2012-02-25 09:01:46,4468,1,5.78273809524,0.599255952381
2012-02-25 09:01:47,4469,1,6.82924107143,1.04650297619
2012-02-25 09:01:48,4470,1,8.07008928571,1.24084821429
2012-02-25 09:01:49,4471,1,9.24895833333,1.17886904762
2012-02-25 09:01:50,4472,1,10.1398065476,0.890848214286
2012-02-25 09:01:51,4473,1,10.5191220238,0.379315476191
2012-02-25 09:01:52,4474,1,10.2614583333,-0.257663690476
2012-02-25 09:01:53,4475,1,9.5140625,-0.747395833333
2012-02-25 09:01:54,4476,1,8.67931547619,-0.83474702381
2012-02-25 09:01:55,4477,1,8.18266369048,-0.496651785714
2012-02-25 09:01:56,4478,1,8.26004464286,0.077380952381
2012-02-25 09:01:57,4479,1,8.90044642857,0.640401785714
2012-02-25 09:01:58,4480,1,9.92604166667,1.0255952381
2012-02-25 09:01:59,4481,1,11.1136904762,1.18764880952
2012-02-25 09:02:00,4482,1,12.2515625,1.13787202381
2012-02-25 09:02:01,4483,1,13.1498511905,0.898288690476
2012-02-25 09:02:02,4484,1,13.6853422619,0.535491071429
2012-02-25 09:02:03,4485,1,13.8444940476,0.159151785714
2012-02-25 09:02:04,4486,1,13.6891369048,-0.155357142857
2012-02-25 09:02:05,4487,1,13.2805803571,-0.408556547619
2012-02-25 09:02:06,4488,1,12.6790178571,-0.6015625
2012-02-25 09:02:07,4489,1,12.0452380952,-0.633779761905
2012-02-25 09:02:08,4490,1,11.6822172619,-0.363020833333
2012-02-25 09:02:09,4491,1,11.8968005952,0.214583333333
2012-02-25 09:02:10,4492,1,12.8168154762,0.920014880952
2012-02-25 09:02:11,4493,1,14.3264880952,1.50967261905
2012-02-25 09:02:12,4494,1,16.134672619,1.80818452381
2012-02-25 09:02:13,4495,1,17.928422619,1.79375
2012-02-25 09:02:14,4496,1,19.5026041667,1.57418154762
2012-02-25 09:02:15,4497,1,20.7754464286,1.2728422619
2012-02-25 09:02:16,4498,1,21.7498511905,0.974404761905
2012-02-25 09:02:17,4499,1,22.4886160714,0.738764880952
2012-02-25 09:02:18,4500,1,23.076860119,0.588244047619
2012-02-25 09:02:19,4501,1,23.5686011905,0.491741071429
2012-02-25 09:02:20,4502,1,23.9697916667,0.401190476191
2012-02-25 09:02:21,4503,1,24.2796875,0.309895833333
2012-02-25 09:02:22,4504,1,24.5379464286,0.258258928571
2012-02-25 09:02:23,4505,1,24.803422619,0.265476190476
2012-02-25 09:02:24,4506,1,25.0796130952,0.276190476191
2012-02-25 09:02:25,4507,1,25.2813244048,0.201711309524
2012-02-25 09:02:26,4508,1,25.2843005952,0.0029761904762
2012-02-25 09:02:27,4509,1,25.010639881,-0.273660714286
2012-02-25 09:02:28,4510,1,24.46875,-0.541889880952
2012-02-25 09:02:29,4511,1,23.7064732143,-0.762276785714
2012-02-25 09:02:30,4512,1,22.7558035714,-0.950669642857
2012-02-25 09:02:31,4513,1,21.663764881,-1.09203869048
2012-02-25 09:02:32,4514,1,20.5448660714,-1.11889880952
2012-02-25 09:02:33,4515,1,19.5367559524,-1.00811011905
2012-02-25 09:02:34,4516,1,18.6922619048,-0.844494047619
2012-02-25 09:02:35,4517,1,17.9463541667,-0.745907738095
2012-02-25 09:02:36,4518,1,17.1994791667,-0.746875
2012-02-25 09:02:37,4519,1,16.4219494048,-0.777529761905
2012-02-25 09:02:38,4520,1,15.6927083333,-0.729241071429
2012-02-25 09:02:39,4521,1,15.1429315476,-0.549776785714
2012-02-25 09:02:40,4522,1,14.8227678571,-0.320163690476
2012-02-25 09:02:41,4523,1,14.614360119,-0.208407738095
2012-02-25 09:02:42,4524,1,14.3041666667,-0.310193452381
2012-02-25 09:02:43,4525,1,13.7561011905,-0.54806547619
2012-02-25 09:02:44,4526,1,13.0711309524,-0.684970238095
2012-02-25 09:02:45,4527,1,12.648139881,-0.422991071429
2012-02-25 09:02:46,4528,1,13.0313988095,0.383258928571
2012-02-25 09:02:47,4529,1,14.582514881,1.55111607143
2012-02-25 09:02:48,4530,1,17.2627232143,2.68020833333
2012-02-25 09:02:49,4531,1,20.6928571429,3.43013392857
2012-02-25 09:02:50,4532,1,24.3753720238,3.68251488095
2012-02-25 09:02:51,4533,1,27.9177083333,3.54233630952
2012-02-25 09:02:52,4534,1,31.1365327381,3.21882440476
2012-02-25 09:02:53,4535,1,34.0023065476,2.86577380952
2012-02-25 09:02:54,4536,1,36.5386160714,2.53630952381
2012-02-25 09:02:55,4537,1,38.7781994048,2.23958333333
2012-02-25 09:02:56,4538,1,40.7506696429,1.9724702381
2012-02-25 09:02:57,4539,1,42.4729910714,1.72232142857
2012-02-25 09:02:58,4540,1,43.9549107143,1.48191964286
2012-02-25 09:02:59,4541,1,45.2186011905,1.26369047619
2012-02-25 09:03:00,4542,1,46.3110863095,1.09248511905
2012-02-25 09:03:01,4543,1,47.2889880952,0.977901785714
2012-02-25 09:03:02,4544,1,48.1834077381,0.894419642857
2012-02-25 09:03:03,4545,1,48.981547619,0.798139880952
2012-02-25 09:03:04,4546,1,49.648735119,0.6671875
2012-02-25 09:03:05,4547,1,50.1679315476,0.519196428571
2012-02-25 09:03:06,4548,1,50.5516369048,0.383705357143
2012-02-25 09:03:07,4549,1,50.8180803571,0.266443452381
2012-02-25 09:03:08,4550,1,50.9647321429,0.146651785714
2012-02-25 09:03:09,4551,1,50.969047619,0.0043154761905
2012-02-25 09:03:10,4552,1,50.8191964286,-0.149851190476
2012-02-25 09:03:11,4553,1,50.5424107143,-0.276785714286
2012-02-25 09:03:12,4554,1,50.1921130952,-0.350297619048
2012-02-25 09:03:13,4555,1,49.8022321429,-0.389880952381
2012-02-25 09:03:14,4556,1,49.3558779762,-0.446354166667
2012-02-25 09:03:15,4557,1,48.7995535714,-0.556324404762
2012-02-25 09:03:16,4558,1,48.0879464286,-0.711607142857
2012-02-25 09:03:17,4559,1,47.2179315476,-0.870014880952
2012-02-25 09:03:18,4560,1,46.2319196429,-0.986011904762
2012-02-25 09:03:19,4561,1,45.1951636905,-1.03675595238
2012-02-25 09:03:20,4562,1,44.1462053571,-1.04895833333
2012-02-25 09:03:21,4563,1,43.03125,-1.11495535714
2012-02-25 09:03:22,4564,1,41.6654761905,-1.36577380952
2012-02-25 09:03:23,4565,1,39.755952381,-1.90952380952
2012-02-25 09:03:24,4566,1,36.9868303571,-2.76912202381
2012-02-25 09:03:25,4567,1,33.1476934524,-3.83913690476
2012-02-25 09:03:26,4568,1,28.2629464286,-4.88474702381
2012-02-25 09:03:27,4569,1,22.7050595238,-5.55788690476
2012-02-25 09:03:28,4570,1,17.2513392857,-5.4537202381
2012-02-25 09:03:29,4571,1,12.8769345238,-4.3744047619
2012-02-25 09:03:30,4572,1,10.2822916667,-2.59464285714
2012-02-25 09:03:31,4573,1,9.6084077381,-0.673883928571
2012-02-25 09:03:32,4574,1,10.4990327381,0.890625
2012-02-25 09:03:33,4575,1,12.2412946429,1.74226190476
2012-02-25 09:03:34,4576,1,13.9841517857,1.74285714286
2012-02-25 09:03:35,4577,1,15.0504464286,1.06629464286
2012-02-25 09:03:36,4578,1,15.1650297619,0.114583333333
2012-02-25 09:03:37,4579,1,14.5826636905,-0.582366071429
2012-02-25 09:03:38,4580,1,13.9785714286,-0.604092261905
2012-02-25 09:03:39,4581,1,13.976860119,-0.0017113095238
2012-02-25 09:03:40,4582,1,14.7293154762,0.752455357143
2012-02-25 09:03:41,4583,1,15.9263392857,1.19702380952
2012-02-25 09:03:42,4584,1,17.0875,1.16116071429
2012-02-25 09:03:43,4585,1,17.8220238095,0.734523809524
2012-02-25 09:03:44,4586,1,17.9157738095,0.09375
2012-02-25 09:03:45,4587,1,17.320014881,-0.595758928571
2012-02-25 09:03:46,4588,1,16.1276041667,-1.19241071429
2012-02-25 09:03:47,4589,1,14.4724702381,-1.65513392857
2012-02-25 09:03:48,4590,1,12.4220238095,-2.05044642857
2012-02-25 09:03:49,4591,1,10.0604910714,-2.3615327381
2012-02-25 09:03:50,4592,1,7.65558035714,-2.40491071429
2012-02-25 09:03:51,4593,1,5.60267857143,-2.05290178571
2012-02-25 09:03:52,4594,1,4.13961767399,-1.46306089744
2012-02-25 09:03:53,4595,1,3.14455128205,-0.995066391941
2012-02-25 09:03:54,4596,1,2.28020260989,-0.864348672161
2012-02-25 09:03:55,4597,1,1.43903388278,-0.841168727106
2012-02-25 09:03:56,4598,1,0.0,-1.43903388278
