timestamp,cycle_sec,timestep,speed_mph,accel_meters_ps
2012-08-14 11:01:01,0,1,0.0,0.0
2012-08-14 11:01:02,1,1,0.0,0.0
2012-08-14 11:01:03,2,1,0.0,0.0
2012-08-14 11:01:04,3,1,0.0,0.0
2012-08-14 11:01:05,4,1,0.0,0.0
2012-08-14 11:01:06,5,1,0.0,0.0
2012-08-14 11:01:07,6,1,3.6165922619,3.6165922619
2012-08-14 11:01:08,7,1,6.94486607143,3.32827380952
2012-08-14 11:01:09,8,1,10.8191964286,3.87433035714
2012-08-14 11:01:10,9,1,14.5242559524,3.70505952381
2012-08-14 11:01:11,10,1,17.5291666667,3.00491071429
2012-08-14 11:01:12,11,1,19.6735119048,2.1443452381
2012-08-14 11:01:13,12,1,21.1553571429,1.4818452381
2012-08-14 11:01:14,13,1,22.2738839286,1.11852678571
2012-08-14 11:01:15,14,1,23.1772321429,0.903348214286
2012-08-14 11:01:16,15,1,23.876860119,0.69962797619
2012-08-14 11:01:17,16,1,24.3912202381,0.514360119048
2012-08-14 11:01:18,17,1,24.7962053571,0.404985119048
2012-08-14 11:01:19,18,1,25.1799107143,0.383705357143
2012-08-14 11:01:20,19,1,25.5773809524,0.397470238095
2012-08-14 11:01:21,20,1,25.9307291667,0.353348214286
2012-08-14 11:01:22,21,1,26.0779761905,0.147247023809
2012-08-14 11:01:23,22,1,25.7718005952,-0.306175595238
2012-08-14 11:01:24,23,1,24.7648065476,-1.00699404762
2012-08-14 11:01:25,24,1,22.9135416667,-1.85126488095
2012-08-14 11:01:26,25,1,20.2014136905,-2.71212797619
2012-08-14 11:01:27,26,1,16.7280505952,-3.47336309524
2012-08-14 11:01:28,27,1,12.7641369048,-3.96391369048
2012-08-14 11:01:29,28,1,8.86011904762,-3.90401785714
2012-08-14 11:01:30,29,1,5.86361607143,-2.99650297619
2012-08-14 11:01:31,30,1,4.61413690476,-1.24947916667
2012-08-14 11:01:32,31,1,5.4275297619,0.813392857143
2012-08-14 11:01:33,32,1,7.89992559524,2.47239583333
2012-08-14 11:01:34,33,1,11.2040922619,3.30416666667
2012-08-14 11:01:35,34,1,14.5492559524,3.34516369048
2012-08-14 11:01:36,35,1,17.5167410714,2.96748511905
2012-08-14 11:01:37,36,1,20.0961309524,2.57938988095
2012-08-14 11:01:38,37,1,22.4392857143,2.3431547619
2012-08-14 11:01:39,38,1,24.6308035714,2.19151785714
2012-08-14 11:01:40,39,1,26.6314732143,2.00066964286
2012-08-14 11:01:41,40,1,28.3072916667,1.67581845238
2012-08-14 11:01:42,41,1,29.5109375,1.20364583333
2012-08-14 11:01:43,42,1,30.1696428571,0.658705357143
2012-08-14 11:01:44,43,1,30.2645833333,0.0949404761904
2012-08-14 11:01:45,44,1,29.7425595238,-0.522023809524
2012-08-14 11:01:46,45,1,28.5085565476,-1.23400297619
2012-08-14 11:01:47,46,1,26.5043154762,-2.00424107143
2012-08-14 11:01:48,47,1,23.7649553571,-2.73936011905
2012-08-14 11:01:49,48,1,20.4121279762,-3.35282738095
2012-08-14 11:01:50,49,1,16.6305803571,-3.78154761905
2012-08-14 11:01:51,50,1,12.6848958333,-3.94568452381
2012-08-14 11:01:52,51,1,8.97239583333,-3.7125
2012-08-14 11:01:53,52,1,6.01808035714,-2.95431547619
2012-08-14 11:01:54,53,1,4.33132440476,-1.68675595238
2012-08-14 11:01:55,54,1,4.19888392857,-0.13244047619
2012-08-14 11:01:56,55,1,5.56369047619,1.36480654762
2012-08-14 11:01:57,56,1,8.05758928571,2.49389880952
2012-08-14 11:01:58,57,1,11.1622767857,3.1046875
2012-08-14 11:01:59,58,1,14.3799107143,3.21763392857
2012-08-14 11:02:00,59,1,17.3030505952,2.92313988095
2012-08-14 11:02:01,60,1,19.639360119,2.33630952381
2012-08-14 11:02:02,61,1,21.2577380952,1.61837797619
2012-08-14 11:02:03,62,1,22.1709821429,0.913244047619
2012-08-14 11:02:04,63,1,22.4084077381,0.237425595238
2012-08-14 11:02:05,64,1,21.9173363095,-0.491071428571
2012-08-14 11:02:06,65,1,20.6459077381,-1.27142857143
2012-08-14 11:02:07,66,1,18.7290178571,-1.91688988095
2012-08-14 11:02:08,67,1,16.5587053571,-2.1703125
2012-08-14 11:02:09,68,1,14.6703125,-1.88839285714
2012-08-14 11:02:10,69,1,13.5218005952,-1.14851190476
2012-08-14 11:02:11,70,1,13.301264881,-0.220535714286
2012-08-14 11:02:12,71,1,13.9151785714,0.613913690476
2012-08-14 11:02:13,72,1,15.1175595238,1.20238095238
2012-08-14 11:02:14,73,1,16.6148065476,1.49724702381
2012-08-14 11:02:15,74,1,18.1441220238,1.52931547619
2012-08-14 11:02:16,75,1,19.5597470238,1.415625
2012-08-14 11:02:17,76,1,20.843452381,1.28370535714
2012-08-14 11:02:18,77,1,22.0171875,1.17373511905
2012-08-14 11:02:19,78,1,23.0592261905,1.04203869048
2012-08-14 11:02:20,79,1,23.9013392857,0.842113095238
2012-08-14 11:02:21,80,1,24.4839285714,0.582589285714
2012-08-14 11:02:22,81,1,24.8068452381,0.322916666667
2012-08-14 11:02:23,82,1,24.9335565476,0.126711309524
2012-08-14 11:02:24,83,1,24.9350446429,0.0014880952381
2012-08-14 11:02:25,84,1,24.8239583333,-0.111086309524
2012-08-14 11:02:26,85,1,24.5587053571,-0.26525297619
2012-08-14 11:02:27,86,1,24.1173363095,-0.441369047619
2012-08-14 11:02:28,87,1,23.5402529762,-0.577083333333
2012-08-14 11:02:29,88,1,22.857514881,-0.682738095238
2012-08-14 11:02:30,89,1,21.9946428571,-0.86287202381
2012-08-14 11:02:31,90,1,20.7995535714,-1.19508928571
2012-08-14 11:02:32,91,1,19.1416666667,-1.65788690476
2012-08-14 11:02:33,92,1,16.9973958333,-2.14427083333
2012-08-14 11:02:34,93,1,14.4972842262,-2.50011160714
2012-08-14 11:02:35,94,1,11.879296875,-2.61798735119
2012-08-14 11:02:36,95,1,9.40368303571,-2.47561383929
2012-08-14 11:02:37,96,1,7.31400669643,-2.08967633929
2012-08-14 11:02:38,97,1,5.77552083333,-1.5384858631
2012-08-14 11:02:39,98,1,4.79717261905,-0.978348214286
2012-08-14 11:02:40,99,1,4.2421875,-0.554985119048
2012-08-14 11:02:41,100,1,3.9150483631,-0.327139136905
2012-08-14 11:02:42,101,1,3.65632440476,-0.258723958333
2012-08-14 11:02:43,102,1,3.39211309524,-0.264211309524
2012-08-14 11:02:44,103,1,3.1146577381,-0.277455357143
2012-08-14 11:02:45,104,1,2.84819568452,-0.266462053571
2012-08-14 11:02:46,105,1,2.63757440476,-0.210621279762
2012-08-14 11:02:47,106,1,2.52641369048,-0.111160714286
2012-08-14 11:02:48,107,1,2.52321428571,-0.0031994047619
2012-08-14 11:02:49,108,1,2.59373139881,0.0705171130952
2012-08-14 11:02:50,109,1,2.67979910714,0.0860677083333
2012-08-14 11:02:51,110,1,2.72658110119,0.0467819940476
2012-08-14 11:02:52,111,1,2.70859375,-0.0179873511905
2012-08-14 11:02:53,112,1,2.63214285714,-0.0764508928571
2012-08-14 11:02:54,113,1,2.5185515873,-0.113591269841
2012-08-14 11:02:55,114,1,2.39402281746,-0.124528769841
2012-08-14 11:02:56,115,1,2.27819940476,-0.115823412698
2012-08-14 11:02:57,116,1,2.17775297619,-0.100446428571
2012-08-14 11:02:58,117,1,2.09977678571,-0.0779761904762
2012-08-14 11:02:59,118,1,2.03206845238,-0.0677083333333
2012-08-14 11:03:00,119,1,1.88318452381,-0.148883928571
2012-08-14 11:03:01,120,1,1.52418154762,-0.35900297619
2012-08-14 11:03:02,121,1,1.0087797619,-0.515401785714
2012-08-14 11:03:03,122,1,0.0,-1.0087797619
