timestamp,cycle_sec,timestep,speed_mph,accel_meters_ps
2012-10-18 19:25:32,0,1,0.0,0.0
2012-10-18 19:25:33,1,1,0.0,0.0
2012-10-18 19:25:34,2,1,0.0,0.0
2012-10-18 19:25:35,3,1,0.0,0.0
2012-10-18 19:25:36,4,1,0.0,0.0
2012-10-18 19:25:37,5,1,0.0,0.0
2012-10-18 19:25:38,6,1,1.09077380952,1.09077380952
2012-10-18 19:25:39,7,1,1.63623511905,0.545461309524
2012-10-18 19:25:40,8,1,2.0052827381,0.369047619048
2012-10-18 19:25:41,9,1,2.27299107143,0.267708333333
2012-10-18 19:25:42,10,1,2.57734375,0.304352678571
2012-10-18 19:25:43,11,1,2.92661830357,0.349274553571
2012-10-18 19:25:44,12,1,3.20405505952,0.277436755952
2012-10-18 19:25:45,13,1,3.28997395833,0.0859188988095
2012-10-18 19:25:46,14,1,3.15933779762,-0.130636160714
2012-10-18 19:25:47,15,1,2.87896205357,-0.280375744048
2012-10-18 19:25:48,16,1,2.56313244048,-0.315829613095
2012-10-18 19:25:49,17,1,2.38772321429,-0.17540922619
2012-10-18 19:25:50,18,1,2.58366815476,0.195944940476
2012-10-18 19:25:51,19,1,3.31605282738,0.732384672619
2012-10-18 19:25:52,20,1,4.56871279762,1.25265997024
2012-10-18 19:25:53,21,1,6.15184151786,1.58312872024
2012-10-18 19:25:54,22,1,7.81253720238,1.66069568452
2012-10-18 19:25:55,23,1,9.38506324405,1.57252604167
2012-10-18 19:25:56,24,1,10.8559895833,1.47092633929
2012-10-18 19:25:57,25,1,12.2775297619,1.42154017857
2012-10-18 19:25:58,26,1,13.6520089286,1.37447916667
2012-10-18 19:25:59,27,1,14.8810267857,1.22901785714
2012-10-18 19:26:00,28,1,15.7614583333,0.880431547619
2012-10-18 19:26:01,29,1,16.0580357143,0.296577380952
2012-10-18 19:26:02,30,1,15.647172619,-0.410863095238
2012-10-18 19:26:03,31,1,14.5946428571,-1.0525297619
2012-10-18 19:26:04,32,1,13.0673363095,-1.52730654762
2012-10-18 19:26:05,33,1,11.1926339286,-1.87470238095
2012-10-18 19:26:06,34,1,9.07105654762,-2.12157738095
2012-10-18 19:26:07,35,1,6.90758928571,-2.1634672619
2012-10-18 19:26:08,36,1,5.06964285714,-1.83794642857
2012-10-18 19:26:09,37,1,4.0375,-1.03214285714
2012-10-18 19:26:10,38,1,4.23675595238,0.199255952381
2012-10-18 19:26:11,39,1,5.79144345238,1.5546875
2012-10-18 19:26:12,40,1,8.44955357143,2.65811011905
2012-10-18 19:26:13,41,1,11.7192708333,3.2697172619
2012-10-18 19:26:14,42,1,15.0029761905,3.28370535714
2012-10-18 19:26:15,43,1,17.7421875,2.73921130952
2012-10-18 19:26:16,44,1,19.6061755952,1.86398809524
2012-10-18 19:26:17,45,1,20.572172619,0.965997023809
2012-10-18 19:26:18,46,1,20.8892857143,0.317113095238
2012-10-18 19:26:19,47,1,20.9871279762,0.0978422619048
2012-10-18 19:26:20,48,1,21.2664434524,0.279315476191
2012-10-18 19:26:21,49,1,21.8584077381,0.591964285714
2012-10-18 19:26:22,50,1,22.6095982143,0.751190476191
2012-10-18 19:26:23,51,1,23.3121279762,0.702529761905
2012-10-18 19:26:24,52,1,23.9138392857,0.601711309524
2012-10-18 19:26:25,53,1,24.5138392857,0.6
2012-10-18 19:26:26,54,1,25.1850446429,0.671205357143
2012-10-18 19:26:27,55,1,25.8134672619,0.628422619048
2012-10-18 19:26:28,56,1,26.1197916667,0.306324404762
2012-10-18 19:26:29,57,1,25.8303571429,-0.28943452381
2012-10-18 19:26:30,58,1,24.8154761905,-1.01488095238
2012-10-18 19:26:31,59,1,23.0977678571,-1.71770833333
2012-10-18 19:26:32,60,1,20.7996279762,-2.29813988095
2012-10-18 19:26:33,61,1,18.1366815476,-2.66294642857
2012-10-18 19:26:34,62,1,15.4600446429,-2.67663690476
2012-10-18 19:26:35,63,1,13.245014881,-2.2150297619
2012-10-18 19:26:36,64,1,11.9597470238,-1.28526785714
2012-10-18 19:26:37,65,1,11.890922619,-0.0688244047619
2012-10-18 19:26:38,66,1,13.046875,1.15595238095
2012-10-18 19:26:39,67,1,15.1544642857,2.10758928571
2012-10-18 19:26:40,68,1,17.7360119048,2.58154761905
2012-10-18 19:26:41,69,1,20.2844494048,2.5484375
2012-10-18 19:26:42,70,1,22.4579613095,2.17351190476
2012-10-18 19:26:43,71,1,24.1616815476,1.7037202381
2012-10-18 19:26:44,72,1,25.4837053571,1.32202380952
2012-10-18 19:26:45,73,1,26.5264136905,1.04270833333
2012-10-18 19:26:46,74,1,27.2449404762,0.718526785714
2012-10-18 19:26:47,75,1,27.4420386905,0.197098214286
2012-10-18 19:26:48,76,1,26.9142113095,-0.527827380952
2012-10-18 19:26:49,77,1,25.5988839286,-1.31532738095
2012-10-18 19:26:50,78,1,23.6229910714,-1.97589285714
2012-10-18 19:26:51,79,1,21.224702381,-2.39828869048
2012-10-18 19:26:52,80,1,18.5758928571,-2.64880952381
2012-10-18 19:26:53,81,1,15.689360119,-2.8865327381
2012-10-18 19:26:54,82,1,12.5806547619,-3.10870535714
2012-10-18 19:26:55,83,1,9.49174107143,-3.08891369048
2012-10-18 19:26:56,84,1,6.85520833333,-2.6365327381
2012-10-18 19:26:57,85,1,5.02663690476,-1.82857142857
2012-10-18 19:26:58,86,1,4.0421875,-0.984449404762
2012-10-18 19:26:59,87,1,3.6,-0.4421875
2012-10-18 19:27:00,88,1,3.30297619048,-0.297023809524
2012-10-18 19:27:01,89,1,2.97916666667,-0.32380952381
2012-10-18 19:27:02,90,1,2.8427827381,-0.136383928571
2012-10-18 19:27:03,91,1,3.37388392857,0.531101190476
2012-10-18 19:27:04,92,1,4.96741071429,1.59352678571
2012-10-18 19:27:05,93,1,7.63474702381,2.66733630952
2012-10-18 19:27:06,94,1,11.0042410714,3.36949404762
2012-10-18 19:27:07,95,1,14.5803571429,3.57611607143
2012-10-18 19:27:08,96,1,18.042485119,3.46212797619
2012-10-18 19:27:09,97,1,21.3056547619,3.26316964286
2012-10-18 19:27:10,98,1,24.3078869048,3.00223214286
2012-10-18 19:27:11,99,1,26.8712053571,2.56331845238
2012-10-18 19:27:12,100,1,28.8203125,1.94910714286
2012-10-18 19:27:13,101,1,30.1314732143,1.31116071429
2012-10-18 19:27:14,102,1,30.9220238095,0.790550595238
2012-10-18 19:27:15,103,1,31.3407738095,0.41875
2012-10-18 19:27:16,104,1,31.4951636905,0.154389880952
2012-10-18 19:27:17,105,1,31.473139881,-0.0220238095238
2012-10-18 19:27:18,106,1,31.3968005952,-0.0763392857143
2012-10-18 19:27:19,107,1,31.4223958333,0.0255952380952
2012-10-18 19:27:20,108,1,31.6741815476,0.251785714286
2012-10-18 19:27:21,109,1,32.1527529762,0.478571428571
2012-10-18 19:27:22,110,1,32.6970982143,0.544345238095
2012-10-18 19:27:23,111,1,33.0629464286,0.365848214286
2012-10-18 19:27:24,112,1,33.0697916667,0.0068452380953
2012-10-18 19:27:25,113,1,32.7063244048,-0.363467261905
2012-10-18 19:27:26,114,1,32.122172619,-0.584151785714
2012-10-18 19:27:27,115,1,31.509672619,-0.6125
2012-10-18 19:27:28,116,1,30.9745535714,-0.535119047619
2012-10-18 19:27:29,117,1,30.5081845238,-0.466369047619
2012-10-18 19:27:30,118,1,30.0572172619,-0.450967261905
2012-10-18 19:27:31,119,1,29.5991071429,-0.458110119048
2012-10-18 19:27:32,120,1,29.1576636905,-0.441443452381
2012-10-18 19:27:33,121,1,28.7590029762,-0.398660714286
2012-10-18 19:27:34,122,1,28.3786458333,-0.380357142857
2012-10-18 19:27:35,123,1,27.9271577381,-0.451488095238
2012-10-18 19:27:36,124,1,27.265922619,-0.661235119048
2012-10-18 19:27:37,125,1,26.2246279762,-1.04129464286
2012-10-18 19:27:38,126,1,24.6484375,-1.57619047619
2012-10-18 19:27:39,127,1,22.5029017857,-2.14553571429
2012-10-18 19:27:40,128,1,19.9424107143,-2.56049107143
2012-10-18 19:27:41,129,1,17.2308035714,-2.71160714286
2012-10-18 19:27:42,130,1,14.6007440476,-2.63005952381
2012-10-18 19:27:43,131,1,12.2338541667,-2.36688988095
2012-10-18 19:27:44,132,1,10.3476190476,-1.88623511905
2012-10-18 19:27:45,133,1,9.19858630952,-1.1490327381
2012-10-18 19:27:46,134,1,8.9228422619,-0.275744047619
2012-10-18 19:27:47,135,1,9.36644345238,0.443601190476
2012-10-18 19:27:48,136,1,10.1229166667,0.756473214286
2012-10-18 19:27:49,137,1,10.804985119,0.682068452381
2012-10-18 19:27:50,138,1,11.3030505952,0.49806547619
2012-10-18 19:27:51,139,1,11.753125,0.450074404762
2012-10-18 19:27:52,140,1,12.2489583333,0.495833333333
2012-10-18 19:27:53,141,1,12.6326636905,0.383705357143
2012-10-18 19:27:54,142,1,12.6068452381,-0.025818452381
2012-10-18 19:27:55,143,1,12.0319196429,-0.574925595238
2012-10-18 19:27:56,144,1,11.0820684524,-0.949851190476
2012-10-18 19:27:57,145,1,10.1235863095,-0.958482142857
2012-10-18 19:27:58,146,1,9.44456845238,-0.679017857143
2012-10-18 19:27:59,147,1,9.07180059524,-0.372767857143
2012-10-18 19:28:00,148,1,8.83489583333,-0.236904761905
2012-10-18 19:28:01,149,1,8.57991071429,-0.254985119048
2012-10-18 19:28:02,150,1,8.26458333333,-0.315327380952
2012-10-18 19:28:03,151,1,7.86041666667,-0.404166666667
2012-10-18 19:28:04,152,1,7.2859375,-0.574479166667
2012-10-18 19:28:05,153,1,6.53958333333,-0.746354166667
2012-10-18 19:28:06,154,1,5.83794642857,-0.701636904762
2012-10-18 19:28:07,155,1,5.49516369048,-0.342782738095
2012-10-18 19:28:08,156,1,5.64233630952,0.147172619048
2012-10-18 19:28:09,157,1,6.08177083333,0.43943452381
2012-10-18 19:28:10,158,1,6.41830357143,0.336532738095
2012-10-18 19:28:11,159,1,6.3703125,-0.0479910714286
2012-10-18 19:28:12,160,1,5.96555059524,-0.404761904762
2012-10-18 19:28:13,161,1,5.44055059524,-0.525
2012-10-18 19:28:14,162,1,5.01703869048,-0.423511904762
2012-10-18 19:28:15,163,1,4.79337797619,-0.223660714286
2012-10-18 19:28:16,164,1,4.76517857143,-0.0281994047619
2012-10-18 19:28:17,165,1,4.85744047619,0.0922619047619
2012-10-18 19:28:18,166,1,4.92619047619,0.06875
2012-10-18 19:28:19,167,1,4.81681547619,-0.109375
2012-10-18 19:28:20,168,1,4.48802083333,-0.328794642857
2012-10-18 19:28:21,169,1,4.04330357143,-0.444717261905
2012-10-18 19:28:22,170,1,3.59523809524,-0.44806547619
2012-10-18 19:28:23,171,1,3.10342261905,-0.49181547619
2012-10-18 19:28:24,172,1,2.41063988095,-0.692782738095
2012-10-18 19:28:25,173,1,1.55922619048,-0.851413690476
2012-10-18 19:28:26,174,1,0.0,-1.55922619048
2012-10-18 19:38:23,771,597,0.0,0.0
2012-10-18 19:38:24,772,1,2.89270833333,2.89270833333
2012-10-18 19:38:25,773,1,4.48266369048,1.58995535714
2012-10-18 19:38:26,774,1,5.51755952381,1.03489583333
2012-10-18 19:38:27,775,1,5.82827380952,0.310714285714
2012-10-18 19:38:28,776,1,5.69694940476,-0.131324404762
2012-10-18 19:38:29,777,1,5.45944940476,-0.2375
2012-10-18 19:38:30,778,1,5.30453869048,-0.154910714286
2012-10-18 19:38:31,779,1,5.2921875,-0.0123511904762
2012-10-18 19:38:32,780,1,5.45855654762,0.166369047619
2012-10-18 19:38:33,781,1,5.88950892857,0.430952380952
2012-10-18 19:38:34,782,1,6.6677827381,0.778273809524
2012-10-18 19:38:35,783,1,7.72261904762,1.05483630952
2012-10-18 19:38:36,784,1,8.74650297619,1.02388392857
2012-10-18 19:38:37,785,1,9.3203125,0.57380952381
2012-10-18 19:38:38,786,1,9.22172619048,-0.0985863095238
2012-10-18 19:38:39,787,1,8.66703869048,-0.5546875
2012-10-18 19:38:40,788,1,8.21108630952,-0.455952380952
2012-10-18 19:38:41,789,1,8.35342261905,0.142336309524
2012-10-18 19:38:42,790,1,9.18943452381,0.836011904762
2012-10-18 19:38:43,791,1,10.390327381,1.20089285714
2012-10-18 19:38:44,792,1,11.5145089286,1.12418154762
2012-10-18 19:38:45,793,1,12.35625,0.841741071429
2012-10-18 19:38:46,794,1,13.0256696429,0.669419642857
2012-10-18 19:38:47,795,1,13.7706845238,0.745014880952
2012-10-18 19:38:48,796,1,14.7553571429,0.984672619048
2012-10-18 19:38:49,797,1,15.9430803571,1.18772321429
2012-10-18 19:38:50,798,1,17.117485119,1.1744047619
2012-10-18 19:38:51,799,1,17.9736607143,0.856175595238
2012-10-18 19:38:52,800,1,18.1962797619,0.222619047619
2012-10-18 19:38:53,801,1,17.5230654762,-0.673214285714
2012-10-18 19:38:54,802,1,15.8123139881,-1.7107514881
2012-10-18 19:38:55,803,1,13.1330357143,-2.67927827381
2012-10-18 19:38:56,804,1,9.88333333333,-3.24970238095
2012-10-18 19:38:57,805,1,6.81071428571,-3.07261904762
2012-10-18 19:38:58,806,1,4.78374255952,-2.02697172619
2012-10-18 19:38:59,807,1,4.3853422619,-0.398400297619
2012-10-18 19:39:00,808,1,5.61298363095,1.22764136905
2012-10-18 19:39:01,809,1,7.92574404762,2.31276041667
2012-10-18 19:39:02,810,1,10.554389881,2.62864583333
2012-10-18 19:39:03,811,1,12.7906994048,2.23630952381
2012-10-18 19:39:04,812,1,14.1661830357,1.37548363095
2012-10-18 19:39:05,813,1,14.6122767857,0.44609375
2012-10-18 19:39:06,814,1,14.5613839286,-0.0508928571429
2012-10-18 19:39:07,815,1,14.7933779762,0.231994047619
2012-10-18 19:39:08,816,1,15.9949404762,1.2015625
2012-10-18 19:39:09,817,1,18.3391369048,2.34419642857
2012-10-18 19:39:10,818,1,21.4460565476,3.10691964286
2012-10-18 19:39:11,819,1,24.7375744048,3.29151785714
2012-10-18 19:39:12,820,1,27.8224702381,3.08489583333
2012-10-18 19:39:13,821,1,30.5669642857,2.74449404762
2012-10-18 19:39:14,822,1,32.9147321429,2.34776785714
2012-10-18 19:39:15,823,1,34.7642113095,1.84947916667
2012-10-18 19:39:16,824,1,36.0142857143,1.25007440476
2012-10-18 19:39:17,825,1,36.6611607143,0.646875
2012-10-18 19:39:18,826,1,36.8338541667,0.172693452381
2012-10-18 19:39:19,827,1,36.7452380952,-0.0886160714286
2012-10-18 19:39:20,828,1,36.6066220238,-0.138616071429
2012-10-18 19:39:21,829,1,36.5654017857,-0.0412202380952
2012-10-18 19:39:22,830,1,36.6630952381,0.0976934523809
2012-10-18 19:39:23,831,1,36.7999255952,0.136830357143
2012-10-18 19:39:24,832,1,36.7547619048,-0.0451636904762
2012-10-18 19:39:25,833,1,36.2800595238,-0.474702380952
2012-10-18 19:39:26,834,1,35.1973958333,-1.08266369048
2012-10-18 19:39:27,835,1,33.4287946429,-1.76860119048
2012-10-18 19:39:28,836,1,30.9707589286,-2.45803571429
2012-10-18 19:39:29,837,1,27.8963541667,-3.0744047619
2012-10-18 19:39:30,838,1,24.4722470238,-3.42410714286
2012-10-18 19:39:31,839,1,21.2368303571,-3.23541666667
2012-10-18 19:39:32,840,1,18.8022321429,-2.43459821429
2012-10-18 19:39:33,841,1,17.541889881,-1.2603422619
2012-10-18 19:39:34,842,1,17.49375,-0.0481398809524
2012-10-18 19:39:35,843,1,18.4787946429,0.985044642857
2012-10-18 19:39:36,844,1,20.2638392857,1.78504464286
2012-10-18 19:39:37,845,1,22.6337053571,2.36986607143
2012-10-18 19:39:38,846,1,25.3124255952,2.6787202381
2012-10-18 19:39:39,847,1,27.9035714286,2.59114583333
2012-10-18 19:39:40,848,1,30.0105654762,2.10699404762
2012-10-18 19:39:41,849,1,31.3689732143,1.3584077381
2012-10-18 19:39:42,850,1,31.8205357143,0.4515625
2012-10-18 19:39:43,851,1,31.231547619,-0.588988095238
2012-10-18 19:39:44,852,1,29.5023809524,-1.72916666667
2012-10-18 19:39:45,853,1,26.6711309524,-2.83125
2012-10-18 19:39:46,854,1,22.973735119,-3.69739583333
2012-10-18 19:39:47,855,1,18.7658482143,-4.20788690476
2012-10-18 19:39:48,856,1,14.4453869048,-4.32046130952
2012-10-18 19:39:49,857,1,10.5046875,-3.94069940476
2012-10-18 19:39:50,858,1,7.55944940476,-2.94523809524
2012-10-18 19:39:51,859,1,6.17239583333,-1.38705357143
2012-10-18 19:39:52,860,1,6.55922619048,0.386830357143
2012-10-18 19:39:53,861,1,8.44389880952,1.88467261905
2012-10-18 19:39:54,862,1,11.2358630952,2.79196428571
2012-10-18 19:39:55,863,1,14.3898065476,3.15394345238
2012-10-18 19:39:56,864,1,17.5901785714,3.20037202381
2012-10-18 19:39:57,865,1,20.626264881,3.03608630952
2012-10-18 19:39:58,866,1,23.2287946429,2.6025297619
2012-10-18 19:39:59,867,1,25.1258184524,1.89702380952
2012-10-18 19:40:00,868,1,26.2180059524,1.0921875
2012-10-18 19:40:01,869,1,26.6407738095,0.422767857143
2012-10-18 19:40:02,870,1,26.662797619,0.0220238095238
2012-10-18 19:40:03,871,1,26.5329613095,-0.129836309524
2012-10-18 19:40:04,872,1,26.3915178571,-0.141443452381
2012-10-18 19:40:05,873,1,26.2811755952,-0.110342261905
2012-10-18 19:40:06,874,1,26.2027529762,-0.0784226190476
2012-10-18 19:40:07,875,1,26.1277529762,-0.075
2012-10-18 19:40:08,876,1,25.9450892857,-0.182663690476
2012-10-18 19:40:09,877,1,25.4238839286,-0.521205357143
2012-10-18 19:40:10,878,1,24.3095982143,-1.11428571429
2012-10-18 19:40:11,879,1,22.5492559524,-1.7603422619
2012-10-18 19:40:12,880,1,20.444047619,-2.10520833333
2012-10-18 19:40:13,881,1,18.5366071429,-1.90744047619
2012-10-18 19:40:14,882,1,17.3053571429,-1.23125
2012-10-18 19:40:15,883,1,16.9213541667,-0.38400297619
2012-10-18 19:40:16,884,1,17.2354166667,0.3140625
2012-10-18 19:40:17,885,1,17.9348214286,0.699404761905
2012-10-18 19:40:18,886,1,18.6761904762,0.741369047619
2012-10-18 19:40:19,887,1,19.1261904762,0.45
2012-10-18 19:40:20,888,1,19.0074404762,-0.11875
2012-10-18 19:40:21,889,1,18.1827380952,-0.824702380952
2012-10-18 19:40:22,890,1,16.6952380952,-1.4875
2012-10-18 19:40:23,891,1,14.7204613095,-1.97477678571
2012-10-18 19:40:24,892,1,12.4891369048,-2.23132440476
2012-10-18 19:40:25,893,1,10.2630952381,-2.22604166667
2012-10-18 19:40:26,894,1,8.33110119048,-1.93199404762
2012-10-18 19:40:27,895,1,6.91555059524,-1.41555059524
2012-10-18 19:40:28,896,1,6.03169642857,-0.883854166667
2012-10-18 19:40:29,897,1,5.46436011905,-0.567336309524
2012-10-18 19:40:30,898,1,4.89107142857,-0.573288690476
2012-10-18 19:40:31,899,1,4.0509672619,-0.840104166667
2012-10-18 19:40:32,900,1,2.89598214286,-1.15498511905
2012-10-18 19:40:33,901,1,1.68385416667,-1.21212797619
2012-10-18 19:40:34,902,1,0.0,-1.68385416667
