timestamp,cycle_sec,timestep,speed_mph,accel_meters_ps
2012-07-21 10:15:18,0,53698,0.0,0.0
2012-07-21 10:15:19,1,1,1.69481026786,1.69481026786
2012-07-21 10:15:20,2,1,2.48954613095,0.794735863095
2012-07-21 10:15:21,3,1,2.89507068452,0.405524553571
2012-07-21 10:15:22,4,1,2.91677827381,0.0217075892857
2012-07-21 10:15:23,5,1,2.79908854167,-0.117689732143
2012-07-21 10:15:24,6,1,2.72198660714,-0.0771019345238
2012-07-21 10:15:25,7,1,2.76056547619,0.0385788690476
2012-07-21 10:15:26,8,1,2.96588541667,0.205319940476
2012-07-21 10:15:27,9,1,3.38201264881,0.416127232143
2012-07-21 10:15:28,10,1,4.0204985119,0.638485863095
2012-07-21 10:15:29,11,1,4.85083705357,0.830338541667
2012-07-21 10:15:30,12,1,5.81290922619,0.962072172619
2012-07-21 10:15:31,13,1,6.83755580357,1.02464657738
2012-07-21 10:15:32,14,1,7.85651041667,1.0189546131
2012-07-21 10:15:33,15,1,8.80193452381,0.945424107143
2012-07-21 10:15:34,16,1,9.6099702381,0.808035714286
2012-07-21 10:15:35,17,1,10.2344494048,0.624479166667
2012-07-21 10:15:36,18,1,10.6625744048,0.428125
2012-07-21 10:15:37,19,1,10.9125744048,0.25
2012-07-21 10:15:38,20,1,11.0160714286,0.10349702381
2012-07-21 10:15:39,21,1,11.0123511905,-0.0037202380952
2012-07-21 10:15:40,22,1,10.9486607143,-0.0636904761905
2012-07-21 10:15:41,23,1,10.8677827381,-0.0808779761905
2012-07-21 10:15:42,24,1,10.8066220238,-0.0611607142857
2012-07-21 10:15:43,25,1,10.8104910714,0.0038690476191
2012-07-21 10:15:44,26,1,10.9209077381,0.110416666667
2012-07-21 10:15:45,27,1,11.1461309524,0.225223214286
2012-07-21 10:15:46,28,1,11.461235119,0.315104166667
2012-07-21 10:15:47,29,1,11.8286458333,0.367410714286
2012-07-21 10:15:48,30,1,12.2145833333,0.3859375
2012-07-21 10:15:49,31,1,12.5943452381,0.379761904762
2012-07-21 10:15:50,32,1,12.9305059524,0.336160714286
2012-07-21 10:15:51,33,1,13.1450892857,0.214583333333
2012-07-21 10:15:52,34,1,13.1316964286,-0.0133928571429
2012-07-21 10:15:53,35,1,12.7895833333,-0.342113095238
2012-07-21 10:15:54,36,1,12.0563988095,-0.73318452381
2012-07-21 10:15:55,37,1,10.9844494048,-1.07194940476
2012-07-21 10:15:56,38,1,9.8328125,-1.15163690476
2012-07-21 10:15:57,39,1,9.0365327381,-0.796279761905
2012-07-21 10:15:58,40,1,9.0146577381,-0.021875
2012-07-21 10:15:59,41,1,9.93177083333,0.917113095238
2012-07-21 10:16:00,42,1,11.5754464286,1.64367559524
2012-07-21 10:16:01,43,1,13.4743303571,1.89888392857
2012-07-21 10:16:02,44,1,15.1742559524,1.69992559524
2012-07-21 10:16:03,45,1,16.4261904762,1.25193452381
2012-07-21 10:16:04,46,1,17.1902529762,0.7640625
2012-07-21 10:16:05,47,1,17.5489583333,0.358705357143
2012-07-21 10:16:06,48,1,17.6267113095,0.0777529761905
2012-07-21 10:16:07,49,1,17.5525297619,-0.074181547619
2012-07-21 10:16:08,50,1,17.4357142857,-0.11681547619
2012-07-21 10:16:09,51,1,17.3074404762,-0.128273809524
2012-07-21 10:16:10,52,1,17.0572916667,-0.250148809524
2012-07-21 10:16:11,53,1,16.4360863095,-0.621205357143
2012-07-21 10:16:12,54,1,15.148735119,-1.28735119048
2012-07-21 10:16:13,55,1,13.0241815476,-2.12455357143
2012-07-21 10:16:14,56,1,10.2193452381,-2.80483630952
2012-07-21 10:16:15,57,1,7.31421130952,-2.90513392857
2012-07-21 10:16:16,58,1,5.13251488095,-2.18169642857
2012-07-21 10:16:17,59,1,4.33229166667,-0.800223214286
2012-07-21 10:16:18,60,1,5.04776785714,0.715476190476
2012-07-21 10:16:19,61,1,6.85654761905,1.8087797619
2012-07-21 10:16:20,62,1,9.1021577381,2.24561011905
2012-07-21 10:16:21,63,1,11.3097470238,2.20758928571
2012-07-21 10:16:22,64,1,13.3548363095,2.04508928571
2012-07-21 10:16:23,65,1,15.3138392857,1.95900297619
2012-07-21 10:16:24,66,1,17.2397321429,1.92589285714
2012-07-21 10:16:25,67,1,19.0781994048,1.8384672619
2012-07-21 10:16:26,68,1,20.7139136905,1.63571428571
2012-07-21 10:16:27,69,1,22.0547619048,1.34084821429
2012-07-21 10:16:28,70,1,23.0835565476,1.02879464286
2012-07-21 10:16:29,71,1,23.8410714286,0.757514880952
2012-07-21 10:16:30,72,1,24.3807291667,0.539657738095
2012-07-21 10:16:31,73,1,24.7453125,0.364583333333
2012-07-21 10:16:32,74,1,24.9619047619,0.216592261905
2012-07-21 10:16:33,75,1,25.0570684524,0.0951636904762
2012-07-21 10:16:34,76,1,25.0841517857,0.0270833333333
2012-07-21 10:16:35,77,1,25.1114583333,0.027306547619
2012-07-21 10:16:36,78,1,25.156547619,0.0450892857143
2012-07-21 10:16:37,79,1,25.1160714286,-0.0404761904762
2012-07-21 10:16:38,80,1,24.7584077381,-0.357663690476
2012-07-21 10:16:39,81,1,23.8104910714,-0.947916666667
2012-07-21 10:16:40,82,1,22.0895833333,-1.7209077381
2012-07-21 10:16:41,83,1,19.6025297619,-2.48705357143
2012-07-21 10:16:42,84,1,16.5589285714,-3.04360119048
2012-07-21 10:16:43,85,1,13.2907738095,-3.2681547619
2012-07-21 10:16:44,86,1,10.1869047619,-3.10386904762
2012-07-21 10:16:45,87,1,7.71741071429,-2.46949404762
2012-07-21 10:16:46,88,1,6.40431547619,-1.3130952381
2012-07-21 10:16:47,89,1,6.62760416667,0.223288690476
2012-07-21 10:16:48,90,1,8.39114583333,1.76354166667
2012-07-21 10:16:49,91,1,11.235639881,2.84449404762
2012-07-21 10:16:50,92,1,14.4234375,3.18779761905
2012-07-21 10:16:51,93,1,17.3270833333,2.90364583333
2012-07-21 10:16:52,94,1,19.6988839286,2.37180059524
2012-07-21 10:16:53,95,1,21.612797619,1.91391369048
2012-07-21 10:16:54,96,1,23.2357142857,1.62291666667
2012-07-21 10:16:55,97,1,24.6625,1.42678571429
2012-07-21 10:16:56,98,1,25.8799107143,1.21741071429
2012-07-21 10:16:57,99,1,26.8163690476,0.936458333333
2012-07-21 10:16:58,100,1,27.4011904762,0.584821428572
2012-07-21 10:16:59,101,1,27.5826636905,0.181473214286
2012-07-21 10:17:00,102,1,27.3320684524,-0.250595238095
2012-07-21 10:17:01,103,1,26.6617559524,-0.6703125
2012-07-21 10:17:02,104,1,25.6257440476,-1.03601190476
2012-07-21 10:17:03,105,1,24.2890625,-1.33668154762
2012-07-21 10:17:04,106,1,22.7104910714,-1.57857142857
2012-07-21 10:17:05,107,1,20.9642113095,-1.7462797619
2012-07-21 10:17:06,108,1,19.1432291667,-1.82098214286
2012-07-21 10:17:07,109,1,17.2915922619,-1.85163690476
2012-07-21 10:17:08,110,1,15.3284970238,-1.9630952381
2012-07-21 10:17:09,111,1,13.0575892857,-2.2709077381
2012-07-21 10:17:10,112,1,10.2919642857,-2.765625
2012-07-21 10:17:11,113,1,7.09248511905,-3.19947916667
2012-07-21 10:17:12,114,1,4.00290178571,-3.08958333333
2012-07-21 10:17:13,115,1,0.0,-4.00290178571
2012-07-21 10:18:13,175,60,0.0,0.0
2012-07-21 10:18:14,176,1,2.95364583333,2.95364583333
2012-07-21 10:18:15,177,1,5.03883928571,2.08519345238
2012-07-21 10:18:16,178,1,7.16547619048,2.12663690476
2012-07-21 10:18:17,179,1,9.11279761905,1.94732142857
2012-07-21 10:18:18,180,1,11.0412202381,1.92842261905
2012-07-21 10:18:19,181,1,13.1608630952,2.11964285714
2012-07-21 10:18:20,182,1,15.5300595238,2.36919642857
2012-07-21 10:18:21,183,1,18.0384672619,2.5084077381
2012-07-21 10:18:22,184,1,20.5008184524,2.46235119048
2012-07-21 10:18:23,185,1,22.7598214286,2.25900297619
2012-07-21 10:18:24,186,1,24.7451636905,1.9853422619
2012-07-21 10:18:25,187,1,26.4776041667,1.73244047619
2012-07-21 10:18:26,188,1,28.0116815476,1.53407738095
2012-07-21 10:18:27,189,1,29.3567708333,1.34508928571
2012-07-21 10:18:28,190,1,30.4629464286,1.10617559524
2012-07-21 10:18:29,191,1,31.286235119,0.823288690476
2012-07-21 10:18:30,192,1,31.8475446429,0.561309523809
2012-07-21 10:18:31,193,1,32.2238839286,0.376339285714
2012-07-21 10:18:32,194,1,32.49375,0.269866071429
2012-07-21 10:18:33,195,1,32.6923363095,0.198586309524
2012-07-21 10:18:34,196,1,32.8170386905,0.124702380952
2012-07-21 10:18:35,197,1,32.8698660714,0.0528273809524
2012-07-21 10:18:36,198,1,32.8866815476,0.0168154761904
2012-07-21 10:18:37,199,1,32.9279761905,0.0412946428572
2012-07-21 10:18:38,200,1,33.0369791667,0.10900297619
2012-07-21 10:18:39,201,1,33.1967261905,0.15974702381
2012-07-21 10:18:40,202,1,33.3224702381,0.125744047619
2012-07-21 10:18:41,203,1,33.2740327381,-0.0484375
2012-07-21 10:18:42,204,1,32.8660714286,-0.407961309524
2012-07-21 10:18:43,205,1,31.8918154762,-0.974255952381
2012-07-21 10:18:44,206,1,30.1514136905,-1.74040178571
2012-07-21 10:18:45,207,1,27.4976934524,-2.6537202381
2012-07-21 10:18:46,208,1,23.9537946429,-3.54389880952
2012-07-21 10:18:47,209,1,19.8264880952,-4.12730654762
2012-07-21 10:18:48,210,1,15.6533482143,-4.17313988095
2012-07-21 10:18:49,211,1,11.9962797619,-3.65706845238
2012-07-21 10:18:50,212,1,9.23802083333,-2.75825892857
2012-07-21 10:18:51,213,1,7.48668154762,-1.75133928571
2012-07-21 10:18:52,214,1,6.62291666667,-0.863764880952
2012-07-21 10:18:53,215,1,6.44404761905,-0.178869047619
2012-07-21 10:18:54,216,1,6.76681547619,0.322767857143
2012-07-21 10:18:55,217,1,7.43467261905,0.667857142857
2012-07-21 10:18:56,218,1,8.31287202381,0.878199404762
2012-07-21 10:18:57,219,1,9.28950892857,0.976636904762
2012-07-21 10:18:58,220,1,10.2421875,0.952678571429
2012-07-21 10:18:59,221,1,11.0140625,0.771875
2012-07-21 10:19:00,222,1,11.4392857143,0.425223214286
2012-07-21 10:19:01,223,1,11.3939732143,-0.0453125
2012-07-21 10:19:02,224,1,10.8620535714,-0.531919642857
2012-07-21 10:19:03,225,1,9.99293154762,-0.86912202381
2012-07-21 10:19:04,226,1,9.09129464286,-0.901636904762
2012-07-21 10:19:05,227,1,8.49724702381,-0.594047619048
2012-07-21 10:19:06,228,1,8.35587797619,-0.141369047619
2012-07-21 10:19:07,229,1,8.42098214286,0.0651041666667
2012-07-21 10:19:08,230,1,8.18110119048,-0.239880952381
2012-07-21 10:19:09,231,1,7.32299107143,-0.858110119048
2012-07-21 10:19:10,232,1,6.09962797619,-1.22336309524
2012-07-21 10:19:11,233,1,5.2197172619,-0.879910714286
2012-07-21 10:19:12,234,1,5.32894345238,0.109226190476
2012-07-21 10:19:13,235,1,6.52328869048,1.1943452381
2012-07-21 10:19:14,236,1,8.31473214286,1.79144345238
2012-07-21 10:19:15,237,1,10.015625,1.70089285714
2012-07-21 10:19:16,238,1,11.1444940476,1.12886904762
2012-07-21 10:19:17,239,1,11.5683035714,0.42380952381
2012-07-21 10:19:18,240,1,11.4041666667,-0.164136904762
2012-07-21 10:19:19,241,1,10.8665922619,-0.537574404762
2012-07-21 10:19:20,242,1,10.144047619,-0.722544642857
2012-07-21 10:19:21,243,1,9.28043154762,-0.863616071429
2012-07-21 10:19:22,244,1,8.14841269841,-1.13201884921
2012-07-21 10:19:23,245,1,6.59010416667,-1.55830853175
2012-07-21 10:19:24,246,1,4.63154761905,-1.95855654762
2012-07-21 10:19:25,247,1,2.6665922619,-1.96495535714
2012-07-21 10:19:26,248,1,0.0,-2.6665922619
2012-07-21 10:34:17,1139,891,0.0,0.0
2012-07-21 10:34:18,1140,1,3.39610615079,3.39610615079
2012-07-21 10:34:19,1141,1,6.0584077381,2.6623015873
2012-07-21 10:34:20,1142,1,8.93147321429,2.87306547619
2012-07-21 10:34:21,1143,1,11.5416666667,2.61019345238
2012-07-21 10:34:22,1144,1,13.6647321429,2.12306547619
2012-07-21 10:34:23,1145,1,15.202827381,1.5380952381
2012-07-21 10:34:24,1146,1,16.1400793651,0.937251984127
2012-07-21 10:34:25,1147,1,16.5668774802,0.426798115079
2012-07-21 10:34:26,1148,1,16.6719494048,0.105071924603
2012-07-21 10:34:27,1149,1,16.6586309524,-0.0133184523809
2012-07-21 10:34:28,1150,1,16.6560267857,-0.0026041666667
2012-07-21 10:34:29,1151,1,16.6856770833,0.029650297619
2012-07-21 10:34:30,1152,1,16.6782738095,-0.0074032738095
2012-07-21 10:34:31,1153,1,16.5088169643,-0.169456845238
2012-07-21 10:34:32,1154,1,16.032514881,-0.476302083333
2012-07-21 10:34:33,1155,1,15.1558035714,-0.876711309524
2012-07-21 10:34:34,1156,1,13.9425595238,-1.21324404762
2012-07-21 10:34:35,1157,1,12.64921875,-1.29334077381
2012-07-21 10:34:36,1158,1,11.6227678571,-1.02645089286
2012-07-21 10:34:37,1159,1,11.134375,-0.488392857143
2012-07-21 10:34:38,1160,1,11.2587797619,0.124404761905
2012-07-21 10:34:39,1161,1,11.8613095238,0.602529761905
2012-07-21 10:34:40,1162,1,12.6875,0.826190476191
2012-07-21 10:34:41,1163,1,13.479985119,0.792485119048
2012-07-21 10:34:42,1164,1,14.0429315476,0.562946428571
2012-07-21 10:34:43,1165,1,14.2525297619,0.209598214286
2012-07-21 10:34:44,1166,1,14.0549107143,-0.197619047619
2012-07-21 10:34:45,1167,1,13.4651041667,-0.589806547619
2012-07-21 10:34:46,1168,1,12.5776785714,-0.887425595238
2012-07-21 10:34:47,1169,1,11.5901041667,-0.987574404762
2012-07-21 10:34:48,1170,1,10.7840029762,-0.806101190476
2012-07-21 10:34:49,1171,1,10.4291666667,-0.354836309524
2012-07-21 10:34:50,1172,1,10.6662946429,0.23712797619
2012-07-21 10:34:51,1173,1,11.4537202381,0.787425595238
2012-07-21 10:34:52,1174,1,12.6041666667,1.15044642857
2012-07-21 10:34:53,1175,1,13.8535714286,1.2494047619
2012-07-21 10:34:54,1176,1,14.9095982143,1.05602678571
2012-07-21 10:34:55,1177,1,15.5077380952,0.598139880952
2012-07-21 10:34:56,1178,1,15.4912202381,-0.0165178571429
2012-07-21 10:34:57,1179,1,14.8672619048,-0.623958333333
2012-07-21 10:34:58,1180,1,13.8039434524,-1.06331845238
2012-07-21 10:34:59,1181,1,12.5412202381,-1.26272321429
2012-07-21 10:35:00,1182,1,11.2303571429,-1.31086309524
2012-07-21 10:35:01,1183,1,9.86175595238,-1.36860119048
2012-07-21 10:35:02,1184,1,8.38831845238,-1.4734375
2012-07-21 10:35:03,1185,1,6.87299107143,-1.51532738095
2012-07-21 10:35:04,1186,1,5.48147321429,-1.39151785714
2012-07-21 10:35:05,1187,1,4.36793154762,-1.11354166667
2012-07-21 10:35:06,1188,1,3.56875,-0.799181547619
2012-07-21 10:35:07,1189,1,2.98139880952,-0.587351190476
2012-07-21 10:35:08,1190,1,2.43898809524,-0.542410714286
2012-07-21 10:35:09,1191,1,1.81376488095,-0.625223214286
2012-07-21 10:35:10,1192,1,1.11331845238,-0.700446428571
2012-07-21 10:35:11,1193,1,0.0,-1.11331845238
2012-07-21 10:35:12,1194,1,0.0,0.0
2012-07-21 10:35:13,1195,1,0.0,0.0
2012-07-21 10:35:14,1196,1,0.0,0.0
2012-07-21 10:35:15,1197,1,0.0,0.0
2012-07-21 10:35:16,1198,1,0.0,0.0
