timestamp,cycle_sec,timestep,speed_mph,accel_meters_ps
2012-04-21 09:52:13,0,52438,0.0,0.0
2012-04-21 09:52:14,1,1,1.35788674182,1.35788674182
2012-04-21 09:52:15,2,1,2.43653240699,1.07864566518
2012-04-21 09:52:16,3,1,3.77485072173,1.33831831473
2012-04-21 09:52:17,4,1,5.32373464211,1.54888392039
2012-04-21 09:52:18,5,1,7.05007402455,1.72633938244
2012-04-21 09:52:19,6,1,8.80364555432,1.75357152976
2012-04-21 09:52:20,7,1,10.4174848713,1.61383931696
2012-04-21 09:52:21,8,1,11.8504461421,1.43296127083
2012-04-21 09:52:22,9,1,13.1785710908,1.32812494866
2012-04-21 09:52:23,10,1,14.4631692984,1.28459820759
2012-04-21 09:52:24,11,1,15.6374997024,1.17433040402
2012-04-21 09:52:25,12,1,16.5386902597,0.901190557292
2012-04-21 09:52:26,13,1,17.0632439308,0.524553671131
2012-04-21 09:52:27,14,1,17.2683779501,0.205134019345
2012-04-21 09:52:28,15,1,17.3253720409,0.0569940907738
2012-04-21 09:52:29,16,1,17.4101190313,0.0847469903274
2012-04-21 09:52:30,17,1,17.6323659249,0.222246893601
2012-04-21 09:52:31,18,1,18.0360115342,0.403645609375
2012-04-21 09:52:32,19,1,18.6373505513,0.601339017113
2012-04-21 09:52:33,20,1,19.4299098497,0.792559298363
2012-04-21 09:52:34,21,1,20.3561002366,0.926190386905
2012-04-21 09:52:35,22,1,21.3151777068,0.959077470238
2012-04-21 09:52:36,23,1,22.213392218,0.898214511161
2012-04-21 09:52:37,24,1,23.00185975,0.788467531994
2012-04-21 09:52:38,25,1,23.6612349792,0.659375229167
2012-04-21 09:52:39,26,1,24.1219493929,0.46071441369
2012-04-21 09:52:40,27,1,24.1811755766,0.0592261837798
2012-04-21 09:52:41,28,1,23.5179313966,-0.66324418006
2012-04-21 09:52:42,29,1,21.823957997,-1.69397339955
2012-04-21 09:52:43,30,1,19.0209072664,-2.80305073065
2012-04-21 09:52:44,31,1,15.5075143668,-3.51339289955
2012-04-21 09:52:45,32,1,12.1946423519,-3.31287201488
2012-04-21 09:52:46,33,1,10.1234370015,-2.07120535045
2012-04-21 09:52:47,34,1,9.92343699851,-0.200000002976
2012-04-21 09:52:48,35,1,11.5479905766,1.62455357813
2012-04-21 09:52:49,36,1,14.4168149918,2.86882441518
2012-04-21 09:52:50,37,1,17.8225441213,3.40572912946
2012-04-21 09:52:51,38,1,21.2851927946,3.46264867336
2012-04-21 09:52:52,39,1,24.560936622,3.27574382738
2012-04-21 09:52:53,40,1,27.4261893743,2.86525275223
2012-04-21 09:52:54,41,1,29.6005195885,2.17433021429
2012-04-21 09:52:55,42,1,30.8756683958,1.27514880729
2012-04-21 09:52:56,43,1,31.2421864271,0.36651803125
2012-04-21 09:52:57,44,1,30.8759665126,-0.366219914434
2012-04-21 09:52:58,45,1,29.9882436473,-0.887722865327
2012-04-21 09:52:59,46,1,28.6450891064,-1.34315454092
2012-04-21 09:53:00,47,1,26.7562498586,-1.88883924777
2012-04-21 09:53:01,48,1,24.3110861027,-2.44516375595
2012-04-21 09:53:02,49,1,21.604761651,-2.70632445164
2012-04-21 09:53:03,50,1,19.1648063281,-2.43995532292
2012-04-21 09:53:04,51,1,17.4883183289,-1.67648799926
2012-04-21 09:53:05,52,1,16.8718005662,-0.616517762649
2012-04-21 09:53:06,53,1,17.3823660804,0.510565514137
2012-04-21 09:53:07,54,1,18.9023065201,1.51994043973
2012-04-21 09:53:08,55,1,21.1763391689,2.27403264881
2012-04-21 09:53:09,56,1,23.798734904,2.62239573512
2012-04-21 09:53:10,57,1,26.257663401,2.45892849702
2012-04-21 09:53:11,58,1,28.1360115714,1.87834817039
2012-04-21 09:53:12,59,1,29.2748508214,1.13883925
2012-04-21 09:53:13,60,1,29.7267108624,0.451860040923
2012-04-21 09:53:14,61,1,29.5833327411,-0.14337812128
2012-04-21 09:53:15,62,1,28.8305051972,-0.752827543899
2012-04-21 09:53:16,63,1,27.3432283095,-1.48727688765
2012-04-21 09:53:17,64,1,25.0592253371,-2.28400297247
2012-04-21 09:53:18,65,1,22.1984367426,-2.86078859449
2012-04-21 09:53:19,66,1,19.31063925,-2.88779749256
2012-04-21 09:53:20,67,1,17.0876482798,-2.22299097024
2012-04-21 09:53:21,68,1,16.077008468,-1.01063981176
2012-04-21 09:53:22,69,1,16.4725442329,0.395535764881
2012-04-21 09:53:23,70,1,18.0866067723,1.61406253943
2012-04-21 09:53:24,71,1,20.4976187195,2.41101194717
2012-04-21 09:53:25,72,1,23.2571425699,2.75952385045
2012-04-21 09:53:26,73,1,26.020535433,2.7633928631
2012-04-21 09:53:27,74,1,28.545237779,2.52470234598
2012-04-21 09:53:28,75,1,30.6290174754,2.08377969643
2012-04-21 09:53:29,76,1,32.1093745141,1.48035703869
2012-04-21 09:53:30,77,1,32.9333327336,0.823958219494
2012-04-21 09:53:31,78,1,33.2010409888,0.267708255208
2012-04-21 09:53:32,79,1,33.1148802321,-0.0861607566964
2012-04-21 09:53:33,80,1,32.8607135848,-0.254166647322
2012-04-21 09:53:34,81,1,32.5287940714,-0.331919513393
2012-04-21 09:53:35,82,1,32.1390621235,-0.389731947917
2012-04-21 09:53:36,83,1,31.6891366734,-0.449925450149
2012-04-21 09:53:37,84,1,31.1302825164,-0.558854156994
2012-04-21 09:53:38,85,1,30.3191216845,-0.811160831845
2012-04-21 09:53:39,86,1,29.0397316786,-1.27939000595
2012-04-21 09:53:40,87,1,27.1103417879,-1.92938989062
2012-04-21 09:53:41,88,1,24.5328865298,-2.57745525818
2012-04-21 09:53:42,89,1,21.5912199568,-2.94166657292
2012-04-21 09:53:43,90,1,18.7889134025,-2.80230655432
2012-04-21 09:53:44,91,1,16.6418151004,-2.14709830208
2012-04-21 09:53:45,92,1,15.4308775424,-1.21093755804
2012-04-21 09:53:46,93,1,15.0258924717,-0.404985070684
2012-04-21 09:53:47,94,1,14.9354908147,-0.0904016569941
2012-04-21 09:53:48,95,1,14.619345119,-0.316145695685
2012-04-21 09:53:49,96,1,13.8259672396,-0.793377879464
2012-04-21 09:53:50,97,1,12.7111607247,-1.11480651488
2012-04-21 09:53:51,98,1,11.7125743757,-0.998586348958
2012-04-21 09:53:52,99,1,11.2941963065,-0.418378069196
2012-04-21 09:53:53,100,1,11.7079610952,0.413764788691
2012-04-21 09:53:54,101,1,12.8817705759,1.17380948065
2012-04-21 09:53:55,102,1,14.4634670052,1.58169642932
2012-04-21 09:53:56,103,1,15.9917408229,1.52827381771
2012-04-21 09:53:57,104,1,17.113764631,1.12202380804
2012-04-21 09:53:58,105,1,17.7274551042,0.613690473214
2012-04-21 09:53:59,106,1,17.9537199881,0.226264883929
2012-04-21 09:54:00,107,1,17.9781247515,0.0244047633929
2012-04-21 09:54:01,108,1,17.9249253385,-0.0531994129464
2012-04-21 09:54:02,109,1,17.8517854583,-0.0731398802084
2012-04-21 09:54:03,110,1,17.7836307448,-0.0681547135416
2012-04-21 09:54:04,111,1,17.6918153571,-0.0918153876488
2012-04-21 09:54:05,112,1,17.4496279063,-0.242187450893
2012-04-21 09:54:06,113,1,16.8605653638,-0.589062542411
2012-04-21 09:54:07,114,1,15.7822170588,-1.07834830506
2012-04-21 09:54:08,115,1,14.249181256,-1.53303580283
2012-04-21 09:54:09,116,1,12.451338904,-1.79784235193
2012-04-21 09:54:10,117,1,10.5337792909,-1.9175596131
2012-04-21 09:54:11,118,1,8.43139829167,-2.10238099926
2012-04-21 09:54:12,119,1,6.02351142932,-2.40788686235
2012-04-21 09:54:13,120,1,3.57544609152,-2.4480653378
2012-04-21 09:54:14,121,1,0.0,-3.57544609152
2012-04-21 13:12:25,12012,11891,0.0,0.0
2012-04-21 13:12:26,12013,1,4.39635415997,4.39635415997
2012-04-21 13:12:27,12014,1,8.03325893006,3.63690477009
2012-04-21 13:12:28,12015,1,12.2244047686,4.19114583854
2012-04-21 13:12:29,12016,1,16.3873511949,4.16294642634
2012-04-21 13:12:30,12017,1,20.1276785372,3.74032734226
2012-04-21 13:12:31,12018,1,23.091294526,2.96361598884
2012-04-21 13:12:32,12019,1,25.0416664583,1.95037193229
2012-04-21 13:12:33,12020,1,26.0141366198,0.972470161458
2012-04-21 13:12:34,12021,1,26.316071058,0.301934438244
2012-04-21 13:12:35,12022,1,26.3313983073,0.015327249256
2012-04-21 13:12:36,12023,1,26.311606465,-0.0197918422619
2012-04-21 13:12:37,12024,1,26.3346718028,0.0230653377976
2012-04-21 13:12:38,12025,1,26.3924843095,0.0578125066964
2012-04-21 13:12:39,12026,1,26.4577374301,0.0652531205357
2012-04-21 13:12:40,12027,1,26.4872018542,0.0294644241072
2012-04-21 13:12:41,12028,1,26.4179310223,-0.0692708318453
2012-04-21 13:12:42,12029,1,26.1963535082,-0.221577514137
2012-04-21 13:12:43,12030,1,25.8180051488,-0.378348359375
2012-04-21 13:12:44,12031,1,25.3369039182,-0.481101230655
2012-04-21 13:12:45,12032,1,24.8321420655,-0.504761852679
2012-04-21 13:12:46,12033,1,24.3383921027,-0.493749962798
2012-04-21 13:12:47,12034,1,23.7645081354,-0.573883967262
2012-04-21 13:12:48,12035,1,22.8537937909,-0.910714344494
2012-04-21 13:12:49,12036,1,21.2497759695,-1.60401782143
2012-04-21 13:12:50,12037,1,18.7084071027,-2.54136886682
2012-04-21 13:12:51,12038,1,15.3758924829,-3.33251461979
2012-04-21 13:12:52,12039,1,11.8889879539,-3.48690452902
2012-04-21 13:12:53,12040,1,9.14278272619,-2.74620522768
2012-04-21 13:12:54,12041,1,7.86599700521,-1.27678572098
2012-04-21 13:12:55,12042,1,8.28519329985,0.419196294643
2012-04-21 13:12:56,12043,1,10.0935264412,1.80833314137
2012-04-21 13:12:57,12044,1,12.7236602314,2.63013379018
2012-04-21 13:12:58,12045,1,15.6649548757,2.94129464435
2012-04-21 13:12:59,12046,1,18.5840026369,2.91904776116
2012-04-21 13:13:00,12047,1,21.2601188914,2.67611625446
2012-04-21 13:13:01,12048,1,23.4898808869,2.22976199554
2012-04-21 13:13:02,12049,1,25.0870534643,1.59717257738
2012-04-21 13:13:03,12050,1,25.9745533631,0.88749989881
2012-04-21 13:13:04,12051,1,26.247767561,0.273214197917
2012-04-21 13:13:05,12052,1,26.1103419174,-0.137425643601
2012-04-21 13:13:06,12053,1,25.7049103765,-0.405431540923
2012-04-21 13:13:07,12054,1,24.990624715,-0.714285661458
2012-04-21 13:13:08,12055,1,23.792484878,-1.19813983705
2012-04-21 13:13:09,12056,1,21.942336035,-1.85014884301
2012-04-21 13:13:10,12057,1,19.4000739903,-2.54226204464
2012-04-21 13:13:11,12058,1,16.384448808,-3.01562518229
2012-04-21 13:13:12,12059,1,13.4516362121,-2.93281259598
2012-04-21 13:13:13,12060,1,11.3523803118,-2.0992559003
2012-04-21 13:13:14,12061,1,10.7171125967,-0.63526771503
2012-04-21 13:13:15,12062,1,11.7813240387,1.06421144196
2012-04-21 13:13:16,12063,1,14.2993300394,2.51800600074
2012-04-21 13:13:17,12064,1,17.7119043958,3.4125743564
2012-04-21 13:13:18,12065,1,21.4258924077,3.7139880119
2012-04-21 13:13:19,12066,1,24.9475441347,3.52165172693
2012-04-21 13:13:20,12067,1,27.8888387374,2.94129460268
2012-04-21 13:13:21,12068,1,30.0203863222,2.13154758482
2012-04-21 13:13:22,12069,1,31.326189881,1.30580355878
2012-04-21 13:13:23,12070,1,31.9296125112,0.603422630208
2012-04-21 13:13:24,12071,1,31.9189726644,-0.0106398467262
2012-04-21 13:13:25,12072,1,31.2241066525,-0.694866011905
2012-04-21 13:13:26,12073,1,29.6692703876,-1.55483626488
2012-04-21 13:13:27,12074,1,27.1813983452,-2.48787204241
2012-04-21 13:13:28,12075,1,23.9909220848,-3.19047626042
2012-04-21 13:13:29,12076,1,20.6462047574,-3.34471732738
2012-04-21 13:13:30,12077,1,17.8156988013,-2.8305059561
2012-04-21 13:13:31,12078,1,16.0360113929,-1.77968740848
2012-04-21 13:13:32,12079,1,15.5491812076,-0.486830185268
2012-04-21 13:13:33,12080,1,16.2635415141,0.714360306548
2012-04-21 13:13:34,12081,1,17.8272321198,1.56369060565
2012-04-21 13:13:35,12082,1,19.7444940632,1.91726194345
2012-04-21 13:13:36,12083,1,21.4854910439,1.74099698065
2012-04-21 13:13:37,12084,1,22.6289433289,1.14345228497
2012-04-21 13:13:38,12085,1,23.0063985885,0.377455259673
2012-04-21 13:13:39,12086,1,22.7380205714,-0.268378017113
2012-04-21 13:13:40,12087,1,22.13407716,-0.603943411458
2012-04-21 13:13:41,12088,1,21.5248510655,-0.609226094494
2012-04-21 13:13:42,12089,1,21.1159225833,-0.408928482143
2012-04-21 13:13:43,12090,1,20.9479166726,-0.168005910714
2012-04-21 13:13:44,12091,1,20.9459077515,-0.0020089211309
2012-04-21 13:13:45,12092,1,20.9944196503,0.0485118988095
2012-04-21 13:13:46,12093,1,21.0111606853,0.0167410349703
2012-04-21 13:13:47,12094,1,20.998437381,-0.0127233043155
2012-04-21 13:13:48,12095,1,21.0329610595,0.0345236785714
2012-04-21 13:13:49,12096,1,21.1892853318,0.156324272321
2012-04-21 13:13:50,12097,1,21.4403269048,0.251041572917
2012-04-21 13:13:51,12098,1,21.6158477106,0.175520805804
2012-04-21 13:13:52,12099,1,21.4866066763,-0.129241034226
2012-04-21 13:13:53,12100,1,20.9148061339,-0.571800542411
2012-04-21 13:13:54,12101,1,19.9389132798,-0.975892854167
2012-04-21 13:13:55,12102,1,18.7539429874,-1.18497029241
2012-04-21 13:13:56,12103,1,17.6272316324,-1.12671135491
2012-04-21 13:13:57,12104,1,16.8036453631,-0.823586269345
2012-04-21 13:13:58,12105,1,16.4466514524,-0.356993910714
2012-04-21 13:13:59,12106,1,16.6113093356,0.164657883184
2012-04-21 13:14:00,12107,1,17.2394343735,0.628125037946
2012-04-21 13:14:01,12108,1,18.1985860722,0.959151698661
2012-04-21 13:14:02,12109,1,19.3457585625,1.14717249033
2012-04-21 13:14:03,12110,1,20.5587792969,1.21302073438
2012-04-21 13:14:04,12111,1,21.7188238631,1.16004456622
2012-04-21 13:14:05,12112,1,22.6860112731,0.96718740997
2012-04-21 13:14:06,12113,1,23.3116064204,0.625595147321
2012-04-21 13:14:07,12114,1,23.4608623333,0.149255912946
2012-04-21 13:14:08,12115,1,23.0069189219,-0.453943411458
2012-04-21 13:14:09,12116,1,21.8399547336,-1.16696418824
2012-04-21 13:14:10,12117,1,19.9439726838,-1.89598204985
2012-04-21 13:14:11,12118,1,17.498809026,-2.44516365774
2012-04-21 13:14:12,12119,1,14.8976929174,-2.60111610863
2012-04-21 13:14:13,12120,1,12.6128714308,-2.28482148661
2012-04-21 13:14:14,12121,1,11.0075886905,-1.60528274033
2012-04-21 13:14:15,12122,1,10.2645084226,-0.743080267857
2012-04-21 13:14:16,12123,1,10.4345234405,0.170015017857
2012-04-21 13:14:17,12124,1,11.4752973445,1.04077390402
2012-04-21 13:14:18,12125,1,13.2057288802,1.73043153571
2012-04-21 13:14:19,12126,1,15.2475442671,2.0418153869
2012-04-21 13:14:20,12127,1,17.095386471,1.84784220387
2012-04-21 13:14:21,12128,1,18.299255567,1.20386909598
2012-04-21 13:14:22,12129,1,18.6148806957,0.31562512872
2012-04-21 13:14:23,12130,1,18.0741070223,-0.540773673363
2012-04-21 13:14:24,12131,1,16.9562499725,-1.11785704985
2012-04-21 13:14:25,12132,1,15.656770846,-1.29947912649
2012-04-21 13:14:26,12133,1,14.5494791778,-1.10729166815
2012-04-21 13:14:27,12134,1,13.8732886563,-0.676190521577
2012-04-21 13:14:28,12135,1,13.6490326131,-0.224256043155
2012-04-21 13:14:29,12136,1,13.7127973996,0.0637647864584
2012-04-21 13:14:30,12137,1,13.8076634368,0.0948660372024
2012-04-21 13:14:31,12138,1,13.6143599107,-0.193303526042
2012-04-21 13:14:32,12139,1,12.8135415171,-0.800818393601
2012-04-21 13:14:33,12140,1,11.2659224286,-1.54761908854
2012-04-21 13:14:34,12141,1,9.1727674881,-2.09315494048
2012-04-21 13:14:35,12142,1,7.03809464807,-2.13467284003
2012-04-21 13:14:36,12143,1,5.40699331399,-1.63110133408
2012-04-21 13:14:37,12144,1,4.54776709003,-0.859226223958
2012-04-21 13:14:38,12145,1,4.32886832812,-0.218898761905
2012-04-21 13:14:39,12146,1,4.38690413393,0.0580358058036
2012-04-21 13:14:40,12147,1,4.41688934226,0.0299852083333
2012-04-21 13:14:41,12148,1,4.3321423631,-0.0847469791667
2012-04-21 13:14:42,12149,1,4.20066914435,-0.13147321875
2012-04-21 13:14:43,12150,1,4.04875940786,-0.151909736483
2012-04-21 13:14:44,12151,1,3.71919595461,-0.329563453249
2012-04-21 13:14:45,12152,1,2.98839250856,-0.730803446057
2012-04-21 13:14:46,12153,1,1.95575378547,-1.03263872309
2012-04-21 13:14:47,12154,1,0.0,-1.95575378547
