timestamp,cycle_sec,timestep,speed_mph,accel_meters_ps
2012-06-09 11:01:47,0,48187,0.0,0.0
2012-06-09 11:01:48,1,1,2.47217261905,2.47217261905
2012-06-09 11:01:49,2,1,4.18229166667,1.71011904762
2012-06-09 11:01:50,3,1,5.76875,1.58645833333
2012-06-09 11:01:51,4,1,6.98869047619,1.21994047619
2012-06-09 11:01:52,5,1,8.00543154762,1.01674107143
2012-06-09 11:01:53,6,1,9.14255952381,1.13712797619
2012-06-09 11:01:54,7,1,10.6076636905,1.46510416667
2012-06-09 11:01:55,8,1,12.3304315476,1.72276785714
2012-06-09 11:01:56,9,1,13.9828125,1.65238095238
2012-06-09 11:01:57,10,1,15.1581845238,1.17537202381
2012-06-09 11:01:58,11,1,15.6123511905,0.454166666667
2012-06-09 11:01:59,12,1,15.429985119,-0.182366071429
2012-06-09 11:02:00,13,1,15.0029761905,-0.427008928571
2012-06-09 11:02:01,14,1,14.8188988095,-0.184077380952
2012-06-09 11:02:02,15,1,15.1995535714,0.380654761905
2012-06-09 11:02:03,16,1,16.1745535714,0.975
2012-06-09 11:02:04,17,1,17.5516369048,1.37708333333
2012-06-09 11:02:05,18,1,19.0787946429,1.5271577381
2012-06-09 11:02:06,19,1,20.5639136905,1.48511904762
2012-06-09 11:02:07,20,1,21.8948660714,1.33095238095
2012-06-09 11:02:08,21,1,22.994047619,1.09918154762
2012-06-09 11:02:09,22,1,23.7892857143,0.795238095238
2012-06-09 11:02:10,23,1,24.2084821429,0.419196428571
2012-06-09 11:02:11,24,1,24.1483630952,-0.060119047619
2012-06-09 11:02:12,25,1,23.4520089286,-0.696354166667
2012-06-09 11:02:13,26,1,21.9430059524,-1.50900297619
2012-06-09 11:02:14,27,1,19.5077380952,-2.43526785714
2012-06-09 11:02:15,28,1,16.2382440476,-3.26949404762
2012-06-09 11:02:16,29,1,12.5644345238,-3.67380952381
2012-06-09 11:02:17,30,1,9.19888392857,-3.36555059524
2012-06-09 11:02:18,31,1,6.86629464286,-2.33258928571
2012-06-09 11:02:19,32,1,5.97708333333,-0.889211309524
2012-06-09 11:02:20,33,1,6.44866071429,0.471577380952
2012-06-09 11:02:21,34,1,7.82306547619,1.3744047619
2012-06-09 11:02:22,35,1,9.59040178571,1.76733630952
2012-06-09 11:02:23,36,1,11.426860119,1.83645833333
2012-06-09 11:02:24,37,1,13.2151785714,1.78831845238
2012-06-09 11:02:25,38,1,14.9517857143,1.73660714286
2012-06-09 11:02:26,39,1,16.6384672619,1.68668154762
2012-06-09 11:02:27,40,1,18.2038690476,1.56540178571
2012-06-09 11:02:28,41,1,19.5019345238,1.29806547619
2012-06-09 11:02:29,42,1,20.3337053571,0.831770833333
2012-06-09 11:02:30,43,1,20.4152529762,0.0815476190476
2012-06-09 11:02:31,44,1,19.415922619,-0.999330357143
2012-06-09 11:02:32,45,1,17.2145833333,-2.20133928571
2012-06-09 11:02:33,46,1,14.2238839286,-2.99069940476
2012-06-09 11:02:34,47,1,11.4342261905,-2.7896577381
2012-06-09 11:02:35,48,1,9.96421130952,-1.47001488095
2012-06-09 11:02:36,49,1,10.3398065476,0.375595238095
2012-06-09 11:02:37,50,1,12.1308779762,1.79107142857
2012-06-09 11:02:38,51,1,14.3425595238,2.21168154762
2012-06-09 11:02:39,52,1,16.2101934524,1.86763392857
2012-06-09 11:02:40,53,1,17.671577381,1.46138392857
2012-06-09 11:02:41,54,1,19.1732142857,1.50163690476
2012-06-09 11:02:42,55,1,21.119047619,1.94583333333
2012-06-09 11:02:43,56,1,23.5033482143,2.38430059524
2012-06-09 11:02:44,57,1,25.9549107143,2.4515625
2012-06-09 11:02:45,58,1,28.0311755952,2.07626488095
2012-06-09 11:02:46,59,1,29.4800595238,1.44888392857
2012-06-09 11:02:47,60,1,30.3008928571,0.820833333333
2012-06-09 11:02:48,61,1,30.637797619,0.336904761905
2012-06-09 11:02:49,62,1,30.6395833333,0.0017857142857
2012-06-09 11:02:50,63,1,30.3629464286,-0.276636904762
2012-06-09 11:02:51,64,1,29.7299107143,-0.633035714286
2012-06-09 11:02:52,65,1,28.5589285714,-1.17098214286
2012-06-09 11:02:53,66,1,26.6858630952,-1.87306547619
2012-06-09 11:02:54,67,1,24.1285714286,-2.55729166667
2012-06-09 11:02:55,68,1,21.1904017857,-2.93816964286
2012-06-09 11:02:56,69,1,18.4078125,-2.78258928571
2012-06-09 11:02:57,70,1,16.3594494048,-2.04836309524
2012-06-09 11:02:58,71,1,15.4681547619,-0.891294642857
2012-06-09 11:02:59,72,1,15.8983630952,0.430208333333
2012-06-09 11:03:00,73,1,17.5578869048,1.65952380952
2012-06-09 11:03:01,74,1,20.1584821429,2.6005952381
2012-06-09 11:03:02,75,1,23.2854910714,3.12700892857
2012-06-09 11:03:03,76,1,26.4844494048,3.19895833333
2012-06-09 11:03:04,77,1,29.3774553571,2.89300595238
2012-06-09 11:03:05,78,1,31.7610119048,2.38355654762
2012-06-09 11:03:06,79,1,33.6320684524,1.87105654762
2012-06-09 11:03:07,80,1,35.1144345238,1.48236607143
2012-06-09 11:03:08,81,1,36.3285714286,1.21413690476
2012-06-09 11:03:09,82,1,37.312202381,0.983630952381
2012-06-09 11:03:10,83,1,38.0220982143,0.709895833333
2012-06-09 11:03:11,84,1,38.3801339286,0.358035714286
2012-06-09 11:03:12,85,1,38.3267857143,-0.0533482142857
2012-06-09 11:03:13,86,1,37.8276785714,-0.499107142857
2012-06-09 11:03:14,87,1,36.8546875,-0.972991071429
2012-06-09 11:03:15,88,1,35.4246279762,-1.43005952381
2012-06-09 11:03:16,89,1,33.6569196429,-1.76770833333
2012-06-09 11:03:17,90,1,31.7377232143,-1.91919642857
2012-06-09 11:03:18,91,1,29.7990327381,-1.93869047619
2012-06-09 11:03:19,92,1,27.8378720238,-1.96116071429
2012-06-09 11:03:20,93,1,25.7511904762,-2.08668154762
2012-06-09 11:03:21,94,1,23.4416666667,-2.30952380952
2012-06-09 11:03:22,95,1,20.9110863095,-2.53058035714
2012-06-09 11:03:23,96,1,18.2720982143,-2.63898809524
2012-06-09 11:03:24,97,1,15.6622767857,-2.60982142857
2012-06-09 11:03:25,98,1,13.1597470238,-2.5025297619
2012-06-09 11:03:26,99,1,10.7925843254,-2.36716269841
2012-06-09 11:03:27,100,1,8.58874007937,-2.20384424603
2012-06-09 11:03:28,101,1,6.60751488095,-1.98122519841
2012-06-09 11:03:29,102,1,4.95580357143,-1.65171130952
2012-06-09 11:03:30,103,1,3.74866071429,-1.20714285714
2012-06-09 11:03:31,104,1,3.06413690476,-0.684523809524
2012-06-09 11:03:32,105,1,3.03127480159,-0.0328621031746
2012-06-09 11:03:33,106,1,3.91954365079,0.888268849206
2012-06-09 11:03:34,107,1,5.9947172619,2.07517361111
2012-06-09 11:03:35,108,1,9.26421130952,3.26949404762
2012-06-09 11:03:36,109,1,13.373735119,4.10952380952
2012-06-09 11:03:37,110,1,17.7424107143,4.36867559524
2012-06-09 11:03:38,111,1,21.8682539683,4.12584325397
2012-06-09 11:03:39,112,1,25.5406001984,3.67234623016
2012-06-09 11:03:40,113,1,28.7583333333,3.21773313492
2012-06-09 11:03:41,114,1,31.5408482143,2.78251488095
2012-06-09 11:03:42,115,1,33.8739583333,2.33311011905
2012-06-09 11:03:43,116,1,35.7506696429,1.87671130952
2012-06-09 11:03:44,117,1,37.1867559524,1.43608630952
2012-06-09 11:03:45,118,1,38.2029017857,1.01614583333
2012-06-09 11:03:46,119,1,38.820014881,0.617113095238
2012-06-09 11:03:47,120,1,39.0817708333,0.261755952381
2012-06-09 11:03:48,121,1,39.0726934524,-0.0090773809523
2012-06-09 11:03:49,122,1,38.875,-0.197693452381
2012-06-09 11:03:50,123,1,38.4601934524,-0.414806547619
2012-06-09 11:03:51,124,1,37.6755952381,-0.784598214286
2012-06-09 11:03:52,125,1,36.4357142857,-1.23988095238
2012-06-09 11:03:53,126,1,34.8938988095,-1.54181547619
2012-06-09 11:03:54,127,1,33.3718005952,-1.52209821429
2012-06-09 11:03:55,128,1,32.1513392857,-1.22046130952
2012-06-09 11:03:56,129,1,31.3077380952,-0.843601190476
2012-06-09 11:03:57,130,1,30.7019345238,-0.605803571429
2012-06-09 11:03:58,131,1,30.1561755952,-0.545758928571
2012-06-09 11:03:59,132,1,29.6105654762,-0.545610119048
2012-06-09 11:04:00,133,1,29.112202381,-0.498363095238
2012-06-09 11:04:01,134,1,28.7615327381,-0.350669642857
2012-06-09 11:04:02,135,1,28.687797619,-0.0737351190476
2012-06-09 11:04:03,136,1,28.9663690476,0.278571428571
2012-06-09 11:04:04,137,1,29.5070684524,0.540699404762
2012-06-09 11:04:05,138,1,30.059672619,0.552604166667
2012-06-09 11:04:06,139,1,30.3607886905,0.301116071429
2012-06-09 11:04:07,140,1,30.2954613095,-0.0653273809524
2012-06-09 11:04:08,141,1,29.945014881,-0.350446428571
2012-06-09 11:04:09,142,1,29.4886904762,-0.456324404762
2012-06-09 11:04:10,143,1,29.0581845238,-0.430505952381
2012-06-09 11:04:11,144,1,28.6854166667,-0.372767857143
2012-06-09 11:04:12,145,1,28.3489583333,-0.336458333333
2012-06-09 11:04:13,146,1,28.0308035714,-0.318154761905
2012-06-09 11:04:14,147,1,27.7551339286,-0.275669642857
2012-06-09 11:04:15,148,1,27.6021577381,-0.152976190476
2012-06-09 11:04:16,149,1,27.667485119,0.0653273809524
2012-06-09 11:04:17,150,1,27.9738095238,0.306324404762
2012-06-09 11:04:18,151,1,28.3790178571,0.405208333333
2012-06-09 11:04:19,152,1,28.5538690476,0.174851190476
2012-06-09 11:04:20,153,1,28.0991071429,-0.454761904762
2012-06-09 11:04:21,154,1,26.759375,-1.33973214286
2012-06-09 11:04:22,155,1,24.5773065476,-2.18206845238
2012-06-09 11:04:23,156,1,21.8627232143,-2.71458333333
2012-06-09 11:04:24,157,1,19.0014880952,-2.86123511905
2012-06-09 11:04:25,158,1,16.2552083333,-2.7462797619
2012-06-09 11:04:26,159,1,13.6895833333,-2.565625
2012-06-09 11:04:27,160,1,11.2467261905,-2.44285714286
2012-06-09 11:04:28,161,1,8.85639880952,-2.39032738095
2012-06-09 11:04:29,162,1,6.48891369048,-2.36748511905
2012-06-09 11:04:30,163,1,4.20446428571,-2.28444940476
2012-06-09 11:04:31,164,1,2.29107142857,-1.91339285714
2012-06-09 11:04:32,165,1,0.0,-2.29107142857
2012-06-09 11:05:09,202,37,0.0,0.0
2012-06-09 11:05:10,203,1,4.57217261905,4.57217261905
2012-06-09 11:05:11,204,1,8.3052827381,3.73311011905
2012-06-09 11:05:12,205,1,12.3173363095,4.01205357143
2012-06-09 11:05:13,206,1,15.7499255952,3.43258928571
2012-06-09 11:05:14,207,1,18.0027529762,2.25282738095
2012-06-09 11:05:15,208,1,18.7689732143,0.766220238095
2012-06-09 11:05:16,209,1,18.051264881,-0.717708333333
2012-06-09 11:05:17,210,1,16.1358630952,-1.91540178571
2012-06-09 11:05:18,211,1,13.5325892857,-2.60327380952
2012-06-09 11:05:19,212,1,10.9041666667,-2.62842261905
2012-06-09 11:05:20,213,1,8.98117559524,-1.92299107143
2012-06-09 11:05:21,214,1,8.41443452381,-0.566741071429
2012-06-09 11:05:22,215,1,9.55714285714,1.14270833333
2012-06-09 11:05:23,216,1,12.2915922619,2.73444940476
2012-06-09 11:05:24,217,1,16.0150297619,3.7234375
2012-06-09 11:05:25,218,1,19.8148065476,3.79977678571
2012-06-09 11:05:26,219,1,22.7872767857,2.9724702381
2012-06-09 11:05:27,220,1,24.3160714286,1.52879464286
2012-06-09 11:05:28,221,1,24.1216517857,-0.194419642857
2012-06-09 11:05:29,222,1,22.1689732143,-1.95267857143
2012-06-09 11:05:30,223,1,18.6830357143,-3.4859375
2012-06-09 11:05:31,224,1,14.2723214286,-4.41071428571
2012-06-09 11:05:32,225,1,9.90654761905,-4.36577380952
2012-06-09 11:05:33,226,1,6.64821428571,-3.25833333333
2012-06-09 11:05:34,227,1,5.25476190476,-1.39345238095
2012-06-09 11:05:35,228,1,5.84680059524,0.592038690476
2012-06-09 11:05:36,229,1,7.89270833333,2.0459077381
2012-06-09 11:05:37,230,1,10.5223214286,2.62961309524
2012-06-09 11:05:38,231,1,12.913764881,2.39144345238
2012-06-09 11:05:39,232,1,14.6194940476,1.70572916667
2012-06-09 11:05:40,233,1,15.7176339286,1.09813988095
2012-06-09 11:05:41,234,1,16.6225446429,0.904910714286
2012-06-09 11:05:42,235,1,17.6988095238,1.07626488095
2012-06-09 11:05:43,236,1,19.0232142857,1.3244047619
2012-06-09 11:05:44,237,1,20.4406994048,1.41748511905
2012-06-09 11:05:45,238,1,21.7808035714,1.34010416667
2012-06-09 11:05:46,239,1,22.979389881,1.19858630952
2012-06-09 11:05:47,240,1,24.0286458333,1.04925595238
2012-06-09 11:05:48,241,1,24.9124255952,0.883779761905
2012-06-09 11:05:49,242,1,25.6224702381,0.710044642857
2012-06-09 11:05:50,243,1,26.196577381,0.574107142857
2012-06-09 11:05:51,244,1,26.7186755952,0.522098214286
2012-06-09 11:05:52,245,1,27.2765625,0.557886904762
2012-06-09 11:05:53,246,1,27.9086309524,0.632068452381
2012-06-09 11:05:54,247,1,28.5774553571,0.668824404762
2012-06-09 11:05:55,248,1,29.1749255952,0.597470238095
2012-06-09 11:05:56,249,1,29.5472470238,0.372321428571
2012-06-09 11:05:57,250,1,29.5449404762,-0.002306547619
2012-06-09 11:05:58,251,1,29.0915178571,-0.453422619048
2012-06-09 11:05:59,252,1,28.2372767857,-0.854241071429
2012-06-09 11:06:00,253,1,27.1801339286,-1.05714285714
2012-06-09 11:06:01,254,1,26.2468005952,-0.933333333333
2012-06-09 11:06:02,255,1,25.7756696429,-0.471130952381
2012-06-09 11:06:03,256,1,25.8620535714,0.0863839285715
2012-06-09 11:06:04,257,1,26.1389880952,0.27693452381
2012-06-09 11:06:05,258,1,25.8985119048,-0.240476190476
2012-06-09 11:06:06,259,1,24.5872767857,-1.31123511905
2012-06-09 11:06:07,260,1,22.301860119,-2.28541666667
2012-06-09 11:06:08,261,1,19.8564732143,-2.44538690476
2012-06-09 11:06:09,262,1,18.3290922619,-1.52738095238
2012-06-09 11:06:10,263,1,18.4197916667,0.0906994047619
2012-06-09 11:06:11,264,1,20.1129464286,1.6931547619
2012-06-09 11:06:12,265,1,22.7951636905,2.6822172619
2012-06-09 11:06:13,266,1,25.5593005952,2.76413690476
2012-06-09 11:06:14,267,1,27.4781994048,1.91889880952
2012-06-09 11:06:15,268,1,27.8906994048,0.4125
2012-06-09 11:06:16,269,1,26.6946428571,-1.19605654762
2012-06-09 11:06:17,270,1,24.4462797619,-2.24836309524
2012-06-09 11:06:18,271,1,22.127827381,-2.31845238095
2012-06-09 11:06:19,272,1,20.7035714286,-1.42425595238
2012-06-09 11:06:20,273,1,20.724702381,0.021130952381
2012-06-09 11:06:21,274,1,22.1924107143,1.46770833333
2012-06-09 11:06:22,275,1,24.7023065476,2.50989583333
2012-06-09 11:06:23,276,1,27.6908482143,2.98854166667
2012-06-09 11:06:24,277,1,30.621577381,2.93072916667
2012-06-09 11:06:25,278,1,33.1021577381,2.48058035714
2012-06-09 11:06:26,279,1,34.9406994048,1.83854166667
2012-06-09 11:06:27,280,1,36.1164434524,1.17574404762
2012-06-09 11:06:28,281,1,36.699702381,0.583258928572
2012-06-09 11:06:29,282,1,36.7966517857,0.0969494047619
2012-06-09 11:06:30,283,1,36.5375,-0.259151785714
2012-06-09 11:06:31,284,1,36.066889881,-0.470610119048
2012-06-09 11:06:32,285,1,35.4993303571,-0.567559523809
2012-06-09 11:06:33,286,1,34.8384672619,-0.660863095238
2012-06-09 11:06:34,287,1,33.9196428571,-0.918824404762
2012-06-09 11:06:35,288,1,32.4665922619,-1.45305059524
2012-06-09 11:06:36,289,1,30.2706845238,-2.1959077381
2012-06-09 11:06:37,290,1,27.3693452381,-2.90133928571
2012-06-09 11:06:38,291,1,24.0494791667,-3.31986607143
2012-06-09 11:06:39,292,1,20.639360119,-3.41011904762
2012-06-09 11:06:40,293,1,17.2881696429,-3.35119047619
2012-06-09 11:06:41,294,1,13.9551339286,-3.33303571429
2012-06-09 11:06:42,295,1,10.6089285714,-3.34620535714
2012-06-09 11:06:43,296,1,7.4224702381,-3.18645833333
2012-06-09 11:06:44,297,1,4.77202380952,-2.65044642857
2012-06-09 11:06:45,298,1,3.11063988095,-1.66138392857
2012-06-09 11:06:46,299,1,2.84233630952,-0.268303571429
2012-06-09 11:06:47,300,1,4.16272321429,1.32038690476
2012-06-09 11:06:48,301,1,6.91875,2.75602678571
2012-06-09 11:06:49,302,1,10.6302083333,3.71145833333
2012-06-09 11:06:50,303,1,14.6751488095,4.04494047619
2012-06-09 11:06:51,304,1,18.5469494048,3.87180059524
2012-06-09 11:06:52,305,1,22.0087797619,3.46183035714
2012-06-09 11:06:53,306,1,25.0238095238,3.0150297619
2012-06-09 11:06:54,307,1,27.6199404762,2.59613095238
2012-06-09 11:06:55,308,1,29.8610863095,2.24114583333
2012-06-09 11:06:56,309,1,31.8537202381,1.99263392857
2012-06-09 11:06:57,310,1,33.6895833333,1.83586309524
2012-06-09 11:06:58,311,1,35.3632440476,1.67366071429
2012-06-09 11:06:59,312,1,36.7651785714,1.40193452381
2012-06-09 11:07:00,313,1,37.7827380952,1.01755952381
2012-06-09 11:07:01,314,1,38.4119791667,0.629241071429
2012-06-09 11:07:02,315,1,38.7583333333,0.346354166667
2012-06-09 11:07:03,316,1,38.9348958333,0.1765625
2012-06-09 11:07:04,317,1,38.9811011905,0.0462053571429
2012-06-09 11:07:05,318,1,38.8703869048,-0.110714285714
2012-06-09 11:07:06,319,1,38.5672619048,-0.303125
2012-06-09 11:07:07,320,1,38.0741815476,-0.493080357143
2012-06-09 11:07:08,321,1,37.4239583333,-0.650223214286
2012-06-09 11:07:09,322,1,36.6223958333,-0.8015625
2012-06-09 11:07:10,323,1,35.6223214286,-1.00007440476
2012-06-09 11:07:11,324,1,34.3677083333,-1.25461309524
2012-06-09 11:07:12,325,1,32.84375,-1.52395833333
2012-06-09 11:07:13,326,1,31.0780505952,-1.76569940476
2012-06-09 11:07:14,327,1,29.092485119,-1.98556547619
2012-06-09 11:07:15,328,1,26.8519345238,-2.24055059524
2012-06-09 11:07:16,329,1,24.304389881,-2.54754464286
2012-06-09 11:07:17,330,1,21.5159970238,-2.78839285714
2012-06-09 11:07:18,331,1,18.7459821429,-2.77001488095
2012-06-09 11:07:19,332,1,16.3621279762,-2.38385416667
2012-06-09 11:07:20,333,1,14.6648809524,-1.69724702381
2012-06-09 11:07:21,334,1,13.730952381,-0.933928571429
2012-06-09 11:07:22,335,1,13.3730654762,-0.357886904762
2012-06-09 11:07:23,336,1,13.2441964286,-0.128869047619
2012-06-09 11:07:24,337,1,12.9892857143,-0.254910714286
2012-06-09 11:07:25,338,1,12.3601190476,-0.629166666667
2012-06-09 11:07:26,339,1,11.2794642857,-1.0806547619
2012-06-09 11:07:27,340,1,9.82492559524,-1.45453869048
2012-06-09 11:07:28,341,1,8.15610119048,-1.66882440476
2012-06-09 11:07:29,342,1,6.46272321429,-1.69337797619
2012-06-09 11:07:30,343,1,4.94069940476,-1.52202380952
2012-06-09 11:07:31,344,1,3.77373511905,-1.16696428571
2012-06-09 11:07:32,345,1,3.09025297619,-0.683482142857
2012-06-09 11:07:33,346,1,2.84547619048,-0.244776785714
2012-06-09 11:07:34,347,1,2.73074404762,-0.114732142857
2012-06-09 11:07:35,348,1,2.34330357143,-0.38744047619
2012-06-09 11:07:36,349,1,1.62663690476,-0.716666666667
2012-06-09 11:07:37,350,1,0.0,-1.62663690476
