timestamp,cycle_sec,timestep,speed_mph,accel_meters_ps
2012-07-11 07:24:24,0,41266,0.0,0.0
2012-07-11 07:24:25,1,1,4.44092261905,4.44092261905
2012-07-11 07:24:26,2,1,8.1162202381,3.67529761905
2012-07-11 07:24:27,3,1,12.1819196429,4.06569940476
2012-07-11 07:24:28,4,1,15.952827381,3.7709077381
2012-07-11 07:24:29,5,1,19.0020833333,3.04925595238
2012-07-11 07:24:30,6,1,21.1468005952,2.1447172619
2012-07-11 07:24:31,7,1,22.4082589286,1.26145833333
2012-07-11 07:24:32,8,1,22.954985119,0.546726190476
2012-07-11 07:24:33,9,1,22.9974702381,0.0424851190476
2012-07-11 07:24:34,10,1,22.698139881,-0.299330357143
2012-07-11 07:24:35,11,1,22.1855654762,-0.512574404762
2012-07-11 07:24:36,12,1,21.6091517857,-0.576413690476
2012-07-11 07:24:37,13,1,21.1313244048,-0.477827380952
2012-07-11 07:24:38,14,1,20.8713541667,-0.259970238095
2012-07-11 07:24:39,15,1,20.8439732143,-0.027380952381
2012-07-11 07:24:40,16,1,20.915327381,0.0713541666667
2012-07-11 07:24:41,17,1,20.8382440476,-0.0770833333333
2012-07-11 07:24:42,18,1,20.3975446429,-0.440699404762
2012-07-11 07:24:43,19,1,19.551264881,-0.846279761905
2012-07-11 07:24:44,20,1,18.4159970238,-1.13526785714
2012-07-11 07:24:45,21,1,17.1145833333,-1.30141369048
2012-07-11 07:24:46,22,1,15.6464285714,-1.4681547619
2012-07-11 07:24:47,23,1,13.8802083333,-1.7662202381
2012-07-11 07:24:48,24,1,11.678125,-2.20208333333
2012-07-11 07:24:49,25,1,9.11927083333,-2.55885416667
2012-07-11 07:24:50,26,1,6.6568452381,-2.46242559524
2012-07-11 07:24:51,27,1,4.9984375,-1.6584077381
2012-07-11 07:24:52,28,1,4.74389880952,-0.254538690476
2012-07-11 07:24:53,29,1,6.04427083333,1.30037202381
2012-07-11 07:24:54,30,1,8.52395833333,2.4796875
2012-07-11 07:24:55,31,1,11.5366815476,3.01272321429
2012-07-11 07:24:56,32,1,14.5556547619,3.01897321429
2012-07-11 07:24:57,33,1,17.3590029762,2.80334821429
2012-07-11 07:24:58,34,1,19.9213541667,2.56235119048
2012-07-11 07:24:59,35,1,22.2344494048,2.3130952381
2012-07-11 07:25:00,36,1,24.2482886905,2.01383928571
2012-07-11 07:25:01,37,1,25.9214285714,1.67313988095
2012-07-11 07:25:02,38,1,27.2787202381,1.35729166667
2012-07-11 07:25:03,39,1,28.4017857143,1.12306547619
2012-07-11 07:25:04,40,1,29.3560267857,0.954241071429
2012-07-11 07:25:05,41,1,30.1301339286,0.774107142857
2012-07-11 07:25:06,42,1,30.6538690476,0.523735119048
2012-07-11 07:25:07,43,1,30.8767113095,0.222842261905
2012-07-11 07:25:08,44,1,30.8258928571,-0.0508184523809
2012-07-11 07:25:09,45,1,30.579985119,-0.245907738095
2012-07-11 07:25:10,46,1,30.1852678571,-0.394717261905
2012-07-11 07:25:11,47,1,29.606547619,-0.578720238095
2012-07-11 07:25:12,48,1,28.7546130952,-0.85193452381
2012-07-11 07:25:13,49,1,27.5636160714,-1.19099702381
2012-07-11 07:25:14,50,1,26.0819196429,-1.48169642857
2012-07-11 07:25:15,51,1,24.516889881,-1.5650297619
2012-07-11 07:25:16,52,1,23.1776785714,-1.33921130952
2012-07-11 07:25:17,53,1,22.3452380952,-0.832440476191
2012-07-11 07:25:18,54,1,22.1496279762,-0.195610119048
2012-07-11 07:25:19,55,1,22.5226934524,0.37306547619
2012-07-11 07:25:20,56,1,23.2616815476,0.738988095238
2012-07-11 07:25:21,57,1,24.1580357143,0.896354166667
2012-07-11 07:25:22,58,1,25.0889136905,0.930877976191
2012-07-11 07:25:23,59,1,26.0194940476,0.930580357143
2012-07-11 07:25:24,60,1,26.9485863095,0.929092261905
2012-07-11 07:25:25,61,1,27.8625744048,0.913988095238
2012-07-11 07:25:26,62,1,28.7302083333,0.867633928571
2012-07-11 07:25:27,63,1,29.527827381,0.797619047619
2012-07-11 07:25:28,64,1,30.2693452381,0.741517857143
2012-07-11 07:25:29,65,1,31.0043154762,0.734970238095
2012-07-11 07:25:30,66,1,31.777827381,0.773511904762
2012-07-11 07:25:31,67,1,32.6020833333,0.824255952381
2012-07-11 07:25:32,68,1,33.4574404762,0.855357142857
2012-07-11 07:25:33,69,1,34.2852678571,0.827827380952
2012-07-11 07:25:34,70,1,34.9735863095,0.688318452381
2012-07-11 07:25:35,71,1,35.3790922619,0.405505952381
2012-07-11 07:25:36,72,1,35.3930803571,0.0139880952381
2012-07-11 07:25:37,73,1,35.0088541667,-0.384226190476
2012-07-11 07:25:38,74,1,34.329985119,-0.678869047619
2012-07-11 07:25:39,75,1,33.4833333333,-0.846651785714
2012-07-11 07:25:40,76,1,32.508110119,-0.975223214286
2012-07-11 07:25:41,77,1,31.3548363095,-1.15327380952
2012-07-11 07:25:42,78,1,29.9644345238,-1.39040178571
2012-07-11 07:25:43,79,1,28.2628720238,-1.7015625
2012-07-11 07:25:44,80,1,26.095014881,-2.16785714286
2012-07-11 07:25:45,81,1,23.2898809524,-2.80513392857
2012-07-11 07:25:46,82,1,19.855952381,-3.43392857143
2012-07-11 07:25:47,83,1,16.0891369048,-3.76681547619
2012-07-11 07:25:48,84,1,12.4563988095,-3.63273809524
2012-07-11 07:25:49,85,1,9.31257440476,-3.14382440476
2012-07-11 07:25:50,86,1,6.68444940476,-2.628125
2012-07-11 07:25:51,87,1,4.39389880952,-2.29055059524
2012-07-11 07:25:52,88,1,2.47061011905,-1.92328869048
2012-07-11 07:25:53,89,1,0.0,-2.47061011905
2012-07-11 07:26:44,140,51,0.0,0.0
2012-07-11 07:26:45,141,1,4.37790178571,4.37790178571
2012-07-11 07:26:46,142,1,8.22522321429,3.84732142857
2012-07-11 07:26:47,143,1,12.5682291667,4.34300595238
2012-07-11 07:26:48,144,1,16.5605654762,3.99233630952
2012-07-11 07:26:49,145,1,19.7834077381,3.2228422619
2012-07-11 07:26:50,146,1,22.2426339286,2.45922619048
2012-07-11 07:26:51,147,1,24.133110119,1.89047619048
2012-07-11 07:26:52,148,1,25.6298363095,1.49672619048
2012-07-11 07:26:53,149,1,26.8406994048,1.21086309524
2012-07-11 07:26:54,150,1,27.8282738095,0.987574404762
2012-07-11 07:26:55,151,1,28.6171875,0.788913690476
2012-07-11 07:26:56,152,1,29.2054315476,0.588244047619
2012-07-11 07:26:57,153,1,29.5854166667,0.379985119048
2012-07-11 07:26:58,154,1,29.7533482143,0.167931547619
2012-07-11 07:26:59,155,1,29.7130952381,-0.0402529761905
2012-07-11 07:27:00,156,1,29.484077381,-0.229017857143
2012-07-11 07:27:01,157,1,29.1038690476,-0.380208333333
2012-07-11 07:27:02,158,1,28.6095982143,-0.494270833333
2012-07-11 07:27:03,159,1,27.9858630952,-0.623735119048
2012-07-11 07:27:04,160,1,27.1150297619,-0.870833333333
2012-07-11 07:27:05,161,1,25.8115327381,-1.30349702381
2012-07-11 07:27:06,162,1,23.959672619,-1.85186011905
2012-07-11 07:27:07,163,1,21.6355654762,-2.32410714286
2012-07-11 07:27:08,164,1,19.0502232143,-2.5853422619
2012-07-11 07:27:09,165,1,16.3459821429,-2.70424107143
2012-07-11 07:27:10,166,1,13.5131696429,-2.8328125
2012-07-11 07:27:11,167,1,10.55,-2.96316964286
2012-07-11 07:27:12,168,1,7.63683035714,-2.91316964286
2012-07-11 07:27:13,169,1,5.14032738095,-2.49650297619
2012-07-11 07:27:14,170,1,3.53229166667,-1.60803571429
2012-07-11 07:27:15,171,1,3.26882440476,-0.263467261905
2012-07-11 07:27:16,172,1,4.60706845238,1.33824404762
2012-07-11 07:27:17,173,1,7.4599702381,2.85290178571
2012-07-11 07:27:18,174,1,11.3735863095,3.91361607143
2012-07-11 07:27:19,175,1,15.6645833333,4.29099702381
2012-07-11 07:27:20,176,1,19.7382440476,4.07366071429
2012-07-11 07:27:21,177,1,23.3579613095,3.6197172619
2012-07-11 07:27:22,178,1,26.590922619,3.23296130952
2012-07-11 07:27:23,179,1,29.5516369048,2.96071428571
2012-07-11 07:27:24,180,1,32.2311011905,2.67946428571
2012-07-11 07:27:25,181,1,34.5082589286,2.2771577381
2012-07-11 07:27:26,182,1,36.2984375,1.79017857143
2012-07-11 07:27:27,183,1,37.6952380952,1.39680059524
2012-07-11 07:27:28,184,1,38.957514881,1.26227678571
2012-07-11 07:27:29,185,1,40.3505952381,1.39308035714
2012-07-11 07:27:30,186,1,41.9555059524,1.60491071429
2012-07-11 07:27:31,187,1,43.6020089286,1.64650297619
2012-07-11 07:27:32,188,1,45.0303571429,1.42834821429
2012-07-11 07:27:33,189,1,46.1243303571,1.09397321429
2012-07-11 07:27:34,190,1,46.9647321429,0.840401785714
2012-07-11 07:27:35,191,1,47.7116071429,0.746875
2012-07-11 07:27:36,192,1,48.4755208333,0.763913690476
2012-07-11 07:27:37,193,1,49.2654761905,0.789955357143
2012-07-11 07:27:38,194,1,50.0291666667,0.76369047619
2012-07-11 07:27:39,195,1,50.7259672619,0.696800595238
2012-07-11 07:27:40,196,1,51.344047619,0.618080357143
2012-07-11 07:27:41,197,1,51.8688988095,0.524851190476
2012-07-11 07:27:42,198,1,52.2729910714,0.404092261905
2012-07-11 07:27:43,199,1,52.5406994048,0.267708333333
2012-07-11 07:27:44,200,1,52.6975446429,0.156845238095
2012-07-11 07:27:45,201,1,52.8151785714,0.117633928572
2012-07-11 07:27:46,202,1,52.969047619,0.153869047619
2012-07-11 07:27:47,203,1,53.1863839286,0.217336309524
2012-07-11 07:27:48,204,1,53.4557291667,0.269345238095
2012-07-11 07:27:49,205,1,53.7696428571,0.313913690476
2012-07-11 07:27:50,206,1,54.1383184524,0.368675595238
2012-07-11 07:27:51,207,1,54.580952381,0.442633928571
2012-07-11 07:27:52,208,1,55.0997767857,0.518824404762
2012-07-11 07:27:53,209,1,55.6583333333,0.558556547619
2012-07-11 07:27:54,210,1,56.2104910714,0.552157738095
2012-07-11 07:27:55,211,1,56.7392113095,0.528720238095
2012-07-11 07:27:56,212,1,57.2479910714,0.508779761905
2012-07-11 07:27:57,213,1,57.7386160714,0.490625
2012-07-11 07:27:58,214,1,58.2095238095,0.470907738095
2012-07-11 07:27:59,215,1,58.6617559524,0.452232142857
2012-07-11 07:28:00,216,1,59.1014136905,0.439657738095
2012-07-11 07:28:01,217,1,59.5377232143,0.436309523809
2012-07-11 07:28:02,218,1,59.9781994048,0.440476190476
2012-07-11 07:28:03,219,1,60.4252232143,0.447023809524
2012-07-11 07:28:04,220,1,60.8758928571,0.450669642857
2012-07-11 07:28:05,221,1,61.3243303571,0.4484375
2012-07-11 07:28:06,222,1,61.7636904762,0.439360119048
2012-07-11 07:28:07,223,1,62.1855654762,0.421875
2012-07-11 07:28:08,224,1,62.5816964286,0.396130952381
2012-07-11 07:28:09,225,1,62.9514880952,0.369791666667
2012-07-11 07:28:10,226,1,63.3041666667,0.352678571429
2012-07-11 07:28:11,227,1,63.6486607143,0.344494047619
2012-07-11 07:28:12,228,1,63.9861607143,0.3375
2012-07-11 07:28:13,229,1,64.3148065476,0.328645833333
2012-07-11 07:28:14,230,1,64.6358630952,0.321056547619
2012-07-11 07:28:15,231,1,64.9540178571,0.318154761905
2012-07-11 07:28:16,232,1,65.270610119,0.316592261905
2012-07-11 07:28:17,233,1,65.572172619,0.3015625
2012-07-11 07:28:18,234,1,65.8302827381,0.258110119048
2012-07-11 07:28:19,235,1,66.0194196429,0.189136904762
2012-07-11 07:28:20,236,1,66.133110119,0.11369047619
2012-07-11 07:28:21,237,1,66.1853422619,0.0522321428572
2012-07-11 07:28:22,238,1,66.2040178571,0.0186755952381
2012-07-11 07:28:23,239,1,66.2194940476,0.0154761904762
2012-07-11 07:28:24,240,1,66.250297619,0.0308035714285
2012-07-11 07:28:25,241,1,66.2984375,0.0481398809524
2012-07-11 07:28:26,242,1,66.359672619,0.0612351190476
2012-07-11 07:28:27,243,1,66.4370535714,0.077380952381
2012-07-11 07:28:28,244,1,66.5438244048,0.106770833333
2012-07-11 07:28:29,245,1,66.6926339286,0.148809523809
2012-07-11 07:28:30,246,1,66.8800595238,0.187425595238
2012-07-11 07:28:31,247,1,67.0811011905,0.201041666667
2012-07-11 07:28:32,248,1,67.2635416667,0.18244047619
2012-07-11 07:28:33,249,1,67.412797619,0.149255952381
2012-07-11 07:28:34,250,1,67.540625,0.127827380952
2012-07-11 07:28:35,251,1,67.6680059524,0.127380952381
2012-07-11 07:28:36,252,1,67.8030505952,0.135044642857
2012-07-11 07:28:37,253,1,67.9347470238,0.131696428571
2012-07-11 07:28:38,254,1,68.0450892857,0.110342261905
2012-07-11 07:28:39,255,1,68.1263392857,0.08125
2012-07-11 07:28:40,256,1,68.1820684524,0.0557291666667
2012-07-11 07:28:41,257,1,68.2101934524,0.0281249999999
2012-07-11 07:28:42,258,1,68.1942708333,-0.0159226190476
2012-07-11 07:28:43,259,1,68.1178571429,-0.0764136904762
2012-07-11 07:28:44,260,1,67.9844494048,-0.133407738095
2012-07-11 07:28:45,261,1,67.8197172619,-0.164732142857
2012-07-11 07:28:46,262,1,67.6531994048,-0.166517857143
2012-07-11 07:28:47,263,1,67.4995535714,-0.153645833333
2012-07-11 07:28:48,264,1,67.3598214286,-0.139732142857
2012-07-11 07:28:49,265,1,67.2370535714,-0.122767857143
2012-07-11 07:28:50,266,1,67.1432291667,-0.0938244047619
2012-07-11 07:28:51,267,1,67.0889136905,-0.0543154761905
2012-07-11 07:28:52,268,1,67.0722470238,-0.0166666666667
2012-07-11 07:28:53,269,1,67.0844494048,0.0122023809524
2012-07-11 07:28:54,270,1,67.1239583333,0.0395089285714
2012-07-11 07:28:55,271,1,67.2009672619,0.0770089285715
2012-07-11 07:28:56,272,1,67.3300595238,0.129092261905
2012-07-11 07:28:57,273,1,67.51875,0.188690476191
2012-07-11 07:28:58,274,1,67.7598214286,0.241071428571
2012-07-11 07:28:59,275,1,68.0347470238,0.274925595238
2012-07-11 07:29:00,276,1,68.3243303571,0.289583333333
2012-07-11 07:29:01,277,1,68.617485119,0.293154761905
2012-07-11 07:29:02,278,1,68.9169642857,0.299479166667
2012-07-11 07:29:03,279,1,69.2344494048,0.317485119048
2012-07-11 07:29:04,280,1,69.572172619,0.337723214286
2012-07-11 07:29:05,281,1,69.9139136905,0.341741071429
2012-07-11 07:29:06,282,1,70.235639881,0.321726190476
2012-07-11 07:29:07,283,1,70.5180059524,0.282366071428
2012-07-11 07:29:08,284,1,70.751264881,0.233258928572
2012-07-11 07:29:09,285,1,70.9349702381,0.183705357143
2012-07-11 07:29:10,286,1,71.0755952381,0.140625
2012-07-11 07:29:11,287,1,71.1829613095,0.107366071429
2012-07-11 07:29:12,288,1,71.261235119,0.0782738095238
2012-07-11 07:29:13,289,1,71.3000744048,0.0388392857143
2012-07-11 07:29:14,290,1,71.2796130952,-0.0204613095238
2012-07-11 07:29:15,291,1,71.1897321429,-0.089880952381
2012-07-11 07:29:16,292,1,71.0456845238,-0.144047619048
2012-07-11 07:29:17,293,1,70.8789434524,-0.166741071429
2012-07-11 07:29:18,294,1,70.7125,-0.166443452381
2012-07-11 07:29:19,295,1,70.5520833333,-0.160416666667
2012-07-11 07:29:20,296,1,70.3963541667,-0.155729166667
2012-07-11 07:29:21,297,1,70.2476934524,-0.148660714286
2012-07-11 07:29:22,298,1,70.1157738095,-0.131919642857
2012-07-11 07:29:23,299,1,70.0128720238,-0.102901785714
2012-07-11 07:29:24,300,1,69.9485119048,-0.0643601190476
2012-07-11 07:29:25,301,1,69.93125,-0.0172619047619
2012-07-11 07:29:26,302,1,69.967485119,0.0362351190476
2012-07-11 07:29:27,303,1,70.0517857143,0.0843005952381
2012-07-11 07:29:28,304,1,70.1619791667,0.110193452381
2012-07-11 07:29:29,305,1,70.2669642857,0.104985119048
2012-07-11 07:29:30,306,1,70.3428571429,0.0758928571428
2012-07-11 07:29:31,307,1,70.3872767857,0.0444196428572
2012-07-11 07:29:32,308,1,70.4178571429,0.0305803571428
2012-07-11 07:29:33,309,1,70.4540922619,0.0362351190477
2012-07-11 07:29:34,310,1,70.501264881,0.0471726190476
2012-07-11 07:29:35,311,1,70.5505208333,0.0492559523809
2012-07-11 07:29:36,312,1,70.5881696429,0.0376488095239
2012-07-11 07:29:37,313,1,70.6000744048,0.0119047619047
2012-07-11 07:29:38,314,1,70.5701636905,-0.0299107142857
2012-07-11 07:29:39,315,1,70.4837053571,-0.0864583333333
2012-07-11 07:29:40,316,1,70.3365327381,-0.147172619048
2012-07-11 07:29:41,317,1,70.1379464286,-0.198586309524
2012-07-11 07:29:42,318,1,69.9010416667,-0.236904761905
2012-07-11 07:29:43,319,1,69.6322172619,-0.268824404762
2012-07-11 07:29:44,320,1,69.3398809524,-0.292336309524
2012-07-11 07:29:45,321,1,69.0535714286,-0.28630952381
2012-07-11 07:29:46,322,1,68.8127232143,-0.240848214286
2012-07-11 07:29:47,323,1,68.629985119,-0.182738095238
2012-07-11 07:29:48,324,1,68.4826636905,-0.147321428571
2012-07-11 07:29:49,325,1,68.3386904762,-0.143973214286
2012-07-11 07:29:50,326,1,68.1816220238,-0.157068452381
2012-07-11 07:29:51,327,1,68.0129464286,-0.168675595238
2012-07-11 07:29:52,328,1,67.8342261905,-0.178720238095
2012-07-11 07:29:53,329,1,67.6446428571,-0.189583333333
2012-07-11 07:29:54,330,1,67.4624255952,-0.182217261905
2012-07-11 07:29:55,331,1,67.3238095238,-0.138616071429
2012-07-11 07:29:56,332,1,67.2538690476,-0.0699404761905
2012-07-11 07:29:57,333,1,67.2451636905,-0.0087053571428
2012-07-11 07:29:58,334,1,67.2586309524,0.0134672619047
2012-07-11 07:29:59,335,1,67.2485119048,-0.010119047619
2012-07-11 07:30:00,336,1,67.1875744048,-0.0609375
2012-07-11 07:30:01,337,1,67.0651041667,-0.122470238095
2012-07-11 07:30:02,338,1,66.880952381,-0.184151785714
2012-07-11 07:30:03,339,1,66.6534970238,-0.227455357143
2012-07-11 07:30:04,340,1,66.4166666667,-0.236830357143
2012-07-11 07:30:05,341,1,66.2017113095,-0.214955357143
2012-07-11 07:30:06,342,1,66.026860119,-0.174851190476
2012-07-11 07:30:07,343,1,65.9006696429,-0.126190476191
2012-07-11 07:30:08,344,1,65.8280505952,-0.072619047619
2012-07-11 07:30:09,345,1,65.8116071429,-0.016443452381
2012-07-11 07:30:10,346,1,65.850297619,0.0386904761905
2012-07-11 07:30:11,347,1,65.9404761905,0.0901785714286
2012-07-11 07:30:12,348,1,66.0775297619,0.137053571429
2012-07-11 07:30:13,349,1,66.2522321429,0.174702380952
2012-07-11 07:30:14,350,1,66.4473958333,0.195163690476
2012-07-11 07:30:15,351,1,66.6445684524,0.197172619048
2012-07-11 07:30:16,352,1,66.8196428571,0.175074404762
2012-07-11 07:30:17,353,1,66.916889881,0.0972470238095
2012-07-11 07:30:18,354,1,66.8669642857,-0.0499255952381
2012-07-11 07:30:19,355,1,66.6671130952,-0.199851190476
2012-07-11 07:30:20,356,1,66.4142113095,-0.252901785714
2012-07-11 07:30:21,357,1,66.2401041667,-0.174107142857
2012-07-11 07:30:22,358,1,66.2185267857,-0.0215773809524
2012-07-11 07:30:23,359,1,66.3147321429,0.0962053571428
2012-07-11 07:30:24,360,1,66.4282738095,0.113541666667
2012-07-11 07:30:25,361,1,66.4917410714,0.0634672619048
2012-07-11 07:30:26,362,1,66.496577381,0.0048363095238
2012-07-11 07:30:27,363,1,66.4345238095,-0.0620535714286
2012-07-11 07:30:28,364,1,66.270610119,-0.163913690476
2012-07-11 07:30:29,365,1,65.9795386905,-0.291071428571
2012-07-11 07:30:30,366,1,65.5765625,-0.402976190476
2012-07-11 07:30:31,367,1,65.104985119,-0.471577380952
2012-07-11 07:30:32,368,1,64.6058779762,-0.499107142857
2012-07-11 07:30:33,369,1,64.1025297619,-0.503348214286
2012-07-11 07:30:34,370,1,63.6033482143,-0.499181547619
2012-07-11 07:30:35,371,1,63.107514881,-0.495833333333
2012-07-11 07:30:36,372,1,62.6005952381,-0.506919642857
2012-07-11 07:30:37,373,1,62.0504464286,-0.550148809524
2012-07-11 07:30:38,374,1,61.4256696429,-0.624776785714
2012-07-11 07:30:39,375,1,60.7270089286,-0.698660714286
2012-07-11 07:30:40,376,1,59.9905505952,-0.736458333333
2012-07-11 07:30:41,377,1,59.2494047619,-0.741145833333
2012-07-11 07:30:42,378,1,58.4936011905,-0.755803571429
2012-07-11 07:30:43,379,1,57.6728422619,-0.820758928571
2012-07-11 07:30:44,380,1,56.7292410714,-0.943601190476
2012-07-11 07:30:45,381,1,55.5979910714,-1.13125
2012-07-11 07:30:46,382,1,54.1694940476,-1.42849702381
2012-07-11 07:30:47,383,1,52.2875744048,-1.88191964286
2012-07-11 07:30:48,384,1,49.8030505952,-2.48452380952
2012-07-11 07:30:49,385,1,46.623139881,-3.17991071429
2012-07-11 07:30:50,386,1,42.7371279762,-3.88601190476
2012-07-11 07:30:51,387,1,38.240327381,-4.49680059524
2012-07-11 07:30:52,388,1,33.3664434524,-4.87388392857
2012-07-11 07:30:53,389,1,28.5013392857,-4.86510416667
2012-07-11 07:30:54,390,1,24.1040178571,-4.39732142857
2012-07-11 07:30:55,391,1,20.5337053571,-3.5703125
2012-07-11 07:30:56,392,1,17.9196428571,-2.6140625
2012-07-11 07:30:57,393,1,16.1704613095,-1.74918154762
2012-07-11 07:30:58,394,1,15.0742559524,-1.09620535714
2012-07-11 07:30:59,395,1,14.3982886905,-0.675967261905
2012-07-11 07:31:00,396,1,13.9438244048,-0.454464285714
2012-07-11 07:31:01,397,1,13.5648809524,-0.378943452381
2012-07-11 07:31:02,398,1,13.1761160714,-0.388764880952
2012-07-11 07:31:03,399,1,12.7484375,-0.427678571429
2012-07-11 07:31:04,400,1,12.2845238095,-0.463913690476
2012-07-11 07:31:05,401,1,11.7947916667,-0.489732142857
2012-07-11 07:31:06,402,1,11.29375,-0.501041666667
2012-07-11 07:31:07,403,1,10.8068452381,-0.486904761905
2012-07-11 07:31:08,404,1,10.3756696429,-0.431175595238
2012-07-11 07:31:09,405,1,10.0695684524,-0.306101190476
2012-07-11 07:31:10,406,1,9.99516369048,-0.0744047619048
2012-07-11 07:31:11,407,1,10.2615327381,0.266369047619
2012-07-11 07:31:12,408,1,10.8969494048,0.635416666667
2012-07-11 07:31:13,409,1,11.7860119048,0.8890625
2012-07-11 07:31:14,410,1,12.6904017857,0.904389880952
2012-07-11 07:31:15,411,1,13.3519345238,0.661532738095
2012-07-11 07:31:16,412,1,13.6174107143,0.265476190476
2012-07-11 07:31:17,413,1,13.5019345238,-0.115476190476
2012-07-11 07:31:18,414,1,13.1629464286,-0.338988095238
2012-07-11 07:31:19,415,1,12.8297619048,-0.333184523809
2012-07-11 07:31:20,416,1,12.7234375,-0.106324404762
2012-07-11 07:31:21,417,1,12.9748511905,0.251413690476
2012-07-11 07:31:22,418,1,13.5750744048,0.600223214286
2012-07-11 07:31:23,419,1,14.3979910714,0.822916666667
2012-07-11 07:31:24,420,1,15.2839285714,0.8859375
2012-07-11 07:31:25,421,1,16.1248511905,0.840922619048
2012-07-11 07:31:26,422,1,16.892485119,0.767633928571
2012-07-11 07:31:27,423,1,17.6014880952,0.709002976191
2012-07-11 07:31:28,424,1,18.2511160714,0.649627976191
2012-07-11 07:31:29,425,1,18.7925595238,0.541443452381
2012-07-11 07:31:30,426,1,19.1427083333,0.350148809524
2012-07-11 07:31:31,427,1,19.2316964286,0.0889880952381
2012-07-11 07:31:32,428,1,19.0462053571,-0.185491071429
2012-07-11 07:31:33,429,1,18.6392857143,-0.406919642857
2012-07-11 07:31:34,430,1,18.1026785714,-0.536607142857
2012-07-11 07:31:35,431,1,17.5194196429,-0.583258928572
2012-07-11 07:31:36,432,1,16.9345238095,-0.584895833333
2012-07-11 07:31:37,433,1,16.3670386905,-0.567485119048
2012-07-11 07:31:38,434,1,15.8435267857,-0.523511904762
2012-07-11 07:31:39,435,1,15.4189732143,-0.424553571429
2012-07-11 07:31:40,436,1,15.1683035714,-0.250669642857
2012-07-11 07:31:41,437,1,15.1514880952,-0.0168154761905
2012-07-11 07:31:42,438,1,15.3708333333,0.219345238095
2012-07-11 07:31:43,439,1,15.7463541667,0.375520833333
2012-07-11 07:31:44,440,1,16.1373511905,0.390997023809
2012-07-11 07:31:45,441,1,16.4209077381,0.283556547619
2012-07-11 07:31:46,442,1,16.5792410714,0.158333333333
2012-07-11 07:31:47,443,1,16.7145833333,0.135342261905
2012-07-11 07:31:48,444,1,16.9730654762,0.258482142857
2012-07-11 07:31:49,445,1,17.443452381,0.470386904762
2012-07-11 07:31:50,446,1,18.107514881,0.6640625
2012-07-11 07:31:51,447,1,18.8630952381,0.755580357143
2012-07-11 07:31:52,448,1,19.5761904762,0.713095238095
2012-07-11 07:31:53,449,1,20.115922619,0.539732142857
2012-07-11 07:31:54,450,1,20.3796875,0.263764880952
2012-07-11 07:31:55,451,1,20.3297619048,-0.0499255952381
2012-07-11 07:31:56,452,1,20.0285714286,-0.30119047619
2012-07-11 07:31:57,453,1,19.640922619,-0.387648809524
2012-07-11 07:31:58,454,1,19.3806547619,-0.260267857143
2012-07-11 07:31:59,455,1,19.4203125,0.0396577380952
2012-07-11 07:32:00,456,1,19.8216517857,0.401339285714
2012-07-11 07:32:01,457,1,20.521875,0.700223214286
2012-07-11 07:32:02,458,1,21.3710565476,0.849181547619
2012-07-11 07:32:03,459,1,22.199702381,0.828645833333
2012-07-11 07:32:04,460,1,22.872172619,0.672470238095
2012-07-11 07:32:05,461,1,23.2992559524,0.427083333333
2012-07-11 07:32:06,462,1,23.4400297619,0.140773809524
2012-07-11 07:32:07,463,1,23.3179315476,-0.122098214286
2012-07-11 07:32:08,464,1,23.034077381,-0.283854166667
2012-07-11 07:32:09,465,1,22.7488839286,-0.285193452381
2012-07-11 07:32:10,466,1,22.6142857143,-0.134598214286
2012-07-11 07:32:11,467,1,22.6905505952,0.0762648809524
2012-07-11 07:32:12,468,1,22.9216517857,0.231101190476
2012-07-11 07:32:13,469,1,23.1884672619,0.266815476191
2012-07-11 07:32:14,470,1,23.3917410714,0.203273809524
2012-07-11 07:32:15,471,1,23.514360119,0.122619047619
2012-07-11 07:32:16,472,1,23.6281994048,0.113839285714
2012-07-11 07:32:17,473,1,23.8391369048,0.2109375
2012-07-11 07:32:18,474,1,24.2116815476,0.372544642857
2012-07-11 07:32:19,475,1,24.7292410714,0.51755952381
2012-07-11 07:32:20,476,1,25.3061755952,0.576934523809
2012-07-11 07:32:21,477,1,25.8233630952,0.5171875
2012-07-11 07:32:22,478,1,26.1665922619,0.343229166667
2012-07-11 07:32:23,479,1,26.2675595238,0.100967261905
2012-07-11 07:32:24,480,1,26.1313988095,-0.136160714286
2012-07-11 07:32:25,481,1,25.8232142857,-0.30818452381
2012-07-11 07:32:26,482,1,25.3974702381,-0.425744047619
2012-07-11 07:32:27,483,1,24.8050595238,-0.592410714286
2012-07-11 07:32:28,484,1,23.8739583333,-0.931101190476
2012-07-11 07:32:29,485,1,22.4052083333,-1.46875
2012-07-11 07:32:30,486,1,20.314360119,-2.09084821429
2012-07-11 07:32:31,487,1,17.7232142857,-2.59114583333
2012-07-11 07:32:32,488,1,14.9435267857,-2.7796875
2012-07-11 07:32:33,489,1,12.3616815476,-2.5818452381
2012-07-11 07:32:34,490,1,10.290922619,-2.07075892857
2012-07-11 07:32:35,491,1,8.86220238095,-1.4287202381
2012-07-11 07:32:36,492,1,8.0181547619,-0.844047619048
2012-07-11 07:32:37,493,1,7.62105654762,-0.397098214286
2012-07-11 07:32:38,494,1,7.5693452381,-0.0517113095238
2012-07-11 07:32:39,495,1,7.80119047619,0.231845238095
2012-07-11 07:32:40,496,1,8.20967261905,0.408482142857
2012-07-11 07:32:41,497,1,8.6078125,0.398139880952
2012-07-11 07:32:42,498,1,8.80602678571,0.198214285714
2012-07-11 07:32:43,499,1,8.71867559524,-0.0873511904762
2012-07-11 07:32:44,500,1,8.38392857143,-0.33474702381
2012-07-11 07:32:45,501,1,7.87723214286,-0.506696428571
2012-07-11 07:32:46,502,1,7.22336309524,-0.653869047619
2012-07-11 07:32:47,503,1,6.41294642857,-0.810416666667
2012-07-11 07:32:48,504,1,5.4875,-0.925446428571
2012-07-11 07:32:49,505,1,4.57827380952,-0.909226190476
2012-07-11 07:32:50,506,1,3.85334821429,-0.724925595238
2012-07-11 07:32:51,507,1,3.42574404762,-0.427604166667
2012-07-11 07:32:52,508,1,3.31086309524,-0.114880952381
2012-07-11 07:32:53,509,1,3.45825892857,0.147395833333
2012-07-11 07:32:54,510,1,3.79813988095,0.339880952381
2012-07-11 07:32:55,511,1,4.25178571429,0.453645833333
2012-07-11 07:32:56,512,1,4.71473214286,0.462946428571
2012-07-11 07:32:57,513,1,5.06116071429,0.346428571429
2012-07-11 07:32:58,514,1,5.1994047619,0.138244047619
2012-07-11 07:32:59,515,1,5.13177083333,-0.0676339285714
2012-07-11 07:33:00,516,1,4.95714285714,-0.17462797619
2012-07-11 07:33:01,517,1,4.81949404762,-0.137648809524
2012-07-11 07:33:02,518,1,4.83757440476,0.0180803571428
2012-07-11 07:33:03,519,1,5.04799107143,0.210416666667
2012-07-11 07:33:04,520,1,5.39010416667,0.342113095238
2012-07-11 07:33:05,521,1,5.75186011905,0.361755952381
2012-07-11 07:33:06,522,1,6.05751488095,0.305654761905
2012-07-11 07:33:07,523,1,6.31592261905,0.258407738095
2012-07-11 07:33:08,524,1,6.57165178571,0.255729166667
2012-07-11 07:33:09,525,1,6.81755952381,0.245907738095
2012-07-11 07:33:10,526,1,6.9703125,0.15275297619
2012-07-11 07:33:11,527,1,6.93348214286,-0.0368303571429
2012-07-11 07:33:12,528,1,6.6912202381,-0.242261904762
2012-07-11 07:33:13,529,1,6.37172619048,-0.319494047619
2012-07-11 07:33:14,530,1,6.2415922619,-0.130133928571
2012-07-11 07:33:15,531,1,6.5890625,0.347470238095
2012-07-11 07:33:16,532,1,7.52924107143,0.940178571429
2012-07-11 07:33:17,533,1,8.88831845238,1.35907738095
2012-07-11 07:33:18,534,1,10.284077381,1.39575892857
2012-07-11 07:33:19,535,1,11.3545386905,1.07046130952
2012-07-11 07:33:20,536,1,11.9697172619,0.615178571429
2012-07-11 07:33:21,537,1,12.2429315476,0.273214285714
2012-07-11 07:33:22,538,1,12.3322172619,0.0892857142858
2012-07-11 07:33:23,539,1,12.2733630952,-0.0588541666667
2012-07-11 07:33:24,540,1,12.0208333333,-0.252529761905
2012-07-11 07:33:25,541,1,11.5770089286,-0.443824404762
2012-07-11 07:33:26,542,1,11.0304315476,-0.546577380952
2012-07-11 07:33:27,543,1,10.4898065476,-0.540625
2012-07-11 07:33:28,544,1,10.0021577381,-0.487648809524
2012-07-11 07:33:29,545,1,9.53802083333,-0.464136904762
2012-07-11 07:33:30,546,1,9.06197916667,-0.476041666667
2012-07-11 07:33:31,547,1,8.62061011905,-0.441369047619
2012-07-11 07:33:32,548,1,8.35736607143,-0.263244047619
2012-07-11 07:33:33,549,1,8.43638392857,0.0790178571429
2012-07-11 07:33:34,550,1,8.94456845238,0.50818452381
2012-07-11 07:33:35,551,1,9.84330357143,0.898735119048
2012-07-11 07:33:36,552,1,10.9897321429,1.14642857143
2012-07-11 07:33:37,553,1,12.2159970238,1.22626488095
2012-07-11 07:33:38,554,1,13.4069196429,1.19092261905
2012-07-11 07:33:39,555,1,14.5006696429,1.09375
2012-07-11 07:33:40,556,1,15.4373511905,0.936681547619
2012-07-11 07:33:41,557,1,16.145014881,0.707663690476
2012-07-11 07:33:42,558,1,16.5776041667,0.432589285714
2012-07-11 07:33:43,559,1,16.7535714286,0.175967261905
2012-07-11 07:33:44,560,1,16.7552827381,0.0017113095238
2012-07-11 07:33:45,561,1,16.6822172619,-0.0730654761904
2012-07-11 07:33:46,562,1,16.5912946429,-0.0909226190477
2012-07-11 07:33:47,563,1,16.471577381,-0.119717261905
2012-07-11 07:33:48,564,1,16.2676339286,-0.203943452381
2012-07-11 07:33:49,565,1,15.9306547619,-0.336979166667
2012-07-11 07:33:50,566,1,15.465327381,-0.465327380952
2012-07-11 07:33:51,567,1,14.9482142857,-0.517113095238
2012-07-11 07:33:52,568,1,14.5107142857,-0.4375
2012-07-11 07:33:53,569,1,14.2979166667,-0.212797619048
2012-07-11 07:33:54,570,1,14.4224702381,0.124553571428
2012-07-11 07:33:55,571,1,14.9253720238,0.502901785714
2012-07-11 07:33:56,572,1,15.7529017857,0.827529761905
2012-07-11 07:33:57,573,1,16.7648065476,1.0119047619
2012-07-11 07:33:58,574,1,17.7816220238,1.01681547619
2012-07-11 07:33:59,575,1,18.6551339286,0.873511904762
2012-07-11 07:34:00,576,1,19.325,0.669866071429
2012-07-11 07:34:01,577,1,19.8323660714,0.507366071429
2012-07-11 07:34:02,578,1,20.2899553571,0.457589285714
2012-07-11 07:34:03,579,1,20.8250744048,0.535119047619
2012-07-11 07:34:04,580,1,21.5204613095,0.695386904762
2012-07-11 07:34:05,581,1,22.3839285714,0.863467261905
2012-07-11 07:34:06,582,1,23.3601934524,0.976264880952
2012-07-11 07:34:07,583,1,24.3659970238,1.00580357143
2012-07-11 07:34:08,584,1,25.3271577381,0.961160714286
2012-07-11 07:34:09,585,1,26.2102678571,0.883110119048
2012-07-11 07:34:10,586,1,27.0270833333,0.81681547619
2012-07-11 07:34:11,587,1,27.8025297619,0.775446428571
2012-07-11 07:34:12,588,1,28.5469494048,0.744419642857
2012-07-11 07:34:13,589,1,29.2541666667,0.707217261905
2012-07-11 07:34:14,590,1,29.9084077381,0.654241071429
2012-07-11 07:34:15,591,1,30.5002232143,0.591815476191
2012-07-11 07:34:16,592,1,31.0411458333,0.540922619048
2012-07-11 07:34:17,593,1,31.5540922619,0.512946428571
2012-07-11 07:34:18,594,1,32.0583333333,0.504241071429
2012-07-11 07:34:19,595,1,32.5650297619,0.506696428572
2012-07-11 07:34:20,596,1,33.0538690476,0.488839285714
2012-07-11 07:34:21,597,1,33.4220238095,0.368154761905
2012-07-11 07:34:22,598,1,33.4532738095,0.03125
2012-07-11 07:34:23,599,1,32.8546130952,-0.598660714286
2012-07-11 07:34:24,600,1,31.3546130952,-1.5
2012-07-11 07:34:25,601,1,28.8152529762,-2.53936011905
2012-07-11 07:34:26,602,1,25.3080357143,-3.5072172619
2012-07-11 07:34:27,603,1,21.1215029762,-4.1865327381
2012-07-11 07:34:28,604,1,16.6833333333,-4.43816964286
2012-07-11 07:34:29,605,1,12.440327381,-4.24300595238
2012-07-11 07:34:30,606,1,8.77886904762,-3.66145833333
2012-07-11 07:34:31,607,1,5.97619047619,-2.80267857143
2012-07-11 07:34:32,608,1,4.13482142857,-1.84136904762
2012-07-11 07:34:33,609,1,3.15513392857,-0.9796875
2012-07-11 07:34:34,610,1,2.78668154762,-0.368452380952
2012-07-11 07:34:35,611,1,2.72306547619,-0.0636160714286
2012-07-11 07:34:36,612,1,2.73697916667,0.0139136904762
2012-07-11 07:34:37,613,1,2.80334821429,0.066369047619
2012-07-11 07:34:38,614,1,3.07425595238,0.270907738095
2012-07-11 07:34:39,615,1,3.70498511905,0.630729166667
2012-07-11 07:34:40,616,1,4.6974702381,0.992485119048
2012-07-11 07:34:41,617,1,5.87105654762,1.17358630952
2012-07-11 07:34:42,618,1,6.94910714286,1.07805059524
2012-07-11 07:34:43,619,1,7.70446428571,0.755357142857
2012-07-11 07:34:44,620,1,8.06339285714,0.358928571429
2012-07-11 07:34:45,621,1,8.0890625,0.0256696428572
2012-07-11 07:34:46,622,1,7.89635416667,-0.192708333333
2012-07-11 07:34:47,623,1,7.59047619048,-0.30587797619
2012-07-11 07:34:48,624,1,7.2390625,-0.351413690476
2012-07-11 07:34:49,625,1,6.86123511905,-0.377827380952
2012-07-11 07:34:50,626,1,6.44285714286,-0.41837797619
2012-07-11 07:34:51,627,1,5.96986607143,-0.472991071429
2012-07-11 07:34:52,628,1,5.45,-0.519866071429
2012-07-11 07:34:53,629,1,4.90863095238,-0.541369047619
2012-07-11 07:34:54,630,1,4.36540178571,-0.543229166667
2012-07-11 07:34:55,631,1,3.81897321429,-0.546428571429
2012-07-11 07:34:56,632,1,3.26763392857,-0.551339285714
2012-07-11 07:34:57,633,1,2.74226190476,-0.52537202381
2012-07-11 07:34:58,634,1,2.30915178571,-0.433110119048
2012-07-11 07:34:59,635,1,2.04412202381,-0.265029761905
2012-07-11 07:35:00,636,1,1.98980654762,-0.0543154761905
2012-07-11 07:35:01,637,1,2.11629464286,0.126488095238
2012-07-11 07:35:02,638,1,2.33043154762,0.214136904762
2012-07-11 07:35:03,639,1,2.53013392857,0.199702380952
2012-07-11 07:35:04,640,1,2.6556547619,0.125520833333
2012-07-11 07:35:05,641,1,2.71252480159,0.0568700396825
2012-07-11 07:35:06,642,1,2.74406001984,0.031535218254
2012-07-11 07:35:07,643,1,2.76711309524,0.0230530753968
2012-07-11 07:35:08,644,1,2.75102926587,-0.0160838293651
2012-07-11 07:35:09,645,1,2.66433531746,-0.0866939484127
2012-07-11 07:35:10,646,1,2.52098214286,-0.143353174603
2012-07-11 07:35:11,647,1,2.37569444444,-0.145287698413
2012-07-11 07:35:12,648,1,2.27683531746,-0.0988591269841
2012-07-11 07:35:13,649,1,2.23058035714,-0.0462549603175
2012-07-11 07:35:14,650,1,2.22658730159,-0.00399305555556
2012-07-11 07:35:15,651,1,2.28687996032,0.0602926587302
2012-07-11 07:35:16,652,1,2.46711309524,0.180233134921
2012-07-11 07:35:17,653,1,2.81572420635,0.348611111111
2012-07-11 07:35:18,654,1,3.33416418651,0.518439980159
2012-07-11 07:35:19,655,1,3.96726190476,0.633097718254
2012-07-11 07:35:20,656,1,4.62974950397,0.662487599206
2012-07-11 07:35:21,657,1,5.2355406746,0.605791170635
2012-07-11 07:35:22,658,1,5.71071428571,0.475173611111
2012-07-11 07:35:23,659,1,6.01428571429,0.303571428571
2012-07-11 07:35:24,660,1,6.171875,0.157589285714
2012-07-11 07:35:25,661,1,6.29925595238,0.127380952381
2012-07-11 07:35:26,662,1,6.58720238095,0.287946428571
2012-07-11 07:35:27,663,1,7.22619047619,0.638988095238
2012-07-11 07:35:28,664,1,8.30580357143,1.07961309524
2012-07-11 07:35:29,665,1,9.7615327381,1.45572916667
2012-07-11 07:35:30,666,1,11.3931547619,1.63162202381
2012-07-11 07:35:31,667,1,12.9334821429,1.54032738095
2012-07-11 07:35:32,668,1,14.144047619,1.21056547619
2012-07-11 07:35:33,669,1,14.8964285714,0.752380952381
2012-07-11 07:35:34,670,1,15.1941220238,0.297693452381
2012-07-11 07:35:35,671,1,15.1388392857,-0.0552827380952
2012-07-11 07:35:36,672,1,14.8729166667,-0.265922619048
2012-07-11 07:35:37,673,1,14.5206845238,-0.352232142857
2012-07-11 07:35:38,674,1,14.1610863095,-0.359598214286
2012-07-11 07:35:39,675,1,13.841889881,-0.319196428571
2012-07-11 07:35:40,676,1,13.5933035714,-0.248586309524
2012-07-11 07:35:41,677,1,13.4229910714,-0.1703125
2012-07-11 07:35:42,678,1,13.3182291667,-0.104761904762
2012-07-11 07:35:43,679,1,13.2568452381,-0.0613839285715
2012-07-11 07:35:44,680,1,13.2172619048,-0.0395833333333
2012-07-11 07:35:45,681,1,13.189360119,-0.0279017857143
2012-07-11 07:35:46,682,1,13.1776785714,-0.011681547619
2012-07-11 07:35:47,683,1,13.1985863095,0.0209077380952
2012-07-11 07:35:48,684,1,13.2816220238,0.0830357142857
2012-07-11 07:35:49,685,1,13.4662946429,0.184672619048
2012-07-11 07:35:50,686,1,13.7857142857,0.319419642857
2012-07-11 07:35:51,687,1,14.2398809524,0.454166666667
2012-07-11 07:35:52,688,1,14.7741815476,0.534300595238
2012-07-11 07:35:53,689,1,15.2895833333,0.515401785714
2012-07-11 07:35:54,690,1,15.683110119,0.393526785714
2012-07-11 07:35:55,691,1,15.8857142857,0.202604166667
2012-07-11 07:35:56,692,1,15.8773809524,-0.0083333333333
2012-07-11 07:35:57,693,1,15.6829613095,-0.194419642857
2012-07-11 07:35:58,694,1,15.3569940476,-0.325967261905
2012-07-11 07:35:59,695,1,14.9604910714,-0.39650297619
2012-07-11 07:36:00,696,1,14.5377232143,-0.422767857143
2012-07-11 07:36:01,697,1,14.1055803571,-0.432142857143
2012-07-11 07:36:02,698,1,13.6572916667,-0.448288690476
2012-07-11 07:36:03,699,1,13.1895089286,-0.467782738095
2012-07-11 07:36:04,700,1,12.7563988095,-0.433110119048
2012-07-11 07:36:05,701,1,12.4979166667,-0.258482142857
2012-07-11 07:36:06,702,1,12.5905505952,0.0926339285714
2012-07-11 07:36:07,703,1,13.151860119,0.56130952381
2012-07-11 07:36:08,704,1,14.1608630952,1.00900297619
2012-07-11 07:36:09,705,1,15.4394345238,1.27857142857
2012-07-11 07:36:10,706,1,16.7271577381,1.28772321429
2012-07-11 07:36:11,707,1,17.8125,1.0853422619
2012-07-11 07:36:12,708,1,18.6205357143,0.808035714286
2012-07-11 07:36:13,709,1,19.2125,0.591964285714
2012-07-11 07:36:14,710,1,19.7257440476,0.513244047619
2012-07-11 07:36:15,711,1,20.2912202381,0.565476190476
2012-07-11 07:36:16,712,1,20.9686011905,0.677380952381
2012-07-11 07:36:17,713,1,21.7313244048,0.762723214286
2012-07-11 07:36:18,714,1,22.494047619,0.762723214286
2012-07-11 07:36:19,715,1,23.1532738095,0.659226190476
2012-07-11 07:36:20,716,1,23.6215029762,0.468229166667
2012-07-11 07:36:21,717,1,23.8496279762,0.228125
2012-07-11 07:36:22,718,1,23.8323660714,-0.0172619047619
2012-07-11 07:36:23,719,1,23.5900297619,-0.242336309524
2012-07-11 07:36:24,720,1,23.1412202381,-0.44880952381
2012-07-11 07:36:25,721,1,22.4848214286,-0.656398809524
2012-07-11 07:36:26,722,1,21.5925595238,-0.892261904762
2012-07-11 07:36:27,723,1,20.4292410714,-1.16331845238
2012-07-11 07:36:28,724,1,19.0077380952,-1.42150297619
2012-07-11 07:36:29,725,1,17.4296130952,-1.578125
2012-07-11 07:36:30,726,1,15.8686755952,-1.5609375
2012-07-11 07:36:31,727,1,14.5081845238,-1.36049107143
2012-07-11 07:36:32,728,1,13.473139881,-1.03504464286
2012-07-11 07:36:33,729,1,12.8084077381,-0.664732142857
2012-07-11 07:36:34,730,1,12.5081845238,-0.300223214286
2012-07-11 07:36:35,731,1,12.5479910714,0.0398065476191
2012-07-11 07:36:36,732,1,12.8941220238,0.346130952381
2012-07-11 07:36:37,733,1,13.5023065476,0.60818452381
2012-07-11 07:36:38,734,1,14.3180803571,0.815773809524
2012-07-11 07:36:39,735,1,15.2869047619,0.968824404762
2012-07-11 07:36:40,736,1,16.3641369048,1.07723214286
2012-07-11 07:36:41,737,1,17.5102678571,1.14613095238
2012-07-11 07:36:42,738,1,18.6836309524,1.17336309524
2012-07-11 07:36:43,739,1,19.8448660714,1.16123511905
2012-07-11 07:36:44,740,1,20.9678571429,1.12299107143
2012-07-11 07:36:45,741,1,22.0447916667,1.07693452381
2012-07-11 07:36:46,742,1,23.0755952381,1.03080357143
2012-07-11 07:36:47,743,1,24.0537202381,0.978125
2012-07-11 07:36:48,744,1,24.968452381,0.914732142857
2012-07-11 07:36:49,745,1,25.8163690476,0.847916666667
2012-07-11 07:36:50,746,1,26.605952381,0.789583333333
2012-07-11 07:36:51,747,1,27.3488839286,0.742931547619
2012-07-11 07:36:52,748,1,28.0419642857,0.693080357143
2012-07-11 07:36:53,749,1,28.6631696429,0.621205357143
2012-07-11 07:36:54,750,1,29.1900297619,0.526860119048
2012-07-11 07:36:55,751,1,29.6177083333,0.427678571429
2012-07-11 07:36:56,752,1,29.9641369048,0.346428571429
2012-07-11 07:36:57,753,1,30.2636160714,0.299479166667
2012-07-11 07:36:58,754,1,30.5532738095,0.289657738095
2012-07-11 07:36:59,755,1,30.8642113095,0.3109375
2012-07-11 07:37:00,756,1,31.219047619,0.354836309524
2012-07-11 07:37:01,757,1,31.6257440476,0.406696428572
2012-07-11 07:37:02,758,1,32.0816220238,0.45587797619
2012-07-11 07:37:03,759,1,32.6030505952,0.521428571429
2012-07-11 07:37:04,760,1,33.2244047619,0.621354166667
2012-07-11 07:37:05,761,1,33.929389881,0.704985119048
2012-07-11 07:37:06,762,1,34.620610119,0.691220238095
2012-07-11 07:37:07,763,1,35.1960565476,0.575446428571
2012-07-11 07:37:08,764,1,35.6336309524,0.437574404762
2012-07-11 07:37:09,765,1,35.9994047619,0.365773809524
2012-07-11 07:37:10,766,1,36.3802827381,0.38087797619
2012-07-11 07:37:11,767,1,36.7895089286,0.409226190476
2012-07-11 07:37:12,768,1,37.1535714286,0.3640625
2012-07-11 07:37:13,769,1,37.400297619,0.246726190476
2012-07-11 07:37:14,770,1,37.5215029762,0.121205357143
2012-07-11 07:37:15,771,1,37.5529017857,0.0313988095238
2012-07-11 07:37:16,772,1,37.5371279762,-0.0157738095238
2012-07-11 07:37:17,773,1,37.5139880952,-0.0231398809524
2012-07-11 07:37:18,774,1,37.5229910714,0.0090029761905
2012-07-11 07:37:19,775,1,37.5904017857,0.0674107142857
2012-07-11 07:37:20,776,1,37.7087053571,0.118303571429
2012-07-11 07:37:21,777,1,37.8521577381,0.143452380952
2012-07-11 07:37:22,778,1,38.017485119,0.165327380952
2012-07-11 07:37:23,779,1,38.2249255952,0.20744047619
2012-07-11 07:37:24,780,1,38.4807291667,0.255803571429
2012-07-11 07:37:25,781,1,38.7577380952,0.277008928571
2012-07-11 07:37:26,782,1,39.0156994048,0.257961309524
2012-07-11 07:37:27,783,1,39.2451636905,0.229464285714
2012-07-11 07:37:28,784,1,39.4901041667,0.244940476191
2012-07-11 07:37:29,785,1,39.8095982143,0.319494047619
2012-07-11 07:37:30,786,1,40.215922619,0.406324404762
2012-07-11 07:37:31,787,1,40.6629464286,0.447023809524
2012-07-11 07:37:32,788,1,41.0898809524,0.426934523809
2012-07-11 07:37:33,789,1,41.4648065476,0.374925595238
2012-07-11 07:37:34,790,1,41.7964285714,0.33162202381
2012-07-11 07:37:35,791,1,42.1223958333,0.325967261905
2012-07-11 07:37:36,792,1,42.4837053571,0.36130952381
2012-07-11 07:37:37,793,1,42.8994791667,0.415773809524
2012-07-11 07:37:38,794,1,43.3641369048,0.464657738095
2012-07-11 07:37:39,795,1,43.8625744048,0.4984375
2012-07-11 07:37:40,796,1,44.3840029762,0.521428571429
2012-07-11 07:37:41,797,1,44.9261904762,0.5421875
2012-07-11 07:37:42,798,1,45.4775297619,0.551339285714
2012-07-11 07:37:43,799,1,45.9904761905,0.512946428571
2012-07-11 07:37:44,800,1,46.397172619,0.406696428571
2012-07-11 07:37:45,801,1,46.6590029762,0.261830357143
2012-07-11 07:37:46,802,1,46.7908482143,0.131845238095
2012-07-11 07:37:47,803,1,46.8531994048,0.0623511904762
2012-07-11 07:37:48,804,1,46.9236607143,0.0704613095238
2012-07-11 07:37:49,805,1,47.0523809524,0.128720238095
2012-07-11 07:37:50,806,1,47.2396577381,0.187276785714
2012-07-11 07:37:51,807,1,47.4432291667,0.203571428572
2012-07-11 07:37:52,808,1,47.5880208333,0.144791666667
2012-07-11 07:37:53,809,1,47.5982886905,0.0102678571429
2012-07-11 07:37:54,810,1,47.4548363095,-0.143452380952
2012-07-11 07:37:55,811,1,47.2162202381,-0.238616071429
2012-07-11 07:37:56,812,1,46.9804315476,-0.235788690476
2012-07-11 07:37:57,813,1,46.8244791667,-0.155952380952
2012-07-11 07:37:58,814,1,46.7645833333,-0.0598958333334
2012-07-11 07:37:59,815,1,46.7639880952,-0.000595238095201
2012-07-11 07:38:00,816,1,46.7644345238,0.000446428571401
2012-07-11 07:38:01,817,1,46.6942708333,-0.0701636904762
2012-07-11 07:38:02,818,1,46.4705357143,-0.223735119048
2012-07-11 07:38:03,819,1,46.0305803571,-0.439955357143
2012-07-11 07:38:04,820,1,45.3733630952,-0.657217261905
2012-07-11 07:38:05,821,1,44.575297619,-0.79806547619
2012-07-11 07:38:06,822,1,43.7589285714,-0.816369047619
2012-07-11 07:38:07,823,1,43.0264880952,-0.73244047619
2012-07-11 07:38:08,824,1,42.4178571429,-0.608630952381
2012-07-11 07:38:09,825,1,41.922172619,-0.49568452381
2012-07-11 07:38:10,826,1,41.5130208333,-0.409151785714
2012-07-11 07:38:11,827,1,41.1817708333,-0.33125
2012-07-11 07:38:12,828,1,40.9517857143,-0.229985119048
2012-07-11 07:38:13,829,1,40.8574404762,-0.0943452380952
2012-07-11 07:38:14,830,1,40.909077381,0.0516369047619
2012-07-11 07:38:15,831,1,41.078422619,0.169345238095
2012-07-11 07:38:16,832,1,41.3107886905,0.232366071429
2012-07-11 07:38:17,833,1,41.554985119,0.244196428571
2012-07-11 07:38:18,834,1,41.7889880952,0.234002976191
2012-07-11 07:38:19,835,1,42.0159970238,0.227008928571
2012-07-11 07:38:20,836,1,42.2414434524,0.225446428571
2012-07-11 07:38:21,837,1,42.458110119,0.216666666667
2012-07-11 07:38:22,838,1,42.6409970238,0.182886904762
2012-07-11 07:38:23,839,1,42.7462053571,0.105208333333
2012-07-11 07:38:24,840,1,42.7172619048,-0.0289434523809
2012-07-11 07:38:25,841,1,42.5022321429,-0.215029761905
2012-07-11 07:38:26,842,1,42.0828869048,-0.419345238095
2012-07-11 07:38:27,843,1,41.4998511905,-0.583035714286
2012-07-11 07:38:28,844,1,40.8446428571,-0.655208333333
2012-07-11 07:38:29,845,1,40.2186011905,-0.626041666667
2012-07-11 07:38:30,846,1,39.6891369048,-0.529464285714
2012-07-11 07:38:31,847,1,39.272172619,-0.416964285714
2012-07-11 07:38:32,848,1,38.9493303571,-0.322842261905
2012-07-11 07:38:33,849,1,38.6960565476,-0.253273809524
2012-07-11 07:38:34,850,1,38.496875,-0.199181547619
2012-07-11 07:38:35,851,1,38.3586309524,-0.138244047619
2012-07-11 07:38:36,852,1,38.3236607143,-0.0349702380952
2012-07-11 07:38:37,853,1,38.4519345238,0.128273809524
2012-07-11 07:38:38,854,1,38.7672619048,0.315327380952
2012-07-11 07:38:39,855,1,39.2177083333,0.450446428571
2012-07-11 07:38:40,856,1,39.6966517857,0.478943452381
2012-07-11 07:38:41,857,1,40.1102678571,0.413616071429
2012-07-11 07:38:42,858,1,40.4342261905,0.323958333333
2012-07-11 07:38:43,859,1,40.7087797619,0.274553571429
2012-07-11 07:38:44,860,1,40.9774553571,0.268675595238
2012-07-11 07:38:45,861,1,41.2417410714,0.264285714286
2012-07-11 07:38:46,862,1,41.4792410714,0.2375
2012-07-11 07:38:47,863,1,41.6886904762,0.209449404762
2012-07-11 07:38:48,864,1,41.9121279762,0.2234375
2012-07-11 07:38:49,865,1,42.2098214286,0.297693452381
2012-07-11 07:38:50,866,1,42.5977678571,0.387946428571
2012-07-11 07:38:51,867,1,43.0191964286,0.421428571428
2012-07-11 07:38:52,868,1,43.3953125,0.376116071429
2012-07-11 07:38:53,869,1,43.700297619,0.304985119048
2012-07-11 07:38:54,870,1,43.9901041667,0.289806547619
2012-07-11 07:38:55,871,1,44.3633184524,0.373214285714
2012-07-11 07:38:56,872,1,44.8864583333,0.523139880952
2012-07-11 07:38:57,873,1,45.5552827381,0.668824404762
2012-07-11 07:38:58,874,1,46.3177083333,0.762425595238
2012-07-11 07:38:59,875,1,47.1154761905,0.797767857143
2012-07-11 07:39:00,876,1,47.9104910714,0.795014880952
2012-07-11 07:39:01,877,1,48.6904017857,0.779910714286
2012-07-11 07:39:02,878,1,49.4561755952,0.765773809524
2012-07-11 07:39:03,879,1,50.199702381,0.743526785714
2012-07-11 07:39:04,880,1,50.8828869048,0.683184523809
2012-07-11 07:39:05,881,1,51.4412946429,0.558407738095
2012-07-11 07:39:06,882,1,51.8239583333,0.382663690476
2012-07-11 07:39:07,883,1,52.033110119,0.209151785714
2012-07-11 07:39:08,884,1,52.1208333333,0.0877232142857
2012-07-11 07:39:09,885,1,52.1491071429,0.0282738095238
2012-07-11 07:39:10,886,1,52.1525297619,0.0034226190477
2012-07-11 07:39:11,887,1,52.1334077381,-0.0191220238096
2012-07-11 07:39:12,888,1,52.0847470238,-0.0486607142857
2012-07-11 07:39:13,889,1,52.0111607143,-0.0735863095238
2012-07-11 07:39:14,890,1,51.9296130952,-0.0815476190476
2012-07-11 07:39:15,891,1,51.855952381,-0.0736607142857
2012-07-11 07:39:16,892,1,51.7932291667,-0.0627232142857
2012-07-11 07:39:17,893,1,51.7344494048,-0.0587797619048
2012-07-11 07:39:18,894,1,51.6770089286,-0.0574404761905
2012-07-11 07:39:19,895,1,51.6400297619,-0.0369791666666
2012-07-11 07:39:20,896,1,51.6748511905,0.0348214285714
2012-07-11 07:39:21,897,1,51.8508184524,0.175967261905
2012-07-11 07:39:22,898,1,52.2177083333,0.366889880952
2012-07-11 07:39:23,899,1,52.7745535714,0.556845238095
2012-07-11 07:39:24,900,1,53.4671875,0.692633928571
2012-07-11 07:39:25,901,1,54.2155505952,0.748363095238
2012-07-11 07:39:26,902,1,54.9523065476,0.736755952381
2012-07-11 07:39:27,903,1,55.6447916667,0.692485119048
2012-07-11 07:39:28,904,1,56.2907738095,0.645982142857
2012-07-11 07:39:29,905,1,56.9006696429,0.609895833333
2012-07-11 07:39:30,906,1,57.4810267857,0.580357142857
2012-07-11 07:39:31,907,1,58.0258928571,0.544866071429
2012-07-11 07:39:32,908,1,58.5186755952,0.492782738095
2012-07-11 07:39:33,909,1,58.9414434524,0.422767857143
2012-07-11 07:39:34,910,1,59.2800595238,0.338616071428
2012-07-11 07:39:35,911,1,59.5270089286,0.246949404762
2012-07-11 07:39:36,912,1,59.6911458333,0.164136904762
2012-07-11 07:39:37,913,1,59.8003720238,0.109226190476
2012-07-11 07:39:38,914,1,59.8889880952,0.0886160714286
2012-07-11 07:39:39,915,1,59.9848958333,0.0959077380952
2012-07-11 07:39:40,916,1,60.1017113095,0.116815476191
2012-07-11 07:39:41,917,1,60.236235119,0.134523809524
2012-07-11 07:39:42,918,1,60.3758928571,0.139657738095
2012-07-11 07:39:43,919,1,60.5078125,0.131919642857
2012-07-11 07:39:44,920,1,60.6235119048,0.115699404762
2012-07-11 07:39:45,921,1,60.723735119,0.100223214286
2012-07-11 07:39:46,922,1,60.8183035714,0.094568452381
2012-07-11 07:39:47,923,1,60.9145833333,0.0962797619047
2012-07-11 07:39:48,924,1,61.0074404762,0.0928571428572
2012-07-11 07:39:49,925,1,61.0857142857,0.0782738095238
2012-07-11 07:39:50,926,1,61.1466517857,0.0609375
2012-07-11 07:39:51,927,1,61.2009672619,0.0543154761905
2012-07-11 07:39:52,928,1,61.2665922619,0.065625
2012-07-11 07:39:53,929,1,61.3566964286,0.0901041666666
2012-07-11 07:39:54,930,1,61.4700892857,0.113392857143
2012-07-11 07:39:55,931,1,61.5959077381,0.125818452381
2012-07-11 07:39:56,932,1,61.7273809524,0.131473214286
2012-07-11 07:39:57,933,1,61.868452381,0.141071428572
2012-07-11 07:39:58,934,1,62.0322916667,0.163839285714
2012-07-11 07:39:59,935,1,62.2321428571,0.199851190476
2012-07-11 07:40:00,936,1,62.4679315476,0.235788690476
2012-07-11 07:40:01,937,1,62.7280505952,0.260119047619
2012-07-11 07:40:02,938,1,63.0026785714,0.274627976191
2012-07-11 07:40:03,939,1,63.2844494048,0.281770833333
2012-07-11 07:40:04,940,1,63.5623511905,0.277901785714
2012-07-11 07:40:05,941,1,63.8244047619,0.262053571429
2012-07-11 07:40:06,942,1,64.0627232143,0.238318452381
2012-07-11 07:40:07,943,1,64.2744047619,0.211681547619
2012-07-11 07:40:08,944,1,64.4568452381,0.18244047619
2012-07-11 07:40:09,945,1,64.5977678571,0.140922619048
2012-07-11 07:40:10,946,1,64.6758184524,0.078050595238
2012-07-11 07:40:11,947,1,64.6781994048,0.002380952381
2012-07-11 07:40:12,948,1,64.6099702381,-0.0682291666667
2012-07-11 07:40:13,949,1,64.484672619,-0.125297619048
2012-07-11 07:40:14,950,1,64.3165922619,-0.168080357143
2012-07-11 07:40:15,951,1,64.1211309524,-0.195461309524
2012-07-11 07:40:16,952,1,63.9156994048,-0.205431547619
2012-07-11 07:40:17,953,1,63.7177827381,-0.197916666667
2012-07-11 07:40:18,954,1,63.5379464286,-0.179836309524
2012-07-11 07:40:19,955,1,63.374702381,-0.163244047619
2012-07-11 07:40:20,956,1,63.2199404762,-0.154761904762
2012-07-11 07:40:21,957,1,63.0697916667,-0.150148809524
2012-07-11 07:40:22,958,1,62.9332589286,-0.136532738095
2012-07-11 07:40:23,959,1,62.8365327381,-0.0967261904762
2012-07-11 07:40:24,960,1,62.8203125,-0.0162202380952
2012-07-11 07:40:25,961,1,62.9257440476,0.105431547619
2012-07-11 07:40:26,962,1,63.1716517857,0.245907738095
2012-07-11 07:40:27,963,1,63.5389136905,0.367261904762
2012-07-11 07:40:28,964,1,63.978422619,0.439508928571
2012-07-11 07:40:29,965,1,64.4415922619,0.463169642857
2012-07-11 07:40:30,966,1,64.9077380952,0.466145833333
2012-07-11 07:40:31,967,1,65.3756696429,0.467931547619
2012-07-11 07:40:32,968,1,65.8253720238,0.449702380952
2012-07-11 07:40:33,969,1,66.1998511905,0.374479166667
2012-07-11 07:40:34,970,1,66.4350446429,0.235193452381
2012-07-11 07:40:35,971,1,66.505952381,0.0709077380952
2012-07-11 07:40:36,972,1,66.4411458333,-0.0648065476191
2012-07-11 07:40:37,973,1,66.2871279762,-0.154017857143
2012-07-11 07:40:38,974,1,66.0382440476,-0.248883928572
2012-07-11 07:40:39,975,1,65.580952381,-0.457291666667
2012-07-11 07:40:40,976,1,64.7051339286,-0.875818452381
2012-07-11 07:40:41,977,1,63.1642857143,-1.54084821429
2012-07-11 07:40:42,978,1,60.7114583333,-2.45282738095
2012-07-11 07:40:43,979,1,57.1159970238,-3.59546130952
2012-07-11 07:40:44,980,1,52.2488839286,-4.86711309524
2012-07-11 07:40:45,981,1,46.248139881,-6.00074404762
2012-07-11 07:40:46,982,1,39.6421130952,-6.60602678571
2012-07-11 07:40:47,983,1,33.2758928571,-6.3662202381
2012-07-11 07:40:48,984,1,27.9970982143,-5.27879464286
2012-07-11 07:40:49,985,1,24.2758184524,-3.7212797619
2012-07-11 07:40:50,986,1,22.0526785714,-2.22313988095
2012-07-11 07:40:51,987,1,20.9269345238,-1.12574404762
2012-07-11 07:40:52,988,1,20.488764881,-0.438169642857
2012-07-11 07:40:53,989,1,20.5179315476,0.0291666666667
2012-07-11 07:40:54,990,1,20.9563244048,0.438392857143
2012-07-11 07:40:55,991,1,21.7681547619,0.811830357143
2012-07-11 07:40:56,992,1,22.848735119,1.08058035714
2012-07-11 07:40:57,993,1,24.0479910714,1.19925595238
2012-07-11 07:40:58,994,1,25.2497767857,1.20178571429
2012-07-11 07:40:59,995,1,26.4099702381,1.16019345238
2012-07-11 07:41:00,996,1,27.5316220238,1.12165178571
2012-07-11 07:41:01,997,1,28.6243303571,1.09270833333
2012-07-11 07:41:02,998,1,29.6747767857,1.05044642857
2012-07-11 07:41:03,999,1,30.6288690476,0.954092261905
2012-07-11 07:41:04,1000,1,31.4031994048,0.774330357143
2012-07-11 07:41:05,1001,1,31.9321428571,0.528943452381
2012-07-11 07:41:06,1002,1,32.2126488095,0.280505952381
2012-07-11 07:41:07,1003,1,32.3071428571,0.0944940476191
2012-07-11 07:41:08,1004,1,32.3035714286,-0.0035714285715
2012-07-11 07:41:09,1005,1,32.2654761905,-0.0380952380952
2012-07-11 07:41:10,1006,1,32.2151785714,-0.0502976190476
2012-07-11 07:41:11,1007,1,32.1619791667,-0.0531994047619
2012-07-11 07:41:12,1008,1,32.143452381,-0.0185267857143
2012-07-11 07:41:13,1009,1,32.240922619,0.0974702380952
2012-07-11 07:41:14,1010,1,32.551264881,0.310342261905
2012-07-11 07:41:15,1011,1,33.1313244048,0.580059523809
2012-07-11 07:41:16,1012,1,33.9595982143,0.828273809524
2012-07-11 07:41:17,1013,1,34.9476934524,0.988095238095
2012-07-11 07:41:18,1014,1,35.9949404762,1.04724702381
2012-07-11 07:41:19,1015,1,37.0427827381,1.0478422619
2012-07-11 07:41:20,1016,1,38.0781994048,1.03541666667
2012-07-11 07:41:21,1017,1,39.0821428571,1.00394345238
2012-07-11 07:41:22,1018,1,39.9769345238,0.894791666667
2012-07-11 07:41:23,1019,1,40.6352678571,0.658333333333
2012-07-11 07:41:24,1020,1,40.9595238095,0.324255952381
2012-07-11 07:41:25,1021,1,40.961235119,0.0017113095238
2012-07-11 07:41:26,1022,1,40.7537202381,-0.207514880952
2012-07-11 07:41:27,1023,1,40.440327381,-0.313392857143
2012-07-11 07:41:28,1024,1,39.9848958333,-0.455431547619
2012-07-11 07:41:29,1025,1,39.215922619,-0.768973214286
2012-07-11 07:41:30,1026,1,38.00625,-1.20967261905
2012-07-11 07:41:31,1027,1,36.4479166667,-1.55833333333
2012-07-11 07:41:32,1028,1,34.8314732143,-1.61644345238
2012-07-11 07:41:33,1029,1,33.4585565476,-1.37291666667
2012-07-11 07:41:34,1030,1,32.4649553571,-0.993601190476
2012-07-11 07:41:35,1031,1,31.8053571429,-0.659598214286
2012-07-11 07:41:36,1032,1,31.3930803571,-0.412276785714
2012-07-11 07:41:37,1033,1,31.2158482143,-0.177232142857
2012-07-11 07:41:38,1034,1,31.2953125,0.0794642857143
2012-07-11 07:41:39,1035,1,31.5758184524,0.280505952381
2012-07-11 07:41:40,1036,1,31.9016369048,0.325818452381
2012-07-11 07:41:41,1037,1,32.1126488095,0.211011904762
2012-07-11 07:41:42,1038,1,32.1530505952,0.0404017857143
2012-07-11 07:41:43,1039,1,32.0821428571,-0.0709077380952
2012-07-11 07:41:44,1040,1,31.9860119048,-0.096130952381
2012-07-11 07:41:45,1041,1,31.8890625,-0.0969494047619
2012-07-11 07:41:46,1042,1,31.7478422619,-0.141220238095
2012-07-11 07:41:47,1043,1,31.5095982143,-0.238244047619
2012-07-11 07:41:48,1044,1,31.1618303571,-0.347767857143
2012-07-11 07:41:49,1045,1,30.7406994048,-0.421130952381
2012-07-11 07:41:50,1046,1,30.3222470238,-0.418452380952
2012-07-11 07:41:51,1047,1,30.0130952381,-0.309151785714
2012-07-11 07:41:52,1048,1,29.9255952381,-0.0875
2012-07-11 07:41:53,1049,1,30.1330357143,0.20744047619
2012-07-11 07:41:54,1050,1,30.635639881,0.502604166667
2012-07-11 07:41:55,1051,1,31.3691964286,0.733556547619
2012-07-11 07:41:56,1052,1,32.2474702381,0.878273809524
2012-07-11 07:41:57,1053,1,33.1921875,0.944717261905
2012-07-11 07:41:58,1054,1,34.1297619048,0.937574404762
2012-07-11 07:41:59,1055,1,34.9938244048,0.8640625
2012-07-11 07:42:00,1056,1,35.7558779762,0.762053571429
2012-07-11 07:42:01,1057,1,36.4452380952,0.689360119048
2012-07-11 07:42:02,1058,1,37.1292410714,0.68400297619
2012-07-11 07:42:03,1059,1,37.8673363095,0.738095238095
2012-07-11 07:42:04,1060,1,38.6732142857,0.805877976191
2012-07-11 07:42:05,1061,1,39.5203125,0.847098214286
2012-07-11 07:42:06,1062,1,40.3786458333,0.858333333333
2012-07-11 07:42:07,1063,1,41.230952381,0.852306547619
2012-07-11 07:42:08,1064,1,42.0563244048,0.825372023809
2012-07-11 07:42:09,1065,1,42.8123511905,0.756026785714
2012-07-11 07:42:10,1066,1,43.4360119048,0.623660714286
2012-07-11 07:42:11,1067,1,43.8663690476,0.430357142857
2012-07-11 07:42:12,1068,1,44.08125,0.214880952381
2012-07-11 07:42:13,1069,1,44.1230654762,0.0418154761905
2012-07-11 07:42:14,1070,1,44.0880208333,-0.0350446428572
2012-07-11 07:42:15,1071,1,44.08125,-0.00677083333331
2012-07-11 07:42:16,1072,1,44.1689732143,0.0877232142857
2012-07-11 07:42:17,1073,1,44.3572172619,0.188244047619
2012-07-11 07:42:18,1074,1,44.6010416667,0.243824404762
2012-07-11 07:42:19,1075,1,44.828125,0.227083333333
2012-07-11 07:42:20,1076,1,44.9668154762,0.13869047619
2012-07-11 07:42:21,1077,1,44.9776041667,0.0107886904762
2012-07-11 07:42:22,1078,1,44.8712797619,-0.106324404762
2012-07-11 07:42:23,1079,1,44.6979166667,-0.173363095238
2012-07-11 07:42:24,1080,1,44.5216517857,-0.176264880952
2012-07-11 07:42:25,1081,1,44.4,-0.121651785714
2012-07-11 07:42:26,1082,1,44.3703125,-0.0296875
2012-07-11 07:42:27,1083,1,44.4415178571,0.0712053571428
2012-07-11 07:42:28,1084,1,44.5844494048,0.142931547619
2012-07-11 07:42:29,1085,1,44.7277529762,0.143303571429
2012-07-11 07:42:30,1086,1,44.7796875,0.0519345238095
2012-07-11 07:42:31,1087,1,44.6629464286,-0.116741071429
2012-07-11 07:42:32,1088,1,44.3345238095,-0.328422619048
2012-07-11 07:42:33,1089,1,43.7904761905,-0.544047619048
2012-07-11 07:42:34,1090,1,43.0560267857,-0.734449404762
2012-07-11 07:42:35,1091,1,42.1651785714,-0.890848214286
2012-07-11 07:42:36,1092,1,41.1494047619,-1.01577380952
2012-07-11 07:42:37,1093,1,40.004389881,-1.14501488095
2012-07-11 07:42:38,1094,1,38.6019345238,-1.40245535714
2012-07-11 07:42:39,1095,1,36.6542410714,-1.94769345238
2012-07-11 07:42:40,1096,1,33.854389881,-2.79985119048
2012-07-11 07:42:41,1097,1,30.0944196429,-3.7599702381
2012-07-11 07:42:42,1098,1,25.5479166667,-4.54650297619
2012-07-11 07:42:43,1099,1,20.5905505952,-4.95736607143
2012-07-11 07:42:44,1100,1,15.7039434524,-4.88660714286
2012-07-11 07:42:45,1101,1,11.4010416667,-4.30290178571
2012-07-11 07:42:46,1102,1,8.10357142857,-3.2974702381
2012-07-11 07:42:47,1103,1,5.99486607143,-2.10870535714
2012-07-11 07:42:48,1104,1,4.9290922619,-1.06577380952
2012-07-11 07:42:49,1105,1,4.49092261905,-0.438169642857
2012-07-11 07:42:50,1106,1,4.24955357143,-0.241369047619
2012-07-11 07:42:51,1107,1,3.99196428571,-0.257589285714
2012-07-11 07:42:52,1108,1,3.7,-0.291964285714
2012-07-11 07:42:53,1109,1,3.39553571429,-0.304464285714
2012-07-11 07:42:54,1110,1,3.07008928571,-0.325446428571
2012-07-11 07:42:55,1111,1,2.72782738095,-0.342261904762
2012-07-11 07:42:56,1112,1,2.4931547619,-0.234672619048
2012-07-11 07:42:57,1113,1,2.65930059524,0.166145833333
2012-07-11 07:42:58,1114,1,3.55357142857,0.894270833333
2012-07-11 07:42:59,1115,1,5.30967261905,1.75610119048
2012-07-11 07:43:00,1116,1,7.74888392857,2.43921130952
2012-07-11 07:43:01,1117,1,10.4647321429,2.71584821429
2012-07-11 07:43:02,1118,1,13.0595238095,2.59479166667
2012-07-11 07:43:03,1119,1,15.342485119,2.28296130952
2012-07-11 07:43:04,1120,1,17.3290922619,1.98660714286
2012-07-11 07:43:05,1121,1,19.1136904762,1.78459821429
2012-07-11 07:43:06,1122,1,20.7701636905,1.65647321429
2012-07-11 07:43:07,1123,1,22.3145833333,1.54441964286
2012-07-11 07:43:08,1124,1,23.7119791667,1.39739583333
2012-07-11 07:43:09,1125,1,24.9194196429,1.20744047619
2012-07-11 07:43:10,1126,1,25.9252232143,1.00580357143
2012-07-11 07:43:11,1127,1,26.7435267857,0.818303571429
2012-07-11 07:43:12,1128,1,27.3811011905,0.637574404762
2012-07-11 07:43:13,1129,1,27.8279017857,0.446800595238
2012-07-11 07:43:14,1130,1,28.0938988095,0.26599702381
2012-07-11 07:43:15,1131,1,28.2530505952,0.159151785714
2012-07-11 07:43:16,1132,1,28.4357142857,0.182663690476
2012-07-11 07:43:17,1133,1,28.7677827381,0.332068452381
2012-07-11 07:43:18,1134,1,29.3063988095,0.538616071429
2012-07-11 07:43:19,1135,1,30.0068452381,0.700446428571
2012-07-11 07:43:20,1136,1,30.7386160714,0.731770833333
2012-07-11 07:43:21,1137,1,31.3654761905,0.626860119048
2012-07-11 07:43:22,1138,1,31.8405505952,0.475074404762
2012-07-11 07:43:23,1139,1,32.21875,0.378199404762
2012-07-11 07:43:24,1140,1,32.5732142857,0.354464285714
2012-07-11 07:43:25,1141,1,32.9026785714,0.329464285714
2012-07-11 07:43:26,1142,1,33.1145833333,0.211904761905
2012-07-11 07:43:27,1143,1,33.1087797619,-0.0058035714285
2012-07-11 07:43:28,1144,1,32.8803571429,-0.228422619048
2012-07-11 07:43:29,1145,1,32.5175595238,-0.362797619048
2012-07-11 07:43:30,1146,1,32.1076636905,-0.409895833333
2012-07-11 07:43:31,1147,1,31.6533482143,-0.454315476191
2012-07-11 07:43:32,1148,1,31.0412946429,-0.612053571429
2012-07-11 07:43:33,1149,1,30.0884672619,-0.952827380952
2012-07-11 07:43:34,1150,1,28.6614583333,-1.42700892857
2012-07-11 07:43:35,1151,1,26.7729910714,-1.8884672619
2012-07-11 07:43:36,1152,1,24.5884672619,-2.18452380952
2012-07-11 07:43:37,1153,1,22.3636904762,-2.22477678571
2012-07-11 07:43:38,1154,1,20.353125,-2.01056547619
2012-07-11 07:43:39,1155,1,18.7311011905,-1.62202380952
2012-07-11 07:43:40,1156,1,17.5571428571,-1.17395833333
2012-07-11 07:43:41,1157,1,16.7920386905,-0.765104166667
2012-07-11 07:43:42,1158,1,16.3726934524,-0.419345238095
2012-07-11 07:43:43,1159,1,16.3159970238,-0.0566964285715
2012-07-11 07:43:44,1160,1,16.7474702381,0.431473214286
2012-07-11 07:43:45,1161,1,17.7938244048,1.04635416667
2012-07-11 07:43:46,1162,1,19.4374255952,1.64360119048
2012-07-11 07:43:47,1163,1,21.4866071429,2.04918154762
2012-07-11 07:43:48,1164,1,23.6883928571,2.20178571429
2012-07-11 07:43:49,1165,1,25.8625,2.17410714286
2012-07-11 07:43:50,1166,1,27.932514881,2.07001488095
2012-07-11 07:43:51,1167,1,29.8615327381,1.92901785714
2012-07-11 07:43:52,1168,1,31.5965029762,1.7349702381
2012-07-11 07:43:53,1169,1,33.0796130952,1.48311011905
2012-07-11 07:43:54,1170,1,34.2941220238,1.21450892857
2012-07-11 07:43:55,1171,1,35.2902529762,0.996130952381
2012-07-11 07:43:56,1172,1,36.1663690476,0.876116071428
2012-07-11 07:43:57,1173,1,37.0183035714,0.85193452381
2012-07-11 07:43:58,1174,1,37.8929315476,0.87462797619
2012-07-11 07:43:59,1175,1,38.7732142857,0.880282738095
2012-07-11 07:44:00,1176,1,39.5992559524,0.826041666667
2012-07-11 07:44:01,1177,1,40.310639881,0.711383928572
2012-07-11 07:44:02,1178,1,40.884077381,0.5734375
2012-07-11 07:44:03,1179,1,41.3492559524,0.465178571429
2012-07-11 07:44:04,1180,1,41.7764136905,0.427157738095
2012-07-11 07:44:05,1181,1,42.2376488095,0.461235119048
2012-07-11 07:44:06,1182,1,42.7688244048,0.531175595238
2012-07-11 07:44:07,1183,1,43.3625,0.593675595238
2012-07-11 07:44:08,1184,1,43.9895089286,0.627008928571
2012-07-11 07:44:09,1185,1,44.6279761905,0.638467261905
2012-07-11 07:44:10,1186,1,45.2839285714,0.655952380952
2012-07-11 07:44:11,1187,1,45.9942708333,0.710342261905
2012-07-11 07:44:12,1188,1,46.8073660714,0.813095238095
2012-07-11 07:44:13,1189,1,47.7479910714,0.940625
2012-07-11 07:44:14,1190,1,48.7923363095,1.0443452381
2012-07-11 07:44:15,1191,1,49.8741815476,1.0818452381
2012-07-11 07:44:16,1192,1,50.9129464286,1.03876488095
2012-07-11 07:44:17,1193,1,51.8410714286,0.928125
2012-07-11 07:44:18,1194,1,52.6169642857,0.775892857143
2012-07-11 07:44:19,1195,1,53.2254464286,0.608482142857
2012-07-11 07:44:20,1196,1,53.6806547619,0.455208333333
2012-07-11 07:44:21,1197,1,54.0307291667,0.350074404762
2012-07-11 07:44:22,1198,1,54.3415922619,0.310863095238
2012-07-11 07:44:23,1199,1,54.6595238095,0.317931547619
2012-07-11 07:44:24,1200,1,54.987202381,0.327678571429
2012-07-11 07:44:25,1201,1,55.2944940476,0.307291666667
2012-07-11 07:44:26,1202,1,55.5483630952,0.253869047619
2012-07-11 07:44:27,1203,1,55.7399553571,0.191592261905
2012-07-11 07:44:28,1204,1,55.8985863095,0.158630952381
2012-07-11 07:44:29,1205,1,56.0853422619,0.186755952381
2012-07-11 07:44:30,1206,1,56.3662202381,0.28087797619
2012-07-11 07:44:31,1207,1,56.7783482143,0.41212797619
2012-07-11 07:44:32,1208,1,57.3076636905,0.52931547619
2012-07-11 07:44:33,1209,1,57.8923363095,0.584672619048
2012-07-11 07:44:34,1210,1,58.4511904762,0.558854166667
2012-07-11 07:44:35,1211,1,58.9179315476,0.466741071429
2012-07-11 07:44:36,1212,1,59.266889881,0.348958333333
2012-07-11 07:44:37,1213,1,59.5308779762,0.263988095238
2012-07-11 07:44:38,1214,1,59.8014136905,0.270535714286
2012-07-11 07:44:39,1215,1,60.1921130952,0.390699404762
2012-07-11 07:44:40,1216,1,60.7750744048,0.582961309524
2012-07-11 07:44:41,1217,1,61.5345982143,0.759523809524
2012-07-11 07:44:42,1218,1,62.375,0.840401785714
2012-07-11 07:44:43,1219,1,63.1767857143,0.801785714286
2012-07-11 07:44:44,1220,1,63.859077381,0.682291666667
2012-07-11 07:44:45,1221,1,64.4072916667,0.548214285714
2012-07-11 07:44:46,1222,1,64.8578869048,0.450595238095
2012-07-11 07:44:47,1223,1,65.2609375,0.403050595238
2012-07-11 07:44:48,1224,1,65.6462053571,0.385267857143
2012-07-11 07:44:49,1225,1,66.0061755952,0.359970238095
2012-07-11 07:44:50,1226,1,66.2986607143,0.292485119048
2012-07-11 07:44:51,1227,1,66.4745535714,0.175892857143
2012-07-11 07:44:52,1228,1,66.5274553571,0.0529017857143
2012-07-11 07:44:53,1229,1,66.5233630952,-0.0040922619048
2012-07-11 07:44:54,1230,1,66.5604910714,0.0371279761905
2012-07-11 07:44:55,1231,1,66.6757440476,0.11525297619
2012-07-11 07:44:56,1232,1,66.7682291667,0.0924851190477
2012-07-11 07:44:57,1233,1,66.5848214286,-0.183407738095
2012-07-11 07:44:58,1234,1,65.7973214286,-0.7875
2012-07-11 07:44:59,1235,1,64.1877232143,-1.60959821429
2012-07-11 07:45:00,1236,1,61.8375,-2.35022321429
2012-07-11 07:45:01,1237,1,59.1398065476,-2.69769345238
2012-07-11 07:45:02,1238,1,56.5855654762,-2.55424107143
2012-07-11 07:45:03,1239,1,54.4694196429,-2.11614583333
2012-07-11 07:45:04,1240,1,52.764360119,-1.70505952381
2012-07-11 07:45:05,1241,1,51.301860119,-1.4625
2012-07-11 07:45:06,1242,1,50.0595238095,-1.24233630952
2012-07-11 07:45:07,1243,1,49.2203125,-0.839211309524
2012-07-11 07:45:08,1244,1,48.9563988095,-0.263913690476
2012-07-11 07:45:09,1245,1,49.1958333333,0.239434523809
2012-07-11 07:45:10,1246,1,49.6172619048,0.421428571429
2012-07-11 07:45:11,1247,1,49.8694940476,0.252232142857
2012-07-11 07:45:12,1248,1,49.7886160714,-0.0808779761904
2012-07-11 07:45:13,1249,1,49.4302083333,-0.358407738095
2012-07-11 07:45:14,1250,1,48.9567708333,-0.4734375
2012-07-11 07:45:15,1251,1,48.5189732143,-0.437797619048
2012-07-11 07:45:16,1252,1,48.2031994048,-0.315773809524
2012-07-11 07:45:17,1253,1,48.0347470238,-0.168452380952
2012-07-11 07:45:18,1254,1,47.9959077381,-0.0388392857143
2012-07-11 07:45:19,1255,1,48.0348958333,0.0389880952381
2012-07-11 07:45:20,1256,1,48.0776041667,0.0427083333334
2012-07-11 07:45:21,1257,1,48.0654761905,-0.0121279761905
2012-07-11 07:45:22,1258,1,48.0006696429,-0.0648065476191
2012-07-11 07:45:23,1259,1,47.947172619,-0.0534970238095
2012-07-11 07:45:24,1260,1,47.9808035714,0.033630952381
2012-07-11 07:45:25,1261,1,48.1360119048,0.155208333333
2012-07-11 07:45:26,1262,1,48.3929315476,0.256919642857
2012-07-11 07:45:27,1263,1,48.7072916667,0.314360119048
2012-07-11 07:45:28,1264,1,49.0469494048,0.339657738095
2012-07-11 07:45:29,1265,1,49.4005952381,0.353645833333
2012-07-11 07:45:30,1266,1,49.7645833333,0.363988095238
2012-07-11 07:45:31,1267,1,50.1331845238,0.368601190476
2012-07-11 07:45:32,1268,1,50.500297619,0.367113095238
2012-07-11 07:45:33,1269,1,50.8630952381,0.362797619048
2012-07-11 07:45:34,1270,1,51.2218005952,0.358705357143
2012-07-11 07:45:35,1271,1,51.5794642857,0.357663690476
2012-07-11 07:45:36,1272,1,51.9401041667,0.360639880952
2012-07-11 07:45:37,1273,1,52.3015625,0.361458333333
2012-07-11 07:45:38,1274,1,52.6499255952,0.348363095238
2012-07-11 07:45:39,1275,1,52.9639880952,0.3140625
2012-07-11 07:45:40,1276,1,53.2308035714,0.266815476191
2012-07-11 07:45:41,1277,1,53.4615327381,0.230729166667
2012-07-11 07:45:42,1278,1,53.6908482143,0.229315476191
2012-07-11 07:45:43,1279,1,53.9582589286,0.267410714286
2012-07-11 07:45:44,1280,1,54.2882440476,0.329985119048
2012-07-11 07:45:45,1281,1,54.6869047619,0.398660714286
2012-07-11 07:45:46,1282,1,55.1536458333,0.466741071429
2012-07-11 07:45:47,1283,1,55.6883928571,0.53474702381
2012-07-11 07:45:48,1284,1,56.2878720238,0.599479166667
2012-07-11 07:45:49,1285,1,56.941889881,0.654017857143
2012-07-11 07:45:50,1286,1,57.6339285714,0.692038690476
2012-07-11 07:45:51,1287,1,58.3463541667,0.712425595238
2012-07-11 07:45:52,1288,1,59.067485119,0.721130952381
2012-07-11 07:45:53,1289,1,59.7892113095,0.721726190476
2012-07-11 07:45:54,1290,1,60.498139881,0.708928571429
2012-07-11 07:45:55,1291,1,61.1755208333,0.677380952381
2012-07-11 07:45:56,1292,1,61.8016369048,0.626116071429
2012-07-11 07:45:57,1293,1,62.3553571429,0.553720238095
2012-07-11 07:45:58,1294,1,62.8181547619,0.462797619048
2012-07-11 07:45:59,1295,1,63.1848958333,0.366741071428
2012-07-11 07:46:00,1296,1,63.4688988095,0.284002976191
2012-07-11 07:46:01,1297,1,63.7000744048,0.231175595238
2012-07-11 07:46:02,1298,1,63.9195684524,0.219494047619
2012-07-11 07:46:03,1299,1,64.167485119,0.247916666667
2012-07-11 07:46:04,1300,1,64.4692708333,0.301785714286
2012-07-11 07:46:05,1301,1,64.8297619048,0.360491071429
2012-07-11 07:46:06,1302,1,65.2347470238,0.404985119048
2012-07-11 07:46:07,1303,1,65.6598958333,0.425148809524
2012-07-11 07:46:08,1304,1,66.0842261905,0.424330357143
2012-07-11 07:46:09,1305,1,66.4985119048,0.414285714286
2012-07-11 07:46:10,1306,1,66.9034970238,0.404985119048
2012-07-11 07:46:11,1307,1,67.3008928571,0.397395833333
2012-07-11 07:46:12,1308,1,67.686235119,0.385342261905
2012-07-11 07:46:13,1309,1,68.0504464286,0.364211309524
2012-07-11 07:46:14,1310,1,68.3850446429,0.334598214286
2012-07-11 07:46:15,1311,1,68.6851934524,0.300148809524
2012-07-11 07:46:16,1312,1,68.951264881,0.266071428571
2012-07-11 07:46:17,1313,1,69.1873511905,0.236086309524
2012-07-11 07:46:18,1314,1,69.3977678571,0.210416666667
2012-07-11 07:46:19,1315,1,69.5872767857,0.189508928571
2012-07-11 07:46:20,1316,1,69.7632440476,0.175967261905
2012-07-11 07:46:21,1317,1,69.9359375,0.172693452381
2012-07-11 07:46:22,1318,1,70.1179315476,0.181994047619
2012-07-11 07:46:23,1319,1,70.3186755952,0.200744047619
2012-07-11 07:46:24,1320,1,70.5351190476,0.216443452381
2012-07-11 07:46:25,1321,1,70.7511160714,0.21599702381
2012-07-11 07:46:26,1322,1,70.9464285714,0.1953125
2012-07-11 07:46:27,1323,1,71.1049107143,0.158482142857
2012-07-11 07:46:28,1324,1,71.2210565476,0.116145833333
2012-07-11 07:46:29,1325,1,71.3070684524,0.0860119047619
2012-07-11 07:46:30,1326,1,71.3950892857,0.0880208333334
2012-07-11 07:46:31,1327,1,71.5254464286,0.130357142857
2012-07-11 07:46:32,1328,1,71.7209077381,0.195461309524
2012-07-11 07:46:33,1329,1,71.9658482143,0.24494047619
2012-07-11 07:46:34,1330,1,72.2115327381,0.24568452381
2012-07-11 07:46:35,1331,1,72.4094494048,0.197916666667
2012-07-11 07:46:36,1332,1,72.5494791667,0.140029761905
2012-07-11 07:46:37,1333,1,72.6655505952,0.116071428571
2012-07-11 07:46:38,1334,1,72.7957589286,0.130208333333
2012-07-11 07:46:39,1335,1,72.93125,0.135491071429
2012-07-11 07:46:40,1336,1,73.0008928571,0.0696428571429
2012-07-11 07:46:41,1337,1,72.9084077381,-0.0924851190477
2012-07-11 07:46:42,1338,1,72.5999255952,-0.308482142857
2012-07-11 07:46:43,1339,1,72.1089285714,-0.490997023809
2012-07-11 07:46:44,1340,1,71.5313988095,-0.577529761905
2012-07-11 07:46:45,1341,1,70.9511904762,-0.580208333333
2012-07-11 07:46:46,1342,1,70.3886160714,-0.562574404762
2012-07-11 07:46:47,1343,1,69.8148065476,-0.57380952381
2012-07-11 07:46:48,1344,1,69.2111607143,-0.603645833333
2012-07-11 07:46:49,1345,1,68.6159970238,-0.595163690476
2012-07-11 07:46:50,1346,1,68.1155505952,-0.500446428571
2012-07-11 07:46:51,1347,1,67.7921875,-0.323363095238
2012-07-11 07:46:52,1348,1,67.6698660714,-0.122321428571
2012-07-11 07:46:53,1349,1,67.6905505952,0.0206845238095
2012-07-11 07:46:54,1350,1,67.7447172619,0.0541666666667
2012-07-11 07:46:55,1351,1,67.7363095238,-0.0084077380953
2012-07-11 07:46:56,1352,1,67.6266369048,-0.109672619048
2012-07-11 07:46:57,1353,1,67.4299107143,-0.196726190476
2012-07-11 07:46:58,1354,1,67.1769345238,-0.252976190476
2012-07-11 07:46:59,1355,1,66.8871279762,-0.289806547619
2012-07-11 07:47:00,1356,1,66.5808779762,-0.30625
2012-07-11 07:47:01,1357,1,66.3075892857,-0.273288690476
2012-07-11 07:47:02,1358,1,66.1383928571,-0.169196428571
2012-07-11 07:47:03,1359,1,66.1271577381,-0.0112351190477
2012-07-11 07:47:04,1360,1,66.2831845238,0.156026785714
2012-07-11 07:47:05,1361,1,66.573735119,0.290550595238
2012-07-11 07:47:06,1362,1,66.9445684524,0.370833333333
2012-07-11 07:47:07,1363,1,67.3425595238,0.397991071428
2012-07-11 07:47:08,1364,1,67.7323660714,0.389806547619
2012-07-11 07:47:09,1365,1,68.103125,0.370758928571
2012-07-11 07:47:10,1366,1,68.4579613095,0.354836309524
2012-07-11 07:47:11,1367,1,68.7894345238,0.331473214286
2012-07-11 07:47:12,1368,1,69.0662202381,0.276785714286
2012-07-11 07:47:13,1369,1,69.2500744048,0.183854166667
2012-07-11 07:47:14,1370,1,69.3276785714,0.0776041666667
2012-07-11 07:47:15,1371,1,69.3255952381,-0.0020833333334
2012-07-11 07:47:16,1372,1,69.2953869048,-0.0302083333333
2012-07-11 07:47:17,1373,1,69.287202381,-0.0081845238095
2012-07-11 07:47:18,1374,1,69.3339285714,0.0467261904762
2012-07-11 07:47:19,1375,1,69.4530505952,0.119122023809
2012-07-11 07:47:20,1376,1,69.6682291667,0.215178571429
2012-07-11 07:47:21,1377,1,70.0094494048,0.341220238095
2012-07-11 07:47:22,1378,1,70.4540178571,0.444568452381
2012-07-11 07:47:23,1379,1,70.8969494048,0.442931547619
2012-07-11 07:47:24,1380,1,71.2191964286,0.322247023809
2012-07-11 07:47:25,1381,1,71.3645089286,0.1453125
2012-07-11 07:47:26,1382,1,71.3613095238,-0.0031994047619
2012-07-11 07:47:27,1383,1,71.2911458333,-0.0701636904762
2012-07-11 07:47:28,1384,1,71.2066220238,-0.0845238095238
2012-07-11 07:47:29,1385,1,71.0883184524,-0.118303571429
2012-07-11 07:47:30,1386,1,70.8970982143,-0.191220238095
2012-07-11 07:47:31,1387,1,70.623735119,-0.273363095238
2012-07-11 07:47:32,1388,1,70.280952381,-0.342782738095
2012-07-11 07:47:33,1389,1,69.8902529762,-0.390699404762
2012-07-11 07:47:34,1390,1,69.479389881,-0.410863095238
2012-07-11 07:47:35,1391,1,69.0730654762,-0.406324404762
2012-07-11 07:47:36,1392,1,68.6873511905,-0.385714285714
2012-07-11 07:47:37,1393,1,68.336235119,-0.351116071429
2012-07-11 07:47:38,1394,1,68.0374255952,-0.298809523809
2012-07-11 07:47:39,1395,1,67.8138392857,-0.223586309524
2012-07-11 07:47:40,1396,1,67.7003720238,-0.113467261905
2012-07-11 07:47:41,1397,1,67.7252232143,0.0248511904762
2012-07-11 07:47:42,1398,1,67.8334821429,0.108258928571
2012-07-11 07:47:43,1399,1,67.8522321429,0.01875
2012-07-11 07:47:44,1400,1,67.6022321429,-0.25
2012-07-11 07:47:45,1401,1,67.0489583333,-0.553273809524
2012-07-11 07:47:46,1402,1,66.334077381,-0.714880952381
2012-07-11 07:47:47,1403,1,65.6665922619,-0.667485119048
2012-07-11 07:47:48,1404,1,65.1517857143,-0.514806547619
2012-07-11 07:47:49,1405,1,64.7170386905,-0.434747023809
2012-07-11 07:47:50,1406,1,64.2238095238,-0.493229166667
2012-07-11 07:47:51,1407,1,63.6229910714,-0.600818452381
2012-07-11 07:47:52,1408,1,62.9891369048,-0.633854166667
2012-07-11 07:47:53,1409,1,62.4468005952,-0.542336309524
2012-07-11 07:47:54,1410,1,62.0763392857,-0.370461309524
2012-07-11 07:47:55,1411,1,61.8597470238,-0.216592261905
2012-07-11 07:47:56,1412,1,61.6904017857,-0.169345238095
2012-07-11 07:47:57,1413,1,61.4308779762,-0.259523809524
2012-07-11 07:47:58,1414,1,60.9831845238,-0.447693452381
2012-07-11 07:47:59,1415,1,60.3354910714,-0.647693452381
2012-07-11 07:48:00,1416,1,59.5625,-0.772991071429
2012-07-11 07:48:01,1417,1,58.787797619,-0.774702380952
2012-07-11 07:48:02,1418,1,58.1340029762,-0.653794642857
2012-07-11 07:48:03,1419,1,57.6796875,-0.454315476191
2012-07-11 07:48:04,1420,1,57.4406994048,-0.238988095238
2012-07-11 07:48:05,1421,1,57.3863839286,-0.0543154761905
2012-07-11 07:48:06,1422,1,57.4724702381,0.0860863095238
2012-07-11 07:48:07,1423,1,57.6613839286,0.188913690476
2012-07-11 07:48:08,1424,1,57.9238839286,0.2625
2012-07-11 07:48:09,1425,1,58.2351190476,0.311235119048
2012-07-11 07:48:10,1426,1,58.5741071429,0.338988095238
2012-07-11 07:48:11,1427,1,58.925297619,0.35119047619
2012-07-11 07:48:12,1428,1,59.2794642857,0.354166666667
2012-07-11 07:48:13,1429,1,59.6296875,0.350223214286
2012-07-11 07:48:14,1430,1,59.9485863095,0.318898809524
2012-07-11 07:48:15,1431,1,60.152827381,0.204241071429
2012-07-11 07:48:16,1432,1,60.1054315476,-0.0473958333334
2012-07-11 07:48:17,1433,1,59.6811011905,-0.424330357143
2012-07-11 07:48:18,1434,1,58.8423363095,-0.838764880952
2012-07-11 07:48:19,1435,1,57.6670386905,-1.17529761905
2012-07-11 07:48:20,1436,1,56.3172619048,-1.34977678571
2012-07-11 07:48:21,1437,1,54.9723214286,-1.34494047619
2012-07-11 07:48:22,1438,1,53.769047619,-1.20327380952
2012-07-11 07:48:23,1439,1,52.7784970238,-0.990550595238
2012-07-11 07:48:24,1440,1,52.0089285714,-0.769568452381
2012-07-11 07:48:25,1441,1,51.4223214286,-0.586607142857
2012-07-11 07:48:26,1442,1,50.9636160714,-0.458705357143
2012-07-11 07:48:27,1443,1,50.5811755952,-0.382440476191
2012-07-11 07:48:28,1444,1,50.2188988095,-0.362276785714
2012-07-11 07:48:29,1445,1,49.8069940476,-0.411904761905
2012-07-11 07:48:30,1446,1,49.2869047619,-0.520089285714
2012-07-11 07:48:31,1447,1,48.6569940476,-0.629910714286
2012-07-11 07:48:32,1448,1,47.9930803571,-0.663913690476
2012-07-11 07:48:33,1449,1,47.4180059524,-0.575074404762
2012-07-11 07:48:34,1450,1,47.0430803571,-0.374925595238
2012-07-11 07:48:35,1451,1,46.9277529762,-0.115327380952
2012-07-11 07:48:36,1452,1,47.0732886905,0.145535714286
2012-07-11 07:48:37,1453,1,47.4350446429,0.361755952381
2012-07-11 07:48:38,1454,1,47.9444196429,0.509375
2012-07-11 07:48:39,1455,1,48.5347470238,0.590327380952
2012-07-11 07:48:40,1456,1,49.1577380952,0.622991071429
2012-07-11 07:48:41,1457,1,49.7836309524,0.625892857143
2012-07-11 07:48:42,1458,1,50.3850446429,0.601413690476
2012-07-11 07:48:43,1459,1,50.9124255952,0.527380952381
2012-07-11 07:48:44,1460,1,51.2851934524,0.372767857143
2012-07-11 07:48:45,1461,1,51.41875,0.133556547619
2012-07-11 07:48:46,1462,1,51.2771577381,-0.141592261905
2012-07-11 07:48:47,1463,1,50.911235119,-0.365922619048
2012-07-11 07:48:48,1464,1,50.4427083333,-0.468526785714
2012-07-11 07:48:49,1465,1,50.0,-0.442708333333
2012-07-11 07:48:50,1466,1,49.6553571429,-0.344642857143
2012-07-11 07:48:51,1467,1,49.4052827381,-0.250074404762
2012-07-11 07:48:52,1468,1,49.1941964286,-0.211086309524
2012-07-11 07:48:53,1469,1,48.9523809524,-0.241815476191
2012-07-11 07:48:54,1470,1,48.6243303571,-0.328050595238
2012-07-11 07:48:55,1471,1,48.1859375,-0.438392857143
2012-07-11 07:48:56,1472,1,47.6561755952,-0.529761904762
2012-07-11 07:48:57,1473,1,47.0956845238,-0.560491071429
2012-07-11 07:48:58,1474,1,46.5808779762,-0.514806547619
2012-07-11 07:48:59,1475,1,46.1644345238,-0.416443452381
2012-07-11 07:49:00,1476,1,45.8490327381,-0.315401785714
2012-07-11 07:49:01,1477,1,45.5863839286,-0.262648809524
2012-07-11 07:49:02,1478,1,45.2974702381,-0.288913690476
2012-07-11 07:49:03,1479,1,44.9074404762,-0.390029761905
2012-07-11 07:49:04,1480,1,44.381547619,-0.525892857143
2012-07-11 07:49:05,1481,1,43.7438244048,-0.637723214286
2012-07-11 07:49:06,1482,1,43.0689732143,-0.674851190476
2012-07-11 07:49:07,1483,1,42.4511904762,-0.617782738095
2012-07-11 07:49:08,1484,1,41.9657738095,-0.485416666667
2012-07-11 07:49:09,1485,1,41.644047619,-0.321726190476
2012-07-11 07:49:10,1486,1,41.4742559524,-0.169791666667
2012-07-11 07:49:11,1487,1,41.423735119,-0.0505208333334
2012-07-11 07:49:12,1488,1,41.4631696429,0.0394345238095
2012-07-11 07:49:13,1489,1,41.5757440476,0.112574404762
2012-07-11 07:49:14,1490,1,41.7406994048,0.164955357143
2012-07-11 07:49:15,1491,1,41.8932291667,0.152529761905
2012-07-11 07:49:16,1492,1,41.8954613095,0.0022321428571
2012-07-11 07:49:17,1493,1,41.5526785714,-0.342782738095
2012-07-11 07:49:18,1494,1,40.6620535714,-0.890625
2012-07-11 07:49:19,1495,1,39.0726934524,-1.58936011905
2012-07-11 07:49:20,1496,1,36.7425595238,-2.33013392857
2012-07-11 07:49:21,1497,1,33.7572916667,-2.98526785714
2012-07-11 07:49:22,1498,1,30.297172619,-3.46011904762
2012-07-11 07:49:23,1499,1,26.5701636905,-3.72700892857
2012-07-11 07:49:24,1500,1,22.7391369048,-3.83102678571
2012-07-11 07:49:25,1501,1,18.9037946429,-3.8353422619
2012-07-11 07:49:26,1502,1,15.159077381,-3.7447172619
2012-07-11 07:49:27,1503,1,11.6671875,-3.49188988095
2012-07-11 07:49:28,1504,1,8.6869047619,-2.9802827381
2012-07-11 07:49:29,1505,1,6.51867559524,-2.16822916667
2012-07-11 07:49:30,1506,1,5.36941964286,-1.14925595238
2012-07-11 07:49:31,1507,1,5.25885416667,-0.11056547619
2012-07-11 07:49:32,1508,1,6.04828869048,0.78943452381
2012-07-11 07:49:33,1509,1,7.52760416667,1.47931547619
2012-07-11 07:49:34,1510,1,9.48236607143,1.95476190476
2012-07-11 07:49:35,1511,1,11.6957589286,2.21339285714
2012-07-11 07:49:36,1512,1,13.8970238095,2.20126488095
2012-07-11 07:49:37,1513,1,15.7671875,1.87016369048
2012-07-11 07:49:38,1514,1,17.0563244048,1.28913690476
2012-07-11 07:49:39,1515,1,17.709375,0.653050595238
2012-07-11 07:49:40,1516,1,17.8933035714,0.183928571429
2012-07-11 07:49:41,1517,1,17.9206845238,0.0273809523809
2012-07-11 07:49:42,1518,1,18.1241815476,0.20349702381
2012-07-11 07:49:43,1519,1,18.7447172619,0.620535714286
2012-07-11 07:49:44,1520,1,19.8678571429,1.12313988095
2012-07-11 07:49:45,1521,1,21.4125,1.54464285714
2012-07-11 07:49:46,1522,1,23.1742559524,1.76175595238
2012-07-11 07:49:47,1523,1,24.9104166667,1.73616071429
2012-07-11 07:49:48,1524,1,26.4215029762,1.51108630952
2012-07-11 07:49:49,1525,1,27.5909970238,1.16949404762
2012-07-11 07:49:50,1526,1,28.3839285714,0.792931547619
2012-07-11 07:49:51,1527,1,28.8294642857,0.445535714286
2012-07-11 07:49:52,1528,1,29.0040178571,0.174553571429
2012-07-11 07:49:53,1529,1,29.0061011905,0.0020833333333
2012-07-11 07:49:54,1530,1,28.9132440476,-0.0928571428572
2012-07-11 07:49:55,1531,1,28.7496279762,-0.163616071428
2012-07-11 07:49:56,1532,1,28.5063988095,-0.243229166667
2012-07-11 07:49:57,1533,1,28.1995535714,-0.306845238095
2012-07-11 07:49:58,1534,1,27.9071428571,-0.292410714286
2012-07-11 07:49:59,1535,1,27.7604166667,-0.146726190476
2012-07-11 07:50:00,1536,1,27.8974702381,0.137053571428
2012-07-11 07:50:01,1537,1,28.387797619,0.490327380952
2012-07-11 07:50:02,1538,1,29.161235119,0.7734375
2012-07-11 07:50:03,1539,1,30.0094494048,0.848214285714
2012-07-11 07:50:04,1540,1,30.6848958333,0.675446428571
2012-07-11 07:50:05,1541,1,31.018452381,0.333556547619
2012-07-11 07:50:06,1542,1,30.9410714286,-0.077380952381
2012-07-11 07:50:07,1543,1,30.3897321429,-0.551339285714
2012-07-11 07:50:08,1544,1,29.2135416667,-1.17619047619
2012-07-11 07:50:09,1545,1,27.2124255952,-2.00111607143
2012-07-11 07:50:10,1546,1,24.2894451531,-2.92298044218
2012-07-11 07:50:11,1547,1,20.5608205782,-3.72862457483
2012-07-11 07:50:12,1548,1,16.353210034,-4.20761054422
2012-07-11 07:50:13,1549,1,12.1591092687,-4.19410076531
2012-07-11 07:50:14,1550,1,8.54670493197,-3.61240433673
2012-07-11 07:50:15,1551,1,5.9656462585,-2.58105867347
2012-07-11 07:50:16,1552,1,4.55109481293,-1.41455144558
2012-07-11 07:50:17,1553,1,4.0756164966,-0.475478316327
2012-07-11 07:50:18,1554,1,4.08971088435,0.0140943877551
2012-07-11 07:50:19,1555,1,4.23365221088,0.143941326531
2012-07-11 07:50:20,1556,1,4.53576743197,0.302115221088
2012-07-11 07:50:21,1557,1,5.38149447279,0.845727040816
2012-07-11 07:50:22,1558,1,7.15570790816,1.77421343537
2012-07-11 07:50:23,1559,1,9.91683673469,2.76112882653
2012-07-11 07:50:24,1560,1,13.3353103741,3.41847363946
2012-07-11 07:50:25,1561,1,16.8862244898,3.55091411565
2012-07-11 07:50:26,1562,1,20.1618728741,3.27564838435
2012-07-11 07:50:27,1563,1,23.0371173469,2.87524447279
2012-07-11 07:50:28,1564,1,25.5619791667,2.52486181973
2012-07-11 07:50:29,1565,1,27.7877232143,2.22574404762
2012-07-11 07:50:30,1566,1,29.7077380952,1.92001488095
2012-07-11 07:50:31,1567,1,31.280952381,1.57321428571
2012-07-11 07:50:32,1568,1,32.4795386905,1.19858630952
2012-07-11 07:50:33,1569,1,33.3224702381,0.842931547619
2012-07-11 07:50:34,1570,1,33.8571428571,0.534672619048
2012-07-11 07:50:35,1571,1,34.1139136905,0.256770833333
2012-07-11 07:50:36,1572,1,34.0896577381,-0.024255952381
2012-07-11 07:50:37,1573,1,33.7699404762,-0.319717261905
2012-07-11 07:50:38,1574,1,33.1598958333,-0.610044642857
2012-07-11 07:50:39,1575,1,32.2749255952,-0.884970238095
2012-07-11 07:50:40,1576,1,31.0615327381,-1.21339285714
2012-07-11 07:50:41,1577,1,29.3404761905,-1.72105654762
2012-07-11 07:50:42,1578,1,26.9183035714,-2.42217261905
2012-07-11 07:50:43,1579,1,23.8155505952,-3.10275297619
2012-07-11 07:50:44,1580,1,20.376860119,-3.43869047619
2012-07-11 07:50:45,1581,1,17.1204613095,-3.25639880952
2012-07-11 07:50:46,1582,1,14.4222470238,-2.69821428571
2012-07-11 07:50:47,1583,1,12.3350446429,-2.08720238095
2012-07-11 07:50:48,1584,1,10.762797619,-1.57224702381
2012-07-11 07:50:49,1585,1,9.77641369048,-0.986383928571
2012-07-11 07:50:50,1586,1,9.65714285714,-0.119270833333
2012-07-11 07:50:51,1587,1,10.6054315476,0.948288690476
2012-07-11 07:50:52,1588,1,12.4417410714,1.83630952381
2012-07-11 07:50:53,1589,1,14.6201636905,2.17842261905
2012-07-11 07:50:54,1590,1,16.5473214286,1.9271577381
2012-07-11 07:50:55,1591,1,17.8885416667,1.3412202381
2012-07-11 07:50:56,1592,1,18.6121279762,0.723586309524
2012-07-11 07:50:57,1593,1,18.8503720238,0.238244047619
2012-07-11 07:50:58,1594,1,18.7730654762,-0.077306547619
2012-07-11 07:50:59,1595,1,18.523139881,-0.249925595238
2012-07-11 07:51:00,1596,1,18.1826636905,-0.340476190476
2012-07-11 07:51:01,1597,1,17.7729910714,-0.409672619048
2012-07-11 07:51:02,1598,1,17.2895833333,-0.483407738095
2012-07-11 07:51:03,1599,1,16.7511904762,-0.538392857143
2012-07-11 07:51:04,1600,1,16.224702381,-0.526488095238
2012-07-11 07:51:05,1601,1,15.7836309524,-0.441071428571
2012-07-11 07:51:06,1602,1,15.4428571429,-0.340773809524
2012-07-11 07:51:07,1603,1,15.1520089286,-0.290848214286
2012-07-11 07:51:08,1604,1,14.85,-0.302008928571
2012-07-11 07:51:09,1605,1,14.5358630952,-0.314136904762
2012-07-11 07:51:10,1606,1,14.2914434524,-0.244419642857
2012-07-11 07:51:11,1607,1,14.2057291667,-0.0857142857143
2012-07-11 07:51:12,1608,1,14.271577381,0.0658482142857
2012-07-11 07:51:13,1609,1,14.3659970238,0.0944196428571
2012-07-11 07:51:14,1610,1,14.3185267857,-0.0474702380952
2012-07-11 07:51:15,1611,1,14.0232886905,-0.295238095238
2012-07-11 07:51:16,1612,1,13.5389880952,-0.484300595238
2012-07-11 07:51:17,1613,1,13.0811011905,-0.457886904762
2012-07-11 07:51:18,1614,1,12.8912202381,-0.189880952381
2012-07-11 07:51:19,1615,1,13.1000744048,0.208854166667
2012-07-11 07:51:20,1616,1,13.6711309524,0.571056547619
2012-07-11 07:51:21,1617,1,14.431547619,0.760416666667
2012-07-11 07:51:22,1618,1,15.1744047619,0.742857142857
2012-07-11 07:51:23,1619,1,15.7570684524,0.582663690476
2012-07-11 07:51:24,1620,1,16.1158482143,0.358779761905
2012-07-11 07:51:25,1621,1,16.2303571429,0.114508928571
2012-07-11 07:51:26,1622,1,16.0892113095,-0.141145833333
2012-07-11 07:51:27,1623,1,15.6386160714,-0.450595238095
2012-07-11 07:51:28,1624,1,14.7611607143,-0.877455357143
2012-07-11 07:51:29,1625,1,13.3924107143,-1.36875
2012-07-11 07:51:30,1626,1,11.6980654762,-1.6943452381
2012-07-11 07:51:31,1627,1,10.082514881,-1.61555059524
2012-07-11 07:51:32,1628,1,8.98236607143,-1.10014880952
2012-07-11 07:51:33,1629,1,8.62388392857,-0.358482142857
2012-07-11 07:51:34,1630,1,8.91450892857,0.290625
2012-07-11 07:51:35,1631,1,9.53132440476,0.61681547619
2012-07-11 07:51:36,1632,1,10.13125,0.599925595238
2012-07-11 07:51:37,1633,1,10.5047619048,0.373511904762
2012-07-11 07:51:38,1634,1,10.5985863095,0.0938244047619
2012-07-11 07:51:39,1635,1,10.477827381,-0.120758928571
2012-07-11 07:51:40,1636,1,10.2655505952,-0.212276785714
2012-07-11 07:51:41,1637,1,10.0624255952,-0.203125
2012-07-11 07:51:42,1638,1,9.90305059524,-0.159375
2012-07-11 07:51:43,1639,1,9.77842261905,-0.12462797619
2012-07-11 07:51:44,1640,1,9.66875,-0.109672619048
2012-07-11 07:51:45,1641,1,9.54285714286,-0.125892857143
2012-07-11 07:51:46,1642,1,9.34828869048,-0.194568452381
2012-07-11 07:51:47,1643,1,9.02879464286,-0.319494047619
2012-07-11 07:51:48,1644,1,8.56287202381,-0.465922619048
2012-07-11 07:51:49,1645,1,7.98325892857,-0.579613095238
2012-07-11 07:51:50,1646,1,7.36525297619,-0.618005952381
2012-07-11 07:51:51,1647,1,6.81175595238,-0.55349702381
2012-07-11 07:51:52,1648,1,6.43571428571,-0.376041666667
2012-07-11 07:51:53,1649,1,6.31555059524,-0.120163690476
2012-07-11 07:51:54,1650,1,6.44404761905,0.12849702381
2012-07-11 07:51:55,1651,1,6.71398809524,0.26994047619
2012-07-11 07:51:56,1652,1,6.95453869048,0.240550595238
2012-07-11 07:51:57,1653,1,7.01220238095,0.0576636904762
2012-07-11 07:51:58,1654,1,6.82671130952,-0.185491071429
2012-07-11 07:51:59,1655,1,6.42604166667,-0.400669642857
2012-07-11 07:52:00,1656,1,5.86165178571,-0.564389880952
2012-07-11 07:52:01,1657,1,5.17681547619,-0.684836309524
2012-07-11 07:52:02,1658,1,4.42388392857,-0.752931547619
2012-07-11 07:52:03,1659,1,3.68736607143,-0.736517857143
2012-07-11 07:52:04,1660,1,3.07931547619,-0.608050595238
2012-07-11 07:52:05,1661,1,2.68933035714,-0.389985119048
2012-07-11 07:52:06,1662,1,2.53194940476,-0.157380952381
2012-07-11 07:52:07,1663,1,2.54730654762,0.0153571428571
2012-07-11 07:52:08,1664,1,2.63491071429,0.0876041666667
2012-07-11 07:52:09,1665,1,2.70026785714,0.0653571428571
2012-07-11 07:52:10,1666,1,2.71453869048,0.0142708333333
2012-07-11 07:52:11,1667,1,2.73794642857,0.0234077380952
2012-07-11 07:52:12,1668,1,2.90735119048,0.169404761905
2012-07-11 07:52:13,1669,1,3.42998511905,0.522633928571
2012-07-11 07:52:14,1670,1,4.49758928571,1.06760416667
2012-07-11 07:52:15,1671,1,6.09541666667,1.59782738095
2012-07-11 07:52:16,1672,1,7.9021577381,1.80674107143
2012-07-11 07:52:17,1673,1,9.38087797619,1.4787202381
2012-07-11 07:52:18,1674,1,9.99330357143,0.612425595238
2012-07-11 07:52:19,1675,1,9.49255952381,-0.500744047619
2012-07-11 07:52:20,1676,1,8.13452380952,-1.35803571429
2012-07-11 07:52:21,1677,1,6.57782738095,-1.55669642857
2012-07-11 07:52:22,1678,1,5.52574404762,-1.05208333333
2012-07-11 07:52:23,1679,1,5.38199404762,-0.14375
2012-07-11 07:52:24,1680,1,6.11056547619,0.728571428571
2012-07-11 07:52:25,1681,1,7.35758928571,1.24702380952
2012-07-11 07:52:26,1682,1,8.73452380952,1.37693452381
2012-07-11 07:52:27,1683,1,10.0027529762,1.26822916667
2012-07-11 07:52:28,1684,1,11.0322172619,1.02946428571
2012-07-11 07:52:29,1685,1,11.7032738095,0.671056547619
2012-07-11 07:52:30,1686,1,11.9228422619,0.219568452381
2012-07-11 07:52:31,1687,1,11.7107142857,-0.21212797619
2012-07-11 07:52:32,1688,1,11.2322916667,-0.478422619048
2012-07-11 07:52:33,1689,1,10.7273065476,-0.504985119048
2012-07-11 07:52:34,1690,1,10.387797619,-0.339508928571
2012-07-11 07:52:35,1691,1,10.2821428571,-0.105654761905
2012-07-11 07:52:36,1692,1,10.3648065476,0.0826636904761
2012-07-11 07:52:37,1693,1,10.5319196429,0.167113095238
2012-07-11 07:52:38,1694,1,10.6671875,0.135267857143
2012-07-11 07:52:39,1695,1,10.6766369048,0.0094494047619
2012-07-11 07:52:40,1696,1,10.5439732143,-0.132663690476
2012-07-11 07:52:41,1697,1,10.3734375,-0.170535714286
2012-07-11 07:52:42,1698,1,10.3400297619,-0.0334077380952
2012-07-11 07:52:43,1699,1,10.5526785714,0.212648809524
2012-07-11 07:52:44,1700,1,10.9470982143,0.394419642857
2012-07-11 07:52:45,1701,1,11.3133184524,0.366220238095
2012-07-11 07:52:46,1702,1,11.4343005952,0.120982142857
2012-07-11 07:52:47,1703,1,11.2199404762,-0.214360119048
2012-07-11 07:52:48,1704,1,10.7485863095,-0.471354166667
2012-07-11 07:52:49,1705,1,10.190327381,-0.558258928571
2012-07-11 07:52:50,1706,1,9.66316964286,-0.527157738095
2012-07-11 07:52:51,1707,1,9.153125,-0.510044642857
2012-07-11 07:52:52,1708,1,8.57328869048,-0.579836309524
2012-07-11 07:52:53,1709,1,7.86741071429,-0.70587797619
2012-07-11 07:52:54,1710,1,7.0058531746,-0.861557539683
2012-07-11 07:52:55,1711,1,5.8915922619,-1.1142609127
2012-07-11 07:52:56,1712,1,4.40550595238,-1.48608630952
2012-07-11 07:52:57,1713,1,2.73921130952,-1.66629464286
2012-07-11 07:52:58,1714,1,0.0,-2.73921130952
2012-07-11 13:17:04,-65240,19446,0.0,0.0
2012-07-11 13:17:05,-65239,1,3.96716269841,3.96716269841
2012-07-11 13:17:06,-65238,1,6.3146577381,2.34749503968
2012-07-11 13:17:07,-65237,1,7.94233630952,1.62767857143
2012-07-11 13:17:08,-65236,1,8.49933035714,0.556994047619
2012-07-11 13:17:09,-65235,1,8.52886904762,0.0295386904762
2012-07-11 13:17:10,-65234,1,8.91071428571,0.381845238095
2012-07-11 13:17:11,-65233,1,10.1734871032,1.26277281746
2012-07-11 13:17:12,-65232,1,12.2048611111,2.03137400794
2012-07-11 13:17:13,-65231,1,14.531547619,2.32668650794
2012-07-11 13:17:14,-65230,1,16.7369791667,2.20543154762
2012-07-11 13:17:15,-65229,1,18.6401785714,1.90319940476
2012-07-11 13:17:16,-65228,1,20.2578125,1.61763392857
2012-07-11 13:17:17,-65227,1,21.670610119,1.41279761905
2012-07-11 13:17:18,-65226,1,22.9185267857,1.24791666667
2012-07-11 13:17:19,-65225,1,24.002827381,1.08430059524
2012-07-11 13:17:20,-65224,1,24.9299107143,0.927083333333
2012-07-11 13:17:21,-65223,1,25.7135416667,0.783630952381
2012-07-11 13:17:22,-65222,1,26.3433035714,0.629761904762
2012-07-11 13:17:23,-65221,1,26.7689732143,0.425669642857
2012-07-11 13:17:24,-65220,1,26.93125,0.162276785714
2012-07-11 13:17:25,-65219,1,26.8151785714,-0.116071428571
2012-07-11 13:17:26,-65218,1,26.4700892857,-0.345089285714
2012-07-11 13:17:27,-65217,1,25.9755952381,-0.494494047619
2012-07-11 13:17:28,-65216,1,25.384375,-0.591220238095
2012-07-11 13:17:29,-65215,1,24.6813988095,-0.702976190476
2012-07-11 13:17:30,-65214,1,23.7752232143,-0.906175595238
2012-07-11 13:17:31,-65213,1,22.5213541667,-1.25386904762
2012-07-11 13:17:32,-65212,1,20.776860119,-1.74449404762
2012-07-11 13:17:33,-65211,1,18.4700892857,-2.30677083333
2012-07-11 13:17:34,-65210,1,15.6483630952,-2.82172619048
2012-07-11 13:17:35,-65209,1,12.4670386905,-3.18132440476
2012-07-11 13:17:36,-65208,1,9.13415178571,-3.33288690476
2012-07-11 13:17:37,-65207,1,5.90520833333,-3.22894345238
2012-07-11 13:17:38,-65206,1,3.1875,-2.71770833333
2012-07-11 13:17:39,-65205,1,0.0,-3.1875
2012-07-11 13:18:15,-65169,36,0.0,0.0
2012-07-11 13:18:16,-65168,1,3.35178571429,3.35178571429
2012-07-11 13:18:17,-65167,1,6.15029761905,2.79851190476
2012-07-11 13:18:18,-65166,1,9.26584821429,3.11555059524
2012-07-11 13:18:19,-65165,1,12.1590029762,2.8931547619
2012-07-11 13:18:20,-65164,1,14.6407738095,2.48177083333
2012-07-11 13:18:21,-65163,1,16.7534970238,2.11272321429
2012-07-11 13:18:22,-65162,1,18.5854166667,1.83191964286
2012-07-11 13:18:23,-65161,1,20.1680059524,1.58258928571
2012-07-11 13:18:24,-65160,1,21.4712797619,1.30327380952
2012-07-11 13:18:25,-65159,1,22.4322916667,0.961011904762
2012-07-11 13:18:26,-65158,1,22.9952380952,0.562946428571
2012-07-11 13:18:27,-65157,1,23.146577381,0.151339285714
2012-07-11 13:18:28,-65156,1,22.90625,-0.240327380952
2012-07-11 13:18:29,-65155,1,22.2598958333,-0.646354166667
2012-07-11 13:18:30,-65154,1,21.0672619048,-1.19263392857
2012-07-11 13:18:31,-65153,1,19.0775297619,-1.98973214286
2012-07-11 13:18:32,-65152,1,16.1861607143,-2.89136904762
2012-07-11 13:18:33,-65151,1,12.7764136905,-3.40974702381
2012-07-11 13:18:34,-65150,1,9.7306547619,-3.04575892857
2012-07-11 13:18:35,-65149,1,7.9587797619,-1.771875
2012-07-11 13:18:36,-65148,1,7.79880952381,-0.159970238095
2012-07-11 13:18:37,-65147,1,8.79397321429,0.995163690476
2012-07-11 13:18:38,-65146,1,10.0342261905,1.24025297619
2012-07-11 13:18:39,-65145,1,10.7709821429,0.736755952381
2012-07-11 13:18:40,-65144,1,10.8024553571,0.0314732142858
2012-07-11 13:18:41,-65143,1,10.3964285714,-0.406026785714
2012-07-11 13:18:42,-65142,1,9.95691964286,-0.439508928571
2012-07-11 13:18:43,-65141,1,9.76979166667,-0.18712797619
2012-07-11 13:18:44,-65140,1,9.93072916667,0.1609375
2012-07-11 13:18:45,-65139,1,10.36875,0.438020833333
2012-07-11 13:18:46,-65138,1,10.9164434524,0.547693452381
2012-07-11 13:18:47,-65137,1,11.4022321429,0.485788690476
2012-07-11 13:18:48,-65136,1,11.7067708333,0.304538690476
2012-07-11 13:18:49,-65135,1,11.7800595238,0.0732886904762
2012-07-11 13:18:50,-65134,1,11.6445684524,-0.135491071429
2012-07-11 13:18:51,-65133,1,11.368452381,-0.276116071429
2012-07-11 13:18:52,-65132,1,11.0232142857,-0.345238095238
2012-07-11 13:18:53,-65131,1,10.6636160714,-0.359598214286
2012-07-11 13:18:54,-65130,1,10.2887152778,-0.374900793651
2012-07-11 13:18:55,-65129,1,9.76180555556,-0.526909722222
2012-07-11 13:18:56,-65128,1,8.8375,-0.924305555556
2012-07-11 13:18:57,-65127,1,7.38824404762,-1.44925595238
2012-07-11 13:18:58,-65126,1,5.60394345238,-1.78430059524
2012-07-11 13:18:59,-65125,1,3.94293154762,-1.66101190476
2012-07-11 13:19:00,-65124,1,2.92398313492,-1.0189484127
2012-07-11 13:19:01,-65123,1,2.90466269841,-0.0193204365079
2012-07-11 13:19:02,-65122,1,3.93802083333,1.03335813492
2012-07-11 13:19:03,-65121,1,5.79069940476,1.85267857143
2012-07-11 13:19:04,-65120,1,8.03318452381,2.24248511905
2012-07-11 13:19:05,-65119,1,10.1130952381,2.07991071429
2012-07-11 13:19:06,-65118,1,11.5053819444,1.39228670635
2012-07-11 13:19:07,-65117,1,11.9203621032,0.41498015873
2012-07-11 13:19:08,-65116,1,11.4142857143,-0.506076388889
2012-07-11 13:19:09,-65115,1,10.3498511905,-1.06443452381
2012-07-11 13:19:10,-65114,1,9.22455357143,-1.12529761905
2012-07-11 13:19:11,-65113,1,8.4318452381,-0.792708333333
2012-07-11 13:19:12,-65112,1,8.08787202381,-0.343973214286
2012-07-11 13:19:13,-65111,1,8.0365327381,-0.0513392857143
2012-07-11 13:19:14,-65110,1,8.03891369048,0.00238095238095
2012-07-11 13:19:15,-65109,1,7.9849702381,-0.053943452381
2012-07-11 13:19:16,-65108,1,7.92544642857,-0.0595238095238
2012-07-11 13:19:17,-65107,1,7.92507440476,-0.00037202380953
2012-07-11 13:19:18,-65106,1,7.91525297619,-0.00982142857143
2012-07-11 13:19:19,-65105,1,7.69553571429,-0.219717261905
2012-07-11 13:19:20,-65104,1,7.0837797619,-0.611755952381
2012-07-11 13:19:21,-65103,1,6.08080357143,-1.00297619048
2012-07-11 13:19:22,-65102,1,4.91436011905,-1.16644345238
2012-07-11 13:19:23,-65101,1,3.92641369048,-0.987946428571
2012-07-11 13:19:24,-65100,1,3.37745535714,-0.548958333333
2012-07-11 13:19:25,-65099,1,3.31726190476,-0.060193452381
2012-07-11 13:19:26,-65098,1,3.61711309524,0.299851190476
2012-07-11 13:19:27,-65097,1,4.10788690476,0.490773809524
2012-07-11 13:19:28,-65096,1,4.69479166667,0.586904761905
2012-07-11 13:19:29,-65095,1,5.35811011905,0.663318452381
2012-07-11 13:19:30,-65094,1,6.05855654762,0.700446428571
2012-07-11 13:19:31,-65093,1,6.67165178571,0.613095238095
2012-07-11 13:19:32,-65092,1,7.03735119048,0.365699404762
2012-07-11 13:19:33,-65091,1,7.06822916667,0.0308779761905
2012-07-11 13:19:34,-65090,1,6.80617559524,-0.262053571429
2012-07-11 13:19:35,-65089,1,6.38400297619,-0.422172619048
2012-07-11 13:19:36,-65088,1,5.91547619048,-0.468526785714
2012-07-11 13:19:37,-65087,1,5.3759672619,-0.539508928571
2012-07-11 13:19:38,-65086,1,4.59181547619,-0.784151785714
2012-07-11 13:19:39,-65085,1,3.42983630952,-1.16197916667
2012-07-11 13:19:40,-65084,1,2.08177083333,-1.34806547619
2012-07-11 13:19:41,-65083,1,0.0,-2.08177083333
2012-07-11 13:23:10,-64874,209,0.0,0.0
2012-07-11 13:23:11,-64873,1,1.75416666667,1.75416666667
2012-07-11 13:23:12,-64872,1,2.7021577381,0.947991071429
2012-07-11 13:23:13,-64871,1,3.38162202381,0.679464285714
2012-07-11 13:23:14,-64870,1,3.71666666667,0.335044642857
2012-07-11 13:23:15,-64869,1,3.86941964286,0.15275297619
2012-07-11 13:23:16,-64868,1,3.9665922619,0.0971726190476
2012-07-11 13:23:17,-64867,1,4.02849702381,0.0619047619048
2012-07-11 13:23:18,-64866,1,4.03571428571,0.00721726190476
2012-07-11 13:23:19,-64865,1,3.97901785714,-0.0566964285714
2012-07-11 13:23:20,-64864,1,3.88645833333,-0.0925595238095
2012-07-11 13:23:21,-64863,1,3.85744047619,-0.0290178571429
2012-07-11 13:23:22,-64862,1,4.02150297619,0.1640625
2012-07-11 13:23:23,-64861,1,4.41183035714,0.390327380952
2012-07-11 13:23:24,-64860,1,4.90773809524,0.495907738095
2012-07-11 13:23:25,-64859,1,5.31763392857,0.409895833333
2012-07-11 13:23:26,-64858,1,5.51629464286,0.198660714286
2012-07-11 13:23:27,-64857,1,5.53095238095,0.0146577380952
2012-07-11 13:23:28,-64856,1,5.50014880952,-0.0308035714286
2012-07-11 13:23:29,-64855,1,5.54873511905,0.0485863095238
2012-07-11 13:23:30,-64854,1,5.73571428571,0.186979166667
2012-07-11 13:23:31,-64853,1,6.10431547619,0.368601190476
2012-07-11 13:23:32,-64852,1,6.70662202381,0.602306547619
2012-07-11 13:23:33,-64851,1,7.5447172619,0.838095238095
2012-07-11 13:23:34,-64850,1,8.50438988095,0.959672619048
2012-07-11 13:23:35,-64849,1,9.3677827381,0.863392857143
2012-07-11 13:23:36,-64848,1,9.89754464286,0.529761904762
2012-07-11 13:23:37,-64847,1,9.90959821429,0.0120535714286
2012-07-11 13:23:38,-64846,1,9.3005952381,-0.60900297619
2012-07-11 13:23:39,-64845,1,8.0943452381,-1.20625
2012-07-11 13:23:40,-64844,1,6.52767857143,-1.56666666667
2012-07-11 13:23:41,-64843,1,5.06369047619,-1.46398809524
2012-07-11 13:23:42,-64842,1,4.24181547619,-0.821875
2012-07-11 13:23:43,-64841,1,4.42209821429,0.180282738095
2012-07-11 13:23:44,-64840,1,5.58526785714,1.16316964286
2012-07-11 13:23:45,-64839,1,7.34985119048,1.76458333333
2012-07-11 13:23:46,-64838,1,9.18898809524,1.83913690476
2012-07-11 13:23:47,-64837,1,10.6321428571,1.4431547619
2012-07-11 13:23:48,-64836,1,11.3327380952,0.700595238095
2012-07-11 13:23:49,-64835,1,11.1134672619,-0.219270833333
2012-07-11 13:23:50,-64834,1,10.0867559524,-1.02671130952
2012-07-11 13:23:51,-64833,1,8.73392857143,-1.35282738095
2012-07-11 13:23:52,-64832,1,7.75074404762,-0.98318452381
2012-07-11 13:23:53,-64831,1,7.66741071429,-0.0833333333333
2012-07-11 13:23:54,-64830,1,8.50349702381,0.836086309524
2012-07-11 13:23:55,-64829,1,9.7380952381,1.23459821429
2012-07-11 13:23:56,-64828,1,10.6284077381,0.8903125
2012-07-11 13:23:57,-64827,1,10.6175744048,-0.0108333333333
2012-07-11 13:23:58,-64826,1,9.55773809524,-1.05983630952
2012-07-11 13:23:59,-64825,1,7.71537202381,-1.84236607143
2012-07-11 13:24:00,-64824,1,5.63043154762,-2.08494047619
2012-07-11 13:24:01,-64823,1,3.85980654762,-1.770625
2012-07-11 13:24:02,-64822,1,2.7159375,-1.14386904762
2012-07-11 13:24:03,-64821,1,2.18566964286,-0.530267857143
2012-07-11 13:24:04,-64820,1,2.10130952381,-0.0843601190476
2012-07-11 13:24:05,-64819,1,2.40623511905,0.304925595238
2012-07-11 13:24:06,-64818,1,3.22657738095,0.820342261905
2012-07-11 13:24:07,-64817,1,4.68355654762,1.45697916667
2012-07-11 13:24:08,-64816,1,6.70985119048,2.02629464286
2012-07-11 13:24:09,-64815,1,9.07477678571,2.36492559524
2012-07-11 13:24:10,-64814,1,11.531235119,2.45645833333
2012-07-11 13:24:11,-64813,1,13.8948065476,2.36357142857
2012-07-11 13:24:12,-64812,1,16.0005208333,2.10571428571
2012-07-11 13:24:13,-64811,1,17.6569196429,1.65639880952
2012-07-11 13:24:14,-64810,1,18.715327381,1.0584077381
2012-07-11 13:24:15,-64809,1,19.196577381,0.48125
2012-07-11 13:24:16,-64808,1,19.3126488095,0.116071428571
2012-07-11 13:24:17,-64807,1,19.3357142857,0.0230654761905
2012-07-11 13:24:18,-64806,1,19.4343005952,0.0985863095238
2012-07-11 13:24:19,-64805,1,19.6061755952,0.171875
2012-07-11 13:24:20,-64804,1,19.7381696429,0.131994047619
2012-07-11 13:24:21,-64803,1,19.7223214286,-0.0158482142857
2012-07-11 13:24:22,-64802,1,19.509375,-0.212946428571
2012-07-11 13:24:23,-64801,1,19.0709821429,-0.438392857143
2012-07-11 13:24:24,-64800,1,18.388764881,-0.682217261905
2012-07-11 13:24:25,-64799,1,17.5452380952,-0.843526785714
2012-07-11 13:24:26,-64798,1,16.7985863095,-0.746651785714
2012-07-11 13:24:27,-64797,1,16.5031994048,-0.295386904762
2012-07-11 13:24:28,-64796,1,16.9133184524,0.410119047619
2012-07-11 13:24:29,-64795,1,18.0261160714,1.11279761905
2012-07-11 13:24:30,-64794,1,19.605952381,1.57983630952
2012-07-11 13:24:31,-64793,1,21.3677083333,1.76175595238
2012-07-11 13:24:32,-64792,1,23.1127232143,1.74501488095
2012-07-11 13:24:33,-64791,1,24.7164434524,1.6037202381
2012-07-11 13:24:34,-64790,1,26.0840029762,1.36755952381
2012-07-11 13:24:35,-64789,1,27.1529017857,1.06889880952
2012-07-11 13:24:36,-64788,1,27.9078125,0.754910714286
2012-07-11 13:24:37,-64787,1,28.3726190476,0.464806547619
2012-07-11 13:24:38,-64786,1,28.579389881,0.206770833333
2012-07-11 13:24:39,-64785,1,28.5482886905,-0.0311011904762
2012-07-11 13:24:40,-64784,1,28.3013392857,-0.246949404762
2012-07-11 13:24:41,-64783,1,27.8845982143,-0.416741071429
2012-07-11 13:24:42,-64782,1,27.3707589286,-0.513839285714
2012-07-11 13:24:43,-64781,1,26.8375744048,-0.53318452381
2012-07-11 13:24:44,-64780,1,26.3236607143,-0.513913690476
2012-07-11 13:24:45,-64779,1,25.7663690476,-0.557291666667
2012-07-11 13:24:46,-64778,1,24.960639881,-0.805729166667
2012-07-11 13:24:47,-64777,1,23.6182291667,-1.34241071429
2012-07-11 13:24:48,-64776,1,21.5571428571,-2.06108630952
2012-07-11 13:24:49,-64775,1,18.9071428571,-2.65
2012-07-11 13:24:50,-64774,1,16.1165922619,-2.79055059524
2012-07-11 13:24:51,-64773,1,13.6787946429,-2.43779761905
2012-07-11 13:24:52,-64772,1,11.8147321429,-1.8640625
2012-07-11 13:24:53,-64771,1,10.4375,-1.37723214286
2012-07-11 13:24:54,-64770,1,9.41994047619,-1.01755952381
2012-07-11 13:24:55,-64769,1,8.85714285714,-0.562797619048
2012-07-11 13:24:56,-64768,1,9.01391369048,0.156770833333
2012-07-11 13:24:57,-64767,1,10.0068452381,0.992931547619
2012-07-11 13:24:58,-64766,1,11.5944940476,1.58764880952
2012-07-11 13:24:59,-64765,1,13.2907738095,1.6962797619
2012-07-11 13:25:00,-64764,1,14.6415178571,1.35074404762
2012-07-11 13:25:01,-64763,1,15.423735119,0.782217261905
2012-07-11 13:25:02,-64762,1,15.6720982143,0.248363095238
2012-07-11 13:25:03,-64761,1,15.572172619,-0.0999255952381
2012-07-11 13:25:04,-64760,1,15.3255208333,-0.246651785714
2012-07-11 13:25:05,-64759,1,15.053422619,-0.272098214286
2012-07-11 13:25:06,-64758,1,14.7654761905,-0.287946428571
2012-07-11 13:25:07,-64757,1,14.4125,-0.352976190476
2012-07-11 13:25:08,-64756,1,13.9673363095,-0.445163690476
2012-07-11 13:25:09,-64755,1,13.453125,-0.514211309524
2012-07-11 13:25:10,-64754,1,12.9267857143,-0.526339285714
2012-07-11 13:25:11,-64753,1,12.4575892857,-0.469196428571
2012-07-11 13:25:12,-64752,1,12.1200892857,-0.3375
2012-07-11 13:25:13,-64751,1,11.9885416667,-0.131547619048
2012-07-11 13:25:14,-64750,1,12.0826636905,0.0941220238095
2012-07-11 13:25:15,-64749,1,12.2936011905,0.2109375
2012-07-11 13:25:16,-64748,1,12.4026041667,0.10900297619
2012-07-11 13:25:17,-64747,1,12.1972470238,-0.205357142857
2012-07-11 13:25:18,-64746,1,11.5827380952,-0.614508928571
2012-07-11 13:25:19,-64745,1,10.6412946429,-0.941443452381
2012-07-11 13:25:20,-64744,1,9.62209821429,-1.01919642857
2012-07-11 13:25:21,-64743,1,8.8234375,-0.798660714286
2012-07-11 13:25:22,-64742,1,8.44494047619,-0.37849702381
2012-07-11 13:25:23,-64741,1,8.5478422619,0.102901785714
2012-07-11 13:25:24,-64740,1,9.08891369048,0.541071428571
2012-07-11 13:25:25,-64739,1,9.94665178571,0.857738095238
2012-07-11 13:25:26,-64738,1,10.9639880952,1.01733630952
2012-07-11 13:25:27,-64737,1,11.984672619,1.02068452381
2012-07-11 13:25:28,-64736,1,12.8546130952,0.869940476191
2012-07-11 13:25:29,-64735,1,13.447172619,0.59255952381
2012-07-11 13:25:30,-64734,1,13.7041666667,0.256994047619
2012-07-11 13:25:31,-64733,1,13.6388392857,-0.0653273809524
2012-07-11 13:25:32,-64732,1,13.3179315476,-0.320907738095
2012-07-11 13:25:33,-64731,1,12.8353422619,-0.482589285714
2012-07-11 13:25:34,-64730,1,12.2727678571,-0.562574404762
2012-07-11 13:25:35,-64729,1,11.6758928571,-0.596875
2012-07-11 13:25:36,-64728,1,11.0629464286,-0.612946428571
2012-07-11 13:25:37,-64727,1,10.4475446429,-0.615401785714
2012-07-11 13:25:38,-64726,1,9.85,-0.597544642857
2012-07-11 13:25:39,-64725,1,9.28288690476,-0.567113095238
2012-07-11 13:25:40,-64724,1,8.73474702381,-0.548139880952
2012-07-11 13:25:41,-64723,1,8.18370535714,-0.551041666667
2012-07-11 13:25:42,-64722,1,7.61354166667,-0.570163690476
2012-07-11 13:25:43,-64721,1,7.0078125,-0.605729166667
2012-07-11 13:25:44,-64720,1,6.36212797619,-0.64568452381
2012-07-11 13:25:45,-64719,1,5.72001488095,-0.642113095238
2012-07-11 13:25:46,-64718,1,5.184375,-0.535639880952
2012-07-11 13:25:47,-64717,1,4.89248511905,-0.291889880952
2012-07-11 13:25:48,-64716,1,4.96473214286,0.0722470238095
2012-07-11 13:25:49,-64715,1,5.44382440476,0.479092261905
2012-07-11 13:25:50,-64714,1,6.26294642857,0.81912202381
2012-07-11 13:25:51,-64713,1,7.25044642857,0.9875
2012-07-11 13:25:52,-64712,1,8.159375,0.908928571429
2012-07-11 13:25:53,-64711,1,8.74717261905,0.587797619048
2012-07-11 13:25:54,-64710,1,8.89069940476,0.143526785714
2012-07-11 13:25:55,-64709,1,8.64188988095,-0.24880952381
2012-07-11 13:25:56,-64708,1,8.18712797619,-0.454761904762
2012-07-11 13:25:57,-64707,1,7.7662202381,-0.420907738095
2012-07-11 13:25:58,-64706,1,7.5834077381,-0.1828125
2012-07-11 13:25:59,-64705,1,7.72663690476,0.143229166667
2012-07-11 13:26:00,-64704,1,8.13921130952,0.412574404762
2012-07-11 13:26:01,-64703,1,8.65580357143,0.516592261905
2012-07-11 13:26:02,-64702,1,9.08519345238,0.429389880952
2012-07-11 13:26:03,-64701,1,9.31726190476,0.232068452381
2012-07-11 13:26:04,-64700,1,9.37879464286,0.0615327380952
2012-07-11 13:26:05,-64699,1,9.37738095238,-0.00141369047619
2012-07-11 13:26:06,-64698,1,9.40483630952,0.0274553571429
2012-07-11 13:26:07,-64697,1,9.50014880952,0.0953125
2012-07-11 13:26:08,-64696,1,9.66056547619,0.160416666667
2012-07-11 13:26:09,-64695,1,9.8640625,0.20349702381
2012-07-11 13:26:10,-64694,1,10.1127232143,0.248660714286
2012-07-11 13:26:11,-64693,1,10.455952381,0.343229166667
2012-07-11 13:26:12,-64692,1,10.9322172619,0.476264880952
2012-07-11 13:26:13,-64691,1,11.4925595238,0.560342261905
2012-07-11 13:26:14,-64690,1,12.009077381,0.516517857143
2012-07-11 13:26:15,-64689,1,12.3511160714,0.342038690476
2012-07-11 13:26:16,-64688,1,12.4435267857,0.0924107142857
2012-07-11 13:26:17,-64687,1,12.2517857143,-0.191741071429
2012-07-11 13:26:18,-64686,1,11.7183035714,-0.533482142857
2012-07-11 13:26:19,-64685,1,10.759375,-0.958928571429
2012-07-11 13:26:20,-64684,1,9.36629464286,-1.39308035714
2012-07-11 13:26:21,-64683,1,7.69337797619,-1.67291666667
2012-07-11 13:26:22,-64682,1,6.0302827381,-1.6630952381
2012-07-11 13:26:23,-64681,1,4.70193452381,-1.32834821429
2012-07-11 13:26:24,-64680,1,3.96867559524,-0.733258928571
2012-07-11 13:26:25,-64679,1,3.93325892857,-0.0354166666667
2012-07-11 13:26:26,-64678,1,4.4697172619,0.536458333333
2012-07-11 13:26:27,-64677,1,5.25758928571,0.78787202381
2012-07-11 13:26:28,-64676,1,5.97708333333,0.719494047619
2012-07-11 13:26:29,-64675,1,6.54568452381,0.568601190476
2012-07-11 13:26:30,-64674,1,7.16480654762,0.61912202381
2012-07-11 13:26:31,-64673,1,8.1134672619,0.948660714286
2012-07-11 13:26:32,-64672,1,9.4880952381,1.37462797619
2012-07-11 13:26:33,-64671,1,11.1202380952,1.63214285714
2012-07-11 13:26:34,-64670,1,12.7130952381,1.59285714286
2012-07-11 13:26:35,-64669,1,14.0360863095,1.32299107143
2012-07-11 13:26:36,-64668,1,15.0008184524,0.964732142857
2012-07-11 13:26:37,-64667,1,15.615922619,0.615104166667
2012-07-11 13:26:38,-64666,1,15.9282738095,0.312351190476
2012-07-11 13:26:39,-64665,1,15.9944940476,0.0662202380953
2012-07-11 13:26:40,-64664,1,15.8655505952,-0.128943452381
2012-07-11 13:26:41,-64663,1,15.5751488095,-0.290401785714
2012-07-11 13:26:42,-64662,1,15.1296875,-0.445461309524
2012-07-11 13:26:43,-64661,1,14.5139880952,-0.615699404762
2012-07-11 13:26:44,-64660,1,13.7310267857,-0.782961309524
2012-07-11 13:26:45,-64659,1,12.8436755952,-0.887351190476
2012-07-11 13:26:46,-64658,1,11.9795386905,-0.864136904762
2012-07-11 13:26:47,-64657,1,11.3069940476,-0.672544642857
2012-07-11 13:26:48,-64656,1,10.9792410714,-0.32775297619
2012-07-11 13:26:49,-64655,1,11.0623511905,0.0831101190476
2012-07-11 13:26:50,-64654,1,11.5235119048,0.461160714286
2012-07-11 13:26:51,-64653,1,12.2758184524,0.752306547619
2012-07-11 13:26:52,-64652,1,13.2090029762,0.93318452381
2012-07-11 13:26:53,-64651,1,14.2116815476,1.00267857143
2012-07-11 13:26:54,-64650,1,15.1882440476,0.9765625
2012-07-11 13:26:55,-64649,1,16.0457589286,0.857514880952
2012-07-11 13:26:56,-64648,1,16.694047619,0.648288690476
2012-07-11 13:26:57,-64647,1,17.0798363095,0.385788690476
2012-07-11 13:26:58,-64646,1,17.2038690476,0.124032738095
2012-07-11 13:26:59,-64645,1,17.098735119,-0.105133928571
2012-07-11 13:27:00,-64644,1,16.7764880952,-0.322247023809
2012-07-11 13:27:01,-64643,1,16.1705357143,-0.605952380952
2012-07-11 13:27:02,-64642,1,15.14375,-1.02678571429
2012-07-11 13:27:03,-64641,1,13.6072916667,-1.53645833333
2012-07-11 13:27:04,-64640,1,11.6444940476,-1.96279761905
2012-07-11 13:27:05,-64639,1,9.46473214286,-2.17976190476
2012-07-11 13:27:06,-64638,1,7.21941964286,-2.2453125
2012-07-11 13:27:07,-64637,1,4.9568452381,-2.26257440476
2012-07-11 13:27:08,-64636,1,2.85014880952,-2.10669642857
2012-07-11 13:27:09,-64635,1,0.0,-2.85014880952
2012-07-11 13:38:25,-63959,676,0.0,0.0
2012-07-11 13:38:26,-63958,1,1.26655505952,1.26655505952
2012-07-11 13:38:27,-63957,1,1.9759672619,0.709412202381
2012-07-11 13:38:28,-63956,1,2.52749255952,0.551525297619
2012-07-11 13:38:29,-63955,1,2.84055059524,0.313058035714
2012-07-11 13:38:30,-63954,1,3.10243055556,0.261879960317
2012-07-11 13:38:31,-63953,1,3.53015873016,0.427728174603
2012-07-11 13:38:32,-63952,1,4.20982142857,0.679662698413
2012-07-11 13:38:33,-63951,1,5.04737103175,0.837549603175
2012-07-11 13:38:34,-63950,1,5.83927331349,0.791902281746
2012-07-11 13:38:35,-63949,1,6.41927083333,0.579997519841
2012-07-11 13:38:36,-63948,1,6.76682787698,0.347557043651
2012-07-11 13:38:37,-63947,1,6.99965277778,0.232824900794
2012-07-11 13:38:38,-63946,1,7.26138392857,0.261731150794
2012-07-11 13:38:39,-63945,1,7.60870535714,0.347321428571
2012-07-11 13:38:40,-63944,1,8.01495535714,0.40625
2012-07-11 13:38:41,-63943,1,8.44144345238,0.426488095238
2012-07-11 13:38:42,-63942,1,8.85401785714,0.412574404762
2012-07-11 13:38:43,-63941,1,9.21130952381,0.357291666667
2012-07-11 13:38:44,-63940,1,9.49099702381,0.2796875
2012-07-11 13:38:45,-63939,1,9.70944940476,0.218452380952
2012-07-11 13:38:46,-63938,1,9.89114583333,0.181696428571
2012-07-11 13:38:47,-63937,1,10.0369791667,0.145833333333
2012-07-11 13:38:48,-63936,1,10.1436755952,0.106696428571
2012-07-11 13:38:49,-63935,1,10.2422619048,0.0985863095238
2012-07-11 13:38:50,-63934,1,10.3980654762,0.155803571429
2012-07-11 13:38:51,-63933,1,10.6700892857,0.272023809524
2012-07-11 13:38:52,-63932,1,11.064360119,0.394270833333
2012-07-11 13:38:53,-63931,1,11.5258928571,0.461532738095
2012-07-11 13:38:54,-63930,1,11.9899553571,0.4640625
2012-07-11 13:38:55,-63929,1,12.4350446429,0.445089285714
2012-07-11 13:38:56,-63928,1,12.8704613095,0.435416666667
2012-07-11 13:38:57,-63927,1,13.2904761905,0.420014880952
2012-07-11 13:38:58,-63926,1,13.6600446429,0.369568452381
2012-07-11 13:38:59,-63925,1,13.9302827381,0.270238095238
2012-07-11 13:39:00,-63924,1,14.0585565476,0.128273809524
2012-07-11 13:39:01,-63923,1,14.0290178571,-0.0295386904761
2012-07-11 13:39:02,-63922,1,13.8673363095,-0.161681547619
2012-07-11 13:39:03,-63921,1,13.6371279762,-0.230208333333
2012-07-11 13:39:04,-63920,1,13.4101190476,-0.227008928572
2012-07-11 13:39:05,-63919,1,13.225,-0.185119047619
2012-07-11 13:39:06,-63918,1,13.0712797619,-0.153720238095
2012-07-11 13:39:07,-63917,1,12.9060267857,-0.16525297619
2012-07-11 13:39:08,-63916,1,12.682514881,-0.223511904762
2012-07-11 13:39:09,-63915,1,12.3770089286,-0.305505952381
2012-07-11 13:39:10,-63914,1,11.9975446429,-0.379464285714
2012-07-11 13:39:11,-63913,1,11.5695684524,-0.427976190476
2012-07-11 13:39:12,-63912,1,11.1163690476,-0.453199404762
2012-07-11 13:39:13,-63911,1,10.6375,-0.478869047619
2012-07-11 13:39:14,-63910,1,10.0854166667,-0.552083333333
2012-07-11 13:39:15,-63909,1,9.37380952381,-0.711607142857
2012-07-11 13:39:16,-63908,1,8.43333333333,-0.940476190476
2012-07-11 13:39:17,-63907,1,7.2459077381,-1.18742559524
2012-07-11 13:39:18,-63906,1,5.80625,-1.4396577381
2012-07-11 13:39:19,-63905,1,4.13110119048,-1.67514880952
2012-07-11 13:39:20,-63904,1,2.43720238095,-1.69389880952
2012-07-11 13:39:21,-63903,1,0.0,-2.43720238095
2012-07-11 13:40:26,-63838,65,0.0,0.0
2012-07-11 13:40:27,-63837,1,2.08370535714,2.08370535714
2012-07-11 13:40:28,-63836,1,3.57782738095,1.49412202381
2012-07-11 13:40:29,-63835,1,4.96584821429,1.38802083333
2012-07-11 13:40:30,-63834,1,5.88325892857,0.917410714286
2012-07-11 13:40:31,-63833,1,6.27983630952,0.396577380952
2012-07-11 13:40:32,-63832,1,6.26867559524,-0.0111607142857
2012-07-11 13:40:33,-63831,1,6.00119047619,-0.267485119048
2012-07-11 13:40:34,-63830,1,5.6287202381,-0.372470238095
2012-07-11 13:40:35,-63829,1,5.28645833333,-0.342261904762
2012-07-11 13:40:36,-63828,1,4.99407242063,-0.292385912698
2012-07-11 13:40:37,-63827,1,4.54375,-0.450322420635
2012-07-11 13:40:38,-63826,1,3.64360119048,-0.900148809524
2012-07-11 13:40:39,-63825,1,2.37529761905,-1.26830357143
2012-07-11 13:40:40,-63824,1,0.0,-2.37529761905
2012-07-11 17:10:02,-51262,12562,0.0,0.0
2012-07-11 17:10:03,-51261,1,3.89742063492,3.89742063492
2012-07-11 17:10:04,-51260,1,6.66763392857,2.77021329365
2012-07-11 17:10:05,-51259,1,9.16919642857,2.5015625
2012-07-11 17:10:06,-51258,1,10.7691964286,1.6
2012-07-11 17:10:07,-51257,1,11.4491815476,0.679985119048
2012-07-11 17:10:08,-51256,1,11.6002232143,0.151041666667
2012-07-11 17:10:09,-51255,1,11.688343254,0.0881200396826
2012-07-11 17:10:10,-51254,1,11.9864335317,0.298090277778
2012-07-11 17:10:11,-51253,1,12.509077381,0.522643849206
2012-07-11 17:10:12,-51252,1,13.1130208333,0.603943452381
2012-07-11 17:10:13,-51251,1,13.6399553571,0.52693452381
2012-07-11 17:10:14,-51250,1,14.0171875,0.377232142857
2012-07-11 17:10:15,-51249,1,14.2677827381,0.250595238095
2012-07-11 17:10:16,-51248,1,14.4397321429,0.171949404762
2012-07-11 17:10:17,-51247,1,14.5340029762,0.0942708333334
2012-07-11 17:10:18,-51246,1,14.4998511905,-0.0341517857143
2012-07-11 17:10:19,-51245,1,14.2929315476,-0.206919642857
2012-07-11 17:10:20,-51244,1,13.9431547619,-0.349776785714
2012-07-11 17:10:21,-51243,1,13.5813988095,-0.361755952381
2012-07-11 17:10:22,-51242,1,13.402827381,-0.178571428571
2012-07-11 17:10:23,-51241,1,13.5735863095,0.170758928571
2012-07-11 17:10:24,-51240,1,14.1358630952,0.562276785714
2012-07-11 17:10:25,-51239,1,14.9889136905,0.853050595238
2012-07-11 17:10:26,-51238,1,15.9438244048,0.954910714286
2012-07-11 17:10:27,-51237,1,16.7967261905,0.852901785714
2012-07-11 17:10:28,-51236,1,17.4021577381,0.605431547619
2012-07-11 17:10:29,-51235,1,17.7072172619,0.30505952381
2012-07-11 17:10:30,-51234,1,17.6922619048,-0.0149553571429
2012-07-11 17:10:31,-51233,1,17.2836309524,-0.408630952381
2012-07-11 17:10:32,-51232,1,16.3867559524,-0.896875
2012-07-11 17:10:33,-51231,1,15.0504464286,-1.33630952381
2012-07-11 17:10:34,-51230,1,13.5811755952,-1.46927083333
2012-07-11 17:10:35,-51229,1,12.4575892857,-1.12358630952
2012-07-11 17:10:36,-51228,1,12.0739583333,-0.383630952381
2012-07-11 17:10:37,-51227,1,12.4833333333,0.409375
2012-07-11 17:10:38,-51226,1,13.3650297619,0.881696428571
2012-07-11 17:10:39,-51225,1,14.2560267857,0.890997023809
2012-07-11 17:10:40,-51224,1,14.8195684524,0.563541666667
2012-07-11 17:10:41,-51223,1,14.967485119,0.147916666667
2012-07-11 17:10:42,-51222,1,14.8350446429,-0.13244047619
2012-07-11 17:10:43,-51221,1,14.6540178571,-0.181026785714
2012-07-11 17:10:44,-51220,1,14.597172619,-0.0568452380953
2012-07-11 17:10:45,-51219,1,14.6980654762,0.100892857143
2012-07-11 17:10:46,-51218,1,14.8775297619,0.179464285714
2012-07-11 17:10:47,-51217,1,14.9822172619,0.1046875
2012-07-11 17:10:48,-51216,1,14.7648065476,-0.217410714286
2012-07-11 17:10:49,-51215,1,13.9327380952,-0.832068452381
2012-07-11 17:10:50,-51214,1,12.3802083333,-1.5525297619
2012-07-11 17:10:51,-51213,1,10.4250744048,-1.95513392857
2012-07-11 17:10:52,-51212,1,8.7828125,-1.64226190476
2012-07-11 17:10:53,-51211,1,8.22566964286,-0.557142857143
2012-07-11 17:10:54,-51210,1,9.13563988095,0.909970238095
2012-07-11 17:10:55,-51209,1,11.3133184524,2.17767857143
2012-07-11 17:10:56,-51208,1,14.198139881,2.88482142857
2012-07-11 17:10:57,-51207,1,17.2336309524,3.03549107143
2012-07-11 17:10:58,-51206,1,20.0694940476,2.83586309524
2012-07-11 17:10:59,-51205,1,22.570610119,2.50111607143
2012-07-11 17:11:00,-51204,1,24.7389136905,2.16830357143
2012-07-11 17:11:01,-51203,1,26.6352678571,1.89635416667
2012-07-11 17:11:02,-51202,1,28.3321428571,1.696875
2012-07-11 17:11:03,-51201,1,29.873139881,1.54099702381
2012-07-11 17:11:04,-51200,1,31.2363839286,1.36324404762
2012-07-11 17:11:05,-51199,1,32.3425595238,1.10617559524
2012-07-11 17:11:06,-51198,1,33.1107886905,0.768229166667
2012-07-11 17:11:07,-51197,1,33.5069196429,0.396130952381
2012-07-11 17:11:08,-51196,1,33.543452381,0.0365327380953
2012-07-11 17:11:09,-51195,1,33.2230654762,-0.320386904762
2012-07-11 17:11:10,-51194,1,32.4418154762,-0.78125
2012-07-11 17:11:11,-51193,1,30.9357886905,-1.50602678571
2012-07-11 17:11:12,-51192,1,28.3710565476,-2.56473214286
2012-07-11 17:11:13,-51191,1,24.5584077381,-3.81264880952
2012-07-11 17:11:14,-51190,1,19.6460565476,-4.91235119048
2012-07-11 17:11:15,-51189,1,14.1494791667,-5.49657738095
2012-07-11 17:11:16,-51188,1,8.82864583333,-5.32083333333
2012-07-11 17:11:17,-51187,1,4.54241071429,-4.28623511905
2012-07-11 17:11:18,-51186,1,0.0,-4.54241071429
2012-07-11 17:12:16,-51128,58,0.0,0.0
2012-07-11 17:12:17,-51127,1,2.99233630952,2.99233630952
2012-07-11 17:12:18,-51126,1,4.75357142857,1.76123511905
2012-07-11 17:12:19,-51125,1,6.03883928571,1.28526785714
2012-07-11 17:12:20,-51124,1,6.51889880952,0.48005952381
2012-07-11 17:12:21,-51123,1,6.38683035714,-0.132068452381
2012-07-11 17:12:22,-51122,1,6.0337797619,-0.353050595238
2012-07-11 17:12:23,-51121,1,5.8927827381,-0.14099702381
2012-07-11 17:12:24,-51120,1,6.38035714286,0.487574404762
2012-07-11 17:12:25,-51119,1,7.72879464286,1.3484375
2012-07-11 17:12:26,-51118,1,9.77254464286,2.04375
2012-07-11 17:12:27,-51117,1,11.9098958333,2.13735119048
2012-07-11 17:12:28,-51116,1,13.3459077381,1.43601190476
2012-07-11 17:12:29,-51115,1,13.5599702381,0.2140625
2012-07-11 17:12:30,-51114,1,12.7067708333,-0.853199404762
2012-07-11 17:12:31,-51113,1,11.574702381,-1.13206845238
2012-07-11 17:12:32,-51112,1,11.1058035714,-0.468898809524
2012-07-11 17:12:33,-51111,1,11.8670386905,0.761235119048
2012-07-11 17:12:34,-51110,1,13.8051339286,1.9380952381
2012-07-11 17:12:35,-51109,1,16.374702381,2.56956845238
2012-07-11 17:12:36,-51108,1,18.8992559524,2.52455357143
2012-07-11 17:12:37,-51107,1,20.8792410714,1.97998511905
2012-07-11 17:12:38,-51106,1,22.0913690476,1.21212797619
2012-07-11 17:12:39,-51105,1,22.5446428571,0.453273809524
2012-07-11 17:12:40,-51104,1,22.3681547619,-0.176488095238
2012-07-11 17:12:41,-51103,1,21.6574404762,-0.710714285714
2012-07-11 17:12:42,-51102,1,20.3732886905,-1.28415178571
2012-07-11 17:12:43,-51101,1,18.4087797619,-1.96450892857
2012-07-11 17:12:44,-51100,1,15.7917410714,-2.61703869048
2012-07-11 17:12:45,-51099,1,12.8057291667,-2.98601190476
2012-07-11 17:12:46,-51098,1,9.84754464286,-2.95818452381
2012-07-11 17:12:47,-51097,1,7.15081845238,-2.69672619048
2012-07-11 17:12:48,-51096,1,4.72886904762,-2.42194940476
2012-07-11 17:12:49,-51095,1,2.66979166667,-2.05907738095
2012-07-11 17:12:50,-51094,1,0.0,-2.66979166667
2012-07-11 17:14:01,-51023,71,0.0,0.0
2012-07-11 17:14:02,-51022,1,3.23489583333,3.23489583333
2012-07-11 17:14:03,-51021,1,6.05610119048,2.82120535714
2012-07-11 17:14:04,-51020,1,9.40647321429,3.35037202381
2012-07-11 17:14:05,-51019,1,12.7438988095,3.33742559524
2012-07-11 17:14:06,-51018,1,15.5511160714,2.8072172619
2012-07-11 17:14:07,-51017,1,17.3338541667,1.78273809524
2012-07-11 17:14:08,-51016,1,17.8349702381,0.501116071428
2012-07-11 17:14:09,-51015,1,17.1933035714,-0.641666666667
2012-07-11 17:14:10,-51014,1,15.8386904762,-1.35461309524
2012-07-11 17:14:11,-51013,1,14.2272321429,-1.61145833333
2012-07-11 17:14:12,-51012,1,12.6182291667,-1.60900297619
2012-07-11 17:14:13,-51011,1,11.072172619,-1.54605654762
2012-07-11 17:14:14,-51010,1,9.62574404762,-1.44642857143
2012-07-11 17:14:15,-51009,1,8.33921130952,-1.2865327381
2012-07-11 17:14:16,-51008,1,7.1796875,-1.15952380952
2012-07-11 17:14:17,-51007,1,6.02671130952,-1.15297619048
2012-07-11 17:14:18,-51006,1,4.83058035714,-1.19613095238
2012-07-11 17:14:19,-51005,1,3.70677083333,-1.12380952381
2012-07-11 17:14:20,-51004,1,2.87038690476,-0.836383928571
2012-07-11 17:14:21,-51003,1,2.45364583333,-0.416741071429
2012-07-11 17:14:22,-51002,1,2.36800595238,-0.0856398809524
2012-07-11 17:14:23,-51001,1,2.38191964286,0.0139136904762
2012-07-11 17:14:24,-51000,1,2.34084821429,-0.0410714285714
2012-07-11 17:14:25,-50999,1,2.30736607143,-0.0334821428571
2012-07-11 17:14:26,-50998,1,2.51443452381,0.207068452381
2012-07-11 17:14:27,-50997,1,3.16867559524,0.654241071429
2012-07-11 17:14:28,-50996,1,4.24389880952,1.07522321429
2012-07-11 17:14:29,-50995,1,5.43616071429,1.19226190476
2012-07-11 17:14:30,-50994,1,6.33266369048,0.89650297619
2012-07-11 17:14:31,-50993,1,6.67150297619,0.338839285714
2012-07-11 17:14:32,-50992,1,6.48474702381,-0.186755952381
2012-07-11 17:14:33,-50991,1,6.0318452381,-0.452901785714
2012-07-11 17:14:34,-50990,1,5.6459077381,-0.3859375
2012-07-11 17:14:35,-50989,1,5.62477678571,-0.021130952381
2012-07-11 17:14:36,-50988,1,6.13616071429,0.511383928571
2012-07-11 17:14:37,-50987,1,7.08517857143,0.949017857143
2012-07-11 17:14:38,-50986,1,8.0372172619,0.952038690476
2012-07-11 17:14:39,-50985,1,8.3884672619,0.35125
2012-07-11 17:14:40,-50984,1,7.78583333333,-0.602633928571
2012-07-11 17:14:41,-50983,1,6.42239583333,-1.3634375
2012-07-11 17:14:42,-50982,1,4.88672619048,-1.53566964286
2012-07-11 17:14:43,-50981,1,3.73470238095,-1.15202380952
2012-07-11 17:14:44,-50980,1,3.16595238095,-0.56875
2012-07-11 17:14:45,-50979,1,3.01526785714,-0.15068452381
2012-07-11 17:14:46,-50978,1,3.00802083333,-0.00724702380953
2012-07-11 17:14:47,-50977,1,2.98913690476,-0.0188839285714
2012-07-11 17:14:48,-50976,1,2.92345238095,-0.0656845238095
2012-07-11 17:14:49,-50975,1,2.83845238095,-0.085
2012-07-11 17:14:50,-50974,1,2.89401785714,0.0555654761905
2012-07-11 17:14:51,-50973,1,3.41857142857,0.524553571429
2012-07-11 17:14:52,-50972,1,4.7422172619,1.32364583333
2012-07-11 17:14:53,-50971,1,6.96488095238,2.22266369048
2012-07-11 17:14:54,-50970,1,9.84943452381,2.88455357143
2012-07-11 17:14:55,-50969,1,12.8955357143,3.04610119048
2012-07-11 17:14:56,-50968,1,15.5715625,2.67602678571
2012-07-11 17:14:57,-50967,1,17.5480059524,1.97644345238
2012-07-11 17:14:58,-50966,1,18.7551339286,1.20712797619
2012-07-11 17:14:59,-50965,1,19.2912202381,0.536086309524
2012-07-11 17:15:00,-50964,1,19.3029761905,0.011755952381
2012-07-11 17:15:01,-50963,1,18.9078869048,-0.395089285714
2012-07-11 17:15:02,-50962,1,18.2146577381,-0.693229166667
2012-07-11 17:15:03,-50961,1,17.4173363095,-0.797321428571
2012-07-11 17:15:04,-50960,1,16.7776041667,-0.639732142857
2012-07-11 17:15:05,-50959,1,16.4046130952,-0.372991071429
2012-07-11 17:15:06,-50958,1,16.0954613095,-0.309151785714
2012-07-11 17:15:07,-50957,1,15.5170386905,-0.578422619048
2012-07-11 17:15:08,-50956,1,14.5825892857,-0.934449404762
2012-07-11 17:15:09,-50955,1,13.6404017857,-0.9421875
2012-07-11 17:15:10,-50954,1,13.2824404762,-0.357961309524
2012-07-11 17:15:11,-50953,1,13.925297619,0.642857142857
2012-07-11 17:15:12,-50952,1,15.5266369048,1.60133928571
2012-07-11 17:15:13,-50951,1,17.6331845238,2.10654761905
2012-07-11 17:15:14,-50950,1,19.6357886905,2.00260416667
2012-07-11 17:15:15,-50949,1,21.0462053571,1.41041666667
2012-07-11 17:15:16,-50948,1,21.6744047619,0.628199404762
2012-07-11 17:15:17,-50947,1,21.6230654762,-0.0513392857143
2012-07-11 17:15:18,-50946,1,21.1406994048,-0.482366071429
2012-07-11 17:15:19,-50945,1,20.4733630952,-0.667336309524
2012-07-11 17:15:20,-50944,1,19.7955357143,-0.677827380952
2012-07-11 17:15:21,-50943,1,19.1682291667,-0.627306547619
2012-07-11 17:15:22,-50942,1,18.4735119048,-0.694717261905
2012-07-11 17:15:23,-50941,1,17.4669642857,-1.00654761905
2012-07-11 17:15:24,-50940,1,16.0415922619,-1.42537202381
2012-07-11 17:15:25,-50939,1,14.4723958333,-1.56919642857
2012-07-11 17:15:26,-50938,1,13.399702381,-1.07269345238
2012-07-11 17:15:27,-50937,1,13.4709077381,0.0712053571428
2012-07-11 17:15:28,-50936,1,14.7761904762,1.3052827381
2012-07-11 17:15:29,-50935,1,16.6925595238,1.91636904762
2012-07-11 17:15:30,-50934,1,18.4590029762,1.76644345238
2012-07-11 17:15:31,-50933,1,19.7852678571,1.32626488095
2012-07-11 17:15:32,-50932,1,20.8866071429,1.10133928571
2012-07-11 17:15:33,-50931,1,22.1076636905,1.22105654762
2012-07-11 17:15:34,-50930,1,23.4636904762,1.35602678571
2012-07-11 17:15:35,-50929,1,24.5011160714,1.03742559524
2012-07-11 17:15:36,-50928,1,24.6880952381,0.186979166667
2012-07-11 17:15:37,-50927,1,23.874702381,-0.813392857143
2012-07-11 17:15:38,-50926,1,22.3478422619,-1.52686011905
2012-07-11 17:15:39,-50925,1,20.5835565476,-1.76428571429
2012-07-11 17:15:40,-50924,1,18.9776041667,-1.60595238095
2012-07-11 17:15:41,-50923,1,17.6970238095,-1.28058035714
2012-07-11 17:15:42,-50922,1,16.7102678571,-0.986755952381
2012-07-11 17:15:43,-50921,1,15.9328125,-0.777455357143
2012-07-11 17:15:44,-50920,1,15.300297619,-0.632514880952
2012-07-11 17:15:45,-50919,1,14.7119791667,-0.588318452381
2012-07-11 17:15:46,-50918,1,14.0203869048,-0.691592261905
2012-07-11 17:15:47,-50917,1,13.1648809524,-0.855505952381
2012-07-11 17:15:48,-50916,1,12.3044642857,-0.860416666667
2012-07-11 17:15:49,-50915,1,11.7851190476,-0.519345238095
2012-07-11 17:15:50,-50914,1,11.942485119,0.157366071429
2012-07-11 17:15:51,-50913,1,12.8921130952,0.949627976191
2012-07-11 17:15:52,-50912,1,14.487202381,1.59508928571
2012-07-11 17:15:53,-50911,1,16.4578869048,1.97068452381
2012-07-11 17:15:54,-50910,1,18.5558035714,2.09791666667
2012-07-11 17:15:55,-50909,1,20.5954613095,2.0396577381
2012-07-11 17:15:56,-50908,1,22.4539434524,1.85848214286
2012-07-11 17:15:57,-50907,1,24.0723214286,1.61837797619
2012-07-11 17:15:58,-50906,1,25.4378720238,1.36555059524
2012-07-11 17:15:59,-50905,1,26.5402529762,1.10238095238
2012-07-11 17:16:00,-50904,1,27.305952381,0.765699404762
2012-07-11 17:16:01,-50903,1,27.5649553571,0.25900297619
2012-07-11 17:16:02,-50902,1,27.1214285714,-0.443526785714
2012-07-11 17:16:03,-50901,1,25.8819940476,-1.23943452381
2012-07-11 17:16:04,-50900,1,23.9425595238,-1.93943452381
2012-07-11 17:16:05,-50899,1,21.6144345238,-2.328125
2012-07-11 17:16:06,-50898,1,19.3829613095,-2.23147321429
2012-07-11 17:16:07,-50897,1,17.7741071429,-1.60885416667
2012-07-11 17:16:08,-50896,1,17.1720982143,-0.602008928571
2012-07-11 17:16:09,-50895,1,17.6795386905,0.50744047619
2012-07-11 17:16:10,-50894,1,19.0994791667,1.41994047619
2012-07-11 17:16:11,-50893,1,21.070014881,1.97053571429
2012-07-11 17:16:12,-50892,1,23.2583333333,2.18831845238
2012-07-11 17:16:13,-50891,1,25.4587053571,2.20037202381
2012-07-11 17:16:14,-50890,1,27.562202381,2.10349702381
2012-07-11 17:16:15,-50889,1,29.4943452381,1.93214285714
2012-07-11 17:16:16,-50888,1,31.2017113095,1.70736607143
2012-07-11 17:16:17,-50887,1,32.675,1.47328869048
2012-07-11 17:16:18,-50886,1,33.9425595238,1.26755952381
2012-07-11 17:16:19,-50885,1,35.033110119,1.09055059524
2012-07-11 17:16:20,-50884,1,35.9677083333,0.934598214286
2012-07-11 17:16:21,-50883,1,36.7572172619,0.789508928572
2012-07-11 17:16:22,-50882,1,37.3257440476,0.568526785714
2012-07-11 17:16:23,-50881,1,37.4020089286,0.0762648809524
2012-07-11 17:16:24,-50880,1,36.5227678571,-0.879241071428
2012-07-11 17:16:25,-50879,1,34.2117559524,-2.31101190476
2012-07-11 17:16:26,-50878,1,30.2490327381,-3.96272321429
2012-07-11 17:16:27,-50877,1,24.8665922619,-5.38244047619
2012-07-11 17:16:28,-50876,1,18.724702381,-6.14188988095
2012-07-11 17:16:29,-50875,1,12.6666666667,-6.05803571429
2012-07-11 17:16:30,-50874,1,7.4484375,-5.21822916667
2012-07-11 17:16:31,-50873,1,3.64501488095,-3.80342261905
2012-07-11 17:16:32,-50872,1,0.0,-3.64501488095
2012-07-11 17:16:57,-50847,25,0.0,0.0
2012-07-11 17:16:58,-50846,1,3.96525297619,3.96525297619
2012-07-11 17:16:59,-50845,1,7.47239583333,3.50714285714
2012-07-11 17:17:00,-50844,1,11.5781994048,4.10580357143
2012-07-11 17:17:01,-50843,1,15.634375,4.05617559524
2012-07-11 17:17:02,-50842,1,19.2998511905,3.66547619048
2012-07-11 17:17:03,-50841,1,22.5029761905,3.203125
2012-07-11 17:17:04,-50840,1,25.3026041667,2.79962797619
2012-07-11 17:17:05,-50839,1,27.7743303571,2.47172619048
2012-07-11 17:17:06,-50838,1,29.9682291667,2.19389880952
2012-07-11 17:17:07,-50837,1,31.903422619,1.93519345238
2012-07-11 17:17:08,-50836,1,33.5743303571,1.6709077381
2012-07-11 17:17:09,-50835,1,34.9645089286,1.39017857143
2012-07-11 17:17:10,-50834,1,36.0655505952,1.10104166667
2012-07-11 17:17:11,-50833,1,36.8947172619,0.829166666667
2012-07-11 17:17:12,-50832,1,37.4997767857,0.60505952381
2012-07-11 17:17:13,-50831,1,37.9467261905,0.446949404762
2012-07-11 17:17:14,-50830,1,38.2948660714,0.348139880952
2012-07-11 17:17:15,-50829,1,38.5774553571,0.282589285714
2012-07-11 17:17:16,-50828,1,38.8160714286,0.238616071428
2012-07-11 17:17:17,-50827,1,39.0537202381,0.237648809524
2012-07-11 17:17:18,-50826,1,39.3513392857,0.297619047619
2012-07-11 17:17:19,-50825,1,39.745610119,0.394270833333
2012-07-11 17:17:20,-50824,1,40.2209821429,0.47537202381
2012-07-11 17:17:21,-50823,1,40.7206845238,0.499702380952
2012-07-11 17:17:22,-50822,1,41.1898809524,0.469196428572
2012-07-11 17:17:23,-50821,1,41.621577381,0.431696428571
2012-07-11 17:17:24,-50820,1,42.0521577381,0.430580357143
2012-07-11 17:17:25,-50819,1,42.5113839286,0.459226190476
2012-07-11 17:17:26,-50818,1,42.9956845238,0.484300595238
2012-07-11 17:17:27,-50817,1,43.4794642857,0.483779761905
2012-07-11 17:17:28,-50816,1,43.9246279762,0.445163690476
2012-07-11 17:17:29,-50815,1,44.2810267857,0.356398809524
2012-07-11 17:17:30,-50814,1,44.4957589286,0.214732142857
2012-07-11 17:17:31,-50813,1,44.5355654762,0.0398065476191
2012-07-11 17:17:32,-50812,1,44.4117559524,-0.123809523809
2012-07-11 17:17:33,-50811,1,44.1883184524,-0.2234375
2012-07-11 17:17:34,-50810,1,43.9611607143,-0.227157738095
2012-07-11 17:17:35,-50809,1,43.8226934524,-0.138467261905
2012-07-11 17:17:36,-50808,1,43.8384672619,0.0157738095239
2012-07-11 17:17:37,-50807,1,44.0395833333,0.201116071428
2012-07-11 17:17:38,-50806,1,44.417485119,0.377901785714
2012-07-11 17:17:39,-50805,1,44.9250744048,0.507589285714
2012-07-11 17:17:40,-50804,1,45.4939732143,0.568898809524
2012-07-11 17:17:41,-50803,1,46.0608630952,0.566889880952
2012-07-11 17:17:42,-50802,1,46.5875,0.526636904762
2012-07-11 17:17:43,-50801,1,47.0610863095,0.473586309524
2012-07-11 17:17:44,-50800,1,47.4816964286,0.420610119048
2012-07-11 17:17:45,-50799,1,47.8574404762,0.375744047619
2012-07-11 17:17:46,-50798,1,48.1992559524,0.341815476191
2012-07-11 17:17:47,-50797,1,48.4993303571,0.300074404762
2012-07-11 17:17:48,-50796,1,48.7207589286,0.221428571428
2012-07-11 17:17:49,-50795,1,48.8257440476,0.104985119048
2012-07-11 17:17:50,-50794,1,48.815625,-0.010119047619
2012-07-11 17:17:51,-50793,1,48.7422619048,-0.0733630952381
2012-07-11 17:17:52,-50792,1,48.6822916667,-0.0599702380952
2012-07-11 17:17:53,-50791,1,48.6925595238,0.0102678571428
2012-07-11 17:17:54,-50790,1,48.7751488095,0.0825892857143
2012-07-11 17:17:55,-50789,1,48.874702381,0.0995535714286
2012-07-11 17:17:56,-50788,1,48.9098958333,0.0351934523809
2012-07-11 17:17:57,-50787,1,48.8192708333,-0.090625
2012-07-11 17:17:58,-50786,1,48.5973214286,-0.221949404762
2012-07-11 17:17:59,-50785,1,48.3016369048,-0.295684523809
2012-07-11 17:18:00,-50784,1,48.017485119,-0.284151785714
2012-07-11 17:18:01,-50783,1,47.7991815476,-0.218303571429
2012-07-11 17:18:02,-50782,1,47.642485119,-0.156696428571
2012-07-11 17:18:03,-50781,1,47.5121279762,-0.130357142857
2012-07-11 17:18:04,-50780,1,47.3905505952,-0.121577380952
2012-07-11 17:18:05,-50779,1,47.3040922619,-0.0864583333333
2012-07-11 17:18:06,-50778,1,47.3087053571,0.0046130952381
2012-07-11 17:18:07,-50777,1,47.4438244048,0.135119047619
2012-07-11 17:18:08,-50776,1,47.689360119,0.245535714286
2012-07-11 17:18:09,-50775,1,47.9691220238,0.279761904762
2012-07-11 17:18:10,-50774,1,48.2021577381,0.233035714286
2012-07-11 17:18:11,-50773,1,48.3522321429,0.150074404762
2012-07-11 17:18:12,-50772,1,48.4322916667,0.0800595238096
2012-07-11 17:18:13,-50771,1,48.4678571429,0.0355654761904
2012-07-11 17:18:14,-50770,1,48.4672619048,-0.000595238095201
2012-07-11 17:18:15,-50769,1,48.4392857143,-0.0279761904762
2012-07-11 17:18:16,-50768,1,48.4235863095,-0.0156994047619
2012-07-11 17:18:17,-50767,1,48.4753720238,0.0517857142857
2012-07-11 17:18:18,-50766,1,48.6183035714,0.142931547619
2012-07-11 17:18:19,-50765,1,48.8189732143,0.200669642857
2012-07-11 17:18:20,-50764,1,49.0084077381,0.18943452381
2012-07-11 17:18:21,-50763,1,49.1320684524,0.123660714286
2012-07-11 17:18:22,-50762,1,49.1759672619,0.0438988095239
2012-07-11 17:18:23,-50761,1,49.1485863095,-0.027380952381
2012-07-11 17:18:24,-50760,1,49.0590029762,-0.0895833333333
2012-07-11 17:18:25,-50759,1,48.9160714286,-0.142931547619
2012-07-11 17:18:26,-50758,1,48.7313988095,-0.184672619048
2012-07-11 17:18:27,-50757,1,48.5205357143,-0.210863095238
2012-07-11 17:18:28,-50756,1,48.3066964286,-0.213839285714
2012-07-11 17:18:29,-50755,1,48.1201636905,-0.186532738095
2012-07-11 17:18:30,-50754,1,47.994047619,-0.126116071429
2012-07-11 17:18:31,-50753,1,47.9535714286,-0.0404761904762
2012-07-11 17:18:32,-50752,1,48.0039434524,0.0503720238095
2012-07-11 17:18:33,-50751,1,48.1411458333,0.137202380952
2012-07-11 17:18:34,-50750,1,48.3630952381,0.221949404762
2012-07-11 17:18:35,-50749,1,48.6578125,0.294717261905
2012-07-11 17:18:36,-50748,1,49.0056547619,0.347842261905
2012-07-11 17:18:37,-50747,1,49.3866815476,0.381026785714
2012-07-11 17:18:38,-50746,1,49.7666666667,0.379985119048
2012-07-11 17:18:39,-50745,1,50.1022321429,0.33556547619
2012-07-11 17:18:40,-50744,1,50.3694196429,0.2671875
2012-07-11 17:18:41,-50743,1,50.5824404762,0.213020833333
2012-07-11 17:18:42,-50742,1,50.796875,0.21443452381
2012-07-11 17:18:43,-50741,1,51.0756696429,0.278794642857
2012-07-11 17:18:44,-50740,1,51.4259672619,0.350297619048
2012-07-11 17:18:45,-50739,1,51.7736607143,0.347693452381
2012-07-11 17:18:46,-50738,1,51.9995535714,0.225892857143
2012-07-11 17:18:47,-50737,1,52.0008928571,0.0013392857143
2012-07-11 17:18:48,-50736,1,51.7376488095,-0.263244047619
2012-07-11 17:18:49,-50735,1,51.2416666667,-0.495982142857
2012-07-11 17:18:50,-50734,1,50.5952380952,-0.646428571429
2012-07-11 17:18:51,-50733,1,49.8938244048,-0.701413690476
2012-07-11 17:18:52,-50732,1,49.2055803571,-0.688244047619
2012-07-11 17:18:53,-50731,1,48.5529761905,-0.652604166667
2012-07-11 17:18:54,-50730,1,47.9289434524,-0.624032738095
2012-07-11 17:18:55,-50729,1,47.3286458333,-0.600297619048
2012-07-11 17:18:56,-50728,1,46.7704613095,-0.558184523809
2012-07-11 17:18:57,-50727,1,46.2908482143,-0.479613095238
2012-07-11 17:18:58,-50726,1,45.9212797619,-0.369568452381
2012-07-11 17:18:59,-50725,1,45.669047619,-0.252232142857
2012-07-11 17:19:00,-50724,1,45.5157738095,-0.153273809524
2012-07-11 17:19:01,-50723,1,45.4369047619,-0.078869047619
2012-07-11 17:19:02,-50722,1,45.4209077381,-0.0159970238096
2012-07-11 17:19:03,-50721,1,45.4613839286,0.0404761904762
2012-07-11 17:19:04,-50720,1,45.5390625,0.0776785714286
2012-07-11 17:19:05,-50719,1,45.6235119048,0.0844494047619
2012-07-11 17:19:06,-50718,1,45.6880208333,0.0645089285714
2012-07-11 17:19:07,-50717,1,45.7126488095,0.0246279761905
2012-07-11 17:19:08,-50716,1,45.6633928571,-0.0492559523809
2012-07-11 17:19:09,-50715,1,45.4765625,-0.186830357143
2012-07-11 17:19:10,-50714,1,45.0947172619,-0.381845238095
2012-07-11 17:19:11,-50713,1,44.522172619,-0.572544642857
2012-07-11 17:19:12,-50712,1,43.8076636905,-0.714508928571
2012-07-11 17:19:13,-50711,1,42.9529761905,-0.8546875
2012-07-11 17:19:14,-50710,1,41.8530505952,-1.09992559524
2012-07-11 17:19:15,-50709,1,40.3399553571,-1.5130952381
2012-07-11 17:19:16,-50708,1,38.2988095238,-2.04114583333
2012-07-11 17:19:17,-50707,1,35.7466517857,-2.5521577381
2012-07-11 17:19:18,-50706,1,32.7927083333,-2.95394345238
2012-07-11 17:19:19,-50705,1,29.5484375,-3.24427083333
2012-07-11 17:19:20,-50704,1,26.1081845238,-3.44025297619
2012-07-11 17:19:21,-50703,1,22.5770089286,-3.53117559524
2012-07-11 17:19:22,-50702,1,19.0583333333,-3.51867559524
2012-07-11 17:19:23,-50701,1,15.6147321429,-3.44360119048
2012-07-11 17:19:24,-50700,1,12.2517113095,-3.36302083333
2012-07-11 17:19:25,-50699,1,8.95,-3.30171130952
2012-07-11 17:19:26,-50698,1,5.78816964286,-3.16183035714
2012-07-11 17:19:27,-50697,1,3.13482142857,-2.65334821429
2012-07-11 17:19:28,-50696,1,0.0,-3.13482142857
2012-07-11 17:20:06,-50658,38,0.0,0.0
2012-07-11 17:20:07,-50657,1,4.66041666667,4.66041666667
2012-07-11 17:20:08,-50656,1,8.41071428571,3.75029761905
2012-07-11 17:20:09,-50655,1,12.4733630952,4.06264880952
2012-07-11 17:20:10,-50654,1,16.1946428571,3.7212797619
2012-07-11 17:20:11,-50653,1,19.3491815476,3.15453869048
2012-07-11 17:20:12,-50652,1,21.9662946429,2.61711309524
2012-07-11 17:20:13,-50651,1,24.1532738095,2.18697916667
2012-07-11 17:20:14,-50650,1,26.03125,1.87797619048
2012-07-11 17:20:15,-50649,1,27.7288690476,1.69761904762
2012-07-11 17:20:16,-50648,1,29.3468005952,1.61793154762
2012-07-11 17:20:17,-50647,1,30.921875,1.57507440476
2012-07-11 17:20:18,-50646,1,32.4494791667,1.52760416667
2012-07-11 17:20:19,-50645,1,33.9295386905,1.48005952381
2012-07-11 17:20:20,-50644,1,35.3770089286,1.4474702381
2012-07-11 17:20:21,-50643,1,36.8008928571,1.42388392857
2012-07-11 17:20:22,-50642,1,38.1820684524,1.38117559524
2012-07-11 17:20:23,-50641,1,39.4705357143,1.2884672619
2012-07-11 17:20:24,-50640,1,40.6126488095,1.14211309524
2012-07-11 17:20:25,-50639,1,41.584375,0.971726190476
2012-07-11 17:20:26,-50638,1,42.395610119,0.811235119048
2012-07-11 17:20:27,-50637,1,43.0790178571,0.683407738095
2012-07-11 17:20:28,-50636,1,43.6877232143,0.608705357143
2012-07-11 17:20:29,-50635,1,44.2761160714,0.588392857143
2012-07-11 17:20:30,-50634,1,44.8599702381,0.583854166667
2012-07-11 17:20:31,-50633,1,45.4176339286,0.557663690476
2012-07-11 17:20:32,-50632,1,45.9316964286,0.5140625
2012-07-11 17:20:33,-50631,1,46.3986607143,0.466964285714
2012-07-11 17:20:34,-50630,1,46.8119047619,0.413244047619
2012-07-11 17:20:35,-50629,1,47.1608630952,0.348958333333
2012-07-11 17:20:36,-50628,1,47.4341517857,0.273288690476
2012-07-11 17:20:37,-50627,1,47.6248511905,0.190699404762
2012-07-11 17:20:38,-50626,1,47.7428571429,0.118005952381
2012-07-11 17:20:39,-50625,1,47.80625,0.0633928571429
2012-07-11 17:20:40,-50624,1,47.815922619,0.0096726190476
2012-07-11 17:20:41,-50623,1,47.7545386905,-0.0613839285714
2012-07-11 17:20:42,-50622,1,47.6108630952,-0.143675595238
2012-07-11 17:20:43,-50621,1,47.3921875,-0.218675595238
2012-07-11 17:20:44,-50620,1,47.1195684524,-0.272619047619
2012-07-11 17:20:45,-50619,1,46.8238095238,-0.295758928571
2012-07-11 17:20:46,-50618,1,46.5310267857,-0.292782738095
2012-07-11 17:20:47,-50617,1,46.23125,-0.299776785714
2012-07-11 17:20:48,-50616,1,45.8568452381,-0.374404761905
2012-07-11 17:20:49,-50615,1,45.3075892857,-0.549255952381
2012-07-11 17:20:50,-50614,1,44.5389880952,-0.768601190476
2012-07-11 17:20:51,-50613,1,43.6508928571,-0.888095238095
2012-07-11 17:20:52,-50612,1,42.870014881,-0.780877976191
2012-07-11 17:20:53,-50611,1,42.4183779762,-0.451636904762
2012-07-11 17:20:54,-50610,1,42.3779017857,-0.0404761904762
2012-07-11 17:20:55,-50609,1,42.6639136905,0.286011904762
2012-07-11 17:20:56,-50608,1,43.1158482143,0.451934523809
2012-07-11 17:20:57,-50607,1,43.6032738095,0.487425595238
2012-07-11 17:20:58,-50606,1,44.0576636905,0.454389880952
2012-07-11 17:20:59,-50605,1,44.4465029762,0.388839285714
2012-07-11 17:21:00,-50604,1,44.7489583333,0.302455357143
2012-07-11 17:21:01,-50603,1,44.9534970238,0.204538690476
2012-07-11 17:21:02,-50602,1,45.0631696429,0.109672619048
2012-07-11 17:21:03,-50601,1,45.080952381,0.0177827380953
2012-07-11 17:21:04,-50600,1,44.9799107143,-0.101041666667
2012-07-11 17:21:05,-50599,1,44.7067708333,-0.273139880952
2012-07-11 17:21:06,-50598,1,44.2188988095,-0.48787202381
2012-07-11 17:21:07,-50597,1,43.5138392857,-0.70505952381
2012-07-11 17:21:08,-50596,1,42.6449404762,-0.868898809524
2012-07-11 17:21:09,-50595,1,41.6835565476,-0.961383928572
2012-07-11 17:21:10,-50594,1,40.6033482143,-1.08020833333
2012-07-11 17:21:11,-50593,1,39.2209077381,-1.38244047619
2012-07-11 17:21:12,-50592,1,37.2982886905,-1.92261904762
2012-07-11 17:21:13,-50591,1,34.6965029762,-2.60178571429
2012-07-11 17:21:14,-50590,1,31.4488839286,-3.24761904762
2012-07-11 17:21:15,-50589,1,27.7322916667,-3.7165922619
2012-07-11 17:21:16,-50588,1,23.75625,-3.97604166667
2012-07-11 17:21:17,-50587,1,19.6647746599,-4.09147534014
2012-07-11 17:21:18,-50586,1,15.5609906463,-4.10378401361
2012-07-11 17:21:19,-50585,1,11.6098639456,-3.95112670068
2012-07-11 17:21:20,-50584,1,8.08718112245,-3.52268282313
2012-07-11 17:21:21,-50583,1,5.31144770408,-2.77573341837
2012-07-11 17:21:22,-50582,1,3.48758503401,-1.82386267007
2012-07-11 17:21:23,-50581,1,2.5768494898,-0.910735544218
2012-07-11 17:21:24,-50580,1,2.31203231293,-0.264817176871
2012-07-11 17:21:25,-50579,1,2.35398596939,0.0419536564626
2012-07-11 17:21:26,-50578,1,2.46307397959,0.109088010204
2012-07-11 17:21:27,-50577,1,2.55391156463,0.090837585034
2012-07-11 17:21:28,-50576,1,2.62857142857,0.0746598639456
2012-07-11 17:21:29,-50575,1,2.7,0.0714285714286
2012-07-11 17:21:30,-50574,1,2.77142857143,0.0714285714286
2012-07-11 17:21:31,-50573,1,2.83849914966,0.0670705782313
2012-07-11 17:21:32,-50572,1,2.88640518707,0.047906037415
2012-07-11 17:21:33,-50571,1,2.92413903061,0.0377338435374
2012-07-11 17:21:34,-50570,1,3.07167304422,0.147534013605
2012-07-11 17:21:35,-50569,1,3.5762755102,0.504602465986
2012-07-11 17:21:36,-50568,1,4.66762329932,1.09134778912
2012-07-11 17:21:37,-50567,1,6.38929634354,1.72167304422
2012-07-11 17:21:38,-50566,1,8.5703337585,2.18103741497
2012-07-11 17:21:39,-50565,1,10.9367134354,2.36637967687
2012-07-11 17:21:40,-50564,1,13.270482568,2.33376913265
2012-07-11 17:21:41,-50563,1,15.4832164116,2.21273384354
2012-07-11 17:21:42,-50562,1,17.5534970238,2.07028061224
2012-07-11 17:21:43,-50561,1,19.4585565476,1.90505952381
2012-07-11 17:21:44,-50560,1,21.1889880952,1.73043154762
2012-07-11 17:21:45,-50559,1,22.7682291667,1.57924107143
2012-07-11 17:21:46,-50558,1,24.2279017857,1.45967261905
2012-07-11 17:21:47,-50557,1,25.5866071429,1.35870535714
2012-07-11 17:21:48,-50556,1,26.8522321429,1.265625
2012-07-11 17:21:49,-50555,1,28.0223214286,1.17008928571
2012-07-11 17:21:50,-50554,1,29.0232886905,1.0009672619
2012-07-11 17:21:51,-50553,1,29.51875,0.495461309524
2012-07-11 17:21:52,-50552,1,28.7755208333,-0.743229166667
2012-07-11 17:21:53,-50551,1,26.0051339286,-2.77038690476
2012-07-11 17:21:54,-50550,1,21.0925595238,-4.91257440476
2012-07-11 17:21:55,-50549,1,14.9794642857,-6.1130952381
2012-07-11 17:21:56,-50548,1,9.25438988095,-5.72507440476
2012-07-11 17:21:57,-50547,1,5.25654761905,-3.9978422619
2012-07-11 17:21:58,-50546,1,3.40647321429,-1.85007440476
2012-07-11 17:21:59,-50545,1,3.30662202381,-0.0998511904762
2012-07-11 17:22:00,-50544,1,4.37113095238,1.06450892857
2012-07-11 17:22:01,-50543,1,6.22485119048,1.8537202381
2012-07-11 17:22:02,-50542,1,8.6240327381,2.39918154762
2012-07-11 17:22:03,-50541,1,11.2851934524,2.66116071429
2012-07-11 17:22:04,-50540,1,13.9122767857,2.62708333333
2012-07-11 17:22:05,-50539,1,16.3353422619,2.42306547619
2012-07-11 17:22:06,-50538,1,18.565625,2.2302827381
2012-07-11 17:22:07,-50537,1,20.7175595238,2.15193452381
2012-07-11 17:22:08,-50536,1,22.8773065476,2.15974702381
2012-07-11 17:22:09,-50535,1,24.9996279762,2.12232142857
2012-07-11 17:22:10,-50534,1,26.8947916667,1.89516369048
2012-07-11 17:22:11,-50533,1,28.3276785714,1.43288690476
2012-07-11 17:22:12,-50532,1,29.1567708333,0.829092261905
2012-07-11 17:22:13,-50531,1,29.3834077381,0.226636904762
2012-07-11 17:22:14,-50530,1,29.0508184524,-0.332589285714
2012-07-11 17:22:15,-50529,1,28.1023809524,-0.9484375
2012-07-11 17:22:16,-50528,1,26.399702381,-1.70267857143
2012-07-11 17:22:17,-50527,1,23.9445684524,-2.45513392857
2012-07-11 17:22:18,-50526,1,21.0799107143,-2.8646577381
2012-07-11 17:22:19,-50525,1,18.4136904762,-2.6662202381
2012-07-11 17:22:20,-50524,1,16.4938988095,-1.91979166667
2012-07-11 17:22:21,-50523,1,15.5069196429,-0.986979166667
2012-07-11 17:22:22,-50522,1,15.2308779762,-0.276041666667
2012-07-11 17:22:23,-50521,1,15.2645089286,0.0336309523809
2012-07-11 17:22:24,-50520,1,15.3188988095,0.0543898809524
2012-07-11 17:22:25,-50519,1,15.325,0.0061011904762
2012-07-11 17:22:26,-50518,1,15.346875,0.021875
2012-07-11 17:22:27,-50517,1,15.4225446429,0.0756696428571
2012-07-11 17:22:28,-50516,1,15.4195684524,-0.0029761904761
2012-07-11 17:22:29,-50515,1,15.0589285714,-0.360639880952
2012-07-11 17:22:30,-50514,1,14.1660714286,-0.892857142857
2012-07-11 17:22:31,-50513,1,12.8848214286,-1.28125
2012-07-11 17:22:32,-50512,1,11.6085565476,-1.27626488095
2012-07-11 17:22:33,-50511,1,10.7131696429,-0.895386904762
2012-07-11 17:22:34,-50510,1,10.3177827381,-0.395386904762
2012-07-11 17:22:35,-50509,1,10.2607886905,-0.056994047619
2012-07-11 17:22:36,-50508,1,10.3101190476,0.0493303571428
2012-07-11 17:22:37,-50507,1,10.362202381,0.0520833333334
2012-07-11 17:22:38,-50506,1,10.434672619,0.0724702380952
2012-07-11 17:22:39,-50505,1,10.5650297619,0.130357142857
2012-07-11 17:22:40,-50504,1,10.7657738095,0.200744047619
2012-07-11 17:22:41,-50503,1,11.0279017857,0.262127976191
2012-07-11 17:22:42,-50502,1,11.3265625,0.298660714286
2012-07-11 17:22:43,-50501,1,11.6139880952,0.287425595238
2012-07-11 17:22:44,-50500,1,11.8123511905,0.198363095238
2012-07-11 17:22:45,-50499,1,11.8354166667,0.0230654761905
2012-07-11 17:22:46,-50498,1,11.6386160714,-0.196800595238
2012-07-11 17:22:47,-50497,1,11.2577380952,-0.380877976191
2012-07-11 17:22:48,-50496,1,10.7917410714,-0.465997023809
2012-07-11 17:22:49,-50495,1,10.3284970238,-0.463244047619
2012-07-11 17:22:50,-50494,1,9.86726190476,-0.461235119048
2012-07-11 17:22:51,-50493,1,9.29546130952,-0.571800595238
2012-07-11 17:22:52,-50492,1,8.46160714286,-0.833854166667
2012-07-11 17:22:53,-50491,1,7.33452380952,-1.12708333333
2012-07-11 17:22:54,-50490,1,6.10223214286,-1.23229166667
2012-07-11 17:22:55,-50489,1,5.06994047619,-1.03229166667
2012-07-11 17:22:56,-50488,1,4.45543154762,-0.614508928571
2012-07-11 17:22:57,-50487,1,4.27760416667,-0.177827380952
2012-07-11 17:22:58,-50486,1,4.39203869048,0.11443452381
2012-07-11 17:22:59,-50485,1,4.61443452381,0.222395833333
2012-07-11 17:23:00,-50484,1,4.82886904762,0.21443452381
2012-07-11 17:23:01,-50483,1,4.99962797619,0.170758928571
2012-07-11 17:23:02,-50482,1,5.11696428571,0.117336309524
2012-07-11 17:23:03,-50481,1,5.1412202381,0.024255952381
2012-07-11 17:23:04,-50480,1,4.95691964286,-0.184300595238
2012-07-11 17:23:05,-50479,1,4.38288690476,-0.574032738095
2012-07-11 17:23:06,-50478,1,3.32671130952,-1.05617559524
2012-07-11 17:23:07,-50477,1,2.04609375,-1.28061755952
2012-07-11 17:23:08,-50476,1,0.0,-2.04609375
2012-07-11 17:30:15,-50049,427,0.0,0.0
2012-07-11 17:30:16,-50048,1,3.08311011905,3.08311011905
2012-07-11 17:30:17,-50047,1,5.14077380952,2.05766369048
2012-07-11 17:30:18,-50046,1,7.01443452381,1.87366071429
2012-07-11 17:30:19,-50045,1,8.4087797619,1.3943452381
2012-07-11 17:30:20,-50044,1,9.37470238095,0.965922619048
2012-07-11 17:30:21,-50043,1,10.0207217262,0.646019345238
2012-07-11 17:30:22,-50042,1,10.404389881,0.383668154762
2012-07-11 17:30:23,-50041,1,10.6317708333,0.227380952381
2012-07-11 17:30:24,-50040,1,10.9331845238,0.301413690476
2012-07-11 17:30:25,-50039,1,11.5588541667,0.625669642857
2012-07-11 17:30:26,-50038,1,12.5678571429,1.00900297619
2012-07-11 17:30:27,-50037,1,13.6881696429,1.1203125
2012-07-11 17:30:28,-50036,1,14.3949404762,0.706770833333
2012-07-11 17:30:29,-50035,1,14.2148065476,-0.180133928572
2012-07-11 17:30:30,-50034,1,13.0380704365,-1.17673611111
2012-07-11 17:30:31,-50033,1,11.1507688492,-1.8873015873
2012-07-11 17:30:32,-50032,1,8.99501488095,-2.15575396825
2012-07-11 17:30:33,-50031,1,6.93214285714,-2.06287202381
2012-07-11 17:30:34,-50030,1,5.1603422619,-1.77180059524
2012-07-11 17:30:35,-50029,1,3.79129464286,-1.36904761905
2012-07-11 17:30:36,-50028,1,3.00749007937,-0.783804563492
2012-07-11 17:30:37,-50027,1,3.05032242063,0.0428323412698
2012-07-11 17:30:38,-50026,1,3.96867559524,0.918353174603
2012-07-11 17:30:39,-50025,1,5.45386904762,1.48519345238
2012-07-11 17:30:40,-50024,1,6.9568452381,1.50297619048
2012-07-11 17:30:41,-50023,1,7.94754464286,0.990699404762
2012-07-11 17:30:42,-50022,1,8.16418650794,0.216641865079
2012-07-11 17:30:43,-50021,1,7.70359623016,-0.460590277778
2012-07-11 17:30:44,-50020,1,6.8515625,-0.852033730159
2012-07-11 17:30:45,-50019,1,5.85148809524,-1.00007440476
2012-07-11 17:30:46,-50018,1,4.86123511905,-0.99025297619
2012-07-11 17:30:47,-50017,1,4.01450892857,-0.846726190476
2012-07-11 17:30:48,-50016,1,3.41354166667,-0.600967261905
2012-07-11 17:30:49,-50015,1,3.09129464286,-0.32224702381
2012-07-11 17:30:50,-50014,1,3.00505952381,-0.0862351190476
2012-07-11 17:30:51,-50013,1,3.05014880952,0.0450892857143
2012-07-11 17:30:52,-50012,1,3.13958333333,0.0894345238095
2012-07-11 17:30:53,-50011,1,3.32418154762,0.184598214286
2012-07-11 17:30:54,-50010,1,3.78556547619,0.461383928571
2012-07-11 17:30:55,-50009,1,4.69456845238,0.90900297619
2012-07-11 17:30:56,-50008,1,6.11175595238,1.4171875
2012-07-11 17:30:57,-50007,1,7.9646577381,1.85290178571
2012-07-11 17:30:58,-50006,1,10.036235119,2.07157738095
2012-07-11 17:30:59,-50005,1,12.0060267857,1.96979166667
2012-07-11 17:31:00,-50004,1,13.5749255952,1.56889880952
2012-07-11 17:31:01,-50003,1,14.6052083333,1.0302827381
2012-07-11 17:31:02,-50002,1,15.184375,0.579166666667
2012-07-11 17:31:03,-50001,1,15.5399553571,0.355580357143
2012-07-11 17:31:04,-50000,1,15.8478422619,0.307886904762
2012-07-11 17:31:05,-49999,1,16.1203125,0.272470238095
2012-07-11 17:31:06,-49998,1,16.2911458333,0.170833333333
2012-07-11 17:31:07,-49997,1,16.3733630952,0.0822172619048
2012-07-11 17:31:08,-49996,1,16.4832589286,0.109895833333
2012-07-11 17:31:09,-49995,1,16.7401041667,0.256845238095
2012-07-11 17:31:10,-49994,1,17.2177827381,0.477678571428
2012-07-11 17:31:11,-49993,1,17.9830357143,0.76525297619
2012-07-11 17:31:12,-49992,1,19.1068452381,1.12380952381
2012-07-11 17:31:13,-49991,1,20.6123511905,1.50550595238
2012-07-11 17:31:14,-49990,1,22.416889881,1.80453869048
2012-07-11 17:31:15,-49989,1,24.3163690476,1.89947916667
2012-07-11 17:31:16,-49988,1,26.0372767857,1.7209077381
2012-07-11 17:31:17,-49987,1,27.3395833333,1.30230654762
2012-07-11 17:31:18,-49986,1,28.0959077381,0.756324404762
2012-07-11 17:31:19,-49985,1,28.3077380952,0.211830357143
2012-07-11 17:31:20,-49984,1,28.0855654762,-0.222172619048
2012-07-11 17:31:21,-49983,1,27.587797619,-0.497767857143
2012-07-11 17:31:22,-49982,1,26.9149553571,-0.672842261905
2012-07-11 17:31:23,-49981,1,26.0398065476,-0.875148809524
2012-07-11 17:31:24,-49980,1,24.8235863095,-1.2162202381
2012-07-11 17:31:25,-49979,1,23.076264881,-1.74732142857
2012-07-11 17:31:26,-49978,1,20.6314732143,-2.44479166667
2012-07-11 17:31:27,-49977,1,17.4370535714,-3.19441964286
2012-07-11 17:31:28,-49976,1,13.661235119,-3.77581845238
2012-07-11 17:31:29,-49975,1,9.76316964286,-3.89806547619
2012-07-11 17:31:30,-49974,1,6.3869047619,-3.37626488095
2012-07-11 17:31:31,-49973,1,4.08705357143,-2.29985119048
2012-07-11 17:31:32,-49972,1,3.13616071429,-0.950892857143
2012-07-11 17:31:33,-49971,1,3.5240327381,0.38787202381
2012-07-11 17:31:34,-49970,1,5.04419642857,1.52016369048
2012-07-11 17:31:35,-49969,1,7.39561011905,2.35141369048
2012-07-11 17:31:36,-49968,1,10.2428571429,2.84724702381
2012-07-11 17:31:37,-49967,1,13.2404017857,2.99754464286
2012-07-11 17:31:38,-49966,1,16.1171130952,2.87671130952
2012-07-11 17:31:39,-49965,1,18.7631696429,2.64605654762
2012-07-11 17:31:40,-49964,1,21.19375,2.43058035714
2012-07-11 17:31:41,-49963,1,23.4511904762,2.25744047619
2012-07-11 17:31:42,-49962,1,25.5508928571,2.09970238095
2012-07-11 17:31:43,-49961,1,27.4767113095,1.92581845238
2012-07-11 17:31:44,-49960,1,29.201264881,1.72455357143
2012-07-11 17:31:45,-49959,1,30.709375,1.50811011905
2012-07-11 17:31:46,-49958,1,32.0160714286,1.30669642857
2012-07-11 17:31:47,-49957,1,33.1693452381,1.15327380952
2012-07-11 17:31:48,-49956,1,34.2223214286,1.05297619048
2012-07-11 17:31:49,-49955,1,35.2109375,0.988616071429
2012-07-11 17:31:50,-49954,1,36.1595982143,0.948660714286
2012-07-11 17:31:51,-49953,1,37.068452381,0.908854166667
2012-07-11 17:31:52,-49952,1,37.8977678571,0.829315476191
2012-07-11 17:31:53,-49951,1,38.5928571429,0.695089285714
2012-07-11 17:31:54,-49950,1,39.1014136905,0.508556547619
2012-07-11 17:31:55,-49949,1,39.370014881,0.268601190476
2012-07-11 17:31:56,-49948,1,39.3589285714,-0.0110863095238
2012-07-11 17:31:57,-49947,1,39.0550595238,-0.303869047619
2012-07-11 17:31:58,-49946,1,38.4844494048,-0.570610119048
2012-07-11 17:31:59,-49945,1,37.7349702381,-0.749479166667
2012-07-11 17:32:00,-49944,1,36.9259672619,-0.80900297619
2012-07-11 17:32:01,-49943,1,36.1313244048,-0.794642857143
2012-07-11 17:32:02,-49942,1,35.3545386905,-0.776785714286
2012-07-11 17:32:03,-49941,1,34.5617559524,-0.792782738095
2012-07-11 17:32:04,-49940,1,33.7063988095,-0.855357142857
2012-07-11 17:32:05,-49939,1,32.7326636905,-0.973735119048
2012-07-11 17:32:06,-49938,1,31.5722470238,-1.16041666667
2012-07-11 17:32:07,-49937,1,30.1462797619,-1.4259672619
2012-07-11 17:32:08,-49936,1,28.3927083333,-1.75357142857
2012-07-11 17:32:09,-49935,1,26.3084077381,-2.08430059524
2012-07-11 17:32:10,-49934,1,23.9728422619,-2.33556547619
2012-07-11 17:32:11,-49933,1,21.5392857143,-2.43355654762
2012-07-11 17:32:12,-49932,1,19.1951636905,-2.34412202381
2012-07-11 17:32:13,-49931,1,17.1101190476,-2.08504464286
2012-07-11 17:32:14,-49930,1,15.3972470238,-1.71287202381
2012-07-11 17:32:15,-49929,1,14.1132440476,-1.28400297619
2012-07-11 17:32:16,-49928,1,13.3139136905,-0.799330357143
2012-07-11 17:32:17,-49927,1,13.1188988095,-0.195014880952
2012-07-11 17:32:18,-49926,1,13.7020089286,0.583110119048
2012-07-11 17:32:19,-49925,1,15.1819196429,1.47991071429
2012-07-11 17:32:20,-49924,1,17.49375,2.31183035714
2012-07-11 17:32:21,-49923,1,20.36875,2.875
2012-07-11 17:32:22,-49922,1,23.4458333333,3.07708333333
2012-07-11 17:32:23,-49921,1,26.4165922619,2.97075892857
2012-07-11 17:32:24,-49920,1,29.106547619,2.68995535714
2012-07-11 17:32:25,-49919,1,31.4595982143,2.35305059524
2012-07-11 17:32:26,-49918,1,33.4754464286,2.01584821429
2012-07-11 17:32:27,-49917,1,35.1689732143,1.69352678571
2012-07-11 17:32:28,-49916,1,36.5533482143,1.384375
2012-07-11 17:32:29,-49915,1,37.6344494048,1.08110119048
2012-07-11 17:32:30,-49914,1,38.4202380952,0.785788690476
2012-07-11 17:32:31,-49913,1,38.938764881,0.518526785714
2012-07-11 17:32:32,-49912,1,39.2567708333,0.318005952381
2012-07-11 17:32:33,-49911,1,39.4645089286,0.207738095238
2012-07-11 17:32:34,-49910,1,39.6162946429,0.151785714286
2012-07-11 17:32:35,-49909,1,39.708110119,0.0918154761905
2012-07-11 17:32:36,-49908,1,39.7333333333,0.0252232142857
2012-07-11 17:32:37,-49907,1,39.7338541667,0.000520833333404
2012-07-11 17:32:38,-49906,1,39.7852678571,0.0514136904761
2012-07-11 17:32:39,-49905,1,39.9441964286,0.158928571429
2012-07-11 17:32:40,-49904,1,40.1985119048,0.25431547619
2012-07-11 17:32:41,-49903,1,40.4639880952,0.265476190476
2012-07-11 17:32:42,-49902,1,40.6494791667,0.185491071429
2012-07-11 17:32:43,-49901,1,40.7208333333,0.0713541666666
2012-07-11 17:32:44,-49900,1,40.7038690476,-0.0169642857143
2012-07-11 17:32:45,-49899,1,40.6693452381,-0.0345238095238
2012-07-11 17:32:46,-49898,1,40.7069940476,0.0376488095238
2012-07-11 17:32:47,-49897,1,40.8534970238,0.146502976191
2012-07-11 17:32:48,-49896,1,41.0465029762,0.193005952381
2012-07-11 17:32:49,-49895,1,41.1822916667,0.135788690476
2012-07-11 17:32:50,-49894,1,41.2090029762,0.0267113095238
2012-07-11 17:32:51,-49893,1,41.1398809524,-0.0691220238096
2012-07-11 17:32:52,-49892,1,40.9769345238,-0.162946428571
2012-07-11 17:32:53,-49891,1,40.6644345238,-0.3125
2012-07-11 17:32:54,-49890,1,40.1648065476,-0.49962797619
2012-07-11 17:32:55,-49889,1,39.5709821429,-0.593824404762
2012-07-11 17:32:56,-49888,1,39.0936011905,-0.477380952381
2012-07-11 17:32:57,-49887,1,38.8927083333,-0.200892857143
2012-07-11 17:32:58,-49886,1,38.9185267857,0.025818452381
2012-07-11 17:32:59,-49885,1,38.9433035714,0.0247767857143
2012-07-11 17:33:00,-49884,1,38.7395089286,-0.203794642857
2012-07-11 17:33:01,-49883,1,38.1991815476,-0.540327380952
2012-07-11 17:33:02,-49882,1,37.2948660714,-0.90431547619
2012-07-11 17:33:03,-49881,1,35.9921130952,-1.30275297619
2012-07-11 17:33:04,-49880,1,34.2777529762,-1.71436011905
2012-07-11 17:33:05,-49879,1,32.2621279762,-2.015625
2012-07-11 17:33:06,-49878,1,30.170014881,-2.09211309524
2012-07-11 17:33:07,-49877,1,28.1973958333,-1.97261904762
2012-07-11 17:33:08,-49876,1,26.3931547619,-1.80424107143
2012-07-11 17:33:09,-49875,1,24.7107886905,-1.68236607143
2012-07-11 17:33:10,-49874,1,23.1879464286,-1.5228422619
2012-07-11 17:33:11,-49873,1,22.030952381,-1.15699404762
2012-07-11 17:33:12,-49872,1,21.4955357143,-0.535416666667
2012-07-11 17:33:13,-49871,1,21.7042410714,0.208705357143
2012-07-11 17:33:14,-49870,1,22.5793154762,0.875074404762
2012-07-11 17:33:15,-49869,1,23.9276785714,1.34836309524
2012-07-11 17:33:16,-49868,1,25.5572916667,1.62961309524
2012-07-11 17:33:17,-49867,1,27.3029761905,1.74568452381
2012-07-11 17:33:18,-49866,1,28.9880952381,1.68511904762
2012-07-11 17:33:19,-49865,1,30.4006696429,1.41257440476
2012-07-11 17:33:20,-49864,1,31.3115327381,0.910863095238
2012-07-11 17:33:21,-49863,1,31.5443452381,0.2328125
2012-07-11 17:33:22,-49862,1,31.058110119,-0.486235119048
2012-07-11 17:33:23,-49861,1,29.9390625,-1.11904761905
2012-07-11 17:33:24,-49860,1,28.2923363095,-1.64672619048
2012-07-11 17:33:25,-49859,1,26.174702381,-2.11763392857
2012-07-11 17:33:26,-49858,1,23.6636904762,-2.51101190476
2012-07-11 17:33:27,-49857,1,21.0077380952,-2.65595238095
2012-07-11 17:33:28,-49856,1,18.7010416667,-2.30669642857
2012-07-11 17:33:29,-49855,1,17.314360119,-1.38668154762
2012-07-11 17:33:30,-49854,1,17.1573660714,-0.156994047619
2012-07-11 17:33:31,-49853,1,18.0996279762,0.942261904762
2012-07-11 17:33:32,-49852,1,19.692485119,1.59285714286
2012-07-11 17:33:33,-49851,1,21.4371279762,1.74464285714
2012-07-11 17:33:34,-49850,1,23.0091517857,1.57202380952
2012-07-11 17:33:35,-49849,1,24.3197172619,1.31056547619
2012-07-11 17:33:36,-49848,1,25.4202380952,1.10052083333
2012-07-11 17:33:37,-49847,1,26.3855654762,0.965327380952
2012-07-11 17:33:38,-49846,1,27.2569196429,0.871354166667
2012-07-11 17:33:39,-49845,1,28.021875,0.764955357143
2012-07-11 17:33:40,-49844,1,28.6261904762,0.604315476191
2012-07-11 17:33:41,-49843,1,29.025297619,0.399107142857
2012-07-11 17:33:42,-49842,1,29.2295386905,0.204241071429
2012-07-11 17:33:43,-49841,1,29.3019345238,0.0723958333333
2012-07-11 17:33:44,-49840,1,29.3264136905,0.0244791666667
2012-07-11 17:33:45,-49839,1,29.3743303571,0.0479166666667
2012-07-11 17:33:46,-49838,1,29.4807291667,0.106398809524
2012-07-11 17:33:47,-49837,1,29.6433779762,0.162648809524
2012-07-11 17:33:48,-49836,1,29.8452380952,0.201860119048
2012-07-11 17:33:49,-49835,1,30.0802083333,0.234970238095
2012-07-11 17:33:50,-49834,1,30.3688988095,0.28869047619
2012-07-11 17:33:51,-49833,1,30.7584821429,0.389583333333
2012-07-11 17:33:52,-49832,1,31.2938988095,0.535416666667
2012-07-11 17:33:53,-49831,1,31.9776785714,0.683779761905
2012-07-11 17:33:54,-49830,1,32.7615327381,0.783854166667
2012-07-11 17:33:55,-49829,1,33.5669642857,0.805431547619
2012-07-11 17:33:56,-49828,1,34.3017113095,0.73474702381
2012-07-11 17:33:57,-49827,1,34.8635416667,0.561830357143
2012-07-11 17:33:58,-49826,1,35.129389881,0.265848214286
2012-07-11 17:33:59,-49825,1,34.9412202381,-0.188169642857
2012-07-11 17:34:00,-49824,1,34.131547619,-0.809672619048
2012-07-11 17:34:01,-49823,1,32.5955357143,-1.53601190476
2012-07-11 17:34:02,-49822,1,30.3430803571,-2.25245535714
2012-07-11 17:34:03,-49821,1,27.4727678571,-2.8703125
2012-07-11 17:34:04,-49820,1,24.1011904762,-3.37157738095
2012-07-11 17:34:05,-49819,1,20.3474702381,-3.7537202381
2012-07-11 17:34:06,-49818,1,16.4125,-3.9349702381
2012-07-11 17:34:07,-49817,1,12.6370535714,-3.77544642857
2012-07-11 17:34:08,-49816,1,9.39888392857,-3.23816964286
2012-07-11 17:34:09,-49815,1,6.91532738095,-2.48355654762
2012-07-11 17:34:10,-49814,1,5.1630952381,-1.75223214286
2012-07-11 17:34:11,-49813,1,3.99092261905,-1.17217261905
2012-07-11 17:34:12,-49812,1,3.30364583333,-0.687276785714
2012-07-11 17:34:13,-49811,1,3.1650297619,-0.138616071429
2012-07-11 17:34:14,-49810,1,3.74918154762,0.584151785714
2012-07-11 17:34:15,-49809,1,5.190625,1.44144345238
2012-07-11 17:34:16,-49808,1,7.4578125,2.2671875
2012-07-11 17:34:17,-49807,1,10.3063244048,2.84851190476
2012-07-11 17:34:18,-49806,1,13.3087053571,3.00238095238
2012-07-11 17:34:19,-49805,1,15.9991815476,2.69047619048
2012-07-11 17:34:20,-49804,1,18.0781994048,2.07901785714
2012-07-11 17:34:21,-49803,1,19.4877232143,1.40952380952
2012-07-11 17:34:22,-49802,1,20.3168154762,0.829092261905
2012-07-11 17:34:23,-49801,1,20.6756696429,0.358854166667
2012-07-11 17:34:24,-49800,1,20.612202381,-0.0634672619047
2012-07-11 17:34:25,-49799,1,20.0994047619,-0.512797619048
2012-07-11 17:34:26,-49798,1,19.1254464286,-0.973958333333
2012-07-11 17:34:27,-49797,1,17.7970238095,-1.32842261905
2012-07-11 17:34:28,-49796,1,16.339360119,-1.45766369048
2012-07-11 17:34:29,-49795,1,15.0116071429,-1.32775297619
2012-07-11 17:34:30,-49794,1,14.0084077381,-1.00319940476
2012-07-11 17:34:31,-49793,1,13.416889881,-0.591517857143
2012-07-11 17:34:32,-49792,1,13.2696428571,-0.14724702381
2012-07-11 17:34:33,-49791,1,13.6019345238,0.332291666667
2012-07-11 17:34:34,-49790,1,14.4097470238,0.8078125
2012-07-11 17:34:35,-49789,1,15.5733630952,1.16361607143
2012-07-11 17:34:36,-49788,1,16.8600446429,1.28668154762
2012-07-11 17:34:37,-49787,1,18.0127232143,1.15267857143
2012-07-11 17:34:38,-49786,1,18.8586309524,0.845907738095
2012-07-11 17:34:39,-49785,1,19.3668154762,0.50818452381
2012-07-11 17:34:40,-49784,1,19.6208333333,0.254017857143
2012-07-11 17:34:41,-49783,1,19.7428571429,0.122023809524
2012-07-11 17:34:42,-49782,1,19.8332589286,0.0904017857143
2012-07-11 17:34:43,-49781,1,19.946577381,0.113318452381
2012-07-11 17:34:44,-49780,1,20.096577381,0.15
2012-07-11 17:34:45,-49779,1,20.2779761905,0.181398809524
2012-07-11 17:34:46,-49778,1,20.4718005952,0.193824404762
2012-07-11 17:34:47,-49777,1,20.63125,0.159449404762
2012-07-11 17:34:48,-49776,1,20.6888392857,0.0575892857143
2012-07-11 17:34:49,-49775,1,20.5769345238,-0.111904761905
2012-07-11 17:34:50,-49774,1,20.2276785714,-0.349255952381
2012-07-11 17:34:51,-49773,1,19.5844494048,-0.643229166667
2012-07-11 17:34:52,-49772,1,18.6433035714,-0.941145833333
2012-07-11 17:34:53,-49771,1,17.4632440476,-1.18005952381
2012-07-11 17:34:54,-49770,1,16.1249255952,-1.33831845238
2012-07-11 17:34:55,-49769,1,14.6906994048,-1.43422619048
2012-07-11 17:34:56,-49768,1,13.1904017857,-1.50029761905
2012-07-11 17:34:57,-49767,1,11.6406994048,-1.54970238095
2012-07-11 17:34:58,-49766,1,10.1024553571,-1.53824404762
2012-07-11 17:34:59,-49765,1,8.70104166667,-1.40141369048
2012-07-11 17:35:00,-49764,1,7.55163690476,-1.1494047619
2012-07-11 17:35:01,-49763,1,6.67686011905,-0.874776785714
2012-07-11 17:35:02,-49762,1,6.00305059524,-0.67380952381
2012-07-11 17:35:03,-49761,1,5.41629464286,-0.586755952381
2012-07-11 17:35:04,-49760,1,4.8384672619,-0.577827380952
2012-07-11 17:35:05,-49759,1,4.24144345238,-0.597023809524
2012-07-11 17:35:06,-49758,1,3.55491071429,-0.686532738095
2012-07-11 17:35:07,-49757,1,2.66302083333,-0.891889880952
2012-07-11 17:35:08,-49756,1,1.67700892857,-0.986011904762
2012-07-11 17:35:09,-49755,1,0.0,-1.67700892857
2012-07-11 18:09:46,-47678,2077,0.0,0.0
2012-07-11 18:09:47,-47677,1,4.22544642857,4.22544642857
2012-07-11 18:09:48,-47676,1,7.14270833333,2.91726190476
2012-07-11 18:09:49,-47675,1,9.8056547619,2.66294642857
2012-07-11 18:09:50,-47674,1,11.7691964286,1.96354166667
2012-07-11 18:09:51,-47673,1,13.1598214286,1.390625
2012-07-11 18:09:52,-47672,1,14.3460565476,1.18623511905
2012-07-11 18:09:53,-47671,1,15.6111607143,1.26510416667
2012-07-11 18:09:54,-47670,1,17.0274553571,1.41629464286
2012-07-11 18:09:55,-47669,1,18.5214285714,1.49397321429
2012-07-11 18:09:56,-47668,1,19.9775297619,1.45610119048
2012-07-11 18:09:57,-47667,1,21.287202381,1.30967261905
2012-07-11 18:09:58,-47666,1,22.3682291667,1.08102678571
2012-07-11 18:09:59,-47665,1,23.1944940476,0.826264880952
2012-07-11 18:10:00,-47664,1,23.8183035714,0.62380952381
2012-07-11 18:10:01,-47663,1,24.3476190476,0.52931547619
2012-07-11 18:10:02,-47662,1,24.8661458333,0.518526785714
2012-07-11 18:10:03,-47661,1,25.3220982143,0.455952380952
2012-07-11 18:10:04,-47660,1,25.4828869048,0.160788690476
2012-07-11 18:10:05,-47659,1,25.0337053571,-0.449181547619
2012-07-11 18:10:06,-47658,1,23.730952381,-1.30275297619
2012-07-11 18:10:07,-47657,1,21.4960565476,-2.23489583333
2012-07-11 18:10:08,-47656,1,18.4970982143,-2.99895833333
2012-07-11 18:10:09,-47655,1,15.2294642857,-3.26763392857
2012-07-11 18:10:10,-47654,1,12.4230654762,-2.80639880952
2012-07-11 18:10:11,-47653,1,10.7261904762,-1.696875
2012-07-11 18:10:12,-47652,1,10.4036458333,-0.322544642857
2012-07-11 18:10:13,-47651,1,11.2744791667,0.870833333333
2012-07-11 18:10:14,-47650,1,12.8973958333,1.62291666667
2012-07-11 18:10:15,-47649,1,14.8429315476,1.94553571429
2012-07-11 18:10:16,-47648,1,16.8134672619,1.97053571429
2012-07-11 18:10:17,-47647,1,18.5460565476,1.73258928571
2012-07-11 18:10:18,-47646,1,19.7197172619,1.17366071429
2012-07-11 18:10:19,-47645,1,20.0074404762,0.287723214286
2012-07-11 18:10:20,-47644,1,19.1597470238,-0.847693452381
2012-07-11 18:10:21,-47643,1,17.0978422619,-2.0619047619
2012-07-11 18:10:22,-47642,1,14.1119791667,-2.98586309524
2012-07-11 18:10:23,-47641,1,10.9954613095,-3.11651785714
2012-07-11 18:10:24,-47640,1,8.80625,-2.18921130952
2012-07-11 18:10:25,-47639,1,8.3259672619,-0.480282738095
2012-07-11 18:10:26,-47638,1,9.64799107143,1.32202380952
2012-07-11 18:10:27,-47637,1,12.2257440476,2.57775297619
2012-07-11 18:10:28,-47636,1,15.3139136905,3.08816964286
2012-07-11 18:10:29,-47635,1,18.4020089286,3.0880952381
2012-07-11 18:10:30,-47634,1,21.3030505952,2.90104166667
2012-07-11 18:10:31,-47633,1,23.9567708333,2.6537202381
2012-07-11 18:10:32,-47632,1,26.2719494048,2.31517857143
2012-07-11 18:10:33,-47631,1,28.1759672619,1.90401785714
2012-07-11 18:10:34,-47630,1,29.6990327381,1.52306547619
2012-07-11 18:10:35,-47629,1,30.9273065476,1.22827380952
2012-07-11 18:10:36,-47628,1,31.9316964286,1.00438988095
2012-07-11 18:10:37,-47627,1,32.7586309524,0.826934523809
2012-07-11 18:10:38,-47626,1,33.421577381,0.662946428572
2012-07-11 18:10:39,-47625,1,33.9064732143,0.484895833333
2012-07-11 18:10:40,-47624,1,34.2220982143,0.315625
2012-07-11 18:10:41,-47623,1,34.4230654762,0.200967261905
2012-07-11 18:10:42,-47622,1,34.5733630952,0.150297619048
2012-07-11 18:10:43,-47621,1,34.709375,0.136011904762
2012-07-11 18:10:44,-47620,1,34.8266369048,0.117261904762
2012-07-11 18:10:45,-47619,1,34.8855654762,0.0589285714286
2012-07-11 18:10:46,-47618,1,34.8636904762,-0.021875
2012-07-11 18:10:47,-47617,1,34.8131696429,-0.0505208333334
2012-07-11 18:10:48,-47616,1,34.8173363095,0.00416666666671
2012-07-11 18:10:49,-47615,1,34.8733630952,0.0560267857143
2012-07-11 18:10:50,-47614,1,34.837797619,-0.0355654761905
2012-07-11 18:10:51,-47613,1,34.4857142857,-0.352083333333
2012-07-11 18:10:52,-47612,1,33.6328869048,-0.852827380952
2012-07-11 18:10:53,-47611,1,32.251264881,-1.38162202381
2012-07-11 18:10:54,-47610,1,30.5219494048,-1.72931547619
2012-07-11 18:10:55,-47609,1,28.7707589286,-1.75119047619
2012-07-11 18:10:56,-47608,1,27.2843005952,-1.48645833333
2012-07-11 18:10:57,-47607,1,26.1567708333,-1.1275297619
2012-07-11 18:10:58,-47606,1,25.2921875,-0.864583333333
2012-07-11 18:10:59,-47605,1,24.4875,-0.8046875
2012-07-11 18:11:00,-47604,1,23.5415922619,-0.945907738095
2012-07-11 18:11:01,-47603,1,22.3851934524,-1.15639880952
2012-07-11 18:11:02,-47602,1,21.1210565476,-1.26413690476
2012-07-11 18:11:03,-47601,1,19.9505952381,-1.17046130952
2012-07-11 18:11:04,-47600,1,19.0927083333,-0.857886904762
2012-07-11 18:11:05,-47599,1,18.7058779762,-0.386830357143
2012-07-11 18:11:06,-47598,1,18.8169642857,0.111086309524
2012-07-11 18:11:07,-47597,1,19.3348214286,0.517857142857
2012-07-11 18:11:08,-47596,1,20.1188988095,0.784077380952
2012-07-11 18:11:09,-47595,1,21.0176339286,0.898735119048
2012-07-11 18:11:10,-47594,1,21.8993303571,0.881696428572
2012-07-11 18:11:11,-47593,1,22.6811011905,0.781770833333
2012-07-11 18:11:12,-47592,1,23.3197916667,0.638690476191
2012-07-11 18:11:13,-47591,1,23.8041666667,0.484375
2012-07-11 18:11:14,-47590,1,24.1592261905,0.35505952381
2012-07-11 18:11:15,-47589,1,24.4375744048,0.278348214286
2012-07-11 18:11:16,-47588,1,24.7171130952,0.279538690476
2012-07-11 18:11:17,-47587,1,25.0783482143,0.361235119048
2012-07-11 18:11:18,-47586,1,25.5580357143,0.4796875
2012-07-11 18:11:19,-47585,1,26.1540178571,0.595982142857
2012-07-11 18:11:20,-47584,1,26.8633928571,0.709375
2012-07-11 18:11:21,-47583,1,27.6889880952,0.825595238095
2012-07-11 18:11:22,-47582,1,28.6305059524,0.941517857143
2012-07-11 18:11:23,-47581,1,29.6800595238,1.04955357143
2012-07-11 18:11:24,-47580,1,30.8150297619,1.1349702381
2012-07-11 18:11:25,-47579,1,31.9976934524,1.18266369048
2012-07-11 18:11:26,-47578,1,33.187797619,1.19010416667
2012-07-11 18:11:27,-47577,1,34.3509672619,1.16316964286
2012-07-11 18:11:28,-47576,1,35.4452380952,1.09427083333
2012-07-11 18:11:29,-47575,1,36.3962053571,0.950967261905
2012-07-11 18:11:30,-47574,1,37.0954613095,0.699255952381
2012-07-11 18:11:31,-47573,1,37.4508184524,0.355357142857
2012-07-11 18:11:32,-47572,1,37.4657738095,0.0149553571429
2012-07-11 18:11:33,-47571,1,37.2659970238,-0.199776785714
2012-07-11 18:11:34,-47570,1,37.027827381,-0.238169642857
2012-07-11 18:11:35,-47569,1,36.8738095238,-0.154017857143
2012-07-11 18:11:36,-47568,1,36.8310267857,-0.0427827380952
2012-07-11 18:11:37,-47567,1,36.8729166667,0.0418898809524
2012-07-11 18:11:38,-47566,1,36.979985119,0.107068452381
2012-07-11 18:11:39,-47565,1,37.1486607143,0.168675595238
2012-07-11 18:11:40,-47564,1,37.3560267857,0.207366071429
2012-07-11 18:11:41,-47563,1,37.5438244048,0.187797619048
2012-07-11 18:11:42,-47562,1,37.6488095238,0.104985119048
2012-07-11 18:11:43,-47561,1,37.646875,-0.0019345238095
2012-07-11 18:11:44,-47560,1,37.569047619,-0.0778273809524
2012-07-11 18:11:45,-47559,1,37.4772321429,-0.0918154761905
2012-07-11 18:11:46,-47558,1,37.4239583333,-0.0532738095238
2012-07-11 18:11:47,-47557,1,37.4293154762,0.0053571428572
2012-07-11 18:11:48,-47556,1,37.4795386905,0.0502232142857
2012-07-11 18:11:49,-47555,1,37.543452381,0.0639136904762
2012-07-11 18:11:50,-47554,1,37.6087797619,0.0653273809524
2012-07-11 18:11:51,-47553,1,37.7070684524,0.0982886904762
2012-07-11 18:11:52,-47552,1,37.8936011905,0.186532738095
2012-07-11 18:11:53,-47551,1,38.2030505952,0.309449404762
2012-07-11 18:11:54,-47550,1,38.6148065476,0.411755952381
2012-07-11 18:11:55,-47549,1,39.044047619,0.429241071429
2012-07-11 18:11:56,-47548,1,39.3820684524,0.338020833333
2012-07-11 18:11:57,-47547,1,39.5766369048,0.194568452381
2012-07-11 18:11:58,-47546,1,39.6770089286,0.100372023809
2012-07-11 18:11:59,-47545,1,39.7965029762,0.119494047619
2012-07-11 18:12:00,-47544,1,40.0339285714,0.237425595238
2012-07-11 18:12:01,-47543,1,40.4136904762,0.379761904762
2012-07-11 18:12:02,-47542,1,40.870610119,0.456919642857
2012-07-11 18:12:03,-47541,1,41.2840029762,0.413392857143
2012-07-11 18:12:04,-47540,1,41.542485119,0.258482142857
2012-07-11 18:12:05,-47539,1,41.5828869048,0.0404017857143
2012-07-11 18:12:06,-47538,1,41.3726934524,-0.210193452381
2012-07-11 18:12:07,-47537,1,40.8743303571,-0.498363095238
2012-07-11 18:12:08,-47536,1,40.005952381,-0.868377976191
2012-07-11 18:12:09,-47535,1,38.6134672619,-1.39248511905
2012-07-11 18:12:10,-47534,1,36.5290922619,-2.084375
2012-07-11 18:12:11,-47533,1,33.6873511905,-2.84174107143
2012-07-11 18:12:12,-47532,1,30.1639136905,-3.5234375
2012-07-11 18:12:13,-47531,1,26.1135416667,-4.05037202381
2012-07-11 18:12:14,-47530,1,21.6877232143,-4.42581845238
2012-07-11 18:12:15,-47529,1,17.0104910714,-4.67723214286
2012-07-11 18:12:16,-47528,1,12.25,-4.76049107143
2012-07-11 18:12:17,-47527,1,7.74010416667,-4.50989583333
2012-07-11 18:12:18,-47526,1,4.04285714286,-3.69724702381
2012-07-11 18:12:19,-47525,1,0.0,-4.04285714286
2012-07-11 18:12:50,-47494,31,0.0,0.0
2012-07-11 18:12:51,-47493,1,1.4640625,1.4640625
2012-07-11 18:12:52,-47492,1,1.73586309524,0.271800595238
2012-07-11 18:12:53,-47491,1,1.45461309524,-0.28125
2012-07-11 18:12:54,-47490,1,0.0,-1.45461309524
2012-07-11 18:13:13,-47471,19,0.0,0.0
2012-07-11 18:13:14,-47470,1,4.59836309524,4.59836309524
2012-07-11 18:13:15,-47469,1,8.34836309524,3.75
2012-07-11 18:13:16,-47468,1,12.4800595238,4.13169642857
2012-07-11 18:13:17,-47467,1,16.3822916667,3.90223214286
2012-07-11 18:13:18,-47466,1,19.8319196429,3.44962797619
2012-07-11 18:13:19,-47465,1,22.8465029762,3.01458333333
2012-07-11 18:13:20,-47464,1,25.5149553571,2.66845238095
2012-07-11 18:13:21,-47463,1,27.9132440476,2.39828869048
2012-07-11 18:13:22,-47462,1,30.0896577381,2.17641369048
2012-07-11 18:13:23,-47461,1,32.0674107143,1.97775297619
2012-07-11 18:13:24,-47460,1,33.8503720238,1.78296130952
2012-07-11 18:13:25,-47459,1,35.4316964286,1.58132440476
2012-07-11 18:13:26,-47458,1,36.8052083333,1.37351190476
2012-07-11 18:13:27,-47457,1,37.9818452381,1.17663690476
2012-07-11 18:13:28,-47456,1,38.997172619,1.01532738095
2012-07-11 18:13:29,-47455,1,39.8943452381,0.897172619048
2012-07-11 18:13:30,-47454,1,40.6978422619,0.80349702381
2012-07-11 18:13:31,-47453,1,41.4086309524,0.710788690476
2012-07-11 18:13:32,-47452,1,42.0257440476,0.617113095238
2012-07-11 18:13:33,-47451,1,42.5743303571,0.548586309524
2012-07-11 18:13:34,-47450,1,43.1101934524,0.535863095238
2012-07-11 18:13:35,-47449,1,43.6810267857,0.570833333333
2012-07-11 18:13:36,-47448,1,44.2819196429,0.600892857143
2012-07-11 18:13:37,-47447,1,44.8584821429,0.5765625
2012-07-11 18:13:38,-47446,1,45.3385416667,0.48005952381
2012-07-11 18:13:39,-47445,1,45.6587053571,0.320163690476
2012-07-11 18:13:40,-47444,1,45.7907738095,0.132068452381
2012-07-11 18:13:41,-47443,1,45.7535714286,-0.0372023809524
2012-07-11 18:13:42,-47442,1,45.6000744048,-0.153497023809
2012-07-11 18:13:43,-47441,1,45.3998511905,-0.200223214286
2012-07-11 18:13:44,-47440,1,45.2042410714,-0.195610119048
2012-07-11 18:13:45,-47439,1,44.9944940476,-0.20974702381
2012-07-11 18:13:46,-47438,1,44.6805803571,-0.313913690476
2012-07-11 18:13:47,-47437,1,44.1732886905,-0.507291666667
2012-07-11 18:13:48,-47436,1,43.464360119,-0.708928571429
2012-07-11 18:13:49,-47435,1,42.6676339286,-0.796726190476
2012-07-11 18:13:50,-47434,1,41.9947916667,-0.672842261905
2012-07-11 18:13:51,-47433,1,41.6186755952,-0.376116071429
2012-07-11 18:13:52,-47432,1,41.4757440476,-0.142931547619
2012-07-11 18:13:53,-47431,1,41.2022321429,-0.273511904762
2012-07-11 18:13:54,-47430,1,40.3245535714,-0.877678571428
2012-07-11 18:13:55,-47429,1,38.5890625,-1.73549107143
2012-07-11 18:13:56,-47428,1,36.1774553571,-2.41160714286
2012-07-11 18:13:57,-47427,1,33.6248511905,-2.55260416667
2012-07-11 18:13:58,-47426,1,31.4996279762,-2.12522321429
2012-07-11 18:13:59,-47425,1,30.1078125,-1.39181547619
2012-07-11 18:14:00,-47424,1,29.4234375,-0.684375
2012-07-11 18:14:01,-47423,1,29.2103422619,-0.213095238095
2012-07-11 18:14:02,-47422,1,29.1800595238,-0.0302827380953
2012-07-11 18:14:03,-47421,1,29.1095238095,-0.0705357142857
2012-07-11 18:14:04,-47420,1,28.9258928571,-0.183630952381
2012-07-11 18:14:05,-47419,1,28.7284970238,-0.197395833333
2012-07-11 18:14:06,-47418,1,28.7063244048,-0.0221726190476
2012-07-11 18:14:07,-47417,1,28.9982142857,0.291889880952
2012-07-11 18:14:08,-47416,1,29.5959077381,0.597693452381
2012-07-11 18:14:09,-47415,1,30.3561755952,0.760267857143
2012-07-11 18:14:10,-47414,1,31.1113095238,0.755133928571
2012-07-11 18:14:11,-47413,1,31.7867559524,0.675446428572
2012-07-11 18:14:12,-47412,1,32.4264136905,0.639657738095
2012-07-11 18:14:13,-47411,1,33.1102678571,0.683854166667
2012-07-11 18:14:14,-47410,1,33.8459821429,0.735714285714
2012-07-11 18:14:15,-47409,1,34.5351934524,0.689211309524
2012-07-11 18:14:16,-47408,1,35.0382440476,0.503050595238
2012-07-11 18:14:17,-47407,1,35.2734375,0.235193452381
2012-07-11 18:14:18,-47406,1,35.2666666667,-0.0067708333333
2012-07-11 18:14:19,-47405,1,35.1156994048,-0.150967261905
2012-07-11 18:14:20,-47404,1,34.9133184524,-0.202380952381
2012-07-11 18:14:21,-47403,1,34.7039434524,-0.209375
2012-07-11 18:14:22,-47402,1,34.4949404762,-0.20900297619
2012-07-11 18:14:23,-47401,1,34.2859375,-0.20900297619
2012-07-11 18:14:24,-47400,1,34.0595982143,-0.226339285714
2012-07-11 18:14:25,-47399,1,33.7026785714,-0.356919642857
2012-07-11 18:14:26,-47398,1,32.9374255952,-0.76525297619
2012-07-11 18:14:27,-47397,1,31.4136904762,-1.52373511905
2012-07-11 18:14:28,-47396,1,28.9680803571,-2.44561011905
2012-07-11 18:14:29,-47395,1,25.8425595238,-3.12552083333
2012-07-11 18:14:30,-47394,1,22.6270833333,-3.21547619048
2012-07-11 18:14:31,-47393,1,19.9138392857,-2.71324404762
2012-07-11 18:14:32,-47392,1,17.9493303571,-1.96450892857
2012-07-11 18:14:33,-47391,1,16.5794642857,-1.36986607143
2012-07-11 18:14:34,-47390,1,15.4601934524,-1.11927083333
2012-07-11 18:14:35,-47389,1,14.2906994048,-1.16949404762
2012-07-11 18:14:36,-47388,1,12.9162946429,-1.3744047619
2012-07-11 18:14:37,-47387,1,11.3212053571,-1.59508928571
2012-07-11 18:14:38,-47386,1,9.60171130952,-1.71949404762
2012-07-11 18:14:39,-47385,1,7.94620535714,-1.65550595238
2012-07-11 18:14:40,-47384,1,6.57470238095,-1.37150297619
2012-07-11 18:14:41,-47383,1,5.66331845238,-0.911383928571
2012-07-11 18:14:42,-47382,1,5.34233630952,-0.320982142857
2012-07-11 18:14:43,-47381,1,5.72849702381,0.386160714286
2012-07-11 18:14:44,-47380,1,6.88229166667,1.15379464286
2012-07-11 18:14:45,-47379,1,8.71852678571,1.83623511905
2012-07-11 18:14:46,-47378,1,10.985639881,2.26711309524
2012-07-11 18:14:47,-47377,1,13.3648065476,2.37916666667
2012-07-11 18:14:48,-47376,1,15.624702381,2.25989583333
2012-07-11 18:14:49,-47375,1,17.6897321429,2.0650297619
2012-07-11 18:14:50,-47374,1,19.571875,1.88214285714
2012-07-11 18:14:51,-47373,1,21.2822916667,1.71041666667
2012-07-11 18:14:52,-47372,1,22.8212797619,1.53898809524
2012-07-11 18:14:53,-47371,1,24.2168154762,1.39553571429
2012-07-11 18:14:54,-47370,1,25.5419642857,1.32514880952
2012-07-11 18:14:55,-47369,1,26.8829613095,1.34099702381
2012-07-11 18:14:56,-47368,1,28.2885416667,1.40558035714
2012-07-11 18:14:57,-47367,1,29.7480654762,1.45952380952
2012-07-11 18:14:58,-47366,1,31.2005208333,1.45245535714
2012-07-11 18:14:59,-47365,1,32.5557291667,1.35520833333
2012-07-11 18:15:00,-47364,1,33.7308035714,1.17507440476
2012-07-11 18:15:01,-47363,1,34.6907738095,0.959970238095
2012-07-11 18:15:02,-47362,1,35.4599702381,0.769196428571
2012-07-11 18:15:03,-47361,1,36.0974702381,0.6375
2012-07-11 18:15:04,-47360,1,36.6602678571,0.562797619048
2012-07-11 18:15:05,-47359,1,37.1788690476,0.518601190476
2012-07-11 18:15:06,-47358,1,37.6544642857,0.475595238095
2012-07-11 18:15:07,-47357,1,38.0675595238,0.413095238095
2012-07-11 18:15:08,-47356,1,38.3942708333,0.326711309524
2012-07-11 18:15:09,-47355,1,38.6351934524,0.240922619048
2012-07-11 18:15:10,-47354,1,38.8333333333,0.198139880952
2012-07-11 18:15:11,-47353,1,39.0522321429,0.218898809524
2012-07-11 18:15:12,-47352,1,39.3297619048,0.277529761905
2012-07-11 18:15:13,-47351,1,39.6491815476,0.319419642857
2012-07-11 18:15:14,-47350,1,39.9532738095,0.304092261905
2012-07-11 18:15:15,-47349,1,40.1842261905,0.230952380952
2012-07-11 18:15:16,-47348,1,40.3037202381,0.119494047619
2012-07-11 18:15:17,-47347,1,40.2901041667,-0.0136160714285
2012-07-11 18:15:18,-47346,1,40.1508928571,-0.139211309524
2012-07-11 18:15:19,-47345,1,39.9476934524,-0.203199404762
2012-07-11 18:15:20,-47344,1,39.7922619048,-0.155431547619
2012-07-11 18:15:21,-47343,1,39.799702381,0.0074404761905
2012-07-11 18:15:22,-47342,1,40.0252232143,0.225520833333
2012-07-11 18:15:23,-47341,1,40.4263392857,0.401116071429
2012-07-11 18:15:24,-47340,1,40.8744791667,0.448139880952
2012-07-11 18:15:25,-47339,1,41.2069940476,0.332514880952
2012-07-11 18:15:26,-47338,1,41.2939732143,0.0869791666667
2012-07-11 18:15:27,-47337,1,41.0931547619,-0.200818452381
2012-07-11 18:15:28,-47336,1,40.6715029762,-0.421651785714
2012-07-11 18:15:29,-47335,1,40.1767113095,-0.494791666667
2012-07-11 18:15:30,-47334,1,39.762797619,-0.413913690476
2012-07-11 18:15:31,-47333,1,39.5183779762,-0.244419642857
2012-07-11 18:15:32,-47332,1,39.4443452381,-0.0740327380953
2012-07-11 18:15:33,-47331,1,39.4794642857,0.0351190476191
2012-07-11 18:15:34,-47330,1,39.5597470238,0.0802827380952
2012-07-11 18:15:35,-47329,1,39.6822172619,0.122470238095
2012-07-11 18:15:36,-47328,1,39.9101190476,0.227901785714
2012-07-11 18:15:37,-47327,1,40.30625,0.396130952381
2012-07-11 18:15:38,-47326,1,40.8629464286,0.556696428571
2012-07-11 18:15:39,-47325,1,41.4938988095,0.630952380952
2012-07-11 18:15:40,-47324,1,42.1023065476,0.608407738095
2012-07-11 18:15:41,-47323,1,42.6743303571,0.572023809524
2012-07-11 18:15:42,-47322,1,43.2963541667,0.622023809524
2012-07-11 18:15:43,-47321,1,44.0625,0.766145833333
2012-07-11 18:15:44,-47320,1,44.9686755952,0.906175595238
2012-07-11 18:15:45,-47319,1,45.8992559524,0.930580357143
2012-07-11 18:15:46,-47318,1,46.7055059524,0.80625
2012-07-11 18:15:47,-47317,1,47.2956845238,0.590178571429
2012-07-11 18:15:48,-47316,1,47.6659970238,0.3703125
2012-07-11 18:15:49,-47315,1,47.8630208333,0.197023809524
2012-07-11 18:15:50,-47314,1,47.923139881,0.0601190476191
2012-07-11 18:15:51,-47313,1,47.8410714286,-0.082068452381
2012-07-11 18:15:52,-47312,1,47.5849702381,-0.256101190476
2012-07-11 18:15:53,-47311,1,47.1366071429,-0.448363095238
2012-07-11 18:15:54,-47310,1,46.5234375,-0.613169642857
2012-07-11 18:15:55,-47309,1,45.826860119,-0.696577380952
2012-07-11 18:15:56,-47308,1,45.161235119,-0.665625
2012-07-11 18:15:57,-47307,1,44.6277529762,-0.533482142857
2012-07-11 18:15:58,-47306,1,44.2763392857,-0.351413690476
2012-07-11 18:15:59,-47305,1,44.1001488095,-0.17619047619
2012-07-11 18:16:00,-47304,1,44.0469494048,-0.0531994047619
2012-07-11 18:16:01,-47303,1,44.0380208333,-0.0089285714286
2012-07-11 18:16:02,-47302,1,44.0004464286,-0.0375744047619
2012-07-11 18:16:03,-47301,1,43.8941220238,-0.106324404762
2012-07-11 18:16:04,-47300,1,43.7147321429,-0.179389880952
2012-07-11 18:16:05,-47299,1,43.4866815476,-0.228050595238
2012-07-11 18:16:06,-47298,1,43.2538690476,-0.2328125
2012-07-11 18:16:07,-47297,1,43.0572172619,-0.196651785714
2012-07-11 18:16:08,-47296,1,42.9097470238,-0.147470238095
2012-07-11 18:16:09,-47295,1,42.7871279762,-0.122619047619
2012-07-11 18:16:10,-47294,1,42.6296130952,-0.157514880952
2012-07-11 18:16:11,-47293,1,42.3578125,-0.271800595238
2012-07-11 18:16:12,-47292,1,41.9075892857,-0.450223214286
2012-07-11 18:16:13,-47291,1,41.2632440476,-0.644345238095
2012-07-11 18:16:14,-47290,1,40.4658482143,-0.797395833333
2012-07-11 18:16:15,-47289,1,39.5908482143,-0.875
2012-07-11 18:16:16,-47288,1,38.7023809524,-0.888467261905
2012-07-11 18:16:17,-47287,1,37.8132440476,-0.889136904762
2012-07-11 18:16:18,-47286,1,36.888764881,-0.924479166667
2012-07-11 18:16:19,-47285,1,35.9020833333,-0.986681547619
2012-07-11 18:16:20,-47284,1,34.8947916667,-1.00729166667
2012-07-11 18:16:21,-47283,1,33.9748511905,-0.91994047619
2012-07-11 18:16:22,-47282,1,33.2330357143,-0.741815476191
2012-07-11 18:16:23,-47281,1,32.6449404762,-0.588095238095
2012-07-11 18:16:24,-47280,1,32.0595982143,-0.585342261905
2012-07-11 18:16:25,-47279,1,31.2986607143,-0.7609375
2012-07-11 18:16:26,-47278,1,30.2630208333,-1.03563988095
2012-07-11 18:16:27,-47277,1,28.9319940476,-1.33102678571
2012-07-11 18:16:28,-47276,1,27.2859375,-1.64605654762
2012-07-11 18:16:29,-47275,1,25.2848214286,-2.00111607143
2012-07-11 18:16:30,-47274,1,22.9465029762,-2.33831845238
2012-07-11 18:16:31,-47273,1,20.4321428571,-2.51436011905
2012-07-11 18:16:32,-47272,1,18.0248511905,-2.40729166667
2012-07-11 18:16:33,-47271,1,15.9850446429,-2.03980654762
2012-07-11 18:16:34,-47270,1,14.4208333333,-1.56421130952
2012-07-11 18:16:35,-47269,1,13.3235119048,-1.09732142857
2012-07-11 18:16:36,-47268,1,12.6922619048,-0.63125
2012-07-11 18:16:37,-47267,1,12.5453125,-0.146949404762
2012-07-11 18:16:38,-47266,1,12.7962053571,0.250892857143
2012-07-11 18:16:39,-47265,1,13.168452381,0.372247023809
2012-07-11 18:16:40,-47264,1,13.2860119048,0.117559523809
2012-07-11 18:16:41,-47263,1,12.8983630952,-0.387648809524
2012-07-11 18:16:42,-47262,1,12.0520089286,-0.846354166667
2012-07-11 18:16:43,-47261,1,11.030952381,-1.02105654762
2012-07-11 18:16:44,-47260,1,10.0944196429,-0.936532738095
2012-07-11 18:16:45,-47259,1,9.26525297619,-0.829166666667
2012-07-11 18:16:46,-47258,1,8.36882440476,-0.896428571429
2012-07-11 18:16:47,-47257,1,7.24151785714,-1.12730654762
2012-07-11 18:16:48,-47256,1,5.90316964286,-1.33834821429
2012-07-11 18:16:49,-47255,1,4.57755952381,-1.32561011905
2012-07-11 18:16:50,-47254,1,3.54642857143,-1.03113095238
2012-07-11 18:16:51,-47253,1,2.95008928571,-0.596339285714
2012-07-11 18:16:52,-47252,1,2.72217261905,-0.227916666667
2012-07-11 18:16:53,-47251,1,2.68337797619,-0.0387946428571
2012-07-11 18:16:54,-47250,1,2.66520833333,-0.0181696428572
2012-07-11 18:16:55,-47249,1,2.60735119048,-0.0578571428571
2012-07-11 18:16:56,-47248,1,2.60358630952,-0.00376488095238
2012-07-11 18:16:57,-47247,1,2.81857142857,0.214985119048
2012-07-11 18:16:58,-47246,1,3.32197916667,0.503407738095
2012-07-11 18:16:59,-47245,1,4.01227678571,0.690297619048
2012-07-11 18:17:00,-47244,1,4.68056547619,0.668288690476
2012-07-11 18:17:01,-47243,1,5.13244047619,0.451875
2012-07-11 18:17:02,-47242,1,5.28412202381,0.151681547619
2012-07-11 18:17:03,-47241,1,5.16238095238,-0.121741071429
2012-07-11 18:17:04,-47240,1,4.8306547619,-0.331726190476
2012-07-11 18:17:05,-47239,1,4.36101190476,-0.469642857143
2012-07-11 18:17:06,-47238,1,3.86830357143,-0.492708333333
2012-07-11 18:17:07,-47237,1,3.5146577381,-0.353645833333
2012-07-11 18:17:08,-47236,1,3.44992559524,-0.0647321428571
2012-07-11 18:17:09,-47235,1,3.72098214286,0.271056547619
2012-07-11 18:17:10,-47234,1,4.21822916667,0.49724702381
2012-07-11 18:17:11,-47233,1,4.72976190476,0.511532738095
2012-07-11 18:17:12,-47232,1,5.07611607143,0.346354166667
2012-07-11 18:17:13,-47231,1,5.20825892857,0.132142857143
2012-07-11 18:17:14,-47230,1,5.17767857143,-0.0305803571429
2012-07-11 18:17:15,-47229,1,4.99084821429,-0.186830357143
2012-07-11 18:17:16,-47228,1,4.49985119048,-0.49099702381
2012-07-11 18:17:17,-47227,1,3.53162202381,-0.968229166667
2012-07-11 18:17:18,-47226,1,2.22204506803,-1.30957695578
2012-07-11 18:17:19,-47225,1,0.0,-2.22204506803
2012-07-11 19:24:31,-43193,4032,0.0,0.0
2012-07-11 19:24:32,-43192,1,1.09641794218,1.09641794218
2012-07-11 19:24:33,-43191,1,1.63522534014,0.538807397959
2012-07-11 19:24:34,-43190,1,1.98650085034,0.351275510204
2012-07-11 19:24:35,-43189,1,2.12093962585,0.13443877551
2012-07-11 19:24:36,-43188,1,2.18203656463,0.0610969387755
2012-07-11 19:24:37,-43187,1,2.25204081633,0.0700042517007
2012-07-11 19:24:38,-43186,1,2.32913477891,0.077093962585
2012-07-11 19:24:39,-43185,1,2.41476403061,0.0856292517007
2012-07-11 19:24:40,-43184,1,2.56105442177,0.146290391156
2012-07-11 19:24:41,-43183,1,2.85635629252,0.295301870748
2012-07-11 19:24:42,-43182,1,3.37481930272,0.518463010204
2012-07-11 19:24:43,-43181,1,4.12501062925,0.750191326531
2012-07-11 19:24:44,-43180,1,5.03509778912,0.910087159864
2012-07-11 19:24:45,-43179,1,5.9731505102,0.938052721088
2012-07-11 19:24:46,-43178,1,6.76389243197,0.790741921769
2012-07-11 19:24:47,-43177,1,7.19464285714,0.43075042517
2012-07-11 19:24:48,-43176,1,7.06644345238,-0.128199404762
2012-07-11 19:24:49,-43175,1,6.31547619048,-0.750967261905
2012-07-11 19:24:50,-43174,1,5.11770833333,-1.19776785714
2012-07-11 19:24:51,-43173,1,3.84851190476,-1.26919642857
2012-07-11 19:24:52,-43172,1,2.8912202381,-0.957291666667
2012-07-11 19:24:53,-43171,1,2.45550595238,-0.435714285714
2012-07-11 19:24:54,-43170,1,2.5400297619,0.0845238095238
2012-07-11 19:24:55,-43169,1,3.00647321429,0.466443452381
2012-07-11 19:24:56,-43168,1,3.65632440476,0.649851190476
2012-07-11 19:24:57,-43167,1,4.2478422619,0.591517857143
2012-07-11 19:24:58,-43166,1,4.49985119048,0.252008928571
2012-07-11 19:24:59,-43165,1,4.17306547619,-0.326785714286
2012-07-11 19:25:00,-43164,1,3.22924107143,-0.943824404762
2012-07-11 19:25:01,-43163,1,1.98530505952,-1.2439360119
2012-07-11 19:25:02,-43162,1,0.0,-1.98530505952
2012-07-11 19:25:32,-43132,30,0.0,0.0
2012-07-11 19:25:33,-43131,1,2.62648809524,2.62648809524
2012-07-11 19:25:34,-43130,1,4.99821428571,2.37172619048
2012-07-11 19:25:35,-43129,1,7.87797619048,2.87976190476
2012-07-11 19:25:36,-43128,1,10.8749255952,2.99694940476
2012-07-11 19:25:37,-43127,1,13.749702381,2.87477678571
2012-07-11 19:25:38,-43126,1,16.3873139881,2.63761160714
2012-07-11 19:25:39,-43125,1,18.7490327381,2.36171875
2012-07-11 19:25:40,-43124,1,20.8006696429,2.05163690476
2012-07-11 19:25:41,-43123,1,22.4689732143,1.66830357143
2012-07-11 19:25:42,-43122,1,23.6816964286,1.21272321429
2012-07-11 19:25:43,-43121,1,24.44375,0.762053571429
2012-07-11 19:25:44,-43120,1,24.8615327381,0.417782738095
2012-07-11 19:25:45,-43119,1,25.0801339286,0.218601190476
2012-07-11 19:25:46,-43118,1,25.1587797619,0.0786458333334
2012-07-11 19:25:47,-43117,1,24.9932291667,-0.165550595238
2012-07-11 19:25:48,-43116,1,24.3895833333,-0.603645833333
2012-07-11 19:25:49,-43115,1,23.2186011905,-1.17098214286
2012-07-11 19:25:50,-43114,1,21.5099702381,-1.70863095238
2012-07-11 19:25:51,-43113,1,19.462797619,-2.04717261905
2012-07-11 19:25:52,-43112,1,17.3986607143,-2.06413690476
2012-07-11 19:25:53,-43111,1,15.6728422619,-1.72581845238
2012-07-11 19:25:54,-43110,1,14.5656994048,-1.10714285714
2012-07-11 19:25:55,-43109,1,14.1645833333,-0.401116071429
2012-07-11 19:25:56,-43108,1,14.29375,0.129166666667
2012-07-11 19:25:57,-43107,1,14.5899553571,0.296205357143
2012-07-11 19:25:58,-43106,1,14.7032738095,0.113318452381
2012-07-11 19:25:59,-43105,1,14.4720238095,-0.23125
2012-07-11 19:26:00,-43104,1,13.9521577381,-0.519866071429
2012-07-11 19:26:01,-43103,1,13.3080357143,-0.64412202381
2012-07-11 19:26:02,-43102,1,12.6709821429,-0.637053571429
2012-07-11 19:26:03,-43101,1,12.0695684524,-0.601413690476
2012-07-11 19:26:04,-43100,1,11.4517857143,-0.617782738095
2012-07-11 19:26:05,-43099,1,10.7608630952,-0.690922619048
2012-07-11 19:26:06,-43098,1,10.0056547619,-0.755208333333
2012-07-11 19:26:07,-43097,1,9.2640625,-0.741592261905
2012-07-11 19:26:08,-43096,1,8.62105654762,-0.643005952381
2012-07-11 19:26:09,-43095,1,8.10632440476,-0.514732142857
2012-07-11 19:26:10,-43094,1,7.67708333333,-0.429241071429
2012-07-11 19:26:11,-43093,1,7.25245535714,-0.42462797619
2012-07-11 19:26:12,-43092,1,6.77514880952,-0.477306547619
2012-07-11 19:26:13,-43091,1,6.25007440476,-0.525074404762
2012-07-11 19:26:14,-43090,1,5.73474702381,-0.515327380952
2012-07-11 19:26:15,-43089,1,5.28415178571,-0.450595238095
2012-07-11 19:26:16,-43088,1,4.85669642857,-0.427455357143
2012-07-11 19:26:17,-43087,1,4.26391369048,-0.592782738095
2012-07-11 19:26:18,-43086,1,3.30736607143,-0.956547619048
2012-07-11 19:26:19,-43085,1,2.07745535714,-1.22991071429
2012-07-11 19:26:20,-43084,1,0.0,-2.07745535714
2012-07-11 21:53:31,-34253,8831,0.0,0.0
2012-07-11 21:53:32,-34252,1,1.08805803571,1.08805803571
2012-07-11 21:53:33,-34251,1,1.64992559524,0.561867559524
2012-07-11 21:53:34,-34250,1,2.01670386905,0.36677827381
2012-07-11 21:53:35,-34249,1,2.13504464286,0.11834077381
2012-07-11 21:53:36,-34248,1,2.23526785714,0.100223214286
2012-07-11 21:53:37,-34247,1,2.63035714286,0.395089285714
2012-07-11 21:53:38,-34246,1,3.5295014881,0.899144345238
2012-07-11 21:53:39,-34245,1,4.90989583333,1.38039434524
2012-07-11 21:53:40,-34244,1,6.4626860119,1.55279017857
2012-07-11 21:53:41,-34243,1,7.67366071429,1.21097470238
2012-07-11 21:53:42,-34242,1,8.09497767857,0.421316964286
2012-07-11 21:53:43,-34241,1,7.63586309524,-0.459114583333
2012-07-11 21:53:44,-34240,1,6.60959821429,-1.02626488095
2012-07-11 21:53:45,-34239,1,5.55141369048,-1.05818452381
2012-07-11 21:53:46,-34238,1,4.98385416667,-0.56755952381
2012-07-11 21:53:47,-34237,1,5.22708333333,0.243229166667
2012-07-11 21:53:48,-34236,1,6.32946428571,1.10238095238
2012-07-11 21:53:49,-34235,1,8.12001488095,1.79055059524
2012-07-11 21:53:50,-34234,1,10.2754464286,2.15543154762
2012-07-11 21:53:51,-34233,1,12.3928571429,2.11741071429
2012-07-11 21:53:52,-34232,1,14.1308779762,1.73802083333
2012-07-11 21:53:53,-34231,1,15.3474702381,1.2165922619
2012-07-11 21:53:54,-34230,1,16.0963541667,0.748883928571
2012-07-11 21:53:55,-34229,1,16.4411458333,0.344791666667
2012-07-11 21:53:56,-34228,1,16.2357886905,-0.205357142857
2012-07-11 21:53:57,-34227,1,15.1647321429,-1.07105654762
2012-07-11 21:53:58,-34226,1,13.1105654762,-2.05416666667
2012-07-11 21:53:59,-34225,1,10.5069940476,-2.60357142857
2012-07-11 21:54:00,-34224,1,8.29665178571,-2.2103422619
2012-07-11 21:54:01,-34223,1,7.44174107143,-0.854910714286
2012-07-11 21:54:02,-34222,1,8.34449404762,0.90275297619
2012-07-11 21:54:03,-34221,1,10.6699404762,2.32544642857
2012-07-11 21:54:04,-34220,1,13.6604910714,2.99055059524
2012-07-11 21:54:05,-34219,1,16.5889880952,2.92849702381
2012-07-11 21:54:06,-34218,1,19.0305059524,2.44151785714
2012-07-11 21:54:07,-34217,1,20.880952381,1.85044642857
2012-07-11 21:54:08,-34216,1,22.2241815476,1.34322916667
2012-07-11 21:54:09,-34215,1,23.2002232143,0.976041666667
2012-07-11 21:54:10,-34214,1,23.9340029762,0.733779761905
2012-07-11 21:54:11,-34213,1,24.4986607143,0.564657738095
2012-07-11 21:54:12,-34212,1,24.9116815476,0.413020833333
2012-07-11 21:54:13,-34211,1,25.1682291667,0.256547619048
2012-07-11 21:54:14,-34210,1,25.2702380952,0.102008928571
2012-07-11 21:54:15,-34209,1,25.2317708333,-0.0384672619048
2012-07-11 21:54:16,-34208,1,25.0875,-0.144270833333
2012-07-11 21:54:17,-34207,1,24.8985863095,-0.188913690476
2012-07-11 21:54:18,-34206,1,24.723735119,-0.174851190476
2012-07-11 21:54:19,-34205,1,24.5600446429,-0.16369047619
2012-07-11 21:54:20,-34204,1,24.3089285714,-0.251116071429
2012-07-11 21:54:21,-34203,1,23.8197172619,-0.489211309524
2012-07-11 21:54:22,-34202,1,22.9735119048,-0.846205357143
2012-07-11 21:54:23,-34201,1,21.7442708333,-1.22924107143
2012-07-11 21:54:24,-34200,1,20.2407738095,-1.50349702381
2012-07-11 21:54:25,-34199,1,18.7068452381,-1.53392857143
2012-07-11 21:54:26,-34198,1,17.4521577381,-1.2546875
2012-07-11 21:54:27,-34197,1,16.7728422619,-0.67931547619
2012-07-11 21:54:28,-34196,1,16.8837797619,0.1109375
2012-07-11 21:54:29,-34195,1,17.845610119,0.961830357143
2012-07-11 21:54:30,-34194,1,19.5501488095,1.70453869048
2012-07-11 21:54:31,-34193,1,21.7857886905,2.23563988095
2012-07-11 21:54:32,-34192,1,24.309672619,2.52388392857
2012-07-11 21:54:33,-34191,1,26.9063988095,2.59672619048
2012-07-11 21:54:34,-34190,1,29.4419642857,2.53556547619
2012-07-11 21:54:35,-34189,1,31.8686011905,2.42663690476
2012-07-11 21:54:36,-34188,1,34.1624255952,2.29382440476
2012-07-11 21:54:37,-34187,1,36.246875,2.08444940476
2012-07-11 21:54:38,-34186,1,37.9651785714,1.71830357143
2012-07-11 21:54:39,-34185,1,39.1291666667,1.16398809524
2012-07-11 21:54:40,-34184,1,39.6130208333,0.483854166667
2012-07-11 21:54:41,-34183,1,39.422172619,-0.190848214286
2012-07-11 21:54:42,-34182,1,38.6988095238,-0.723363095238
2012-07-11 21:54:43,-34181,1,37.6538690476,-1.04494047619
2012-07-11 21:54:44,-34180,1,36.4301339286,-1.22373511905
2012-07-11 21:54:45,-34179,1,34.987797619,-1.44233630952
2012-07-11 21:54:46,-34178,1,33.1270833333,-1.86071428571
2012-07-11 21:54:47,-34177,1,30.6412946429,-2.48578869048
2012-07-11 21:54:48,-34176,1,27.5255952381,-3.11569940476
2012-07-11 21:54:49,-34175,1,24.1352678571,-3.39032738095
2012-07-11 21:54:50,-34174,1,21.1250744048,-3.01019345238
2012-07-11 21:54:51,-34173,1,19.1386160714,-1.98645833333
2012-07-11 21:54:52,-34172,1,18.4787202381,-0.659895833333
2012-07-11 21:54:53,-34171,1,18.9964285714,0.517708333333
2012-07-11 21:54:54,-34170,1,20.2326636905,1.23623511905
2012-07-11 21:54:55,-34169,1,21.6959077381,1.46324404762
2012-07-11 21:54:56,-34168,1,23.0904761905,1.39456845238
2012-07-11 21:54:57,-34167,1,24.3486607143,1.25818452381
2012-07-11 21:54:58,-34166,1,25.5069196429,1.15825892857
2012-07-11 21:54:59,-34165,1,26.5992559524,1.09233630952
2012-07-11 21:55:00,-34164,1,27.6433779762,1.04412202381
2012-07-11 21:55:01,-34163,1,28.6517857143,1.0084077381
2012-07-11 21:55:02,-34162,1,29.6066964286,0.954910714286
2012-07-11 21:55:03,-34161,1,30.4161458333,0.809449404762
2012-07-11 21:55:04,-34160,1,30.9180059524,0.501860119048
2012-07-11 21:55:05,-34159,1,30.9673363095,0.0493303571428
2012-07-11 21:55:06,-34158,1,30.5369791667,-0.430357142857
2012-07-11 21:55:07,-34157,1,29.7323660714,-0.804613095238
2012-07-11 21:55:08,-34156,1,28.7075892857,-1.02477678571
2012-07-11 21:55:09,-34155,1,27.5544642857,-1.153125
2012-07-11 21:55:10,-34154,1,26.2555803571,-1.29888392857
2012-07-11 21:55:11,-34153,1,24.7183779762,-1.53720238095
2012-07-11 21:55:12,-34152,1,22.8316220238,-1.88675595238
2012-07-11 21:55:13,-34151,1,20.5168154762,-2.31480654762
2012-07-11 21:55:14,-34150,1,17.7724330357,-2.74438244048
2012-07-11 21:55:15,-34149,1,14.6872953869,-3.08513764881
2012-07-11 21:55:16,-34148,1,11.4484002976,-3.23889508929
2012-07-11 21:55:17,-34147,1,8.37468377976,-3.07371651786
2012-07-11 21:55:18,-34146,1,5.87779017857,-2.49689360119
2012-07-11 21:55:19,-34145,1,4.28465401786,-1.59313616071
2012-07-11 21:55:20,-34144,1,3.7001860119,-0.584468005952
2012-07-11 21:55:21,-34143,1,4.07001488095,0.369828869048
2012-07-11 21:55:22,-34142,1,5.31662946429,1.24661458333
2012-07-11 21:55:23,-34141,1,7.37062872024,2.05399925595
2012-07-11 21:55:24,-34140,1,10.0913318452,2.720703125
2012-07-11 21:55:25,-34139,1,13.1808221726,3.08949032738
2012-07-11 21:55:26,-34138,1,16.2416294643,3.06080729167
2012-07-11 21:55:27,-34137,1,18.9888950893,2.747265625
2012-07-11 21:55:28,-34136,1,21.3704241071,2.38152901786
2012-07-11 21:55:29,-34135,1,23.4599702381,2.08954613095
2012-07-11 21:55:30,-34134,1,25.311235119,1.85126488095
2012-07-11 21:55:31,-34133,1,26.9239583333,1.61272321429
2012-07-11 21:55:32,-34132,1,28.2703125,1.34635416667
2012-07-11 21:55:33,-34131,1,29.3203125,1.05
2012-07-11 21:55:34,-34130,1,30.05625,0.7359375
2012-07-11 21:55:35,-34129,1,30.4756696429,0.419419642857
2012-07-11 21:55:36,-34128,1,30.5965029762,0.120833333333
2012-07-11 21:55:37,-34127,1,30.471875,-0.12462797619
2012-07-11 21:55:38,-34126,1,30.197172619,-0.274702380952
2012-07-11 21:55:39,-34125,1,29.890922619,-0.30625
2012-07-11 21:55:40,-34124,1,29.6415178571,-0.249404761905
2012-07-11 21:55:41,-34123,1,29.4342261905,-0.207291666667
2012-07-11 21:55:42,-34122,1,29.1229910714,-0.311235119048
2012-07-11 21:55:43,-34121,1,28.4891369048,-0.633854166667
2012-07-11 21:55:44,-34120,1,27.3251488095,-1.16398809524
2012-07-11 21:55:45,-34119,1,25.4875744048,-1.83757440476
2012-07-11 21:55:46,-34118,1,22.9458333333,-2.54174107143
2012-07-11 21:55:47,-34117,1,19.8240327381,-3.12180059524
2012-07-11 21:55:48,-34116,1,16.3855654762,-3.4384672619
2012-07-11 21:55:49,-34115,1,12.9493303571,-3.43623511905
2012-07-11 21:55:50,-34114,1,9.76049107143,-3.18883928571
2012-07-11 21:55:51,-34113,1,6.89836309524,-2.86212797619
2012-07-11 21:55:52,-34112,1,4.36398809524,-2.534375
2012-07-11 21:55:53,-34111,1,2.34032738095,-2.02366071429
2012-07-11 21:55:54,-34110,1,0.0,-2.34032738095
2012-07-11 21:56:30,-34074,36,0.0,0.0
2012-07-11 21:56:31,-34073,1,3.92842261905,3.92842261905
2012-07-11 21:56:32,-34072,1,6.78511904762,2.85669642857
2012-07-11 21:56:33,-34071,1,9.64322916667,2.85811011905
2012-07-11 21:56:34,-34070,1,12.1110119048,2.4677827381
2012-07-11 21:56:35,-34069,1,14.1796130952,2.06860119048
2012-07-11 21:56:36,-34068,1,15.9613095238,1.78169642857
2012-07-11 21:56:37,-34067,1,17.5436755952,1.58236607143
2012-07-11 21:56:38,-34066,1,18.9818452381,1.43816964286
2012-07-11 21:56:39,-34065,1,20.3283482143,1.34650297619
2012-07-11 21:56:40,-34064,1,21.6391369048,1.31078869048
2012-07-11 21:56:41,-34063,1,22.9496279762,1.31049107143
2012-07-11 21:56:42,-34062,1,24.2534970238,1.30386904762
2012-07-11 21:56:43,-34061,1,25.5110863095,1.25758928571
2012-07-11 21:56:44,-34060,1,26.6770089286,1.16592261905
2012-07-11 21:56:45,-34059,1,27.7330357143,1.05602678571
2012-07-11 21:56:46,-34058,1,28.7050595238,0.972023809524
2012-07-11 21:56:47,-34057,1,29.6407738095,0.935714285714
2012-07-11 21:56:48,-34056,1,30.576264881,0.935491071429
2012-07-11 21:56:49,-34055,1,31.5351190476,0.958854166667
2012-07-11 21:56:50,-34054,1,32.5470238095,1.0119047619
2012-07-11 21:56:51,-34053,1,33.636235119,1.08921130952
2012-07-11 21:56:52,-34052,1,34.7675595238,1.13132440476
2012-07-11 21:56:53,-34051,1,35.8030505952,1.03549107143
2012-07-11 21:56:54,-34050,1,36.5310267857,0.727976190476
2012-07-11 21:56:55,-34049,1,36.7802827381,0.249255952381
2012-07-11 21:56:56,-34048,1,36.5590029762,-0.221279761905
2012-07-11 21:56:57,-34047,1,36.09375,-0.46525297619
2012-07-11 21:56:58,-34046,1,35.7100446429,-0.383705357143
2012-07-11 21:56:59,-34045,1,35.6564732143,-0.0535714285714
2012-07-11 21:57:00,-34044,1,36.0072916667,0.350818452381
2012-07-11 21:57:01,-34043,1,36.6840029762,0.676711309524
2012-07-11 21:57:02,-34042,1,37.5553571429,0.871354166667
2012-07-11 21:57:03,-34041,1,38.5307291667,0.97537202381
2012-07-11 21:57:04,-34040,1,39.5808779762,1.05014880952
2012-07-11 21:57:05,-34039,1,40.7027529762,1.121875
2012-07-11 21:57:06,-34038,1,41.883110119,1.18035714286
2012-07-11 21:57:07,-34037,1,43.0841517857,1.20104166667
2012-07-11 21:57:08,-34036,1,44.2511904762,1.16703869048
2012-07-11 21:57:09,-34035,1,45.3381696429,1.08697916667
2012-07-11 21:57:10,-34034,1,46.3322916667,0.99412202381
2012-07-11 21:57:11,-34033,1,47.2549107143,0.922619047619
2012-07-11 21:57:12,-34032,1,48.1400297619,0.885119047619
2012-07-11 21:57:13,-34031,1,49.013764881,0.873735119048
2012-07-11 21:57:14,-34030,1,49.8899553571,0.87619047619
2012-07-11 21:57:15,-34029,1,50.7753720238,0.885416666667
2012-07-11 21:57:16,-34028,1,51.6749255952,0.899553571429
2012-07-11 21:57:17,-34027,1,52.5944940476,0.919568452381
2012-07-11 21:57:18,-34026,1,53.535639881,0.941145833333
2012-07-11 21:57:19,-34025,1,54.4805059524,0.944866071429
2012-07-11 21:57:20,-34024,1,55.382514881,0.902008928571
2012-07-11 21:57:21,-34023,1,56.1779761905,0.795461309524
2012-07-11 21:57:22,-34022,1,56.8121279762,0.634151785714
2012-07-11 21:57:23,-34021,1,57.2624255952,0.450297619048
2012-07-11 21:57:24,-34020,1,57.5476934524,0.285267857143
2012-07-11 21:57:25,-34019,1,57.717485119,0.169791666667
2012-07-11 21:57:26,-34018,1,57.8280505952,0.110565476191
2012-07-11 21:57:27,-34017,1,57.926264881,0.0982142857143
2012-07-11 21:57:28,-34016,1,58.0483630952,0.122098214286
2012-07-11 21:57:29,-34015,1,58.2171130952,0.16875
2012-07-11 21:57:30,-34014,1,58.4358630952,0.21875
2012-07-11 21:57:31,-34013,1,58.6920386905,0.256175595238
2012-07-11 21:57:32,-34012,1,58.966889881,0.274851190476
2012-07-11 21:57:33,-34011,1,59.2461309524,0.279241071429
2012-07-11 21:57:34,-34010,1,59.5287946429,0.282663690476
2012-07-11 21:57:35,-34009,1,59.8244791667,0.295684523809
2012-07-11 21:57:36,-34008,1,60.1432291667,0.31875
2012-07-11 21:57:37,-34007,1,60.4871279762,0.343898809524
2012-07-11 21:57:38,-34006,1,60.8380952381,0.350967261905
2012-07-11 21:57:39,-34005,1,61.1517113095,0.313616071429
2012-07-11 21:57:40,-34004,1,61.3759672619,0.224255952381
2012-07-11 21:57:41,-34003,1,61.4844494048,0.108482142857
2012-07-11 21:57:42,-34002,1,61.4985119048,0.0140625
2012-07-11 21:57:43,-34001,1,61.4789434524,-0.0195684523809
2012-07-11 21:57:44,-34000,1,61.4852678571,0.0063244047619
2012-07-11 21:57:45,-33999,1,61.538764881,0.0534970238095
2012-07-11 21:57:46,-33998,1,61.6245535714,0.0857886904762
2012-07-11 21:57:47,-33997,1,61.7172619048,0.0927083333333
2012-07-11 21:57:48,-33996,1,61.8022321429,0.0849702380952
2012-07-11 21:57:49,-33995,1,61.8881696429,0.0859375
2012-07-11 21:57:50,-33994,1,62.0069940476,0.118824404762
2012-07-11 21:57:51,-33993,1,62.1961309524,0.189136904762
2012-07-11 21:57:52,-33992,1,62.4741815476,0.278050595238
2012-07-11 21:57:53,-33991,1,62.8255208333,0.351339285714
2012-07-11 21:57:54,-33990,1,63.2057291667,0.380208333333
2012-07-11 21:57:55,-33989,1,63.567485119,0.361755952381
2012-07-11 21:57:56,-33988,1,63.884672619,0.3171875
2012-07-11 21:57:57,-33987,1,64.153422619,0.26875
2012-07-11 21:57:58,-33986,1,64.3758184524,0.222395833333
2012-07-11 21:57:59,-33985,1,64.5476934524,0.171875
2012-07-11 21:58:00,-33984,1,64.6603422619,0.112648809524
2012-07-11 21:58:01,-33983,1,64.7084077381,0.0480654761904
2012-07-11 21:58:02,-33982,1,64.6960565476,-0.0123511904762
2012-07-11 21:58:03,-33981,1,64.6392857143,-0.0567708333333
2012-07-11 21:58:04,-33980,1,64.562202381,-0.0770833333333
2012-07-11 21:58:05,-33979,1,64.4905505952,-0.0716517857143
2012-07-11 21:58:06,-33978,1,64.4457589286,-0.0447916666667
2012-07-11 21:58:07,-33977,1,64.4370535714,-0.00870535714279
2012-07-11 21:58:08,-33976,1,64.4586309524,0.0215773809524
2012-07-11 21:58:09,-33975,1,64.499702381,0.0410714285714
2012-07-11 21:58:10,-33974,1,64.5583333333,0.0586309523809
2012-07-11 21:58:11,-33973,1,64.6459821429,0.0876488095238
2012-07-11 21:58:12,-33972,1,64.7742559524,0.128273809524
2012-07-11 21:58:13,-33971,1,64.932514881,0.158258928571
2012-07-11 21:58:14,-33970,1,65.0857142857,0.153199404762
2012-07-11 21:58:15,-33969,1,65.1957589286,0.110044642857
2012-07-11 21:58:16,-33968,1,65.2389880952,0.0432291666667
2012-07-11 21:58:17,-33967,1,65.2118303571,-0.0271577380952
2012-07-11 21:58:18,-33966,1,65.1276041667,-0.0842261904762
2012-07-11 21:58:19,-33965,1,65.0055059524,-0.122098214286
2012-07-11 21:58:20,-33964,1,64.8711309524,-0.134375
2012-07-11 21:58:21,-33963,1,64.7633184524,-0.1078125
2012-07-11 21:58:22,-33962,1,64.7087053571,-0.0546130952381
2012-07-11 21:58:23,-33961,1,64.6898809524,-0.0188244047619
2012-07-11 21:58:24,-33960,1,64.6671875,-0.022693452381
2012-07-11 21:58:25,-33959,1,64.6217261905,-0.0454613095238
2012-07-11 21:58:26,-33958,1,64.563764881,-0.0579613095238
2012-07-11 21:58:27,-33957,1,64.5186755952,-0.0450892857143
2012-07-11 21:58:28,-33956,1,64.5038690476,-0.0148065476191
2012-07-11 21:58:29,-33955,1,64.5116071429,0.0077380952381
2012-07-11 21:58:30,-33954,1,64.5273065476,0.0156994047619
2012-07-11 21:58:31,-33953,1,64.5532738095,0.0259672619048
2012-07-11 21:58:32,-33952,1,64.5985119048,0.0452380952381
2012-07-11 21:58:33,-33951,1,64.6636904762,0.0651785714286
2012-07-11 21:58:34,-33950,1,64.7462797619,0.0825892857143
2012-07-11 21:58:35,-33949,1,64.8501488095,0.103869047619
2012-07-11 21:58:36,-33948,1,64.9851190476,0.134970238095
2012-07-11 21:58:37,-33947,1,65.1530505952,0.167931547619
2012-07-11 21:58:38,-33946,1,65.3378720238,0.184821428571
2012-07-11 21:58:39,-33945,1,65.5179315476,0.18005952381
2012-07-11 21:58:40,-33944,1,65.6828125,0.164880952381
2012-07-11 21:58:41,-33943,1,65.837202381,0.154389880952
2012-07-11 21:58:42,-33942,1,65.9889136905,0.151711309524
2012-07-11 21:58:43,-33941,1,66.120610119,0.131696428571
2012-07-11 21:58:44,-33940,1,66.184375,0.0637648809524
2012-07-11 21:58:45,-33939,1,66.1442708333,-0.0401041666667
2012-07-11 21:58:46,-33938,1,66.0142857143,-0.129985119048
2012-07-11 21:58:47,-33937,1,65.8509672619,-0.163318452381
2012-07-11 21:58:48,-33936,1,65.7165178571,-0.134449404762
2012-07-11 21:58:49,-33935,1,65.6401041667,-0.0764136904762
2012-07-11 21:58:50,-33934,1,65.6095238095,-0.0305803571429
2012-07-11 21:58:51,-33933,1,65.5970982143,-0.0124255952381
2012-07-11 21:58:52,-33932,1,65.5834821429,-0.0136160714286
2012-07-11 21:58:53,-33931,1,65.5622767857,-0.0212053571428
2012-07-11 21:58:54,-33930,1,65.5366071429,-0.0256696428572
2012-07-11 21:58:55,-33929,1,65.5139880952,-0.022619047619
2012-07-11 21:58:56,-33928,1,65.5008928571,-0.0130952380952
2012-07-11 21:58:57,-33927,1,65.5000744048,-0.000818452380997
2012-07-11 21:58:58,-33926,1,65.5119047619,0.0118303571428
2012-07-11 21:58:59,-33925,1,65.5379464286,0.0260416666667
2012-07-11 21:59:00,-33924,1,65.5813244048,0.0433779761905
2012-07-11 21:59:01,-33923,1,65.6399553571,0.0586309523809
2012-07-11 21:59:02,-33922,1,65.698735119,0.0587797619048
2012-07-11 21:59:03,-33921,1,65.7316964286,0.0329613095238
2012-07-11 21:59:04,-33920,1,65.7166666667,-0.0150297619047
2012-07-11 21:59:05,-33919,1,65.6507440476,-0.0659226190476
2012-07-11 21:59:06,-33918,1,65.5505952381,-0.100148809524
2012-07-11 21:59:07,-33917,1,65.4385416667,-0.112053571429
2012-07-11 21:59:08,-33916,1,65.3298363095,-0.108705357143
2012-07-11 21:59:09,-33915,1,65.2303571429,-0.0994791666666
2012-07-11 21:59:10,-33914,1,65.1465029762,-0.0838541666667
2012-07-11 21:59:11,-33913,1,65.0965029762,-0.05
2012-07-11 21:59:12,-33912,1,65.1043154762,0.0078125
2012-07-11 21:59:13,-33911,1,65.1820684524,0.0777529761904
2012-07-11 21:59:14,-33910,1,65.3203869048,0.138318452381
2012-07-11 21:59:15,-33909,1,65.4867559524,0.166369047619
2012-07-11 21:59:16,-33908,1,65.6304315476,0.143675595238
2012-07-11 21:59:17,-33907,1,65.7001488095,0.0697172619048
2012-07-11 21:59:18,-33906,1,65.6673363095,-0.0328125
2012-07-11 21:59:19,-33905,1,65.5369047619,-0.130431547619
2012-07-11 21:59:20,-33904,1,65.3386160714,-0.198288690476
2012-07-11 21:59:21,-33903,1,65.1078125,-0.230803571429
2012-07-11 21:59:22,-33902,1,64.8674107143,-0.240401785714
2012-07-11 21:59:23,-33901,1,64.6210565476,-0.246354166667
2012-07-11 21:59:24,-33900,1,64.362202381,-0.258854166667
2012-07-11 21:59:25,-33899,1,64.0869791667,-0.275223214286
2012-07-11 21:59:26,-33898,1,63.7967261905,-0.29025297619
2012-07-11 21:59:27,-33897,1,63.4969494048,-0.299776785714
2012-07-11 21:59:28,-33896,1,63.2009672619,-0.295982142857
2012-07-11 21:59:29,-33895,1,62.9299107143,-0.271056547619
2012-07-11 21:59:30,-33894,1,62.7035714286,-0.226339285714
2012-07-11 21:59:31,-33893,1,62.5294642857,-0.174107142857
2012-07-11 21:59:32,-33892,1,62.3985119048,-0.130952380952
2012-07-11 21:59:33,-33891,1,62.2925595238,-0.105952380952
2012-07-11 21:59:34,-33890,1,62.2000744048,-0.0924851190476
2012-07-11 21:59:35,-33889,1,62.1244047619,-0.0756696428572
2012-07-11 21:59:36,-33888,1,62.0775297619,-0.0468749999999
2012-07-11 21:59:37,-33887,1,62.0683035714,-0.0092261904762
2012-07-11 21:59:38,-33886,1,62.0950892857,0.0267857142857
2012-07-11 21:59:39,-33885,1,62.1492559524,0.0541666666666
2012-07-11 21:59:40,-33884,1,62.2261160714,0.0768601190477
2012-07-11 21:59:41,-33883,1,62.3287202381,0.102604166667
2012-07-11 21:59:42,-33882,1,62.4584077381,0.1296875
2012-07-11 21:59:43,-33881,1,62.6011904762,0.142782738095
2012-07-11 21:59:44,-33880,1,62.7232886905,0.122098214286
2012-07-11 21:59:45,-33879,1,62.780952381,0.0576636904762
2012-07-11 21:59:46,-33878,1,62.7374255952,-0.0435267857143
2012-07-11 21:59:47,-33877,1,62.5788690476,-0.158556547619
2012-07-11 21:59:48,-33876,1,62.3230654762,-0.255803571429
2012-07-11 21:59:49,-33875,1,62.0147321429,-0.308333333333
2012-07-11 21:59:50,-33874,1,61.7093005952,-0.305431547619
2012-07-11 21:59:51,-33873,1,61.4510416667,-0.258258928571
2012-07-11 21:59:52,-33872,1,61.2529761905,-0.198065476191
2012-07-11 21:59:53,-33871,1,61.0945684524,-0.158407738095
2012-07-11 21:59:54,-33870,1,60.9430059524,-0.1515625
2012-07-11 21:59:55,-33869,1,60.7794642857,-0.163541666667
2012-07-11 21:59:56,-33868,1,60.6118303571,-0.167633928571
2012-07-11 21:59:57,-33867,1,60.4697916667,-0.142038690476
2012-07-11 21:59:58,-33866,1,60.3845982143,-0.085193452381
2012-07-11 21:59:59,-33865,1,60.3656994048,-0.0188988095238
2012-07-11 22:00:00,-33864,1,60.3947916667,0.0290922619048
2012-07-11 22:00:01,-33863,1,60.44375,0.0489583333333
2012-07-11 22:00:02,-33862,1,60.4982886905,0.0545386904762
2012-07-11 22:00:03,-33861,1,60.5658482143,0.0675595238095
2012-07-11 22:00:04,-33860,1,60.6630952381,0.0972470238095
2012-07-11 22:00:05,-33859,1,60.7890625,0.125967261905
2012-07-11 22:00:06,-33858,1,60.9022321429,0.113169642857
2012-07-11 22:00:07,-33857,1,60.9313244048,0.0290922619048
2012-07-11 22:00:08,-33856,1,60.820014881,-0.11130952381
2012-07-11 22:00:09,-33855,1,60.5692708333,-0.250744047619
2012-07-11 22:00:10,-33854,1,60.2482886905,-0.320982142857
2012-07-11 22:00:11,-33853,1,59.9623511905,-0.2859375
2012-07-11 22:00:12,-33852,1,59.7915178571,-0.170833333333
2012-07-11 22:00:13,-33851,1,59.7483630952,-0.0431547619048
2012-07-11 22:00:14,-33850,1,59.7825892857,0.0342261904762
2012-07-11 22:00:15,-33849,1,59.8160714286,0.0334821428571
2012-07-11 22:00:16,-33848,1,59.7907738095,-0.0252976190476
2012-07-11 22:00:17,-33847,1,59.7099702381,-0.0808035714286
2012-07-11 22:00:18,-33846,1,59.6389136905,-0.071056547619
2012-07-11 22:00:19,-33845,1,59.6584077381,0.019494047619
2012-07-11 22:00:20,-33844,1,59.8070684524,0.148660714286
2012-07-11 22:00:21,-33843,1,60.0519345238,0.244866071429
2012-07-11 22:00:22,-33842,1,60.3063244048,0.254389880952
2012-07-11 22:00:23,-33841,1,60.4835565476,0.177232142857
2012-07-11 22:00:24,-33840,1,60.5429315476,0.059375
2012-07-11 22:00:25,-33839,1,60.4951636905,-0.0477678571428
2012-07-11 22:00:26,-33838,1,60.3798363095,-0.115327380952
2012-07-11 22:00:27,-33837,1,60.240327381,-0.139508928571
2012-07-11 22:00:28,-33836,1,60.1093005952,-0.131026785714
2012-07-11 22:00:29,-33835,1,60.0125,-0.0968005952381
2012-07-11 22:00:30,-33834,1,59.981547619,-0.0309523809524
2012-07-11 22:00:31,-33833,1,60.051264881,0.0697172619048
2012-07-11 22:00:32,-33832,1,60.2357142857,0.184449404762
2012-07-11 22:00:33,-33831,1,60.5081845238,0.272470238095
2012-07-11 22:00:34,-33830,1,60.8134672619,0.305282738095
2012-07-11 22:00:35,-33829,1,61.1054315476,0.291964285714
2012-07-11 22:00:36,-33828,1,61.3719494048,0.266517857143
2012-07-11 22:00:37,-33827,1,61.6279761905,0.256026785714
2012-07-11 22:00:38,-33826,1,61.8932291667,0.265252976191
2012-07-11 22:00:39,-33825,1,62.1763392857,0.283110119048
2012-07-11 22:00:40,-33824,1,62.473139881,0.296800595238
2012-07-11 22:00:41,-33823,1,62.7730654762,0.299925595238
2012-07-11 22:00:42,-33822,1,63.0665922619,0.293526785714
2012-07-11 22:00:43,-33821,1,63.3571428571,0.290550595238
2012-07-11 22:00:44,-33820,1,63.671875,0.314732142857
2012-07-11 22:00:45,-33819,1,64.0497767857,0.377901785714
2012-07-11 22:00:46,-33818,1,64.5092261905,0.459449404762
2012-07-11 22:00:47,-33817,1,65.0276785714,0.518452380952
2012-07-11 22:00:48,-33816,1,65.5533482143,0.525669642857
2012-07-11 22:00:49,-33815,1,66.0355654762,0.482217261905
2012-07-11 22:00:50,-33814,1,66.4417410714,0.406175595238
2012-07-11 22:00:51,-33813,1,66.7466517857,0.304910714286
2012-07-11 22:00:52,-33812,1,66.9191220238,0.172470238095
2012-07-11 22:00:53,-33811,1,66.9298363095,0.0107142857143
2012-07-11 22:00:54,-33810,1,66.7683779762,-0.161458333333
2012-07-11 22:00:55,-33809,1,66.4488095238,-0.319568452381
2012-07-11 22:00:56,-33808,1,65.9995535714,-0.449255952381
2012-07-11 22:00:57,-33807,1,65.4521577381,-0.547395833333
2012-07-11 22:00:58,-33806,1,64.8472470238,-0.604910714286
2012-07-11 22:00:59,-33805,1,64.2464285714,-0.600818452381
2012-07-11 22:01:00,-33804,1,63.7225446429,-0.523883928571
2012-07-11 22:01:01,-33803,1,63.3299107143,-0.392633928571
2012-07-11 22:01:02,-33802,1,63.079389881,-0.250520833333
2012-07-11 22:01:03,-33801,1,62.9402529762,-0.139136904762
2012-07-11 22:01:04,-33800,1,62.871875,-0.0683779761905
2012-07-11 22:01:05,-33799,1,62.8537202381,-0.0181547619048
2012-07-11 22:01:06,-33798,1,62.8810267857,0.0273065476191
2012-07-11 22:01:07,-33797,1,62.9391369048,0.0581101190476
2012-07-11 22:01:08,-33796,1,62.9919642857,0.0528273809524
2012-07-11 22:01:09,-33795,1,62.9994047619,0.0074404761905
2012-07-11 22:01:10,-33794,1,62.947172619,-0.0522321428572
2012-07-11 22:01:11,-33793,1,62.8561011905,-0.0910714285714
2012-07-11 22:01:12,-33792,1,62.759077381,-0.0970238095238
2012-07-11 22:01:13,-33791,1,62.6700892857,-0.0889880952381
2012-07-11 22:01:14,-33790,1,62.5732886905,-0.0968005952381
2012-07-11 22:01:15,-33789,1,62.4344494048,-0.138839285714
2012-07-11 22:01:16,-33788,1,62.2186011905,-0.215848214286
2012-07-11 22:01:17,-33787,1,61.9031994048,-0.315401785714
2012-07-11 22:01:18,-33786,1,61.4871279762,-0.416071428571
2012-07-11 22:01:19,-33785,1,60.9905505952,-0.496577380952
2012-07-11 22:01:20,-33784,1,60.4409970238,-0.549553571429
2012-07-11 22:01:21,-33783,1,59.8555803571,-0.585416666667
2012-07-11 22:01:22,-33782,1,59.2323660714,-0.623214285714
2012-07-11 22:01:23,-33781,1,58.5605654762,-0.671800595238
2012-07-11 22:01:24,-33780,1,57.8475446429,-0.713020833333
2012-07-11 22:01:25,-33779,1,57.1335565476,-0.713988095238
2012-07-11 22:01:26,-33778,1,56.4706845238,-0.662872023809
2012-07-11 22:01:27,-33777,1,55.8884672619,-0.582217261905
2012-07-11 22:01:28,-33776,1,55.3879464286,-0.500520833333
2012-07-11 22:01:29,-33775,1,54.9719494048,-0.415997023809
2012-07-11 22:01:30,-33774,1,54.6726934524,-0.299255952381
2012-07-11 22:01:31,-33773,1,54.5380208333,-0.134672619048
2012-07-11 22:01:32,-33772,1,54.5892857143,0.0512648809524
2012-07-11 22:01:33,-33771,1,54.7970238095,0.207738095238
2012-07-11 22:01:34,-33770,1,55.0994047619,0.302380952381
2012-07-11 22:01:35,-33769,1,55.44375,0.344345238095
2012-07-11 22:01:36,-33768,1,55.8092261905,0.365476190476
2012-07-11 22:01:37,-33767,1,56.1985863095,0.389360119048
2012-07-11 22:01:38,-33766,1,56.6244047619,0.425818452381
2012-07-11 22:01:39,-33765,1,57.1040922619,0.4796875
2012-07-11 22:01:40,-33764,1,57.6551339286,0.551041666667
2012-07-11 22:01:41,-33763,1,58.2857142857,0.630580357143
2012-07-11 22:01:42,-33762,1,58.982514881,0.696800595238
2012-07-11 22:01:43,-33761,1,59.7040178571,0.721502976191
2012-07-11 22:01:44,-33760,1,60.3933035714,0.689285714286
2012-07-11 22:01:45,-33759,1,61.0058035714,0.6125
2012-07-11 22:01:46,-33758,1,61.5261160714,0.5203125
2012-07-11 22:01:47,-33757,1,61.9569940476,0.43087797619
2012-07-11 22:01:48,-33756,1,62.294047619,0.337053571429
2012-07-11 22:01:49,-33755,1,62.5183779762,0.224330357143
2012-07-11 22:01:50,-33754,1,62.6165178571,0.0981398809523
2012-07-11 22:01:51,-33753,1,62.6034970238,-0.0130208333333
2012-07-11 22:01:52,-33752,1,62.5249255952,-0.0785714285714
2012-07-11 22:01:53,-33751,1,62.4334821429,-0.091443452381
2012-07-11 22:01:54,-33750,1,62.3615327381,-0.0719494047619
2012-07-11 22:01:55,-33749,1,62.3175595238,-0.0439732142857
2012-07-11 22:01:56,-33748,1,62.298735119,-0.0188244047619
2012-07-11 22:01:57,-33747,1,62.298735119,0.0
2012-07-11 22:01:58,-33746,1,62.3124255952,0.0136904761905
2012-07-11 22:01:59,-33745,1,62.338764881,0.0263392857143
2012-07-11 22:02:00,-33744,1,62.3761160714,0.0373511904762
2012-07-11 22:02:01,-33743,1,62.418452381,0.0423363095238
2012-07-11 22:02:02,-33742,1,62.4620535714,0.0436011904762
2012-07-11 22:02:03,-33741,1,62.5129464286,0.0508928571428
2012-07-11 22:02:04,-33740,1,62.5850446429,0.0720982142857
2012-07-11 22:02:05,-33739,1,62.694047619,0.109002976191
2012-07-11 22:02:06,-33738,1,62.851264881,0.157217261905
2012-07-11 22:02:07,-33737,1,63.0607142857,0.209449404762
2012-07-11 22:02:08,-33736,1,63.3218005952,0.261086309524
2012-07-11 22:02:09,-33735,1,63.6276041667,0.305803571429
2012-07-11 22:02:10,-33734,1,63.9560267857,0.328422619048
2012-07-11 22:02:11,-33733,1,64.266889881,0.310863095238
2012-07-11 22:02:12,-33732,1,64.5345982143,0.267708333333
2012-07-11 22:02:13,-33731,1,64.8121279762,0.277529761905
2012-07-11 22:02:14,-33730,1,65.215922619,0.403794642857
2012-07-11 22:02:15,-33729,1,65.8023809524,0.586458333333
2012-07-11 22:02:16,-33728,1,66.504389881,0.702008928571
2012-07-11 22:02:17,-33727,1,67.1959821429,0.691592261905
2012-07-11 22:02:18,-33726,1,67.7879464286,0.591964285714
2012-07-11 22:02:19,-33725,1,68.2839285714,0.495982142857
2012-07-11 22:02:20,-33724,1,68.7369047619,0.452976190476
2012-07-11 22:02:21,-33723,1,69.1467261905,0.409821428571
2012-07-11 22:02:22,-33722,1,69.4581845238,0.311458333333
2012-07-11 22:02:23,-33721,1,69.6461309524,0.187946428571
2012-07-11 22:02:24,-33720,1,69.7417410714,0.0956101190477
2012-07-11 22:02:25,-33719,1,69.7929315476,0.0511904761905
2012-07-11 22:02:26,-33718,1,69.8321428571,0.0392113095238
2012-07-11 22:02:27,-33717,1,69.8706845238,0.0385416666666
2012-07-11 22:02:28,-33716,1,69.9093005952,0.0386160714286
2012-07-11 22:02:29,-33715,1,69.9520089286,0.0427083333333
2012-07-11 22:02:30,-33714,1,70.011235119,0.0592261904762
2012-07-11 22:02:31,-33713,1,70.1051339286,0.0938988095238
2012-07-11 22:02:32,-33712,1,70.2488839286,0.14375
2012-07-11 22:02:33,-33711,1,70.4392113095,0.190327380952
2012-07-11 22:02:34,-33710,1,70.6479166667,0.208705357143
2012-07-11 22:02:35,-33709,1,70.8348958333,0.186979166667
2012-07-11 22:02:36,-33708,1,70.9652529762,0.130357142857
2012-07-11 22:02:37,-33707,1,71.0195684524,0.0543154761905
2012-07-11 22:02:38,-33706,1,70.9985119048,-0.0210565476191
2012-07-11 22:02:39,-33705,1,70.9211309524,-0.077380952381
2012-07-11 22:02:40,-33704,1,70.8189732143,-0.102157738095
2012-07-11 22:02:41,-33703,1,70.7240327381,-0.0949404761905
2012-07-11 22:02:42,-33702,1,70.6502232143,-0.0738095238095
2012-07-11 22:02:43,-33701,1,70.5864583333,-0.0637648809524
2012-07-11 22:02:44,-33700,1,70.509077381,-0.0773809523809
2012-07-11 22:02:45,-33699,1,70.3991815476,-0.109895833333
2012-07-11 22:02:46,-33698,1,70.258110119,-0.141071428571
2012-07-11 22:02:47,-33697,1,70.1161458333,-0.141964285714
2012-07-11 22:02:48,-33696,1,70.0225446429,-0.0936011904762
2012-07-11 22:02:49,-33695,1,70.0180803571,-0.00446428571419
2012-07-11 22:02:50,-33694,1,70.105952381,0.0878720238095
2012-07-11 22:02:51,-33693,1,70.243452381,0.1375
2012-07-11 22:02:52,-33692,1,70.3660714286,0.122619047619
2012-07-11 22:02:53,-33691,1,70.4238839286,0.0578125
2012-07-11 22:02:54,-33690,1,70.4031994048,-0.0206845238095
2012-07-11 22:02:55,-33689,1,70.327827381,-0.0753720238095
2012-07-11 22:02:56,-33688,1,70.2438244048,-0.0840029761905
2012-07-11 22:02:57,-33687,1,70.1965029762,-0.0473214285714
2012-07-11 22:02:58,-33686,1,70.2114583333,0.0149553571428
2012-07-11 22:02:59,-33685,1,70.2821428571,0.0706845238096
2012-07-11 22:03:00,-33684,1,70.3683035714,0.0861607142857
2012-07-11 22:03:01,-33683,1,70.4151785714,0.046875
2012-07-11 22:03:02,-33682,1,70.3822916667,-0.0328869047619
2012-07-11 22:03:03,-33681,1,70.25625,-0.126041666667
2012-07-11 22:03:04,-33680,1,70.0457589286,-0.210491071429
2012-07-11 22:03:05,-33679,1,69.7748511905,-0.270907738095
2012-07-11 22:03:06,-33678,1,69.4777529762,-0.297098214286
2012-07-11 22:03:07,-33677,1,69.1908482143,-0.286904761905
2012-07-11 22:03:08,-33676,1,68.9430803571,-0.247767857143
2012-07-11 22:03:09,-33675,1,68.7502232143,-0.192857142857
2012-07-11 22:03:10,-33674,1,68.6165178571,-0.133705357143
2012-07-11 22:03:11,-33673,1,68.5390625,-0.0774553571429
2012-07-11 22:03:12,-33672,1,68.5097470238,-0.0293154761905
2012-07-11 22:03:13,-33671,1,68.5165922619,0.00684523809531
2012-07-11 22:03:14,-33670,1,68.5454613095,0.028869047619
2012-07-11 22:03:15,-33669,1,68.5836309524,0.0381696428572
2012-07-11 22:03:16,-33668,1,68.6261904762,0.0425595238095
2012-07-11 22:03:17,-33667,1,68.6767113095,0.0505208333333
2012-07-11 22:03:18,-33666,1,68.7392857143,0.0625744047619
2012-07-11 22:03:19,-33665,1,68.8128720238,0.0735863095238
2012-07-11 22:03:20,-33664,1,68.8911458333,0.0782738095238
2012-07-11 22:03:21,-33663,1,68.9618303571,0.0706845238095
2012-07-11 22:03:22,-33662,1,69.0079613095,0.046130952381
2012-07-11 22:03:23,-33661,1,69.0136160714,0.00565476190481
2012-07-11 22:03:24,-33660,1,68.9679315476,-0.0456845238096
2012-07-11 22:03:25,-33659,1,68.8691220238,-0.0988095238095
2012-07-11 22:03:26,-33658,1,68.7306547619,-0.138467261905
2012-07-11 22:03:27,-33657,1,68.5770089286,-0.153645833333
2012-07-11 22:03:28,-33656,1,68.4288690476,-0.148139880952
2012-07-11 22:03:29,-33655,1,68.2944196429,-0.134449404762
2012-07-11 22:03:30,-33654,1,68.1681547619,-0.126264880952
2012-07-11 22:03:31,-33653,1,68.0290178571,-0.139136904762
2012-07-11 22:03:32,-33652,1,67.8380208333,-0.19099702381
2012-07-11 22:03:33,-33651,1,67.5397321429,-0.298288690476
2012-07-11 22:03:34,-33650,1,67.0771577381,-0.462574404762
2012-07-11 22:03:35,-33649,1,66.4265625,-0.650595238095
2012-07-11 22:03:36,-33648,1,65.6328125,-0.79375
2012-07-11 22:03:37,-33647,1,64.8063988095,-0.826413690476
2012-07-11 22:03:38,-33646,1,64.0709821429,-0.735416666667
2012-07-11 22:03:39,-33645,1,63.5023809524,-0.568601190476
2012-07-11 22:03:40,-33644,1,63.1063244048,-0.396056547619
2012-07-11 22:03:41,-33643,1,62.8409970238,-0.265327380952
2012-07-11 22:03:42,-33642,1,62.6581845238,-0.1828125
2012-07-11 22:03:43,-33641,1,62.5280505952,-0.130133928571
2012-07-11 22:03:44,-33640,1,62.4326636905,-0.0953869047619
2012-07-11 22:03:45,-33639,1,62.3554315476,-0.0772321428572
2012-07-11 22:03:46,-33638,1,62.2894345238,-0.0659970238095
2012-07-11 22:03:47,-33637,1,62.2427827381,-0.0466517857143
2012-07-11 22:03:48,-33636,1,62.2247767857,-0.0180059523809
2012-07-11 22:03:49,-33635,1,62.2311011905,0.00632440476191
2012-07-11 22:03:50,-33634,1,62.2426339286,0.0115327380952
2012-07-11 22:03:51,-33633,1,62.2398065476,-0.0028273809524
2012-07-11 22:03:52,-33632,1,62.2214285714,-0.0183779761904
2012-07-11 22:03:53,-33631,1,62.2019345238,-0.0194940476191
2012-07-11 22:03:54,-33630,1,62.1895089286,-0.0124255952381
2012-07-11 22:03:55,-33629,1,62.1761904762,-0.0133184523809
2012-07-11 22:03:56,-33628,1,62.1454613095,-0.0307291666667
2012-07-11 22:03:57,-33627,1,62.0835565476,-0.0619047619047
2012-07-11 22:03:58,-33626,1,61.9877232143,-0.0958333333334
2012-07-11 22:03:59,-33625,1,61.8641369048,-0.123586309524
2012-07-11 22:04:00,-33624,1,61.7183779762,-0.145758928571
2012-07-11 22:04:01,-33623,1,61.5558779762,-0.1625
2012-07-11 22:04:02,-33622,1,61.3957589286,-0.160119047619
2012-07-11 22:04:03,-33621,1,61.2805803571,-0.115178571429
2012-07-11 22:04:04,-33620,1,61.2657738095,-0.014806547619
2012-07-11 22:04:05,-33619,1,61.3900297619,0.124255952381
2012-07-11 22:04:06,-33618,1,61.646577381,0.256547619048
2012-07-11 22:04:07,-33617,1,61.9805803571,0.33400297619
2012-07-11 22:04:08,-33616,1,62.3177083333,0.33712797619
2012-07-11 22:04:09,-33615,1,62.596577381,0.278869047619
2012-07-11 22:04:10,-33614,1,62.7773809524,0.180803571429
2012-07-11 22:04:11,-33613,1,62.8379464286,0.0605654761905
2012-07-11 22:04:12,-33612,1,62.7813988095,-0.0565476190476
2012-07-11 22:04:13,-33611,1,62.6441964286,-0.137202380952
2012-07-11 22:04:14,-33610,1,62.4813988095,-0.162797619048
2012-07-11 22:04:15,-33609,1,62.3380208333,-0.143377976191
2012-07-11 22:04:16,-33608,1,62.2275297619,-0.110491071429
2012-07-11 22:04:17,-33607,1,62.1245535714,-0.102976190476
2012-07-11 22:04:18,-33606,1,61.9729910714,-0.1515625
2012-07-11 22:04:19,-33605,1,61.7032738095,-0.269717261905
2012-07-11 22:04:20,-33604,1,61.2515625,-0.451711309524
2012-07-11 22:04:21,-33603,1,60.5885416667,-0.663020833333
2012-07-11 22:04:22,-33602,1,59.7525297619,-0.836011904762
2012-07-11 22:04:23,-33601,1,58.8520089286,-0.900520833333
2012-07-11 22:04:24,-33600,1,58.0235863095,-0.828422619048
2012-07-11 22:04:25,-33599,1,57.3733630952,-0.650223214286
2012-07-11 22:04:26,-33598,1,56.9225446429,-0.450818452381
2012-07-11 22:04:27,-33597,1,56.5765625,-0.345982142857
2012-07-11 22:04:28,-33596,1,56.1683779762,-0.40818452381
2012-07-11 22:04:29,-33595,1,55.5725446429,-0.595833333333
2012-07-11 22:04:30,-33594,1,54.790922619,-0.78162202381
2012-07-11 22:04:31,-33593,1,53.9426339286,-0.848288690476
2012-07-11 22:04:32,-33592,1,53.1825892857,-0.760044642857
2012-07-11 22:04:33,-33591,1,52.6130952381,-0.569494047619
2012-07-11 22:04:34,-33590,1,52.2538690476,-0.359226190476
2012-07-11 22:04:35,-33589,1,52.0754464286,-0.178422619048
2012-07-11 22:04:36,-33588,1,52.0366815476,-0.0387648809523
2012-07-11 22:04:37,-33587,1,52.096875,0.0601934523809
2012-07-11 22:04:38,-33586,1,52.2210565476,0.124181547619
2012-07-11 22:04:39,-33585,1,52.3864583333,0.165401785714
2012-07-11 22:04:40,-33584,1,52.5802083333,0.19375
2012-07-11 22:04:41,-33583,1,52.7883928571,0.20818452381
2012-07-11 22:04:42,-33582,1,52.9892113095,0.200818452381
2012-07-11 22:04:43,-33581,1,53.1523065476,0.163095238095
2012-07-11 22:04:44,-33580,1,53.2379464286,0.0856398809524
2012-07-11 22:04:45,-33579,1,53.2072916667,-0.0306547619047
2012-07-11 22:04:46,-33578,1,53.051860119,-0.155431547619
2012-07-11 22:04:47,-33577,1,52.8147321429,-0.237127976191
2012-07-11 22:04:48,-33576,1,52.574702381,-0.240029761905
2012-07-11 22:04:49,-33575,1,52.4037202381,-0.170982142857
2012-07-11 22:04:50,-33574,1,52.331547619,-0.0721726190476
2012-07-11 22:04:51,-33573,1,52.344047619,0.0125
2012-07-11 22:04:52,-33572,1,52.4110863095,0.0670386904762
2012-07-11 22:04:53,-33571,1,52.511235119,0.100148809524
2012-07-11 22:04:54,-33570,1,52.6345982143,0.123363095238
2012-07-11 22:04:55,-33569,1,52.7770089286,0.142410714286
2012-07-11 22:04:56,-33568,1,52.9368303571,0.159821428572
2012-07-11 22:04:57,-33567,1,53.1124255952,0.175595238095
2012-07-11 22:04:58,-33566,1,53.3003720238,0.187946428571
2012-07-11 22:04:59,-33565,1,53.4963541667,0.195982142857
2012-07-11 22:05:00,-33564,1,53.6991071429,0.20275297619
2012-07-11 22:05:01,-33563,1,53.9136160714,0.214508928571
2012-07-11 22:05:02,-33562,1,54.148735119,0.235119047619
2012-07-11 22:05:03,-33561,1,54.4138392857,0.265104166667
2012-07-11 22:05:04,-33560,1,54.7176339286,0.303794642857
2012-07-11 22:05:05,-33559,1,55.0627232143,0.345089285714
2012-07-11 22:05:06,-33558,1,55.4421130952,0.379389880952
2012-07-11 22:05:07,-33557,1,55.8503720238,0.408258928571
2012-07-11 22:05:08,-33556,1,56.2954613095,0.445089285714
2012-07-11 22:05:09,-33555,1,56.7910714286,0.495610119048
2012-07-11 22:05:10,-33554,1,57.3376488095,0.546577380952
2012-07-11 22:05:11,-33553,1,57.9068452381,0.569196428571
2012-07-11 22:05:12,-33552,1,58.4383928571,0.531547619048
2012-07-11 22:05:13,-33551,1,58.8598214286,0.421428571428
2012-07-11 22:05:14,-33550,1,59.1189732143,0.259151785714
2012-07-11 22:05:15,-33549,1,59.2129464286,0.0939732142857
2012-07-11 22:05:16,-33548,1,59.2092261905,-0.0037202380952
2012-07-11 22:05:17,-33547,1,59.2254464286,0.0162202380952
2012-07-11 22:05:18,-33546,1,59.3537946429,0.128348214286
2012-07-11 22:05:19,-33545,1,59.6074404762,0.253645833333
2012-07-11 22:05:20,-33544,1,59.9409970238,0.333556547619
2012-07-11 22:05:21,-33543,1,60.3002232143,0.359226190476
2012-07-11 22:05:22,-33542,1,60.6563988095,0.356175595238
2012-07-11 22:05:23,-33541,1,61.0061755952,0.349776785714
2012-07-11 22:05:24,-33540,1,61.346577381,0.340401785714
2012-07-11 22:05:25,-33539,1,61.6760416667,0.329464285714
2012-07-11 22:05:26,-33538,1,62.0149553571,0.338913690476
2012-07-11 22:05:27,-33537,1,62.3866815476,0.371726190476
2012-07-11 22:05:28,-33536,1,62.7765625,0.389880952381
2012-07-11 22:05:29,-33535,1,63.1275297619,0.350967261905
2012-07-11 22:05:30,-33534,1,63.3758928571,0.248363095238
2012-07-11 22:05:31,-33533,1,63.4979910714,0.122098214286
2012-07-11 22:05:32,-33532,1,63.5336309524,0.0356398809523
2012-07-11 22:05:33,-33531,1,63.5618303571,0.028199404762
2012-07-11 22:05:34,-33530,1,63.6503720238,0.0885416666666
2012-07-11 22:05:35,-33529,1,63.8226934524,0.172321428571
2012-07-11 22:05:36,-33528,1,64.0570684524,0.234375
2012-07-11 22:05:37,-33527,1,64.3130952381,0.256026785714
2012-07-11 22:05:38,-33526,1,64.5655505952,0.252455357143
2012-07-11 22:05:39,-33525,1,64.812202381,0.246651785714
2012-07-11 22:05:40,-33524,1,65.0577380952,0.245535714286
2012-07-11 22:05:41,-33523,1,65.3055803571,0.247842261905
2012-07-11 22:05:42,-33522,1,65.5600446429,0.254464285714
2012-07-11 22:05:43,-33521,1,65.8260416667,0.26599702381
2012-07-11 22:05:44,-33520,1,66.1060267857,0.279985119048
2012-07-11 22:05:45,-33519,1,66.3947172619,0.28869047619
2012-07-11 22:05:46,-33518,1,66.6821428571,0.287425595238
2012-07-11 22:05:47,-33517,1,66.9706845238,0.288541666667
2012-07-11 22:05:48,-33516,1,67.2720982143,0.301413690476
2012-07-11 22:05:49,-33515,1,67.5688244048,0.296726190476
2012-07-11 22:05:50,-33514,1,67.7990327381,0.230208333333
2012-07-11 22:05:51,-33513,1,67.9044642857,0.105431547619
2012-07-11 22:05:52,-33512,1,67.8854166667,-0.0190476190476
2012-07-11 22:05:53,-33511,1,67.8061755952,-0.0792410714286
2012-07-11 22:05:54,-33510,1,67.7537946429,-0.052380952381
2012-07-11 22:05:55,-33509,1,67.7811755952,0.027380952381
2012-07-11 22:05:56,-33508,1,67.8851934524,0.104017857143
2012-07-11 22:05:57,-33507,1,68.0348958333,0.149702380952
2012-07-11 22:05:58,-33506,1,68.1919642857,0.157068452381
2012-07-11 22:05:59,-33505,1,68.3005208333,0.108556547619
2012-07-11 22:06:00,-33504,1,68.295610119,-0.0049107142857
2012-07-11 22:06:01,-33503,1,68.1408482143,-0.154761904762
2012-07-11 22:06:02,-33502,1,67.8479910714,-0.292857142857
2012-07-11 22:06:03,-33501,1,67.4610119048,-0.386979166667
2012-07-11 22:06:04,-33500,1,67.0313988095,-0.429613095238
2012-07-11 22:06:05,-33499,1,66.6040178571,-0.427380952381
2012-07-11 22:06:06,-33498,1,66.2133928571,-0.390625
2012-07-11 22:06:07,-33497,1,65.8837797619,-0.329613095238
2012-07-11 22:06:08,-33496,1,65.6255952381,-0.25818452381
2012-07-11 22:06:09,-33495,1,65.4344494048,-0.191145833333
2012-07-11 22:06:10,-33494,1,65.3022321429,-0.132217261905
2012-07-11 22:06:11,-33493,1,65.2267113095,-0.0755208333333
2012-07-11 22:06:12,-33492,1,65.2050595238,-0.0216517857143
2012-07-11 22:06:13,-33491,1,65.2228422619,0.0177827380952
2012-07-11 22:06:14,-33490,1,65.2569940476,0.0341517857143
2012-07-11 22:06:15,-33489,1,65.2900297619,0.0330357142857
2012-07-11 22:06:16,-33488,1,65.314360119,0.0243303571429
2012-07-11 22:06:17,-33487,1,65.3218005952,0.0074404761905
2012-07-11 22:06:18,-33486,1,65.2973214286,-0.0244791666667
2012-07-11 22:06:19,-33485,1,65.2267857143,-0.0705357142857
2012-07-11 22:06:20,-33484,1,65.1136904762,-0.113095238095
2012-07-11 22:06:21,-33483,1,64.993452381,-0.120238095238
2012-07-11 22:06:22,-33482,1,64.9245535714,-0.0688988095238
2012-07-11 22:06:23,-33481,1,64.9574404762,0.0328869047619
2012-07-11 22:06:24,-33480,1,65.1119047619,0.154464285714
2012-07-11 22:06:25,-33479,1,65.3720238095,0.260119047619
2012-07-11 22:06:26,-33478,1,65.6882440476,0.316220238095
2012-07-11 22:06:27,-33477,1,65.9972470238,0.309002976191
2012-07-11 22:06:28,-33476,1,66.2581845238,0.2609375
2012-07-11 22:06:29,-33475,1,66.4718005952,0.213616071429
2012-07-11 22:06:30,-33474,1,66.6688244048,0.197023809524
2012-07-11 22:06:31,-33473,1,66.8803571429,0.211532738095
2012-07-11 22:06:32,-33472,1,67.1073660714,0.227008928571
2012-07-11 22:06:33,-33471,1,67.3176339286,0.210267857143
2012-07-11 22:06:34,-33470,1,67.478422619,0.160788690476
2012-07-11 22:06:35,-33469,1,67.587797619,0.109375
2012-07-11 22:06:36,-33468,1,67.6683779762,0.0805803571429
2012-07-11 22:06:37,-33467,1,67.7333333333,0.0649553571428
2012-07-11 22:06:38,-33466,1,67.7657738095,0.0324404761905
2012-07-11 22:06:39,-33465,1,67.729389881,-0.0363839285714
2012-07-11 22:06:40,-33464,1,67.59375,-0.135639880952
2012-07-11 22:06:41,-33463,1,67.3587053571,-0.235044642857
2012-07-11 22:06:42,-33462,1,67.0633928571,-0.2953125
2012-07-11 22:06:43,-33461,1,66.770014881,-0.29337797619
2012-07-11 22:06:44,-33460,1,66.5373511905,-0.232663690476
2012-07-11 22:06:45,-33459,1,66.3989583333,-0.138392857143
2012-07-11 22:06:46,-33458,1,66.3506696429,-0.0482886904762
2012-07-11 22:06:47,-33457,1,66.3580357143,0.00736607142861
2012-07-11 22:06:48,-33456,1,66.3819940476,0.0239583333333
2012-07-11 22:06:49,-33455,1,66.3996279762,0.0176339285715
2012-07-11 22:06:50,-33454,1,66.4022321429,0.0026041666666
2012-07-11 22:06:51,-33453,1,66.3792410714,-0.0229910714285
2012-07-11 22:06:52,-33452,1,66.3186755952,-0.0605654761905
2012-07-11 22:06:53,-33451,1,66.2348214286,-0.0838541666667
2012-07-11 22:06:54,-33450,1,66.1852678571,-0.0495535714286
2012-07-11 22:06:55,-33449,1,66.2473214286,0.0620535714286
2012-07-11 22:06:56,-33448,1,66.4753720238,0.228050595238
2012-07-11 22:06:57,-33447,1,66.8700892857,0.394717261905
2012-07-11 22:06:58,-33446,1,67.3779017857,0.5078125
2012-07-11 22:06:59,-33445,1,67.9235119048,0.545610119048
2012-07-11 22:07:00,-33444,1,68.4427827381,0.519270833333
2012-07-11 22:07:01,-33443,1,68.8911458333,0.448363095238
2012-07-11 22:07:02,-33442,1,69.2450892857,0.353943452381
2012-07-11 22:07:03,-33441,1,69.5046130952,0.259523809524
2012-07-11 22:07:04,-33440,1,69.6811011905,0.176488095238
2012-07-11 22:07:05,-33439,1,69.7753720238,0.0942708333333
2012-07-11 22:07:06,-33438,1,69.7688988095,-0.00647321428569
2012-07-11 22:07:07,-33437,1,69.6376488095,-0.13125
2012-07-11 22:07:08,-33436,1,69.3773809524,-0.260267857143
2012-07-11 22:07:09,-33435,1,69.0209821429,-0.356398809524
2012-07-11 22:07:10,-33434,1,68.6339285714,-0.387053571428
2012-07-11 22:07:11,-33433,1,68.2882440476,-0.34568452381
2012-07-11 22:07:12,-33432,1,68.032514881,-0.255729166667
2012-07-11 22:07:13,-33431,1,67.8792410714,-0.153273809524
2012-07-11 22:07:14,-33430,1,67.812202381,-0.0670386904762
2012-07-11 22:07:15,-33429,1,67.8038690476,-0.0083333333333
2012-07-11 22:07:16,-33428,1,67.8360119048,0.0321428571428
2012-07-11 22:07:17,-33427,1,67.9086309524,0.0726190476191
2012-07-11 22:07:18,-33426,1,68.0254464286,0.11681547619
2012-07-11 22:07:19,-33425,1,68.1758184524,0.15037202381
2012-07-11 22:07:20,-33424,1,68.3359375,0.160119047619
2012-07-11 22:07:21,-33423,1,68.4822172619,0.146279761905
2012-07-11 22:07:22,-33422,1,68.6005952381,0.11837797619
2012-07-11 22:07:23,-33421,1,68.6855654762,0.0849702380953
2012-07-11 22:07:24,-33420,1,68.7348214286,0.0492559523809
2012-07-11 22:07:25,-33419,1,68.75,0.0151785714286
2012-07-11 22:07:26,-33418,1,68.7392113095,-0.0107886904762
2012-07-11 22:07:27,-33417,1,68.7116071429,-0.0276041666667
2012-07-11 22:07:28,-33416,1,68.6723958333,-0.0392113095238
2012-07-11 22:07:29,-33415,1,68.6273809524,-0.0450148809523
2012-07-11 22:07:30,-33414,1,68.5879464286,-0.0394345238096
2012-07-11 22:07:31,-33413,1,68.5676339286,-0.0203125
2012-07-11 22:07:32,-33412,1,68.5720238095,0.0043898809524
2012-07-11 22:07:33,-33411,1,68.5881696429,0.0161458333333
2012-07-11 22:07:34,-33410,1,68.5842261905,-0.00394345238089
2012-07-11 22:07:35,-33409,1,68.5212797619,-0.0629464285714
2012-07-11 22:07:36,-33408,1,68.3651785714,-0.156101190476
2012-07-11 22:07:37,-33407,1,68.0973958333,-0.267782738095
2012-07-11 22:07:38,-33406,1,67.7319196429,-0.365476190476
2012-07-11 22:07:39,-33405,1,67.3220982143,-0.409821428572
2012-07-11 22:07:40,-33404,1,66.9383184524,-0.383779761905
2012-07-11 22:07:41,-33403,1,66.6296875,-0.308630952381
2012-07-11 22:07:42,-33402,1,66.3961309524,-0.233556547619
2012-07-11 22:07:43,-33401,1,66.1877232143,-0.208407738095
2012-07-11 22:07:44,-33400,1,65.9359375,-0.251785714286
2012-07-11 22:07:45,-33399,1,65.5969494048,-0.338988095238
2012-07-11 22:07:46,-33398,1,65.1769345238,-0.420014880952
2012-07-11 22:07:47,-33397,1,64.7302827381,-0.446651785714
2012-07-11 22:07:48,-33396,1,64.3359375,-0.394345238095
2012-07-11 22:07:49,-33395,1,64.0635416667,-0.272395833333
2012-07-11 22:07:50,-33394,1,63.95,-0.113541666667
2012-07-11 22:07:51,-33393,1,63.9915922619,0.0415922619048
2012-07-11 22:07:52,-33392,1,64.139360119,0.147767857143
2012-07-11 22:07:53,-33391,1,64.3072172619,0.167857142857
2012-07-11 22:07:54,-33390,1,64.4076636905,0.100446428571
2012-07-11 22:07:55,-33389,1,64.3840029762,-0.0236607142857
2012-07-11 22:07:56,-33388,1,64.2070684524,-0.17693452381
2012-07-11 22:07:57,-33387,1,63.8667410714,-0.340327380952
2012-07-11 22:07:58,-33386,1,63.390625,-0.476116071429
2012-07-11 22:07:59,-33385,1,62.8645089286,-0.526116071429
2012-07-11 22:08:00,-33384,1,62.4183779762,-0.446130952381
2012-07-11 22:08:01,-33383,1,62.1729910714,-0.245386904762
2012-07-11 22:08:02,-33382,1,62.1767113095,0.00372023809521
2012-07-11 22:08:03,-33381,1,62.3904017857,0.213690476191
2012-07-11 22:08:04,-33380,1,62.7375744048,0.347172619048
2012-07-11 22:08:05,-33379,1,63.1532738095,0.415699404762
2012-07-11 22:08:06,-33378,1,63.5824404762,0.429166666667
2012-07-11 22:08:07,-33377,1,63.9656994048,0.383258928571
2012-07-11 22:08:08,-33376,1,64.2513392857,0.285639880952
2012-07-11 22:08:09,-33375,1,64.4162946429,0.164955357143
2012-07-11 22:08:10,-33374,1,64.4729166667,0.0566220238096
2012-07-11 22:08:11,-33373,1,64.4588541667,-0.0140625
2012-07-11 22:08:12,-33372,1,64.4123511905,-0.0465029761905
2012-07-11 22:08:13,-33371,1,64.3469494048,-0.0654017857143
2012-07-11 22:08:14,-33370,1,64.2483630952,-0.0985863095238
2012-07-11 22:08:15,-33369,1,64.0945684524,-0.153794642857
2012-07-11 22:08:16,-33368,1,63.88125,-0.213318452381
2012-07-11 22:08:17,-33367,1,63.6267857143,-0.254464285714
2012-07-11 22:08:18,-33366,1,63.3366071429,-0.290178571429
2012-07-11 22:08:19,-33365,1,62.9707589286,-0.365848214286
2012-07-11 22:08:20,-33364,1,62.4817708333,-0.488988095238
2012-07-11 22:08:21,-33363,1,61.8881696429,-0.593601190476
2012-07-11 22:08:22,-33362,1,61.2923363095,-0.595833333333
2012-07-11 22:08:23,-33361,1,60.8209821429,-0.471354166667
2012-07-11 22:08:24,-33360,1,60.5413690476,-0.279613095238
2012-07-11 22:08:25,-33359,1,60.4294642857,-0.111904761905
2012-07-11 22:08:26,-33358,1,60.415922619,-0.0135416666667
2012-07-11 22:08:27,-33357,1,60.4473214286,0.0313988095238
2012-07-11 22:08:28,-33356,1,60.500297619,0.0529761904762
2012-07-11 22:08:29,-33355,1,60.5624255952,0.0621279761905
2012-07-11 22:08:30,-33354,1,60.6209077381,0.0584821428571
2012-07-11 22:08:31,-33353,1,60.6663690476,0.0454613095238
2012-07-11 22:08:32,-33352,1,60.6929315476,0.0265625
2012-07-11 22:08:33,-33351,1,60.687202381,-0.0057291666666
2012-07-11 22:08:34,-33350,1,60.6200892857,-0.0671130952381
2012-07-11 22:08:35,-33349,1,60.4563244048,-0.163764880952
2012-07-11 22:08:36,-33348,1,60.1836309524,-0.272693452381
2012-07-11 22:08:37,-33347,1,59.840922619,-0.342708333333
2012-07-11 22:08:38,-33346,1,59.5116071429,-0.329315476191
2012-07-11 22:08:39,-33345,1,59.2799107143,-0.231696428571
2012-07-11 22:08:40,-33344,1,59.1879464286,-0.0919642857143
2012-07-11 22:08:41,-33343,1,59.2255952381,0.0376488095238
2012-07-11 22:08:42,-33342,1,59.3520089286,0.126413690476
2012-07-11 22:08:43,-33341,1,59.5176339286,0.165625
2012-07-11 22:08:44,-33340,1,59.6642857143,0.146651785714
2012-07-11 22:08:45,-33339,1,59.7281994048,0.0639136904762
2012-07-11 22:08:46,-33338,1,59.6726934524,-0.055505952381
2012-07-11 22:08:47,-33337,1,59.521875,-0.150818452381
2012-07-11 22:08:48,-33336,1,59.3523809524,-0.169494047619
2012-07-11 22:08:49,-33335,1,59.2438244048,-0.108556547619
2012-07-11 22:08:50,-33334,1,59.2301339286,-0.0136904761905
2012-07-11 22:08:51,-33333,1,59.2957589286,0.065625
2012-07-11 22:08:52,-33332,1,59.4078125,0.112053571429
2012-07-11 22:08:53,-33331,1,59.5337053571,0.125892857143
2012-07-11 22:08:54,-33330,1,59.6378720238,0.104166666667
2012-07-11 22:08:55,-33329,1,59.6892113095,0.0513392857143
2012-07-11 22:08:56,-33328,1,59.6760416667,-0.0131696428571
2012-07-11 22:08:57,-33327,1,59.6105654762,-0.0654761904762
2012-07-11 22:08:58,-33326,1,59.5214285714,-0.0891369047619
2012-07-11 22:08:59,-33325,1,59.4360119048,-0.0854166666667
2012-07-11 22:09:00,-33324,1,59.3704613095,-0.0655505952381
2012-07-11 22:09:01,-33323,1,59.3415922619,-0.028869047619
2012-07-11 22:09:02,-33322,1,59.3740327381,0.0324404761904
2012-07-11 22:09:03,-33321,1,59.4829613095,0.108928571429
2012-07-11 22:09:04,-33320,1,59.6543154762,0.171354166667
2012-07-11 22:09:05,-33319,1,59.8436755952,0.189360119048
2012-07-11 22:09:06,-33318,1,59.9959821429,0.152306547619
2012-07-11 22:09:07,-33317,1,60.0782738095,0.0822916666667
2012-07-11 22:09:08,-33316,1,60.1013392857,0.0230654761905
2012-07-11 22:09:09,-33315,1,60.108110119,0.0067708333333
2012-07-11 22:09:10,-33314,1,60.1378720238,0.0297619047619
2012-07-11 22:09:11,-33313,1,60.1976190476,0.0597470238095
2012-07-11 22:09:12,-33312,1,60.2665178571,0.0688988095239
2012-07-11 22:09:13,-33311,1,60.3260416667,0.0595238095238
2012-07-11 22:09:14,-33310,1,60.3767113095,0.0506696428571
2012-07-11 22:09:15,-33309,1,60.425,0.0482886904762
2012-07-11 22:09:16,-33308,1,60.4683779762,0.0433779761905
2012-07-11 22:09:17,-33307,1,60.5031994048,0.0348214285714
2012-07-11 22:09:18,-33306,1,60.5459821429,0.0427827380952
2012-07-11 22:09:19,-33305,1,60.6425595238,0.0965773809524
2012-07-11 22:09:20,-33304,1,60.8517857143,0.209226190476
2012-07-11 22:09:21,-33303,1,61.2144345238,0.362648809524
2012-07-11 22:09:22,-33302,1,61.7306547619,0.516220238095
2012-07-11 22:09:23,-33301,1,62.3610863095,0.630431547619
2012-07-11 22:09:24,-33300,1,63.0462797619,0.685193452381
2012-07-11 22:09:25,-33299,1,63.728422619,0.682142857143
2012-07-11 22:09:26,-33298,1,64.3669642857,0.638541666667
2012-07-11 22:09:27,-33297,1,64.9459821429,0.579017857143
2012-07-11 22:09:28,-33296,1,65.4722470238,0.526264880952
2012-07-11 22:09:29,-33295,1,65.9677083333,0.495461309524
2012-07-11 22:09:30,-33294,1,66.4584077381,0.490699404762
2012-07-11 22:09:31,-33293,1,66.9581845238,0.499776785714
2012-07-11 22:09:32,-33292,1,67.4537202381,0.495535714286
2012-07-11 22:09:33,-33291,1,67.9048363095,0.451116071429
2012-07-11 22:09:34,-33290,1,68.2655505952,0.360714285714
2012-07-11 22:09:35,-33289,1,68.5101934524,0.244642857143
2012-07-11 22:09:36,-33288,1,68.6394345238,0.129241071429
2012-07-11 22:09:37,-33287,1,68.6641369048,0.0247023809524
2012-07-11 22:09:38,-33286,1,68.5886160714,-0.0755208333333
2012-07-11 22:09:39,-33285,1,68.406547619,-0.182068452381
2012-07-11 22:09:40,-33284,1,68.1098958333,-0.296651785714
2012-07-11 22:09:41,-33283,1,67.7108630952,-0.399032738095
2012-07-11 22:09:42,-33282,1,67.2646577381,-0.446205357143
2012-07-11 22:09:43,-33281,1,66.8664434524,-0.398214285714
2012-07-11 22:09:44,-33280,1,66.6125,-0.253943452381
2012-07-11 22:09:45,-33279,1,66.5480654762,-0.0644345238095
2012-07-11 22:09:46,-33278,1,66.6389880952,0.0909226190476
2012-07-11 22:09:47,-33277,1,66.7904761905,0.151488095238
2012-07-11 22:09:48,-33276,1,66.8975446429,0.107068452381
2012-07-11 22:09:49,-33275,1,66.8864583333,-0.0110863095238
2012-07-11 22:09:50,-33274,1,66.7285714286,-0.157886904762
2012-07-11 22:09:51,-33273,1,66.4369791667,-0.291592261905
2012-07-11 22:09:52,-33272,1,66.0500744048,-0.386904761905
2012-07-11 22:09:53,-33271,1,65.6020089286,-0.448065476191
2012-07-11 22:09:54,-33270,1,65.1002232143,-0.501785714286
2012-07-11 22:09:55,-33269,1,64.5298363095,-0.570386904762
2012-07-11 22:09:56,-33268,1,63.8813988095,-0.6484375
2012-07-11 22:09:57,-33267,1,63.1804315476,-0.700967261905
2012-07-11 22:09:58,-33266,1,62.4873511905,-0.693080357143
2012-07-11 22:09:59,-33265,1,61.8619791667,-0.625372023809
2012-07-11 22:10:00,-33264,1,61.3273065476,-0.534672619048
2012-07-11 22:10:01,-33263,1,60.8589285714,-0.46837797619
2012-07-11 22:10:02,-33262,1,60.401264881,-0.457663690476
2012-07-11 22:10:03,-33261,1,59.9020089286,-0.499255952381
2012-07-11 22:10:04,-33260,1,59.3417410714,-0.560267857143
2012-07-11 22:10:05,-33259,1,58.7381696429,-0.603571428571
2012-07-11 22:10:06,-33258,1,58.128125,-0.610044642857
2012-07-11 22:10:07,-33257,1,57.5468005952,-0.581324404762
2012-07-11 22:10:08,-33256,1,57.0241071429,-0.522693452381
2012-07-11 22:10:09,-33255,1,56.5938988095,-0.430208333333
2012-07-11 22:10:10,-33254,1,56.2930059524,-0.300892857143
2012-07-11 22:10:11,-33253,1,56.1465029762,-0.146502976191
2012-07-11 22:10:12,-33252,1,56.1551339286,0.0086309523809
2012-07-11 22:10:13,-33251,1,56.2958333333,0.140699404762
2012-07-11 22:10:14,-33250,1,56.5353422619,0.239508928572
2012-07-11 22:10:15,-33249,1,56.8459077381,0.31056547619
2012-07-11 22:10:16,-33248,1,57.2119791667,0.366071428572
2012-07-11 22:10:17,-33247,1,57.6284970238,0.416517857143
2012-07-11 22:10:18,-33246,1,58.0930803571,0.464583333333
2012-07-11 22:10:19,-33245,1,58.5926339286,0.499553571428
2012-07-11 22:10:20,-33244,1,59.0943452381,0.501711309524
2012-07-11 22:10:21,-33243,1,59.5540922619,0.45974702381
2012-07-11 22:10:22,-33242,1,59.9397321429,0.385639880952
2012-07-11 22:10:23,-33241,1,60.249702381,0.309970238095
2012-07-11 22:10:24,-33240,1,60.5084821429,0.258779761905
2012-07-11 22:10:25,-33239,1,60.7427083333,0.234226190476
2012-07-11 22:10:26,-33238,1,60.9589285714,0.216220238095
2012-07-11 22:10:27,-33237,1,61.1344494048,0.175520833333
2012-07-11 22:10:28,-33236,1,61.2276041667,0.0931547619048
2012-07-11 22:10:29,-33235,1,61.2138392857,-0.0137648809524
2012-07-11 22:10:30,-33234,1,61.1191220238,-0.0947172619048
2012-07-11 22:10:31,-33233,1,61.0093005952,-0.109821428571
2012-07-11 22:10:32,-33232,1,60.9451636905,-0.0641369047619
2012-07-11 22:10:33,-33231,1,60.9400297619,-0.0051339285714
2012-07-11 22:10:34,-33230,1,60.9455357143,0.00550595238089
2012-07-11 22:10:35,-33229,1,60.8864583333,-0.0590773809524
2012-07-11 22:10:36,-33228,1,60.7259672619,-0.160491071429
2012-07-11 22:10:37,-33227,1,60.499702381,-0.226264880952
2012-07-11 22:10:38,-33226,1,60.2916666667,-0.208035714286
2012-07-11 22:10:39,-33225,1,60.1808035714,-0.110863095238
2012-07-11 22:10:40,-33224,1,60.1970238095,0.0162202380952
2012-07-11 22:10:41,-33223,1,60.3113095238,0.114285714286
2012-07-11 22:10:42,-33222,1,60.4652529762,0.153943452381
2012-07-11 22:10:43,-33221,1,60.61875,0.153497023809
2012-07-11 22:10:44,-33220,1,60.7757440476,0.156994047619
2012-07-11 22:10:45,-33219,1,60.9722470238,0.196502976191
2012-07-11 22:10:46,-33218,1,61.2514136905,0.279166666667
2012-07-11 22:10:47,-33217,1,61.6445684524,0.393154761905
2012-07-11 22:10:48,-33216,1,62.1585565476,0.513988095238
2012-07-11 22:10:49,-33215,1,62.7716517857,0.613095238095
2012-07-11 22:10:50,-33214,1,63.4353422619,0.663690476191
2012-07-11 22:10:51,-33213,1,64.0817708333,0.646428571428
2012-07-11 22:10:52,-33212,1,64.6418154762,0.560044642857
2012-07-11 22:10:53,-33211,1,65.0646577381,0.422842261905
2012-07-11 22:10:54,-33210,1,65.3282738095,0.263616071429
2012-07-11 22:10:55,-33209,1,65.4395833333,0.11130952381
2012-07-11 22:10:56,-33208,1,65.4235863095,-0.0159970238095
2012-07-11 22:10:57,-33207,1,65.310639881,-0.112946428571
2012-07-11 22:10:58,-33206,1,65.1326636905,-0.177976190476
2012-07-11 22:10:59,-33205,1,64.9194196429,-0.213244047619
2012-07-11 22:11:00,-33204,1,64.6832589286,-0.236160714286
2012-07-11 22:11:01,-33203,1,64.4080357143,-0.275223214286
2012-07-11 22:11:02,-33202,1,64.0712797619,-0.336755952381
2012-07-11 22:11:03,-33201,1,63.6848214286,-0.386458333333
2012-07-11 22:11:04,-33200,1,63.3013392857,-0.383482142857
2012-07-11 22:11:05,-33199,1,62.9786458333,-0.322693452381
2012-07-11 22:11:06,-33198,1,62.7392857143,-0.239360119048
2012-07-11 22:11:07,-33197,1,62.5580357143,-0.18125
2012-07-11 22:11:08,-33196,1,62.393452381,-0.164583333333
2012-07-11 22:11:09,-33195,1,62.230952381,-0.1625
2012-07-11 22:11:10,-33194,1,62.0813988095,-0.149553571429
2012-07-11 22:11:11,-33193,1,61.9466517857,-0.134747023809
2012-07-11 22:11:12,-33192,1,61.8008184524,-0.145833333333
2012-07-11 22:11:13,-33191,1,61.5947916667,-0.206026785714
2012-07-11 22:11:14,-33190,1,61.2723958333,-0.322395833333
2012-07-11 22:11:15,-33189,1,60.7965029762,-0.475892857143
2012-07-11 22:11:16,-33188,1,60.1735119048,-0.622991071429
2012-07-11 22:11:17,-33187,1,59.4540178571,-0.719494047619
2012-07-11 22:11:18,-33186,1,58.7043154762,-0.749702380952
2012-07-11 22:11:19,-33185,1,57.9656994048,-0.738616071429
2012-07-11 22:11:20,-33184,1,57.2303571429,-0.735342261905
2012-07-11 22:11:21,-33183,1,56.4566220238,-0.773735119048
2012-07-11 22:11:22,-33182,1,55.6069940476,-0.849627976191
2012-07-11 22:11:23,-33181,1,54.6691220238,-0.937872023809
2012-07-11 22:11:24,-33180,1,53.6510416667,-1.01808035714
2012-07-11 22:11:25,-33179,1,52.5696428571,-1.08139880952
2012-07-11 22:11:26,-33178,1,51.446875,-1.12276785714
2012-07-11 22:11:27,-33177,1,50.314360119,-1.13251488095
2012-07-11 22:11:28,-33176,1,49.2181547619,-1.09620535714
2012-07-11 22:11:29,-33175,1,48.2115327381,-1.00662202381
2012-07-11 22:11:30,-33174,1,47.3123511905,-0.899181547619
2012-07-11 22:11:31,-33173,1,46.4307291667,-0.881622023809
2012-07-11 22:11:32,-33172,1,45.3505208333,-1.08020833333
2012-07-11 22:11:33,-33171,1,43.8223214286,-1.52819940476
2012-07-11 22:11:34,-33170,1,41.6910714286,-2.13125
2012-07-11 22:11:35,-33169,1,38.9482886905,-2.7427827381
2012-07-11 22:11:36,-33168,1,35.6838541667,-3.26443452381
2012-07-11 22:11:37,-33167,1,31.9907738095,-3.69308035714
2012-07-11 22:11:38,-33166,1,27.927827381,-4.06294642857
2012-07-11 22:11:39,-33165,1,23.5864583333,-4.34136904762
2012-07-11 22:11:40,-33164,1,19.154985119,-4.43147321429
2012-07-11 22:11:41,-33163,1,14.8879464286,-4.26703869048
2012-07-11 22:11:42,-33162,1,11.0344494048,-3.85349702381
2012-07-11 22:11:43,-33161,1,7.79866071429,-3.23578869048
2012-07-11 22:11:44,-33160,1,5.36875,-2.42991071429
2012-07-11 22:11:45,-33159,1,3.98883928571,-1.37991071429
2012-07-11 22:11:46,-33158,1,3.92998511905,-0.0588541666667
2012-07-11 22:11:47,-33157,1,5.31078869048,1.38080357143
2012-07-11 22:11:48,-33156,1,7.94360119048,2.6328125
2012-07-11 22:11:49,-33155,1,11.3546130952,3.41101190476
2012-07-11 22:11:50,-33154,1,14.96875,3.61413690476
2012-07-11 22:11:51,-33153,1,18.3427827381,3.3740327381
2012-07-11 22:11:52,-33152,1,21.2681547619,2.92537202381
2012-07-11 22:11:53,-33151,1,23.7063988095,2.43824404762
2012-07-11 22:11:54,-33150,1,25.7111607143,2.00476190476
2012-07-11 22:11:55,-33149,1,27.4134672619,1.70230654762
2012-07-11 22:11:56,-33148,1,28.996875,1.5834077381
2012-07-11 22:11:57,-33147,1,30.6035714286,1.60669642857
2012-07-11 22:11:58,-33146,1,32.1870535714,1.58348214286
2012-07-11 22:11:59,-33145,1,33.4135416667,1.22648809524
2012-07-11 22:12:00,-33144,1,33.7668154762,0.353273809524
2012-07-11 22:12:01,-33143,1,32.8505208333,-0.916294642857
2012-07-11 22:12:02,-33142,1,30.6400297619,-2.21049107143
2012-07-11 22:12:03,-33141,1,27.4633928571,-3.17663690476
2012-07-11 22:12:04,-33140,1,23.74375,-3.71964285714
2012-07-11 22:12:05,-33139,1,19.7415922619,-4.0021577381
2012-07-11 22:12:06,-33138,1,15.5331845238,-4.2084077381
2012-07-11 22:12:07,-33137,1,11.2116071429,-4.32157738095
2012-07-11 22:12:08,-33136,1,7.08147321429,-4.13013392857
2012-07-11 22:12:09,-33135,1,3.70394345238,-3.3775297619
2012-07-11 22:12:10,-33134,1,0.0,-3.70394345238
2012-07-11 22:13:00,-33084,50,0.0,0.0
2012-07-11 22:13:01,-33083,1,3.68355654762,3.68355654762
2012-07-11 22:13:02,-33082,1,6.86875,3.18519345238
2012-07-11 22:13:03,-33081,1,10.5376488095,3.66889880952
2012-07-11 22:13:04,-33080,1,14.0797619048,3.54211309524
2012-07-11 22:13:05,-33079,1,17.1923363095,3.11257440476
2012-07-11 22:13:06,-33078,1,19.8021577381,2.60982142857
2012-07-11 22:13:07,-33077,1,21.9448660714,2.14270833333
2012-07-11 22:13:08,-33076,1,23.6969494048,1.75208333333
2012-07-11 22:13:09,-33075,1,25.1463541667,1.4494047619
2012-07-11 22:13:10,-33074,1,26.3601190476,1.21376488095
2012-07-11 22:13:11,-33073,1,27.3608630952,1.00074404762
2012-07-11 22:13:12,-33072,1,28.1421130952,0.78125
2012-07-11 22:13:13,-33071,1,28.7185267857,0.576413690476
2012-07-11 22:13:14,-33070,1,29.1574404762,0.438913690476
2012-07-11 22:13:15,-33069,1,29.5427083333,0.385267857143
2012-07-11 22:13:16,-33068,1,29.902827381,0.360119047619
2012-07-11 22:13:17,-33067,1,30.1803571429,0.277529761905
2012-07-11 22:13:18,-33066,1,30.2678571429,0.0875
2012-07-11 22:13:19,-33065,1,30.0736607143,-0.194196428571
2012-07-11 22:13:20,-33064,1,29.5723214286,-0.501339285714
2012-07-11 22:13:21,-33063,1,28.812202381,-0.760119047619
2012-07-11 22:13:22,-33062,1,27.8845982143,-0.927604166667
2012-07-11 22:13:23,-33061,1,26.8936011905,-0.990997023809
2012-07-11 22:13:24,-33060,1,25.9432291667,-0.950372023809
2012-07-11 22:13:25,-33059,1,25.1133184524,-0.829910714286
2012-07-11 22:13:26,-33058,1,24.4171130952,-0.696205357143
2012-07-11 22:13:27,-33057,1,23.7662202381,-0.650892857143
2012-07-11 22:13:28,-33056,1,22.9741071429,-0.792113095238
2012-07-11 22:13:29,-33055,1,21.8390625,-1.13504464286
2012-07-11 22:13:30,-33054,1,20.2881696429,-1.55089285714
2012-07-11 22:13:31,-33053,1,18.460639881,-1.8275297619
2012-07-11 22:13:32,-33052,1,16.6482142857,-1.81242559524
2012-07-11 22:13:33,-33051,1,15.1631696429,-1.48504464286
2012-07-11 22:13:34,-33050,1,14.2431547619,-0.920014880952
2012-07-11 22:13:35,-33049,1,14.0151785714,-0.227976190476
2012-07-11 22:13:36,-33048,1,14.4957589286,0.480580357143
2012-07-11 22:13:37,-33047,1,15.6005952381,1.10483630952
2012-07-11 22:13:38,-33046,1,17.1504464286,1.54985119048
2012-07-11 22:13:39,-33045,1,18.9204613095,1.77001488095
2012-07-11 22:13:40,-33044,1,20.7306547619,1.81019345238
2012-07-11 22:13:41,-33043,1,22.4613839286,1.73072916667
2012-07-11 22:13:42,-33042,1,23.987797619,1.52641369048
2012-07-11 22:13:43,-33041,1,25.1654017857,1.17760416667
2012-07-11 22:13:44,-33040,1,25.8952380952,0.729836309524
2012-07-11 22:13:45,-33039,1,26.1864583333,0.291220238095
2012-07-11 22:13:46,-33038,1,26.1508928571,-0.0355654761904
2012-07-11 22:13:47,-33037,1,25.9248511905,-0.226041666667
2012-07-11 22:13:48,-33036,1,25.5958333333,-0.329017857143
2012-07-11 22:13:49,-33035,1,25.1979910714,-0.397842261905
2012-07-11 22:13:50,-33034,1,24.7375744048,-0.460416666667
2012-07-11 22:13:51,-33033,1,24.2058035714,-0.531770833333
2012-07-11 22:13:52,-33032,1,23.5813244048,-0.624479166667
2012-07-11 22:13:53,-33031,1,22.8209821429,-0.760342261905
2012-07-11 22:13:54,-33030,1,21.8535714286,-0.967410714286
2012-07-11 22:13:55,-33029,1,20.5944940476,-1.25907738095
2012-07-11 22:13:56,-33028,1,18.9720238095,-1.6224702381
2012-07-11 22:13:57,-33027,1,16.9658482143,-2.00617559524
2012-07-11 22:13:58,-33026,1,14.6494791667,-2.31636904762
2012-07-11 22:13:59,-33025,1,12.1984375,-2.45104166667
2012-07-11 22:14:00,-33024,1,9.84694940476,-2.35148809524
2012-07-11 22:14:01,-33023,1,7.80209821429,-2.04485119048
2012-07-11 22:14:02,-33022,1,6.1588764881,-1.64322172619
2012-07-11 22:14:03,-33021,1,4.89040178571,-1.26847470238
2012-07-11 22:14:04,-33020,1,3.91993303571,-0.97046875
2012-07-11 22:14:05,-33019,1,3.19761904762,-0.722313988095
2012-07-11 22:14:06,-33018,1,2.71558035714,-0.482038690476
2012-07-11 22:14:07,-33017,1,2.46016369048,-0.255416666667
2012-07-11 22:14:08,-33016,1,2.36927827381,-0.0908854166667
2012-07-11 22:14:09,-33015,1,2.35474702381,-0.01453125
2012-07-11 22:14:10,-33014,1,2.35466517857,-8.184523809e-05
2012-07-11 22:14:11,-33013,1,2.35267857143,-0.00198660714286
2012-07-11 22:14:12,-33012,1,2.35872767857,0.00604910714286
2012-07-11 22:14:13,-33011,1,2.35514880952,-0.00357886904762
2012-07-11 22:14:14,-33010,1,2.23266369048,-0.122485119048
2012-07-11 22:14:15,-33009,1,1.84160714286,-0.391056547619
2012-07-11 22:14:16,-33008,1,1.23060267857,-0.611004464286
2012-07-11 22:14:17,-33007,1,0.0,-1.23060267857
