timestamp,cycle_sec,timestep,speed_mph,accel_meters_ps
2012-05-19 19:01:04,0,74162,0.0,0.0
2012-05-19 19:01:05,1,1,4.63764880952,4.63764880952
2012-05-19 19:01:06,2,1,8.47008928571,3.83244047619
2012-05-19 19:01:07,3,1,12.6926339286,4.22254464286
2012-05-19 19:01:08,4,1,16.6174107143,3.92477678571
2012-05-19 19:01:09,5,1,19.9125744048,3.29516369048
2012-05-19 19:01:10,6,1,22.476860119,2.56428571429
2012-05-19 19:01:11,7,1,24.3194196429,1.84255952381
2012-05-19 19:01:12,8,1,25.4953869048,1.1759672619
2012-05-19 19:01:13,9,1,26.0929315476,0.597544642857
2012-05-19 19:01:14,10,1,26.2326636905,0.139732142857
2012-05-19 19:01:15,11,1,26.0482142857,-0.184449404762
2012-05-19 19:01:16,12,1,25.6723214286,-0.375892857143
2012-05-19 19:01:17,13,1,25.1921875,-0.480133928571
2012-05-19 19:01:18,14,1,24.5572172619,-0.634970238095
2012-05-19 19:01:19,15,1,23.6110863095,-0.946130952381
2012-05-19 19:01:20,16,1,22.3066220238,-1.30446428571
2012-05-19 19:01:21,17,1,20.8170386905,-1.48958333333
2012-05-19 19:01:22,18,1,19.3696428571,-1.44739583333
2012-05-19 19:01:23,19,1,18.0195684524,-1.35007440476
2012-05-19 19:01:24,20,1,16.6119047619,-1.40766369048
2012-05-19 19:01:25,21,1,14.9692708333,-1.64263392857
2012-05-19 19:01:26,22,1,13.1360863095,-1.83318452381
2012-05-19 19:01:27,23,1,11.3901041667,-1.74598214286
2012-05-19 19:01:28,24,1,9.96880952381,-1.42129464286
2012-05-19 19:01:29,25,1,8.84279761905,-1.12601190476
2012-05-19 19:01:30,26,1,7.79680059524,-1.04599702381
2012-05-19 19:01:31,27,1,6.67489583333,-1.1219047619
2012-05-19 19:01:32,28,1,5.51599702381,-1.15889880952
2012-05-19 19:01:33,29,1,4.50110119048,-1.01489583333
2012-05-19 19:01:34,30,1,3.79413690476,-0.706964285714
2012-05-19 19:01:35,31,1,3.41319940476,-0.3809375
2012-05-19 19:01:36,32,1,3.25480654762,-0.158392857143
2012-05-19 19:01:37,33,1,3.2209672619,-0.0338392857143
2012-05-19 19:01:38,34,1,3.27099702381,0.0500297619048
2012-05-19 19:01:39,35,1,3.35885416667,0.0878571428571
2012-05-19 19:01:40,36,1,3.36260416667,0.00375
2012-05-19 19:01:41,37,1,3.09308035714,-0.269523809524
2012-05-19 19:01:42,38,1,2.42811011905,-0.664970238095
2012-05-19 19:01:43,39,1,1.51857886905,-0.90953125
2012-05-19 19:01:44,40,1,0.0,-1.51857886905
2012-05-19 19:03:52,168,128,0.0,0.0
2012-05-19 19:03:53,169,1,1.17420014881,1.17420014881
2012-05-19 19:03:54,170,1,1.75539434524,0.581194196429
2012-05-19 19:03:55,171,1,2.12263764881,0.367243303571
2012-05-19 19:03:56,172,1,2.29713541667,0.174497767857
2012-05-19 19:03:57,173,1,2.5359375,0.238802083333
2012-05-19 19:03:58,174,1,3.05889136905,0.522953869048
2012-05-19 19:03:59,175,1,3.86203497024,0.80314360119
2012-05-19 19:04:00,176,1,4.68277529762,0.820740327381
2012-05-19 19:04:01,177,1,5.11702008929,0.434244791667
2012-05-19 19:04:02,178,1,4.89363839286,-0.223381696429
2012-05-19 19:04:03,179,1,4.12293526786,-0.770703125
2012-05-19 19:04:04,180,1,3.22161458333,-0.901320684524
2012-05-19 19:04:05,181,1,2.57819940476,-0.643415178571
2012-05-19 19:04:06,182,1,2.35386904762,-0.224330357143
2012-05-19 19:04:07,183,1,2.59598214286,0.242113095238
2012-05-19 19:04:08,184,1,3.41688988095,0.820907738095
2012-05-19 19:04:09,185,1,4.95885416667,1.54196428571
2012-05-19 19:04:10,186,1,7.22611607143,2.26726190476
2012-05-19 19:04:11,187,1,10.0119791667,2.78586309524
2012-05-19 19:04:12,188,1,12.970014881,2.95803571429
2012-05-19 19:04:13,189,1,15.7563988095,2.78638392857
2012-05-19 19:04:14,190,1,18.1350446429,2.37864583333
2012-05-19 19:04:15,191,1,20.0040922619,1.86904761905
2012-05-19 19:04:16,192,1,21.4055803571,1.40148809524
2012-05-19 19:04:17,193,1,22.4835565476,1.07797619048
2012-05-19 19:04:18,194,1,23.3550595238,0.871502976191
2012-05-19 19:04:19,195,1,24.0510416667,0.695982142857
2012-05-19 19:04:20,196,1,24.5859375,0.534895833333
2012-05-19 19:04:21,197,1,25.0026785714,0.416741071429
2012-05-19 19:04:22,198,1,25.3366815476,0.334002976191
2012-05-19 19:04:23,199,1,25.5758928571,0.239211309524
2012-05-19 19:04:24,200,1,25.6794642857,0.103571428571
2012-05-19 19:04:25,201,1,25.629389881,-0.0500744047619
2012-05-19 19:04:26,202,1,25.3799107143,-0.249479166667
2012-05-19 19:04:27,203,1,24.721577381,-0.658333333333
2012-05-19 19:04:28,204,1,23.3302827381,-1.39129464286
2012-05-19 19:04:29,205,1,21.0777529762,-2.2525297619
2012-05-19 19:04:30,206,1,18.3220238095,-2.75572916667
2012-05-19 19:04:31,207,1,15.895610119,-2.42641369048
2012-05-19 19:04:32,208,1,14.7353422619,-1.16026785714
2012-05-19 19:04:33,209,1,15.3796875,0.644345238095
2012-05-19 19:04:34,210,1,17.7068452381,2.3271577381
2012-05-19 19:04:35,211,1,21.0514880952,3.34464285714
2012-05-19 19:04:36,212,1,24.540625,3.48913690476
2012-05-19 19:04:37,213,1,27.4575892857,2.91696428571
2012-05-19 19:04:38,214,1,29.4671875,2.00959821429
2012-05-19 19:04:39,215,1,30.6005208333,1.13333333333
2012-05-19 19:04:40,216,1,31.0907738095,0.490252976191
2012-05-19 19:04:41,217,1,31.210639881,0.119866071429
2012-05-19 19:04:42,218,1,31.1678571429,-0.0427827380953
2012-05-19 19:04:43,219,1,31.0805059524,-0.0873511904761
2012-05-19 19:04:44,220,1,31.0127232143,-0.0677827380953
2012-05-19 19:04:45,221,1,30.9895833333,-0.0231398809524
2012-05-19 19:04:46,222,1,30.9795386905,-0.0100446428571
2012-05-19 19:04:47,223,1,30.9177083333,-0.0618303571429
2012-05-19 19:04:48,224,1,30.7761160714,-0.141592261905
2012-05-19 19:04:49,225,1,30.6110119048,-0.165104166667
2012-05-19 19:04:50,226,1,30.545610119,-0.0654017857143
2012-05-19 19:04:51,227,1,30.6972470238,0.151636904762
2012-05-19 19:04:52,228,1,31.0988095238,0.4015625
2012-05-19 19:04:53,229,1,31.6751488095,0.576339285714
2012-05-19 19:04:54,230,1,32.2792410714,0.604092261905
2012-05-19 19:04:55,231,1,32.7502232143,0.470982142857
2012-05-19 19:04:56,232,1,32.9759672619,0.225744047619
2012-05-19 19:04:57,233,1,32.9419642857,-0.0340029761905
2012-05-19 19:04:58,234,1,32.7311011905,-0.210863095238
2012-05-19 19:04:59,235,1,32.4776785714,-0.253422619048
2012-05-19 19:05:00,236,1,32.3110119048,-0.166666666667
2012-05-19 19:05:01,237,1,32.3151041667,0.0040922619048
2012-05-19 19:05:02,238,1,32.5257440476,0.210639880952
2012-05-19 19:05:03,239,1,32.948139881,0.422395833333
2012-05-19 19:05:04,240,1,33.551860119,0.603720238095
2012-05-19 19:05:05,241,1,34.2599702381,0.708110119048
2012-05-19 19:05:06,242,1,34.9695684524,0.709598214286
2012-05-19 19:05:07,243,1,35.5837053571,0.614136904762
2012-05-19 19:05:08,244,1,36.0364583333,0.45275297619
2012-05-19 19:05:09,245,1,36.3148065476,0.278348214286
2012-05-19 19:05:10,246,1,36.4520089286,0.137202380952
2012-05-19 19:05:11,247,1,36.4944196429,0.0424107142857
2012-05-19 19:05:12,248,1,36.4779017857,-0.0165178571428
2012-05-19 19:05:13,249,1,36.4042410714,-0.0736607142857
2012-05-19 19:05:14,250,1,36.2325892857,-0.171651785714
2012-05-19 19:05:15,251,1,35.9308035714,-0.301785714286
2012-05-19 19:05:16,252,1,35.5383928571,-0.392410714286
2012-05-19 19:05:17,253,1,35.173139881,-0.365252976191
2012-05-19 19:05:18,254,1,34.9785714286,-0.194568452381
2012-05-19 19:05:19,255,1,35.0351190476,0.0565476190476
2012-05-19 19:05:20,256,1,35.3000744048,0.264955357143
2012-05-19 19:05:21,257,1,35.6378720238,0.337797619048
2012-05-19 19:05:22,258,1,35.909375,0.27150297619
2012-05-19 19:05:23,259,1,36.0445684524,0.135193452381
2012-05-19 19:05:24,260,1,36.0651041667,0.0205357142858
2012-05-19 19:05:25,261,1,36.0646577381,-0.0004464285715
2012-05-19 19:05:26,262,1,36.153422619,0.0887648809524
2012-05-19 19:05:27,263,1,36.3857142857,0.232291666667
2012-05-19 19:05:28,264,1,36.719047619,0.333333333333
2012-05-19 19:05:29,265,1,37.0318452381,0.312797619048
2012-05-19 19:05:30,266,1,37.1901785714,0.158333333333
2012-05-19 19:05:31,267,1,37.1241071429,-0.0660714285715
2012-05-19 19:05:32,268,1,36.8499255952,-0.274181547619
2012-05-19 19:05:33,269,1,36.4296130952,-0.4203125
2012-05-19 19:05:34,270,1,35.9354166667,-0.494196428571
2012-05-19 19:05:35,271,1,35.4488095238,-0.486607142857
2012-05-19 19:05:36,272,1,35.0549107143,-0.393898809524
2012-05-19 19:05:37,273,1,34.822172619,-0.232738095238
2012-05-19 19:05:38,274,1,34.7925595238,-0.0296130952381
2012-05-19 19:05:39,275,1,34.9790178571,0.186458333333
2012-05-19 19:05:40,276,1,35.3510416667,0.372023809524
2012-05-19 19:05:41,277,1,35.8197172619,0.468675595238
2012-05-19 19:05:42,278,1,36.2651785714,0.445461309524
2012-05-19 19:05:43,279,1,36.6186011905,0.353422619048
2012-05-19 19:05:44,280,1,36.91875,0.300148809524
2012-05-19 19:05:45,281,1,37.2523809524,0.333630952381
2012-05-19 19:05:46,282,1,37.6251488095,0.372767857143
2012-05-19 19:05:47,283,1,37.9092261905,0.284077380952
2012-05-19 19:05:48,284,1,37.9348958333,0.0256696428571
2012-05-19 19:05:49,285,1,37.6383184524,-0.296577380952
2012-05-19 19:05:50,286,1,37.1191964286,-0.51912202381
2012-05-19 19:05:51,287,1,36.5694940476,-0.549702380952
2012-05-19 19:05:52,288,1,36.1619791667,-0.407514880952
2012-05-19 19:05:53,289,1,35.9844494048,-0.177529761905
2012-05-19 19:05:54,290,1,36.0576636905,0.0732142857143
2012-05-19 19:05:55,291,1,36.402827381,0.345163690476
2012-05-19 19:05:56,292,1,37.0398065476,0.636979166667
2012-05-19 19:05:57,293,1,37.9046875,0.864880952381
2012-05-19 19:05:58,294,1,38.8171130952,0.912425595238
2012-05-19 19:05:59,295,1,39.534077381,0.716964285714
2012-05-19 19:06:00,296,1,39.8447916667,0.310714285714
2012-05-19 19:06:01,297,1,39.6633928571,-0.181398809524
2012-05-19 19:06:02,298,1,39.0277529762,-0.635639880952
2012-05-19 19:06:03,299,1,38.0113839286,-1.01636904762
2012-05-19 19:06:04,300,1,36.6767857143,-1.33459821429
2012-05-19 19:06:05,301,1,35.0446428571,-1.63214285714
2012-05-19 19:06:06,302,1,32.9712053571,-2.0734375
2012-05-19 19:06:07,303,1,30.1198660714,-2.85133928571
2012-05-19 19:06:08,304,1,26.301264881,-3.81860119048
2012-05-19 19:06:09,305,1,21.9046130952,-4.39665178571
2012-05-19 19:06:10,306,1,17.8697172619,-4.03489583333
2012-05-19 19:06:11,307,1,15.1657738095,-2.70394345238
2012-05-19 19:06:12,308,1,14.1764880952,-0.989285714286
2012-05-19 19:06:13,309,1,14.4830357143,0.306547619048
2012-05-19 19:06:14,310,1,15.2473958333,0.764360119048
2012-05-19 19:06:15,311,1,15.7090029762,0.461607142857
2012-05-19 19:06:16,312,1,15.3263392857,-0.382663690476
2012-05-19 19:06:17,313,1,13.7798363095,-1.54650297619
2012-05-19 19:06:18,314,1,11.1488839286,-2.63095238095
2012-05-19 19:06:19,315,1,8.12633928571,-3.02254464286
2012-05-19 19:06:20,316,1,5.81666666667,-2.30967261905
2012-05-19 19:06:21,317,1,5.0212797619,-0.795386904762
2012-05-19 19:06:22,318,1,5.66555059524,0.644270833333
2012-05-19 19:06:23,319,1,6.92730654762,1.26175595238
2012-05-19 19:06:24,320,1,7.87834821429,0.951041666667
2012-05-19 19:06:25,321,1,8.09895833333,0.220610119048
2012-05-19 19:06:26,322,1,7.76369047619,-0.335267857143
2012-05-19 19:06:27,323,1,7.18556547619,-0.578125
2012-05-19 19:06:28,324,1,6.4281037415,-0.757461734694
2012-05-19 19:06:29,325,1,5.34823554422,-1.07986819728
2012-05-19 19:06:30,326,1,3.8687287415,-1.47950680272
2012-05-19 19:06:31,327,1,2.28922193878,-1.57950680272
2012-05-19 19:06:32,328,1,0.0,-2.28922193878
