timestamp,cycle_sec,timestep,speed_mph,accel_meters_ps
2012-07-11 19:38:02,0,1,0.0,0.0
2012-07-11 19:38:03,1,1,0.0,0.0
2012-07-11 19:38:04,2,1,0.0,0.0
2012-07-11 19:38:05,3,1,0.0,0.0
2012-07-11 19:38:06,4,1,0.0,0.0
2012-07-11 19:38:07,5,1,0.0,0.0
2012-07-11 19:38:08,6,1,2.34789186508,2.34789186508
2012-07-11 19:38:09,7,1,3.80074404762,1.45285218254
2012-07-11 19:38:10,8,1,4.77380952381,0.97306547619
2012-07-11 19:38:11,9,1,4.92931547619,0.155505952381
2012-07-11 19:38:12,10,1,4.39360119048,-0.535714285714
2012-07-11 19:38:13,11,1,3.6800843254,-0.713516865079
2012-07-11 19:38:14,12,1,3.45190972222,-0.228174603175
2012-07-11 19:38:15,13,1,4.18660714286,0.734697420635
2012-07-11 19:38:16,14,1,5.96428571429,1.77767857143
2012-07-11 19:38:17,15,1,8.48608630952,2.52180059524
2012-07-11 19:38:18,16,1,11.2592261905,2.77313988095
2012-07-11 19:38:19,17,1,13.8644593254,2.60523313492
2012-07-11 19:38:20,18,1,16.1050347222,2.24057539683
2012-07-11 19:38:21,19,1,17.9348214286,1.82978670635
2012-07-11 19:38:22,20,1,19.3438988095,1.40907738095
2012-07-11 19:38:23,21,1,20.3256696429,0.981770833333
2012-07-11 19:38:24,22,1,20.9052083333,0.579538690476
2012-07-11 19:38:25,23,1,21.1480654762,0.242857142857
2012-07-11 19:38:26,24,1,21.0264136905,-0.121651785714
2012-07-11 19:38:27,25,1,20.265625,-0.760788690476
2012-07-11 19:38:28,26,1,18.4818452381,-1.7837797619
2012-07-11 19:38:29,27,1,15.5743303571,-2.90751488095
2012-07-11 19:38:30,28,1,11.9701636905,-3.60416666667
2012-07-11 19:38:31,29,1,8.49211309524,-3.47805059524
2012-07-11 19:38:32,30,1,5.99293154762,-2.49918154762
2012-07-11 19:38:33,31,1,4.98824404762,-1.0046875
2012-07-11 19:38:34,32,1,5.50453869048,0.516294642857
2012-07-11 19:38:35,33,1,7.24226190476,1.73772321429
2012-07-11 19:38:36,34,1,9.80572916667,2.5634672619
2012-07-11 19:38:37,35,1,12.7877232143,2.98199404762
2012-07-11 19:38:38,36,1,15.8333333333,3.04561011905
2012-07-11 19:38:39,37,1,18.7057291667,2.87239583333
2012-07-11 19:38:40,38,1,21.2482886905,2.54255952381
2012-07-11 19:38:41,39,1,23.313764881,2.06547619048
2012-07-11 19:38:42,40,1,24.753422619,1.4396577381
2012-07-11 19:38:43,41,1,25.4447916667,0.691369047619
2012-07-11 19:38:44,42,1,25.3193452381,-0.125446428572
2012-07-11 19:38:45,43,1,24.4041666667,-0.915178571428
2012-07-11 19:38:46,44,1,22.8850446429,-1.51912202381
2012-07-11 19:38:47,45,1,21.0993303571,-1.78571428571
2012-07-11 19:38:48,46,1,19.4318452381,-1.66748511905
2012-07-11 19:38:49,47,1,18.2426339286,-1.18921130952
2012-07-11 19:38:50,48,1,17.8241815476,-0.418452380952
2012-07-11 19:38:51,49,1,18.2735863095,0.449404761905
2012-07-11 19:38:52,50,1,19.3886904762,1.11510416667
2012-07-11 19:38:53,51,1,20.7500744048,1.36138392857
2012-07-11 19:38:54,52,1,21.9220982143,1.17202380952
2012-07-11 19:38:55,53,1,22.6457589286,0.723660714286
2012-07-11 19:38:56,54,1,22.903125,0.257366071429
2012-07-11 19:38:57,55,1,22.7741815476,-0.128943452381
2012-07-11 19:38:58,56,1,22.2751488095,-0.499032738095
2012-07-11 19:38:59,57,1,21.4026041667,-0.872544642857
2012-07-11 19:39:00,58,1,20.2670386905,-1.13556547619
2012-07-11 19:39:01,59,1,19.1014880952,-1.16555059524
2012-07-11 19:39:02,60,1,18.1080357143,-0.993452380952
2012-07-11 19:39:03,61,1,17.2306547619,-0.877380952381
2012-07-11 19:39:04,62,1,16.0890625,-1.1415922619
2012-07-11 19:39:05,63,1,14.2548363095,-1.83422619048
2012-07-11 19:39:06,64,1,11.6576636905,-2.59717261905
2012-07-11 19:39:07,65,1,8.7802827381,-2.87738095238
2012-07-11 19:39:08,66,1,6.52105654762,-2.25922619048
2012-07-11 19:39:09,67,1,5.76532738095,-0.755729166667
2012-07-11 19:39:10,68,1,6.93370535714,1.16837797619
2012-07-11 19:39:11,69,1,9.84129464286,2.90758928571
2012-07-11 19:39:12,70,1,13.8505208333,4.00922619048
2012-07-11 19:39:13,71,1,18.1428571429,4.29233630952
2012-07-11 19:39:14,72,1,22.0329613095,3.89010416667
2012-07-11 19:39:15,73,1,25.1764880952,3.14352678571
2012-07-11 19:39:16,74,1,27.5526785714,2.37619047619
2012-07-11 19:39:17,75,1,29.3035714286,1.75089285714
2012-07-11 19:39:18,76,1,30.5680803571,1.26450892857
2012-07-11 19:39:19,77,1,31.4165922619,0.848511904762
2012-07-11 19:39:20,78,1,31.90625,0.489657738095
2012-07-11 19:39:21,79,1,32.134375,0.228125
2012-07-11 19:39:22,80,1,32.187797619,0.0534226190476
2012-07-11 19:39:23,81,1,32.0591517857,-0.128645833333
2012-07-11 19:39:24,82,1,31.6423363095,-0.416815476191
2012-07-11 19:39:25,83,1,30.7783482143,-0.863988095238
2012-07-11 19:39:26,84,1,29.2781994048,-1.50014880952
2012-07-11 19:39:27,85,1,26.9705357143,-2.30766369048
2012-07-11 19:39:28,86,1,23.7943266369,-3.17620907738
2012-07-11 19:39:29,87,1,19.8451543899,-3.94917224702
2012-07-11 19:39:30,88,1,15.3961495536,-4.44900483631
2012-07-11 19:39:31,89,1,10.9341238839,-4.46202566964
2012-07-11 19:39:32,90,1,7.06577380952,-3.8683500744
2012-07-11 19:39:33,91,1,4.26889880952,-2.796875
2012-07-11 19:39:34,92,1,2.6921875,-1.57671130952
2012-07-11 19:39:35,93,1,2.11507626488,-0.577111235119
2012-07-11 19:39:36,94,1,2.08188244048,-0.0331938244048
2012-07-11 19:39:37,95,1,2.171875,0.0899925595238
2012-07-11 19:39:38,96,1,2.22399553571,0.0521205357143
2012-07-11 19:39:39,97,1,2.38775111607,0.163755580357
2012-07-11 19:39:40,98,1,3.01666666667,0.628915550595
2012-07-11 19:39:41,99,1,4.44538690476,1.4287202381
2012-07-11 19:39:42,100,1,6.77083333333,2.32544642857
2012-07-11 19:39:43,101,1,9.79333147321,3.02249813988
2012-07-11 19:39:44,102,1,13.1438802083,3.35054873512
2012-07-11 19:39:45,103,1,16.4686848958,3.3248046875
2012-07-11 19:39:46,104,1,19.4785900298,3.00990513393
2012-07-11 19:39:47,105,1,21.840922619,2.36233258929
2012-07-11 19:39:48,106,1,23.100297619,1.259375
2012-07-11 19:39:49,107,1,22.7857886905,-0.314508928571
2012-07-11 19:39:50,108,1,20.7241071429,-2.06168154762
2012-07-11 19:39:51,109,1,17.3383928571,-3.38571428571
2012-07-11 19:39:52,110,1,13.5879464286,-3.75044642857
2012-07-11 19:39:53,111,1,10.5343005952,-3.05364583333
2012-07-11 19:39:54,112,1,8.83519345238,-1.69910714286
2012-07-11 19:39:55,113,1,8.4806547619,-0.354538690476
2012-07-11 19:39:56,114,1,8.97142857143,0.490773809524
2012-07-11 19:39:57,115,1,9.76495535714,0.793526785714
2012-07-11 19:39:58,116,1,10.5383184524,0.773363095238
2012-07-11 19:39:59,117,1,11.1241815476,0.585863095238
2012-07-11 19:40:00,118,1,11.373735119,0.249553571429
2012-07-11 19:40:01,119,1,11.1720238095,-0.201711309524
2012-07-11 19:40:02,120,1,10.5484375,-0.623586309524
2012-07-11 19:40:03,121,1,9.69925595238,-0.849181547619
2012-07-11 19:40:04,122,1,8.87864583333,-0.820610119048
2012-07-11 19:40:05,123,1,8.24933035714,-0.62931547619
2012-07-11 19:40:06,124,1,7.80967261905,-0.439657738095
2012-07-11 19:40:07,125,1,7.46026785714,-0.349404761905
2012-07-11 19:40:08,126,1,7.11882440476,-0.341443452381
2012-07-11 19:40:09,127,1,6.753125,-0.365699404762
2012-07-11 19:40:10,128,1,6.36257440476,-0.390550595238
2012-07-11 19:40:11,129,1,5.99136904762,-0.371205357143
2012-07-11 19:40:12,130,1,5.73139880952,-0.259970238095
2012-07-11 19:40:13,131,1,5.63831845238,-0.0930803571429
2012-07-11 19:40:14,132,1,5.59308035714,-0.0452380952381
2012-07-11 19:40:15,133,1,5.25461309524,-0.338467261905
2012-07-11 19:40:16,134,1,4.28043154762,-0.974181547619
2012-07-11 19:40:17,135,1,2.77998511905,-1.50044642857
2012-07-11 19:40:18,136,1,0.0,-2.77998511905
2012-07-11 20:07:25,1763,1627,0.0,0.0
2012-07-11 20:07:26,1764,1,2.25602678571,2.25602678571
2012-07-11 20:07:27,1765,1,3.99226190476,1.73623511905
2012-07-11 20:07:28,1766,1,6.01964285714,2.02738095238
2012-07-11 20:07:29,1767,1,8.17008928571,2.15044642857
2012-07-11 20:07:30,1768,1,10.3204613095,2.15037202381
2012-07-11 20:07:31,1769,1,12.1135416667,1.79308035714
2012-07-11 20:07:32,1770,1,12.9823660714,0.868824404762
2012-07-11 20:07:33,1771,1,12.4614583333,-0.520907738095
2012-07-11 20:07:34,1772,1,10.5569940476,-1.90446428571
2012-07-11 20:07:35,1773,1,7.87805059524,-2.67894345238
2012-07-11 20:07:36,1774,1,5.37418154762,-2.50386904762
2012-07-11 20:07:37,1775,1,3.84680059524,-1.52738095238
2012-07-11 20:07:38,1776,1,3.58407738095,-0.262723214286
2012-07-11 20:07:39,1777,1,4.33630952381,0.752232142857
2012-07-11 20:07:40,1778,1,5.59613095238,1.25982142857
2012-07-11 20:07:41,1779,1,6.93370535714,1.33757440476
2012-07-11 20:07:42,1780,1,8.0934077381,1.15970238095
2012-07-11 20:07:43,1781,1,8.83456845238,0.741160714286
2012-07-11 20:07:44,1782,1,8.8521577381,0.0175892857143
2012-07-11 20:07:45,1783,1,7.99976190476,-0.852395833333
2012-07-11 20:07:46,1784,1,6.52857142857,-1.47119047619
2012-07-11 20:07:47,1785,1,4.99299107143,-1.53558035714
2012-07-11 20:07:48,1786,1,3.92300595238,-1.06998511905
2012-07-11 20:07:49,1787,1,3.53461309524,-0.388392857143
2012-07-11 20:07:50,1788,1,3.66075892857,0.126145833333
2012-07-11 20:07:51,1789,1,3.9781547619,0.317395833333
2012-07-11 20:07:52,1790,1,4.28720238095,0.309047619048
2012-07-11 20:07:53,1791,1,4.54535714286,0.258154761905
2012-07-11 20:07:54,1792,1,4.79482142857,0.249464285714
2012-07-11 20:07:55,1793,1,5.19686011905,0.402038690476
2012-07-11 20:07:56,1794,1,6.00504464286,0.80818452381
2012-07-11 20:07:57,1795,1,7.37605654762,1.37101190476
2012-07-11 20:07:58,1796,1,9.2525297619,1.87647321429
2012-07-11 20:07:59,1797,1,11.4254613095,2.17293154762
2012-07-11 20:08:00,1798,1,13.6597470238,2.23428571429
2012-07-11 20:08:01,1799,1,15.8014434524,2.14169642857
2012-07-11 20:08:02,1800,1,17.7831547619,1.98171130952
2012-07-11 20:08:03,1801,1,19.5502232143,1.76706845238
2012-07-11 20:08:04,1802,1,21.0853422619,1.53511904762
2012-07-11 20:08:05,1803,1,22.4907738095,1.40543154762
2012-07-11 20:08:06,1804,1,23.9369791667,1.44620535714
2012-07-11 20:08:07,1805,1,25.5273065476,1.59032738095
2012-07-11 20:08:08,1806,1,27.2297619048,1.70245535714
2012-07-11 20:08:09,1807,1,28.8972470238,1.66748511905
2012-07-11 20:08:10,1808,1,30.3488095238,1.4515625
2012-07-11 20:08:11,1809,1,31.4680059524,1.11919642857
2012-07-11 20:08:12,1810,1,32.248139881,0.780133928571
2012-07-11 20:08:13,1811,1,32.7670386905,0.518898809524
2012-07-11 20:08:14,1812,1,33.1299107143,0.36287202381
2012-07-11 20:08:15,1813,1,33.416889881,0.286979166667
2012-07-11 20:08:16,1814,1,33.6693452381,0.252455357143
2012-07-11 20:08:17,1815,1,33.9217261905,0.252380952381
2012-07-11 20:08:18,1816,1,34.216889881,0.295163690476
2012-07-11 20:08:19,1817,1,34.5564732143,0.339583333333
2012-07-11 20:08:20,1818,1,34.8514880952,0.295014880952
2012-07-11 20:08:21,1819,1,34.9505952381,0.0991071428571
2012-07-11 20:08:22,1820,1,34.7020833333,-0.248511904762
2012-07-11 20:08:23,1821,1,33.9830357143,-0.719047619048
2012-07-11 20:08:24,1822,1,32.7119791667,-1.27105654762
2012-07-11 20:08:25,1823,1,30.8595982143,-1.85238095238
2012-07-11 20:08:26,1824,1,28.442485119,-2.41711309524
2012-07-11 20:08:27,1825,1,25.5080357143,-2.93444940476
2012-07-11 20:08:28,1826,1,22.1228422619,-3.38519345238
2012-07-11 20:08:29,1827,1,18.3860119048,-3.73683035714
2012-07-11 20:08:30,1828,1,14.4782738095,-3.90773809524
2012-07-11 20:08:31,1829,1,10.6704613095,-3.8078125
2012-07-11 20:08:32,1830,1,7.23318452381,-3.43727678571
2012-07-11 20:08:33,1831,1,4.35863095238,-2.87455357143
2012-07-11 20:08:34,1832,1,2.23251488095,-2.12611607143
2012-07-11 20:08:35,1833,1,0.0,-2.23251488095
2012-07-11 20:08:51,1849,16,0.0,0.0
2012-07-11 20:08:52,1850,1,2.87172619048,2.87172619048
2012-07-11 20:08:53,1851,1,5.03601190476,2.16428571429
2012-07-11 20:08:54,1852,1,7.30052083333,2.26450892857
2012-07-11 20:08:55,1853,1,9.31822916667,2.01770833333
2012-07-11 20:08:56,1854,1,10.9338541667,1.615625
2012-07-11 20:08:57,1855,1,12.0469494048,1.1130952381
2012-07-11 20:08:58,1856,1,12.5537946429,0.506845238095
2012-07-11 20:08:59,1857,1,12.3165922619,-0.237202380952
2012-07-11 20:09:00,1858,1,11.2098958333,-1.10669642857
2012-07-11 20:09:01,1859,1,9.30230654762,-1.90758928571
2012-07-11 20:09:02,1860,1,6.99813988095,-2.30416666667
2012-07-11 20:09:03,1861,1,4.91826636905,-2.0798735119
2012-07-11 20:09:04,1862,1,3.55505952381,-1.36320684524
2012-07-11 20:09:05,1863,1,2.97916666667,-0.575892857143
2012-07-11 20:09:06,1864,1,2.90758928571,-0.0715773809524
2012-07-11 20:09:07,1865,1,3.11008184524,0.202492559524
2012-07-11 20:09:08,1866,1,3.68117559524,0.57109375
2012-07-11 20:09:09,1867,1,4.86990327381,1.18872767857
2012-07-11 20:09:10,1868,1,6.759375,1.88947172619
2012-07-11 20:09:11,1869,1,9.17113095238,2.41175595238
2012-07-11 20:09:12,1870,1,11.795610119,2.62447916667
2012-07-11 20:09:13,1871,1,14.3693080357,2.57369791667
2012-07-11 20:09:14,1872,1,16.7486607143,2.37935267857
2012-07-11 20:09:15,1873,1,18.8479910714,2.09933035714
2012-07-11 20:09:16,1874,1,20.569047619,1.72105654762
2012-07-11 20:09:17,1875,1,21.821577381,1.2525297619
2012-07-11 20:09:18,1876,1,22.5735119048,0.751934523809
2012-07-11 20:09:19,1877,1,22.8586309524,0.285119047619
2012-07-11 20:09:20,1878,1,22.7488095238,-0.109821428571
2012-07-11 20:09:21,1879,1,22.3163690476,-0.432440476191
2012-07-11 20:09:22,1880,1,21.615327381,-0.701041666667
2012-07-11 20:09:23,1881,1,20.6995535714,-0.915773809524
2012-07-11 20:09:24,1882,1,19.6601190476,-1.03943452381
2012-07-11 20:09:25,1883,1,18.6526041667,-1.00751488095
2012-07-11 20:09:26,1884,1,17.8814732143,-0.771130952381
2012-07-11 20:09:27,1885,1,17.5271577381,-0.35431547619
2012-07-11 20:09:28,1886,1,17.6503720238,0.123214285714
2012-07-11 20:09:29,1887,1,18.1272321429,0.476860119048
2012-07-11 20:09:30,1888,1,18.6744791667,0.54724702381
2012-07-11 20:09:31,1889,1,18.988764881,0.314285714286
2012-07-11 20:09:32,1890,1,18.912797619,-0.0759672619048
2012-07-11 20:09:33,1891,1,18.4970982143,-0.415699404762
2012-07-11 20:09:34,1892,1,17.9148809524,-0.582217261905
2012-07-11 20:09:35,1893,1,17.313764881,-0.601116071428
2012-07-11 20:09:36,1894,1,16.7399553571,-0.57380952381
2012-07-11 20:09:37,1895,1,16.1697916667,-0.570163690476
2012-07-11 20:09:38,1896,1,15.5682291667,-0.6015625
2012-07-11 20:09:39,1897,1,14.9355654762,-0.632663690476
2012-07-11 20:09:40,1898,1,14.3635416667,-0.572023809524
2012-07-11 20:09:41,1899,1,14.062797619,-0.300744047619
2012-07-11 20:09:42,1900,1,14.2813244048,0.218526785714
2012-07-11 20:09:43,1901,1,15.1249255952,0.843601190476
2012-07-11 20:09:44,1902,1,16.4133928571,1.2884672619
2012-07-11 20:09:45,1903,1,17.7194196429,1.30602678571
2012-07-11 20:09:46,1904,1,18.6166666667,0.89724702381
2012-07-11 20:09:47,1905,1,18.9540178571,0.337351190476
2012-07-11 20:09:48,1906,1,18.8924107143,-0.0616071428572
2012-07-11 20:09:49,1907,1,18.6860119048,-0.206398809524
2012-07-11 20:09:50,1908,1,18.4398809524,-0.246130952381
2012-07-11 20:09:51,1909,1,18.0198660714,-0.420014880952
2012-07-11 20:09:52,1910,1,17.1595238095,-0.860342261905
2012-07-11 20:09:53,1911,1,15.7004464286,-1.45907738095
2012-07-11 20:09:54,1912,1,13.7607142857,-1.93973214286
2012-07-11 20:09:55,1913,1,11.6814732143,-2.07924107143
2012-07-11 20:09:56,1914,1,9.81630704365,-1.86516617063
2012-07-11 20:09:57,1915,1,8.31150173611,-1.50480530754
2012-07-11 20:09:58,1916,1,7.04029017857,-1.27121155754
2012-07-11 20:09:59,1917,1,5.79318576389,-1.24710441468
2012-07-11 20:10:00,1918,1,4.53990575397,-1.25328000992
2012-07-11 20:10:01,1919,1,3.46279761905,-1.07710813492
2012-07-11 20:10:02,1920,1,2.77100694444,-0.691790674603
2012-07-11 20:10:03,1921,1,2.51974826389,-0.251258680556
2012-07-11 20:10:04,1922,1,2.57555803571,0.0558097718254
2012-07-11 20:10:05,1923,1,2.74126364087,0.165705605159
2012-07-11 20:10:06,1924,1,2.9041046627,0.162841021825
2012-07-11 20:10:07,1925,1,3.05,0.145895337302
2012-07-11 20:10:08,1926,1,3.19202628968,0.142026289683
2012-07-11 20:10:09,1927,1,3.34117683532,0.149150545635
2012-07-11 20:10:10,1928,1,3.51052827381,0.169351438492
2012-07-11 20:10:11,1929,1,3.65934399802,0.148815724206
2012-07-11 20:10:12,1930,1,3.59686259921,-0.0624813988095
2012-07-11 20:10:13,1931,1,3.05930059524,-0.537562003968
2012-07-11 20:10:14,1932,1,2.05752728175,-1.00177331349
2012-07-11 20:10:15,1933,1,0.0,-2.05752728175
