timestamp,cycle_sec,timestep,speed_mph,accel_meters_ps
2012-09-17 07:40:09,0,51380,0.0,0.0
2012-09-17 07:40:10,1,1,2.51220238095,2.51220238095
2012-09-17 07:40:11,2,1,4.48489583333,1.97269345238
2012-09-17 07:40:12,3,1,6.60848214286,2.12358630952
2012-09-17 07:40:13,4,1,8.6072172619,1.99873511905
2012-09-17 07:40:14,5,1,10.4710565476,1.86383928571
2012-09-17 07:40:15,6,1,12.2782738095,1.8072172619
2012-09-17 07:40:16,7,1,14.10625,1.82797619048
2012-09-17 07:40:17,8,1,16.0483630952,1.94211309524
2012-09-17 07:40:18,9,1,18.1693452381,2.12098214286
2012-09-17 07:40:19,10,1,20.4135416667,2.24419642857
2012-09-17 07:40:20,11,1,22.5976190476,2.18407738095
2012-09-17 07:40:21,12,1,24.4748511905,1.87723214286
2012-09-17 07:40:22,13,1,25.8424107143,1.36755952381
2012-09-17 07:40:23,14,1,26.6494791667,0.807068452381
2012-09-17 07:40:24,15,1,26.9851190476,0.335639880952
2012-09-17 07:40:25,16,1,27.0052083333,0.0200892857143
2012-09-17 07:40:26,17,1,26.928125,-0.0770833333333
2012-09-17 07:40:27,18,1,27.0119047619,0.0837797619048
2012-09-17 07:40:28,19,1,27.4502232143,0.438318452381
2012-09-17 07:40:29,20,1,28.3000744048,0.849851190476
2012-09-17 07:40:30,21,1,29.5145833333,1.21450892857
2012-09-17 07:40:31,22,1,31.0058779762,1.49129464286
2012-09-17 07:40:32,23,1,32.653125,1.64724702381
2012-09-17 07:40:33,24,1,34.2906994048,1.63757440476
2012-09-17 07:40:34,25,1,35.6906994048,1.4
2012-09-17 07:40:35,26,1,36.5600446429,0.869345238095
2012-09-17 07:40:36,27,1,36.664360119,0.104315476191
2012-09-17 07:40:37,28,1,35.9901041667,-0.674255952381
2012-09-17 07:40:38,29,1,34.7671130952,-1.22299107143
2012-09-17 07:40:39,30,1,33.3824404762,-1.38467261905
2012-09-17 07:40:40,31,1,32.202827381,-1.17961309524
2012-09-17 07:40:41,32,1,31.3610863095,-0.841741071429
2012-09-17 07:40:42,33,1,30.725297619,-0.635788690476
2012-09-17 07:40:43,34,1,30.0735119048,-0.651785714286
2012-09-17 07:40:44,35,1,29.269047619,-0.804464285714
2012-09-17 07:40:45,36,1,28.3080357143,-0.961011904762
2012-09-17 07:40:46,37,1,27.2594494048,-1.04858630952
2012-09-17 07:40:47,38,1,26.2066964286,-1.05275297619
2012-09-17 07:40:48,39,1,25.2489583333,-0.957738095238
2012-09-17 07:40:49,40,1,24.5031994048,-0.745758928571
2012-09-17 07:40:50,41,1,24.0656994048,-0.4375
2012-09-17 07:40:51,42,1,23.9557291667,-0.109970238095
2012-09-17 07:40:52,43,1,24.0847470238,0.129017857143
2012-09-17 07:40:53,44,1,24.3108630952,0.226116071429
2012-09-17 07:40:54,45,1,24.5457589286,0.234895833333
2012-09-17 07:40:55,46,1,24.7902529762,0.244494047619
2012-09-17 07:40:56,47,1,25.0808779762,0.290625
2012-09-17 07:40:57,48,1,25.4139880952,0.333110119048
2012-09-17 07:40:58,49,1,25.6858630952,0.271875
2012-09-17 07:40:59,50,1,25.6909970238,0.0051339285714
2012-09-17 07:41:00,51,1,25.1816964286,-0.509300595238
2012-09-17 07:41:01,52,1,23.9507440476,-1.23095238095
2012-09-17 07:41:02,53,1,21.954985119,-1.99575892857
2012-09-17 07:41:03,54,1,19.4665922619,-2.48839285714
2012-09-17 07:41:04,55,1,17.0931547619,-2.3734375
2012-09-17 07:41:05,56,1,15.5371279762,-1.55602678571
2012-09-17 07:41:06,57,1,15.227827381,-0.309300595238
2012-09-17 07:41:07,58,1,16.1168154762,0.888988095238
2012-09-17 07:41:08,59,1,17.7704613095,1.65364583333
2012-09-17 07:41:09,60,1,19.6421875,1.87172619048
2012-09-17 07:41:10,61,1,21.3279761905,1.68578869048
2012-09-17 07:41:11,62,1,22.6773065476,1.34933035714
2012-09-17 07:41:12,63,1,23.7394345238,1.06212797619
2012-09-17 07:41:13,64,1,24.6348214286,0.895386904762
2012-09-17 07:41:14,65,1,25.4474702381,0.812648809524
2012-09-17 07:41:15,66,1,26.1660714286,0.718601190476
2012-09-17 07:41:16,67,1,26.7196428571,0.553571428572
2012-09-17 07:41:17,68,1,27.1031994048,0.383556547619
2012-09-17 07:41:18,69,1,27.4330357143,0.329836309524
2012-09-17 07:41:19,70,1,27.8401041667,0.407068452381
2012-09-17 07:41:20,71,1,28.3148065476,0.474702380952
2012-09-17 07:41:21,72,1,28.6357886905,0.320982142857
2012-09-17 07:41:22,73,1,28.4363839286,-0.199404761905
2012-09-17 07:41:23,74,1,27.3885416667,-1.0478422619
2012-09-17 07:41:24,75,1,25.4031994048,-1.9853422619
2012-09-17 07:41:25,76,1,22.7311011905,-2.67209821429
2012-09-17 07:41:26,77,1,19.8823660714,-2.84873511905
2012-09-17 07:41:27,78,1,17.3745535714,-2.5078125
2012-09-17 07:41:28,79,1,15.4838541667,-1.89069940476
2012-09-17 07:41:29,80,1,14.1854910714,-1.29836309524
2012-09-17 07:41:30,81,1,13.279389881,-0.906101190476
2012-09-17 07:41:31,82,1,12.5714285714,-0.707961309524
2012-09-17 07:41:32,83,1,11.9811755952,-0.590252976191
2012-09-17 07:41:33,84,1,11.5163690476,-0.464806547619
2012-09-17 07:41:34,85,1,11.1813244048,-0.335044642857
2012-09-17 07:41:35,86,1,10.9297619048,-0.2515625
2012-09-17 07:41:36,87,1,10.6877232143,-0.242038690476
2012-09-17 07:41:37,88,1,10.4052827381,-0.28244047619
2012-09-17 07:41:38,89,1,10.0790922619,-0.32619047619
2012-09-17 07:41:39,90,1,9.70364583333,-0.375446428571
2012-09-17 07:41:40,91,1,9.20863095238,-0.495014880952
2012-09-17 07:41:41,92,1,8.48504464286,-0.723586309524
2012-09-17 07:41:42,93,1,7.4515625,-1.03348214286
2012-09-17 07:41:43,94,1,6.05870535714,-1.39285714286
2012-09-17 07:41:44,95,1,4.32976190476,-1.72894345238
2012-09-17 07:41:45,96,1,2.54074900794,-1.78901289683
2012-09-17 07:41:46,97,1,0.0,-2.54074900794
2012-09-17 18:03:53,-48976,37327,0.0,0.0
2012-09-17 18:03:54,-48975,1,1.74523809524,1.74523809524
2012-09-17 18:03:55,-48974,1,2.89933035714,1.1540922619
2012-09-17 18:03:56,-48973,1,4.17849702381,1.27916666667
2012-09-17 18:03:57,-48972,1,5.72125496032,1.54275793651
2012-09-17 18:03:58,-48971,1,7.73861607143,2.01736111111
2012-09-17 18:03:59,-48970,1,10.1110863095,2.3724702381
2012-09-17 18:04:00,-48969,1,12.4202380952,2.30915178571
2012-09-17 18:04:01,-48968,1,14.2077380952,1.7875
2012-09-17 18:04:02,-48967,1,15.189905754,0.98216765873
2012-09-17 18:04:03,-48966,1,15.3762400794,0.186334325397
2012-09-17 18:04:04,-48965,1,15.0463541667,-0.329885912698
2012-09-17 18:04:05,-48964,1,14.592485119,-0.453869047619
2012-09-17 18:04:06,-48963,1,14.3530505952,-0.239434523809
2012-09-17 18:04:07,-48962,1,14.5016369048,0.148586309524
2012-09-17 18:04:08,-48961,1,14.9699404762,0.468303571429
2012-09-17 18:04:09,-48960,1,15.4617559524,0.491815476191
2012-09-17 18:04:10,-48959,1,15.6090029762,0.147247023809
2012-09-17 18:04:11,-48958,1,15.1546875,-0.45431547619
2012-09-17 18:04:12,-48957,1,14.0761160714,-1.07857142857
2012-09-17 18:04:13,-48956,1,12.6602678571,-1.41584821429
2012-09-17 18:04:14,-48955,1,11.4364583333,-1.22380952381
2012-09-17 18:04:15,-48954,1,10.9220982143,-0.514360119048
2012-09-17 18:04:16,-48953,1,11.3704613095,0.448363095238
2012-09-17 18:04:17,-48952,1,12.6932291667,1.32276785714
2012-09-17 18:04:18,-48951,1,14.5680059524,1.87477678571
2012-09-17 18:04:19,-48950,1,16.6418154762,2.07380952381
2012-09-17 18:04:20,-48949,1,18.6855654762,2.04375
2012-09-17 18:04:21,-48948,1,20.6008184524,1.91525297619
2012-09-17 18:04:22,-48947,1,22.3181547619,1.71733630952
2012-09-17 18:04:23,-48946,1,23.720610119,1.40245535714
2012-09-17 18:04:24,-48945,1,24.634672619,0.9140625
2012-09-17 18:04:25,-48944,1,24.8145833333,0.179910714286
2012-09-17 18:04:26,-48943,1,23.9531994048,-0.861383928571
2012-09-17 18:04:27,-48942,1,21.8140625,-2.13913690476
2012-09-17 18:04:28,-48941,1,18.4498511905,-3.36421130952
2012-09-17 18:04:29,-48940,1,14.3904017857,-4.05944940476
2012-09-17 18:04:30,-48939,1,10.6145089286,-3.77589285714
2012-09-17 18:04:31,-48938,1,8.16994047619,-2.44456845238
2012-09-17 18:04:32,-48937,1,7.64010416667,-0.529836309524
2012-09-17 18:04:33,-48936,1,8.86383928571,1.22373511905
2012-09-17 18:04:34,-48935,1,11.1089285714,2.24508928571
2012-09-17 18:04:35,-48934,1,13.5415922619,2.43266369048
2012-09-17 18:04:36,-48933,1,15.6378720238,2.0962797619
2012-09-17 18:04:37,-48932,1,17.2848214286,1.64694940476
2012-09-17 18:04:38,-48931,1,18.6200892857,1.33526785714
2012-09-17 18:04:39,-48930,1,19.851264881,1.23117559524
2012-09-17 18:04:40,-48929,1,21.1639880952,1.31272321429
2012-09-17 18:04:41,-48928,1,22.6203125,1.45632440476
2012-09-17 18:04:42,-48927,1,24.0603422619,1.4400297619
2012-09-17 18:04:43,-48926,1,25.1748511905,1.11450892857
2012-09-17 18:04:44,-48925,1,25.7328125,0.557961309524
2012-09-17 18:04:45,-48924,1,25.7586309524,0.025818452381
2012-09-17 18:04:46,-48923,1,25.5089285714,-0.249702380952
2012-09-17 18:04:47,-48922,1,25.261235119,-0.247693452381
2012-09-17 18:04:48,-48921,1,25.1186755952,-0.14255952381
2012-09-17 18:04:49,-48920,1,25.021875,-0.0968005952381
2012-09-17 18:04:50,-48919,1,24.895014881,-0.126860119048
2012-09-17 18:04:51,-48918,1,24.7401041667,-0.154910714286
2012-09-17 18:04:52,-48917,1,24.6159970238,-0.124107142857
2012-09-17 18:04:53,-48916,1,24.5610119048,-0.0549851190476
2012-09-17 18:04:54,-48915,1,24.567485119,0.0064732142857
2012-09-17 18:04:55,-48914,1,24.6411458333,0.0736607142857
2012-09-17 18:04:56,-48913,1,24.8552083333,0.2140625
2012-09-17 18:04:57,-48912,1,25.341889881,0.486681547619
2012-09-17 18:04:58,-48911,1,26.2284970238,0.886607142857
2012-09-17 18:04:59,-48910,1,27.5340029762,1.30550595238
2012-09-17 18:05:00,-48909,1,29.1422619048,1.60825892857
2012-09-17 18:05:01,-48908,1,30.8990327381,1.75677083333
2012-09-17 18:05:02,-48907,1,32.6530505952,1.75401785714
2012-09-17 18:05:03,-48906,1,34.2166666667,1.56361607143
2012-09-17 18:05:04,-48905,1,35.401264881,1.18459821429
2012-09-17 18:05:05,-48904,1,36.0802083333,0.678943452381
2012-09-17 18:05:06,-48903,1,36.1953125,0.115104166667
2012-09-17 18:05:07,-48902,1,35.7329613095,-0.462351190476
2012-09-17 18:05:08,-48901,1,34.700297619,-1.03266369048
2012-09-17 18:05:09,-48900,1,33.196577381,-1.5037202381
2012-09-17 18:05:10,-48899,1,31.519047619,-1.6775297619
2012-09-17 18:05:11,-48898,1,30.0766369048,-1.44241071429
2012-09-17 18:05:12,-48897,1,29.1748511905,-0.901785714286
2012-09-17 18:05:13,-48896,1,28.8957589286,-0.279092261905
2012-09-17 18:05:14,-48895,1,29.1061011905,0.210342261905
2012-09-17 18:05:15,-48894,1,29.559375,0.453273809524
2012-09-17 18:05:16,-48893,1,30.0755208333,0.516145833333
2012-09-17 18:05:17,-48892,1,30.6181547619,0.542633928572
2012-09-17 18:05:18,-48891,1,31.0630952381,0.44494047619
2012-09-17 18:05:19,-48890,1,30.9759672619,-0.0871279761904
2012-09-17 18:05:20,-48889,1,29.8316220238,-1.1443452381
2012-09-17 18:05:21,-48888,1,27.3999255952,-2.43169642857
2012-09-17 18:05:22,-48887,1,23.9297619048,-3.47016369048
2012-09-17 18:05:23,-48886,1,20.0686755952,-3.86108630952
2012-09-17 18:05:24,-48885,1,16.4524553571,-3.6162202381
2012-09-17 18:05:25,-48884,1,13.364360119,-3.0880952381
2012-09-17 18:05:26,-48883,1,10.8776041667,-2.48675595238
2012-09-17 18:05:27,-48882,1,9.0296875,-1.84791666667
2012-09-17 18:05:28,-48881,1,7.67686011905,-1.35282738095
2012-09-17 18:05:29,-48880,1,6.40483630952,-1.27202380952
2012-09-17 18:05:30,-48879,1,4.8037202381,-1.60111607143
2012-09-17 18:05:31,-48878,1,2.94444444444,-1.85927579365
2012-09-17 18:05:32,-48877,1,0.0,-2.94444444444
