timestamp,cycle_sec,timestep,speed_mph,accel_meters_ps
2012-07-19 12:11:50,0,237,0.0,0.0
2012-07-19 12:11:51,1,1,1.34780505952,1.34780505952
2012-07-19 12:11:52,2,1,2.07805059524,0.730245535714
2012-07-19 12:11:53,3,1,2.54538690476,0.467336309524
2012-07-19 12:11:54,4,1,2.70334821429,0.157961309524
2012-07-19 12:11:55,5,1,2.92457837302,0.22123015873
2012-07-19 12:11:56,6,1,3.75868055556,0.83410218254
2012-07-19 12:11:57,7,1,5.54069940476,1.78201884921
2012-07-19 12:11:58,8,1,8.1369047619,2.59620535714
2012-07-19 12:11:59,9,1,11.0168154762,2.87991071429
2012-07-19 12:12:00,10,1,13.5438988095,2.52708333333
2012-07-19 12:12:01,11,1,15.2900545635,1.74615575397
2012-07-19 12:12:02,12,1,16.158531746,0.86847718254
2012-07-19 12:12:03,13,1,16.2118303571,0.0532986111112
2012-07-19 12:12:04,14,1,15.4788690476,-0.732961309524
2012-07-19 12:12:05,15,1,14.0531994048,-1.42566964286
2012-07-19 12:12:06,16,1,12.3206845238,-1.73251488095
2012-07-19 12:12:07,17,1,10.9736607143,-1.34702380952
2012-07-19 12:12:08,18,1,10.7497767857,-0.223883928571
2012-07-19 12:12:09,19,1,12.0265625,1.27678571429
2012-07-19 12:12:10,20,1,14.5167410714,2.49017857143
2012-07-19 12:12:11,21,1,17.3709077381,2.85416666667
2012-07-19 12:12:12,22,1,19.6674107143,2.29650297619
2012-07-19 12:12:13,23,1,20.8907738095,1.22336309524
2012-07-19 12:12:14,24,1,21.0933779762,0.202604166667
2012-07-19 12:12:15,25,1,20.7326636905,-0.360714285714
2012-07-19 12:12:16,26,1,20.3318452381,-0.400818452381
2012-07-19 12:12:17,27,1,20.1761160714,-0.155729166667
2012-07-19 12:12:18,28,1,20.2142113095,0.0380952380952
2012-07-19 12:12:19,29,1,20.1581845238,-0.0560267857143
2012-07-19 12:12:20,30,1,19.6494047619,-0.508779761905
2012-07-19 12:12:21,31,1,18.3836309524,-1.26577380952
2012-07-19 12:12:22,32,1,16.2051339286,-2.17849702381
2012-07-19 12:12:23,33,1,13.2776785714,-2.92745535714
2012-07-19 12:12:24,34,1,10.2644345238,-3.01324404762
2012-07-19 12:12:25,35,1,8.18891369048,-2.07552083333
2012-07-19 12:12:26,36,1,7.88296130952,-0.305952380952
2012-07-19 12:12:27,37,1,9.41919642857,1.53623511905
2012-07-19 12:12:28,38,1,12.0334077381,2.61421130952
2012-07-19 12:12:29,39,1,14.6783482143,2.64494047619
2012-07-19 12:12:30,40,1,16.740327381,2.06197916667
2012-07-19 12:12:31,41,1,18.2503720238,1.51004464286
2012-07-19 12:12:32,42,1,19.5305059524,1.28013392857
2012-07-19 12:12:33,43,1,20.7785714286,1.24806547619
2012-07-19 12:12:34,44,1,21.9475446429,1.16897321429
2012-07-19 12:12:35,45,1,22.8886160714,0.941071428572
2012-07-19 12:12:36,46,1,23.5325892857,0.643973214286
2012-07-19 12:12:37,47,1,23.9285714286,0.395982142857
2012-07-19 12:12:38,48,1,24.1616071429,0.233035714286
2012-07-19 12:12:39,49,1,24.265327381,0.103720238095
2012-07-19 12:12:40,50,1,24.179985119,-0.0853422619048
2012-07-19 12:12:41,51,1,23.779389881,-0.400595238095
2012-07-19 12:12:42,52,1,22.9696428571,-0.809747023809
2012-07-19 12:12:43,53,1,21.7662202381,-1.20342261905
2012-07-19 12:12:44,54,1,20.2532738095,-1.51294642857
2012-07-19 12:12:45,55,1,18.4689980159,-1.78427579365
2012-07-19 12:12:46,56,1,16.3433531746,-2.12564484127
2012-07-19 12:12:47,57,1,13.7839285714,-2.55942460317
2012-07-19 12:12:48,58,1,10.8739583333,-2.9099702381
2012-07-19 12:12:49,59,1,7.96078869048,-2.91316964286
2012-07-19 12:12:50,60,1,5.53400297619,-2.42678571429
2012-07-19 12:12:51,61,1,4.08737599206,-1.44662698413
2012-07-19 12:12:52,62,1,4.01299603175,-0.0743799603175
2012-07-19 12:12:53,63,1,5.40602678571,1.39303075397
2012-07-19 12:12:54,64,1,7.92991071429,2.52388392857
2012-07-19 12:12:55,65,1,10.9444196429,3.01450892857
2012-07-19 12:12:56,66,1,13.8413690476,2.89694940476
2012-07-19 12:12:57,67,1,16.3911706349,2.5498015873
2012-07-19 12:12:58,68,1,18.7919394841,2.40076884921
2012-07-19 12:12:59,69,1,21.3122767857,2.52033730159
2012-07-19 12:13:00,70,1,23.946577381,2.63430059524
2012-07-19 12:13:01,71,1,26.4625744048,2.51599702381
2012-07-19 12:13:02,72,1,28.646875,2.18430059524
2012-07-19 12:13:03,73,1,30.4156994048,1.76882440476
2012-07-19 12:13:04,74,1,31.7692708333,1.35357142857
2012-07-19 12:13:05,75,1,32.7218005952,0.952529761905
2012-07-19 12:13:06,76,1,33.2907738095,0.568973214286
2012-07-19 12:13:07,77,1,33.5301339286,0.239360119048
2012-07-19 12:13:08,78,1,33.511235119,-0.0188988095238
2012-07-19 12:13:09,79,1,33.2530505952,-0.258184523809
2012-07-19 12:13:10,80,1,32.7148065476,-0.538244047619
2012-07-19 12:13:11,81,1,31.8499255952,-0.864880952381
2012-07-19 12:13:12,82,1,30.6266369048,-1.22328869048
2012-07-19 12:13:13,83,1,29.009375,-1.61726190476
2012-07-19 12:13:14,84,1,26.959375,-2.05
2012-07-19 12:13:15,85,1,24.4570684524,-2.50230654762
2012-07-19 12:13:16,86,1,21.4824404762,-2.97462797619
2012-07-19 12:13:17,87,1,17.968452381,-3.51398809524
2012-07-19 12:13:18,88,1,13.870014881,-4.0984375
2012-07-19 12:13:19,89,1,9.39575892857,-4.47425595238
2012-07-19 12:13:20,90,1,5.24836309524,-4.14739583333
2012-07-19 12:13:21,91,1,0.0,-5.24836309524
2012-07-19 12:13:40,110,19,0.0,0.0
2012-07-19 12:13:41,111,1,4.3609375,4.3609375
2012-07-19 12:13:42,112,1,7.83928571429,3.47834821429
2012-07-19 12:13:43,113,1,11.4344494048,3.59516369048
2012-07-19 12:13:44,114,1,14.2875744048,2.853125
2012-07-19 12:13:45,115,1,16.1453869048,1.8578125
2012-07-19 12:13:46,116,1,17.1696428571,1.02425595238
2012-07-19 12:13:47,117,1,17.602827381,0.43318452381
2012-07-19 12:13:48,118,1,17.5094494048,-0.0933779761905
2012-07-19 12:13:49,119,1,16.7329613095,-0.776488095238
2012-07-19 12:13:50,120,1,15.0784970238,-1.65446428571
2012-07-19 12:13:51,121,1,12.6351190476,-2.44337797619
2012-07-19 12:13:52,122,1,10.0135416667,-2.62157738095
2012-07-19 12:13:53,123,1,8.19717261905,-1.81636904762
2012-07-19 12:13:54,124,1,7.99761904762,-0.199553571429
2012-07-19 12:13:55,125,1,9.5109375,1.51331845238
2012-07-19 12:13:56,126,1,12.034672619,2.52373511905
2012-07-19 12:13:57,127,1,14.5695684524,2.53489583333
2012-07-19 12:13:58,128,1,16.4461309524,1.8765625
2012-07-19 12:13:59,129,1,17.4859375,1.03980654762
2012-07-19 12:14:00,130,1,17.7551339286,0.269196428571
2012-07-19 12:14:01,131,1,17.3732886905,-0.381845238095
2012-07-19 12:14:02,132,1,16.5322916667,-0.840997023809
2012-07-19 12:14:03,133,1,15.5691220238,-0.963169642857
2012-07-19 12:14:04,134,1,14.9098214286,-0.659300595238
2012-07-19 12:14:05,135,1,14.8532738095,-0.0565476190476
2012-07-19 12:14:06,136,1,15.390625,0.537351190476
2012-07-19 12:14:07,137,1,16.2422619048,0.851636904762
2012-07-19 12:14:08,138,1,17.0444940476,0.802232142857
2012-07-19 12:14:09,139,1,17.4920386905,0.447544642857
2012-07-19 12:14:10,140,1,17.3508184524,-0.141220238095
2012-07-19 12:14:11,141,1,16.4415922619,-0.909226190476
2012-07-19 12:14:12,142,1,14.7217261905,-1.71986607143
2012-07-19 12:14:13,143,1,12.4081845238,-2.31354166667
2012-07-19 12:14:14,144,1,9.96927083333,-2.43891369048
2012-07-19 12:14:15,145,1,7.93244047619,-2.03683035714
2012-07-19 12:14:16,146,1,6.63638392857,-1.29605654762
2012-07-19 12:14:17,147,1,6.10848214286,-0.527901785714
2012-07-19 12:14:18,148,1,6.12834821429,0.0198660714286
2012-07-19 12:14:19,149,1,6.36897321429,0.240625
2012-07-19 12:14:20,150,1,6.49583333333,0.126860119048
2012-07-19 12:14:21,151,1,6.21755952381,-0.278273809524
2012-07-19 12:14:22,152,1,5.34427083333,-0.873288690476
2012-07-19 12:14:23,153,1,3.90625,-1.43802083333
2012-07-19 12:14:24,154,1,2.31863839286,-1.58761160714
2012-07-19 12:14:25,155,1,0.0,-2.31863839286
2012-07-19 14:05:03,6793,6638,0.0,0.0
2012-07-19 14:05:04,6794,1,4.04553571429,4.04553571429
2012-07-19 14:05:05,6795,1,6.95052083333,2.90498511905
2012-07-19 14:05:06,6796,1,9.67976190476,2.72924107143
2012-07-19 14:05:07,6797,1,11.6817708333,2.00200892857
2012-07-19 14:05:08,6798,1,12.8965029762,1.21473214286
2012-07-19 14:05:09,6799,1,13.4931919643,0.596688988095
2012-07-19 14:05:10,6800,1,13.6488839286,0.155691964286
2012-07-19 14:05:11,6801,1,13.459672619,-0.189211309524
2012-07-19 14:05:12,6802,1,12.9468005952,-0.512872023809
2012-07-19 14:05:13,6803,1,12.1100446429,-0.836755952381
2012-07-19 14:05:14,6804,1,11.0201636905,-1.08988095238
2012-07-19 14:05:15,6805,1,9.92619047619,-1.09397321429
2012-07-19 14:05:16,6806,1,9.26837797619,-0.6578125
2012-07-19 14:05:17,6807,1,9.49806547619,0.2296875
2012-07-19 14:05:18,6808,1,10.7720982143,1.2740327381
2012-07-19 14:05:19,6809,1,12.7784970238,2.00639880952
2012-07-19 14:05:20,6810,1,14.8921875,2.11369047619
2012-07-19 14:05:21,6811,1,16.5272321429,1.63504464286
2012-07-19 14:05:22,6812,1,17.39375,0.866517857143
2012-07-19 14:05:23,6813,1,17.5373511905,0.143601190476
2012-07-19 14:05:24,6814,1,17.2101934524,-0.327157738095
2012-07-19 14:05:25,6815,1,16.6962053571,-0.513988095238
2012-07-19 14:05:26,6816,1,16.2006696429,-0.495535714286
2012-07-19 14:05:27,6817,1,15.7984375,-0.402232142857
2012-07-19 14:05:28,6818,1,15.4151041667,-0.383333333333
2012-07-19 14:05:29,6819,1,14.9191220238,-0.495982142857
2012-07-19 14:05:30,6820,1,14.3386904762,-0.580431547619
2012-07-19 14:05:31,6821,1,13.987797619,-0.350892857143
2012-07-19 14:05:32,6822,1,14.2984375,0.310639880952
2012-07-19 14:05:33,6823,1,15.4897321429,1.19129464286
2012-07-19 14:05:34,6824,1,17.3924107143,1.90267857143
2012-07-19 14:05:35,6825,1,19.5723958333,2.17998511905
2012-07-19 14:05:36,6826,1,21.6296875,2.05729166667
2012-07-19 14:05:37,6827,1,23.4054315476,1.77574404762
2012-07-19 14:05:38,6828,1,24.9270833333,1.52165178571
2012-07-19 14:05:39,6829,1,26.2295386905,1.30245535714
2012-07-19 14:05:40,6830,1,27.3057291667,1.07619047619
2012-07-19 14:05:41,6831,1,28.1824404762,0.876711309524
2012-07-19 14:05:42,6832,1,28.9430059524,0.760565476191
2012-07-19 14:05:43,6833,1,29.6640625,0.721056547619
2012-07-19 14:05:44,6834,1,30.355952381,0.691889880952
2012-07-19 14:05:45,6835,1,30.9625744048,0.606622023809
2012-07-19 14:05:46,6836,1,31.426860119,0.464285714286
2012-07-19 14:05:47,6837,1,31.7545386905,0.327678571429
2012-07-19 14:05:48,6838,1,31.9836309524,0.229092261905
2012-07-19 14:05:49,6839,1,32.0945684524,0.1109375
2012-07-19 14:05:50,6840,1,31.9895833333,-0.104985119048
2012-07-19 14:05:51,6841,1,31.5717261905,-0.417857142857
2012-07-19 14:05:52,6842,1,30.8177827381,-0.753943452381
2012-07-19 14:05:53,6843,1,29.7515625,-1.0662202381
2012-07-19 14:05:54,6844,1,28.345610119,-1.40595238095
2012-07-19 14:05:55,6845,1,26.4461309524,-1.89947916667
2012-07-19 14:05:56,6846,1,23.7964285714,-2.64970238095
2012-07-19 14:05:57,6847,1,20.2213541667,-3.57507440476
2012-07-19 14:05:58,6848,1,15.9472470238,-4.27410714286
2012-07-19 14:05:59,6849,1,11.7763392857,-4.1709077381
2012-07-19 14:06:00,6850,1,8.7990327381,-2.97730654762
2012-07-19 14:06:01,6851,1,7.78616071429,-1.01287202381
2012-07-19 14:06:02,6852,1,8.75513392857,0.968973214286
2012-07-19 14:06:03,6853,1,11.0078125,2.25267857143
2012-07-19 14:06:04,6854,1,13.5945684524,2.58675595238
2012-07-19 14:06:05,6855,1,15.871577381,2.27700892857
2012-07-19 14:06:06,6856,1,17.6901785714,1.81860119048
2012-07-19 14:06:07,6857,1,19.1654017857,1.47522321429
2012-07-19 14:06:08,6858,1,20.4194196429,1.25401785714
2012-07-19 14:06:09,6859,1,21.496875,1.07745535714
2012-07-19 14:06:10,6860,1,22.372172619,0.875297619048
2012-07-19 14:06:11,6861,1,23.0160714286,0.643898809524
2012-07-19 14:06:12,6862,1,23.4570684524,0.440997023809
2012-07-19 14:06:13,6863,1,23.7517113095,0.294642857143
2012-07-19 14:06:14,6864,1,23.9289434524,0.177232142857
2012-07-19 14:06:15,6865,1,23.9857886905,0.0568452380952
2012-07-19 14:06:16,6866,1,23.8936011905,-0.0921875
2012-07-19 14:06:17,6867,1,23.5848958333,-0.308705357143
2012-07-19 14:06:18,6868,1,22.9710565476,-0.613839285714
2012-07-19 14:06:19,6869,1,21.9924107143,-0.978645833333
2012-07-19 14:06:20,6870,1,20.598139881,-1.39427083333
2012-07-19 14:06:21,6871,1,18.6605654762,-1.93757440476
2012-07-19 14:06:22,6872,1,16.0382440476,-2.62232142857
2012-07-19 14:06:23,6873,1,12.8834077381,-3.15483630952
2012-07-19 14:06:24,6874,1,9.89375,-2.9896577381
2012-07-19 14:06:25,6875,1,8.10930059524,-1.78444940476
2012-07-19 14:06:26,6876,1,8.2650297619,0.155729166667
2012-07-19 14:06:27,6877,1,10.2188244048,1.95379464286
2012-07-19 14:06:28,6878,1,13.0350446429,2.8162202381
2012-07-19 14:06:29,6879,1,15.6865327381,2.65148809524
2012-07-19 14:06:30,6880,1,17.6719494048,1.98541666667
2012-07-19 14:06:31,6881,1,19.0449404762,1.37299107143
2012-07-19 14:06:32,6882,1,20.0571428571,1.01220238095
2012-07-19 14:06:33,6883,1,20.8598958333,0.80275297619
2012-07-19 14:06:34,6884,1,21.4710565476,0.611160714286
2012-07-19 14:06:35,6885,1,21.8952380952,0.424181547619
2012-07-19 14:06:36,6886,1,22.1610119048,0.265773809524
2012-07-19 14:06:37,6887,1,22.2447172619,0.0837053571429
2012-07-19 14:06:38,6888,1,22.034375,-0.210342261905
2012-07-19 14:06:39,6889,1,21.3885416667,-0.645833333333
2012-07-19 14:06:40,6890,1,20.2453125,-1.14322916667
2012-07-19 14:06:41,6891,1,18.7449404762,-1.50037202381
2012-07-19 14:06:42,6892,1,17.2738839286,-1.47105654762
2012-07-19 14:06:43,6893,1,16.3076636905,-0.966220238095
2012-07-19 14:06:44,6894,1,16.1111607143,-0.196502976191
2012-07-19 14:06:45,6895,1,16.5417410714,0.430580357143
2012-07-19 14:06:46,6896,1,17.1229166667,0.581175595238
2012-07-19 14:06:47,6897,1,17.3439732143,0.221056547619
2012-07-19 14:06:48,6898,1,16.959077381,-0.384895833333
2012-07-19 14:06:49,6899,1,16.0276041667,-0.931473214286
2012-07-19 14:06:50,6900,1,14.707514881,-1.32008928571
2012-07-19 14:06:51,6901,1,13.0671130952,-1.64040178571
2012-07-19 14:06:52,6902,1,11.0847470238,-1.98236607143
2012-07-19 14:06:53,6903,1,8.81272321429,-2.27202380952
2012-07-19 14:06:54,6904,1,6.53303571429,-2.2796875
2012-07-19 14:06:55,6905,1,4.67180059524,-1.86123511905
2012-07-19 14:06:56,6906,1,3.48697916667,-1.18482142857
2012-07-19 14:06:57,6907,1,2.83675595238,-0.650223214286
2012-07-19 14:06:58,6908,1,2.28980654762,-0.546949404762
2012-07-19 14:06:59,6909,1,1.54933035714,-0.740476190476
2012-07-19 14:07:00,6910,1,0.0,-1.54933035714
2012-07-19 14:07:01,6911,1,0.0,0.0
2012-07-19 14:07:02,6912,1,0.0,0.0
2012-07-19 14:07:03,6913,1,0.0,0.0
2012-07-19 14:07:04,6914,1,0.0,0.0
2012-07-19 14:07:05,6915,1,0.0,0.0
