timestamp,cycle_sec,timestep,speed_mph,accel_meters_ps
2012-10-20 13:01:53,0,45996,0.0,0.0
2012-10-20 13:01:54,1,1,3.97795138889,3.97795138889
2012-10-20 13:01:55,2,1,7.29326636905,3.31531498016
2012-10-20 13:01:56,3,1,11.074702381,3.7814360119
2012-10-20 13:01:57,4,1,14.837921627,3.76321924603
2012-10-20 13:01:58,5,1,18.2809771825,3.44305555556
2012-10-20 13:01:59,6,1,21.1697172619,2.88874007937
2012-10-20 13:02:00,7,1,23.3355406746,2.1658234127
2012-10-20 13:02:01,8,1,24.756609623,1.42106894841
2012-10-20 13:02:02,9,1,25.5961309524,0.839521329365
2012-10-20 13:02:03,10,1,26.1181671627,0.522036210317
2012-10-20 13:02:04,11,1,26.5477926587,0.429625496032
2012-10-20 13:02:05,12,1,26.9797619048,0.431969246032
2012-10-20 13:02:06,13,1,27.3491815476,0.369419642857
2012-10-20 13:02:07,14,1,27.4697916667,0.120610119048
2012-10-20 13:02:08,15,1,27.1448660714,-0.324925595238
2012-10-20 13:02:09,16,1,26.298139881,-0.846726190476
2012-10-20 13:02:10,17,1,25.0634672619,-1.23467261905
2012-10-20 13:02:11,18,1,23.7761160714,-1.28735119048
2012-10-20 13:02:12,19,1,22.8380952381,-0.938020833333
2012-10-20 13:02:13,20,1,22.523139881,-0.314955357143
2012-10-20 13:02:14,21,1,22.837797619,0.314657738095
2012-10-20 13:02:15,22,1,23.5355654762,0.697767857143
2012-10-20 13:02:16,23,1,24.2834821429,0.747916666667
2012-10-20 13:02:17,24,1,24.8296875,0.546205357143
2012-10-20 13:02:18,25,1,25.0352678571,0.205580357143
2012-10-20 13:02:19,26,1,24.8070684524,-0.228199404762
2012-10-20 13:02:20,27,1,24.035639881,-0.771428571429
2012-10-20 13:02:21,28,1,22.5997767857,-1.43586309524
2012-10-20 13:02:22,29,1,20.4360119048,-2.16376488095
2012-10-20 13:02:23,30,1,17.6031622024,-2.83284970238
2012-10-20 13:02:24,31,1,14.3016369048,-3.30152529762
2012-10-20 13:02:25,32,1,10.8673363095,-3.43430059524
2012-10-20 13:02:26,33,1,7.73288690476,-3.13444940476
2012-10-20 13:02:27,34,1,5.32429315476,-2.40859375
2012-10-20 13:02:28,35,1,3.85342261905,-1.47087053571
2012-10-20 13:02:29,36,1,3.09438244048,-0.759040178571
2012-10-20 13:02:30,37,1,2.48712797619,-0.607254464286
2012-10-20 13:02:31,38,1,1.71755952381,-0.769568452381
2012-10-20 13:02:32,39,1,0.0,-1.71755952381
2012-10-20 13:02:48,55,16,0.0,0.0
2012-10-20 13:02:49,56,1,3.54360119048,3.54360119048
2012-10-20 13:02:50,57,1,6.1162202381,2.57261904762
2012-10-20 13:02:51,58,1,8.89032738095,2.77410714286
2012-10-20 13:02:52,59,1,11.7726190476,2.88229166667
2012-10-20 13:02:53,60,1,14.9052827381,3.13266369048
2012-10-20 13:02:54,61,1,18.2101190476,3.30483630952
2012-10-20 13:02:55,62,1,21.2953869048,3.08526785714
2012-10-20 13:02:56,63,1,23.7598214286,2.46443452381
2012-10-20 13:02:57,64,1,25.4861607143,1.72633928571
2012-10-20 13:02:58,65,1,26.6372767857,1.15111607143
2012-10-20 13:02:59,66,1,27.4811755952,0.843898809524
2012-10-20 13:03:00,67,1,28.2407738095,0.759598214286
2012-10-20 13:03:01,68,1,29.0021577381,0.761383928571
2012-10-20 13:03:02,69,1,29.7040922619,0.70193452381
2012-10-20 13:03:03,70,1,30.2348214286,0.530729166667
2012-10-20 13:03:04,71,1,30.5360119048,0.30119047619
2012-10-20 13:03:05,72,1,30.609077381,0.0730654761905
2012-10-20 13:03:06,73,1,30.461235119,-0.147842261905
2012-10-20 13:03:07,74,1,30.070014881,-0.391220238095
2012-10-20 13:03:08,75,1,29.40625,-0.663764880952
2012-10-20 13:03:09,76,1,28.5031994048,-0.903050595238
2012-10-20 13:03:10,77,1,27.4787202381,-1.02447916667
2012-10-20 13:03:11,78,1,26.4405505952,-1.03816964286
2012-10-20 13:03:12,79,1,25.3342261905,-1.10632440476
2012-10-20 13:03:13,80,1,23.8550595238,-1.47916666667
2012-10-20 13:03:14,81,1,21.5415178571,-2.31354166667
2012-10-20 13:03:15,82,1,18.1213541667,-3.42016369048
2012-10-20 13:03:16,83,1,13.95625,-4.16510416667
2012-10-20 13:03:17,84,1,10.1479166667,-3.80833333333
2012-10-20 13:03:18,85,1,8.01398809524,-2.13392857143
2012-10-20 13:03:19,86,1,8.265625,0.251636904762
2012-10-20 13:03:20,87,1,10.5912946429,2.32566964286
2012-10-20 13:03:21,88,1,13.971875,3.38058035714
2012-10-20 13:03:22,89,1,17.3816220238,3.40974702381
2012-10-20 13:03:23,90,1,20.2665922619,2.8849702381
2012-10-20 13:03:24,91,1,22.5163690476,2.24977678571
2012-10-20 13:03:25,92,1,24.1892857143,1.67291666667
2012-10-20 13:03:26,93,1,25.3734375,1.18415178571
2012-10-20 13:03:27,94,1,26.1924107143,0.818973214286
2012-10-20 13:03:28,95,1,26.7722470238,0.579836309524
2012-10-20 13:03:29,96,1,27.1698660714,0.397619047619
2012-10-20 13:03:30,97,1,27.3710565476,0.201190476191
2012-10-20 13:03:31,98,1,27.365625,-0.0054315476191
2012-10-20 13:03:32,99,1,27.1969494048,-0.168675595238
2012-10-20 13:03:33,100,1,26.9169642857,-0.279985119048
2012-10-20 13:03:34,101,1,26.5197916667,-0.397172619048
2012-10-20 13:03:35,102,1,25.9613095238,-0.558482142857
2012-10-20 13:03:36,103,1,25.2483630952,-0.712946428571
2012-10-20 13:03:37,104,1,24.4780505952,-0.7703125
2012-10-20 13:03:38,105,1,23.7617559524,-0.716294642857
2012-10-20 13:03:39,106,1,23.1080357143,-0.653720238095
2012-10-20 13:03:40,107,1,22.3723958333,-0.735639880952
2012-10-20 13:03:41,108,1,21.3162946429,-1.05610119048
2012-10-20 13:03:42,109,1,19.739360119,-1.57693452381
2012-10-20 13:03:43,110,1,17.5669642857,-2.17239583333
2012-10-20 13:03:44,111,1,14.8522321429,-2.71473214286
2012-10-20 13:03:45,112,1,11.8108630952,-3.04136904762
2012-10-20 13:03:46,113,1,8.85461309524,-2.95625
2012-10-20 13:03:47,114,1,6.43623511905,-2.41837797619
2012-10-20 13:03:48,115,1,4.78095238095,-1.6552827381
2012-10-20 13:03:49,116,1,3.7302827381,-1.05066964286
2012-10-20 13:03:50,117,1,2.84657738095,-0.883705357143
2012-10-20 13:03:51,118,1,1.87961309524,-0.966964285714
2012-10-20 13:03:52,119,1,0.0,-1.87961309524
