timestamp,cycle_sec,timestep,speed_mph,accel_meters_ps
2012-02-16 15:13:24,0,1,0.0,0.0
2012-02-16 15:13:25,1,1,0.0,0.0
2012-02-16 15:13:26,2,1,0.0,0.0
2012-02-16 15:13:27,3,1,0.0,0.0
2012-02-16 15:13:28,4,1,0.0,0.0
2012-02-16 15:13:29,5,1,0.0,0.0
2012-02-16 15:13:30,6,1,4.32011038882,4.32011038882
2012-02-16 15:13:31,7,1,7.84904308503,3.52893269622
2012-02-16 15:13:32,8,1,11.852497448,4.00345436299
2012-02-16 15:13:33,9,1,15.9565576736,4.10406022555
2012-02-16 15:13:34,10,1,19.8740213882,3.9174637146
2012-02-16 15:13:35,11,1,23.1828966922,3.308875304
2012-02-16 15:13:36,12,1,25.3781134723,2.19521678008
2012-02-16 15:13:37,13,1,26.1192061914,0.741092719175
2012-02-16 15:13:38,14,1,25.3943657408,-0.72484045068
2012-02-16 15:13:39,15,1,23.4681860572,-1.92617968357
2012-02-16 15:13:40,16,1,20.6614047806,-2.80678127663
2012-02-16 15:13:41,17,1,17.1954929619,-3.46591181861
2012-02-16 15:13:42,18,1,13.2878718981,-3.90762106388
2012-02-16 15:13:43,19,1,9.36026773289,-3.92760416518
2012-02-16 15:13:44,20,1,6.12165156287,-3.23861617001
2012-02-16 15:13:45,21,1,4.39352644643,-1.72812511644
2012-02-16 15:13:46,22,1,4.69672579055,0.303199344122
2012-02-16 15:13:47,23,1,6.92180019122,2.22507440067
2012-02-16 15:13:48,24,1,10.4061007924,3.48430060119
2012-02-16 15:13:49,25,1,14.3132436339,3.90714284152
2012-02-16 15:13:50,26,1,17.9859370703,3.67269343638
2012-02-16 15:13:51,27,1,21.0527525625,3.06681549219
2012-02-16 15:13:52,28,1,23.3037942708,2.25104170833
2012-02-16 15:13:53,29,1,24.5579609807,1.25416670982
2012-02-16 15:13:54,30,1,24.6789431369,0.12098215625
2012-02-16 15:13:55,31,1,23.6813984382,-0.997544698661
2012-02-16 15:13:56,32,1,21.8118298571,-1.8695685811
2012-02-16 15:13:57,33,1,19.5616809055,-2.25014895164
2012-02-16 15:13:58,34,1,17.597692753,-1.96398815253
2012-02-16 15:13:59,35,1,16.5598208274,-1.0378719256
2012-02-16 15:14:00,36,1,16.7585561674,0.19873534003
2012-02-16 15:14:01,37,1,17.975371869,1.21681570164
2012-02-16 15:14:02,38,1,19.5508184345,1.57544656548
2012-02-16 15:14:03,39,1,20.7238095409,1.1729911064
2012-02-16 15:14:04,40,1,20.981398782,0.257589241071
2012-02-16 15:14:05,41,1,20.1661457113,-0.815253070684
2012-02-16 15:14:06,42,1,18.3499997872,-1.81614592411
2012-02-16 15:14:07,43,1,15.746800346,-2.60319944122
2012-02-16 15:14:08,44,1,12.7968003497,-2.94999999628
2012-02-16 15:14:09,45,1,10.2088538869,-2.5879464628
2012-02-16 15:14:10,46,1,8.73400256696,-1.47485131994
2012-02-16 15:14:11,47,1,8.78407678869,0.0500742217262
2012-02-16 15:14:12,48,1,10.2351183207,1.45104153199
2012-02-16 15:14:13,49,1,12.6005944792,2.36547615848
2012-02-16 15:14:14,50,1,15.3919635707,2.79136909152
2012-02-16 15:14:15,51,1,18.307439814,2.9154762433
2012-02-16 15:14:16,52,1,21.1376481525,2.83020833854
2012-02-16 15:14:17,53,1,23.6299100052,2.49226185268
2012-02-16 15:14:18,54,1,25.5155498058,1.8856398006
2012-02-16 15:14:19,55,1,26.6131687887,1.09761898289
2012-02-16 15:14:20,56,1,26.8666658132,0.253497024553
2012-02-16 15:14:21,57,1,26.3359367411,-0.530729072173
2012-02-16 15:14:22,58,1,25.1835559591,-1.15238078199
2012-02-16 15:14:23,59,1,23.6062495997,-1.57730635937
2012-02-16 15:14:24,60,1,21.7109372247,-1.895312375
2012-02-16 15:14:25,61,1,19.4826634174,-2.22827380729
2012-02-16 15:14:26,62,1,16.9275293899,-2.55513402753
2012-02-16 15:14:27,63,1,14.2303566726,-2.69717271726
2012-02-16 15:14:28,64,1,11.716815006,-2.51354166667
2012-02-16 15:14:29,65,1,9.64910676935,-2.06770823661
2012-02-16 15:14:30,66,1,8.0991068631,-1.54999990625
2012-02-16 15:14:31,67,1,7.06279733929,-1.03630952381
2012-02-16 15:14:32,68,1,6.6549103497,-0.407886989583
2012-02-16 15:14:33,69,1,7.04441917783,0.389508828125
2012-02-16 15:14:34,70,1,8.13229112054,1.08787194271
2012-02-16 15:14:35,71,1,9.41421070685,1.28191958631
2012-02-16 15:14:36,72,1,10.2730648728,0.858854165923
2012-02-16 15:14:37,73,1,10.396130442,0.123065569196
2012-02-16 15:14:38,74,1,9.89999966667,-0.496130775298
2012-02-16 15:14:39,75,1,9.0997022314,-0.800297435268
2012-02-16 15:14:40,76,1,8.19598207738,-0.903720154018
2012-02-16 15:14:41,77,1,7.15550583854,-1.04047623884
2012-02-16 15:14:42,78,1,5.82008907515,-1.33541676339
2012-02-16 15:14:43,79,1,4.14025272768,-1.67983634747
2012-02-16 15:14:44,80,1,2.42083313839,-1.71941958929
2012-02-16 15:14:45,81,1,0.0,-2.42083313839
2012-02-16 15:20:03,399,318,0.0,0.0
2012-02-16 15:20:04,400,1,3.30483627604,3.30483627604
2012-02-16 15:20:05,401,1,5.75438976042,2.44955348437
2012-02-16 15:20:06,402,1,8.2687497433,2.51435998289
2012-02-16 15:20:07,403,1,10.4311752098,2.16242546652
2012-02-16 15:20:08,404,1,12.0495531362,1.61837792634
2012-02-16 15:20:09,405,1,13.0109371176,0.961383981399
2012-02-16 15:20:10,406,1,13.3223955409,0.311458423363
2012-02-16 15:20:11,407,1,13.170907494,-0.151488046875
2012-02-16 15:20:12,408,1,12.8514134472,-0.319494046875
2012-02-16 15:20:13,409,1,12.6133182009,-0.23809524628
2012-02-16 15:20:14,410,1,12.5102676086,-0.103050592262
2012-02-16 15:20:15,411,1,12.3207586868,-0.189508921875
2012-02-16 15:20:16,412,1,11.6472467731,-0.67351191369
2012-02-16 15:20:17,413,1,10.2341515007,-1.41309527232
2012-02-16 15:20:18,414,1,8.28898776711,-1.94516373363
2012-02-16 15:20:19,415,1,6.47611569717,-1.81287206994
2012-02-16 15:20:20,416,1,5.55788645312,-0.918229244048
2012-02-16 15:20:21,417,1,5.98965718155,0.431770728423
2012-02-16 15:20:22,418,1,7.74791603646,1.75825885491
2012-02-16 15:20:23,419,1,10.4595231734,2.7116071369
2012-02-16 15:20:24,420,1,13.6509666704,3.19144349702
2012-02-16 15:20:25,421,1,16.8569191064,3.20595243601
2012-02-16 15:20:26,422,1,19.6180054449,2.76108633854
2012-02-16 15:20:27,423,1,21.5412197388,1.9232142939
2012-02-16 15:20:28,424,1,22.3558031086,0.814583369792
2012-02-16 15:20:29,425,1,21.8900293854,-0.465773723214
2012-02-16 15:20:30,426,1,20.0999253095,-1.79010407589
2012-02-16 15:20:31,427,1,17.2066217812,-2.89330352827
2012-02-16 15:20:32,428,1,13.8086307091,-3.39799107217
2012-02-16 15:20:33,429,1,10.7875741548,-3.02105655432
2012-02-16 15:20:34,430,1,8.96331821057,-1.8242559442
2012-02-16 15:20:35,431,1,8.73556524033,-0.227752970238
2012-02-16 15:20:36,432,1,10.0076634092,1.2720981689
2012-02-16 15:20:37,433,1,12.391666253,2.38400284375
2012-02-16 15:20:38,434,1,15.4416660722,3.0499998192
2012-02-16 15:20:39,435,1,18.7083326101,3.26666653795
2012-02-16 15:20:40,436,1,21.6642849859,2.95595237574
2012-02-16 15:20:41,437,1,23.7181541287,2.05386914286
2012-02-16 15:20:42,438,1,24.3833328058,0.665178677083
2012-02-16 15:20:43,439,1,23.4791661771,-0.90416662872
2012-02-16 15:20:44,440,1,21.2688982708,-2.21026790625
2012-02-16 15:20:45,441,1,18.4642106786,-2.80468759226
2012-02-16 15:20:46,442,1,16.0271570558,-2.43705362277
2012-02-16 15:20:47,443,1,14.811755317,-1.21540173884
2012-02-16 15:20:48,444,1,15.1965768728,0.384821555804
2012-02-16 15:20:49,445,1,16.8964282091,1.69985133631
2012-02-16 15:20:50,446,1,19.0847467574,2.18831854836
2012-02-16 15:20:51,447,1,20.7703866228,1.68563986533
2012-02-16 15:20:52,448,1,21.1921870893,0.421800466518
2012-02-16 15:20:53,449,1,20.0114577794,-1.1807293099
2012-02-16 15:20:54,450,1,17.3123505945,-2.6991071849
2012-02-16 15:20:55,451,1,13.5559518557,-3.75639873884
2012-02-16 15:20:56,452,1,9.51212754241,-4.04382431324
2012-02-16 15:20:57,453,1,6.14404720201,-3.3680803404
2012-02-16 15:20:58,454,1,4.41473164732,-1.72931555469
2012-02-16 15:20:59,455,1,4.92046069606,0.505729048735
2012-02-16 15:21:00,456,1,7.52507370685,2.60461301079
2012-02-16 15:21:01,457,1,11.3945677455,3.86949403869
2012-02-16 15:21:02,458,1,15.4546124621,4.06004471652
2012-02-16 15:21:03,459,1,18.9142852161,3.45967275409
2012-02-16 15:21:04,460,1,21.5095234509,2.59523823475
2012-02-16 15:21:05,461,1,23.3369788579,1.82745540699
2012-02-16 15:21:06,462,1,24.526264471,1.1892856131
2012-02-16 15:21:07,463,1,25.1168148876,0.590550416667
2012-02-16 15:21:08,464,1,25.1595231265,0.0427082388393
2012-02-16 15:21:09,465,1,24.8149547262,-0.344568400298
2012-02-16 15:21:10,466,1,24.3176333906,-0.497321335565
2012-02-16 15:21:11,467,1,23.8504458921,-0.467187498512
2012-02-16 15:21:12,468,1,23.4568446124,-0.393601279762
2012-02-16 15:21:13,469,1,23.0642850275,-0.392559584821
2012-02-16 15:21:14,470,1,22.5647315089,-0.499553518601
2012-02-16 15:21:15,471,1,21.8569935506,-0.707737958333
2012-02-16 15:21:16,472,1,20.8200145149,-1.03697903571
2012-02-16 15:21:17,473,1,19.2950145647,-1.52499995015
2012-02-16 15:21:18,474,1,17.2139133296,-2.08110123512
2012-02-16 15:21:19,475,1,14.8380947879,-2.37581854167
2012-02-16 15:21:20,476,1,12.8168893408,-2.02120544717
2012-02-16 15:21:21,477,1,11.8807285387,-0.936160802083
2012-02-16 15:21:22,478,1,12.3872760692,0.506547530506
2012-02-16 15:21:23,479,1,14.1252224115,1.73794634226
2012-02-16 15:21:24,480,1,16.5179306875,2.39270827604
2012-02-16 15:21:25,481,1,18.9720973981,2.45416671057
2012-02-16 15:21:26,482,1,21.0681541347,2.09605673661
2012-02-16 15:21:27,483,1,22.5603418973,1.49218776265
2012-02-16 15:21:28,484,1,23.3179313683,0.757589470982
2012-02-16 15:21:29,485,1,23.2941218467,-0.0238095215774
2012-02-16 15:21:30,486,1,22.520981814,-0.773140032738
2012-02-16 15:21:31,487,1,21.0832584182,-1.43772339583
2012-02-16 15:21:32,488,1,19.0693446317,-2.01391378646
2012-02-16 15:21:33,489,1,16.5768595536,-2.49248507813
2012-02-16 15:21:34,490,1,13.7996275618,-2.77723199182
2012-02-16 15:21:35,491,1,11.0881694018,-2.71145815997
2012-02-16 15:21:36,492,1,8.88467247396,-2.20349692783
2012-02-16 15:21:37,493,1,7.54784207366,-1.3368304003
2012-02-16 15:21:38,494,1,7.15215739807,-0.395684675595
2012-02-16 15:21:39,495,1,7.4165917872,0.264434389137
2012-02-16 15:21:40,496,1,7.86882393155,0.452232144345
2012-02-16 15:21:41,497,1,8.11220204613,0.243378114583
2012-02-16 15:21:42,498,1,7.96763373661,-0.144568309524
2012-02-16 15:21:43,499,1,7.41450873661,-0.553125
2012-02-16 15:21:44,500,1,6.46785680804,-0.946651928571
2012-02-16 15:21:45,501,1,5.19114535863,-1.2767114494
2012-02-16 15:21:46,502,1,3.78690428199,-1.40424107664
2012-02-16 15:21:47,503,1,2.56123478125,-1.22566950074
2012-02-16 15:21:48,504,1,1.79122008854,-0.770014692708
2012-02-16 15:21:49,505,1,1.59159220089,-0.199627887649
2012-02-16 15:21:50,506,1,1.81815462054,0.226562419643
2012-02-16 15:21:51,507,1,2.14955324628,0.331398625744
2012-02-16 15:21:52,508,1,2.32522270833,0.175669462054
2012-02-16 15:21:53,509,1,2.27849638467,-0.0467263236607
2012-02-16 15:21:54,510,1,2.09836236756,-0.180134017113
2012-02-16 15:21:55,511,1,1.92343673289,-0.174925634673
2012-02-16 15:21:56,512,1,1.82313915253,-0.100297580357
2012-02-16 15:21:57,513,1,1.77008869345,-0.0530504590774
2012-02-16 15:21:58,514,1,1.72388351935,-0.0462051741071
2012-02-16 15:21:59,515,1,1.65691936347,-0.066964155878
2012-02-16 15:22:00,516,1,1.49858606845,-0.158333295015
2012-02-16 15:22:01,517,1,1.17127953013,-0.327306538318
2012-02-16 15:22:02,518,1,0.77008910119,-0.401190428943
2012-02-16 15:22:03,519,1,0.0,-0.77008910119
