timestamp,cycle_sec,timestep,speed_mph,accel_meters_ps
2012-06-19 07:06:57,0,58389,0.0,0.0
2012-06-19 07:06:58,1,1,1.1959821756,1.1959821756
2012-06-19 07:06:59,2,1,1.81335568973,0.617373514137
2012-06-19 07:07:00,3,1,2.28160340699,0.468247717262
2012-06-19 07:07:01,4,1,2.6809150253,0.399311618304
2012-06-19 07:07:02,5,1,3.26147655952,0.580561534226
2012-06-19 07:07:03,6,1,4.15926278943,0.897786229911
2012-06-19 07:07:04,7,1,5.32226488542,1.16300209598
2012-06-19 07:07:05,8,1,6.59497694717,1.27271206176
2012-06-19 07:07:06,9,1,7.82922187426,1.23424492708
2012-06-19 07:07:07,10,1,8.9498135744,1.12059170015
2012-06-19 07:07:08,11,1,9.95892829167,1.00911471726
2012-06-19 07:07:09,12,1,10.9101932217,0.95126493006
2012-06-19 07:07:10,13,1,11.8541664226,0.943973200893
2012-06-19 07:07:11,14,1,12.746651494,0.892485071428
2012-06-19 07:07:12,15,1,13.4183032321,0.671651738095
2012-06-19 07:07:13,16,1,13.6993300141,0.281026781994
2012-06-19 07:07:14,17,1,13.596279471,-0.103050543155
2012-06-19 07:07:15,18,1,13.3390622894,-0.257217181548
2012-06-19 07:07:16,19,1,13.2509671146,-0.0880951748512
2012-06-19 07:07:17,20,1,13.5365325848,0.285565470238
2012-06-19 07:07:18,21,1,14.1572170164,0.620684431548
2012-06-19 07:07:19,22,1,14.9133180766,0.756101060268
2012-06-19 07:07:20,23,1,15.6332584524,0.719940375744
2012-06-19 07:07:21,24,1,16.2540917515,0.620833299107
2012-06-19 07:07:22,25,1,16.7433775052,0.48928575372
2012-06-19 07:07:23,26,1,16.9973210506,0.253943545387
2012-06-19 07:07:24,27,1,16.8179312634,-0.179389787202
2012-06-19 07:07:25,28,1,15.9734372641,-0.844493999256
2012-06-19 07:07:26,29,1,14.3196426183,-1.65379464583
2012-06-19 07:07:27,30,1,11.9348955476,-2.38474707068
2012-06-19 07:07:28,31,1,9.19724665551,-2.73764889211
2012-06-19 07:07:29,32,1,6.72566917932,-2.47157747619
2012-06-19 07:07:30,33,1,5.14374945238,-1.58191972693
2012-06-19 07:07:31,34,1,4.79910654539,-0.344642906994
2012-06-19 07:07:32,35,1,5.66063929315,0.861532747768
2012-06-19 07:07:33,36,1,7.42559470313,1.76495540997
2012-06-19 07:07:34,37,1,9.71197866369,2.28638396057
2012-06-19 07:07:35,38,1,12.2086304226,2.49665175893
2012-06-19 07:07:36,39,1,14.7064726257,2.49784220312
2012-06-19 07:07:37,40,1,17.0730648452,2.36659221949
2012-06-19 07:07:38,41,1,19.2463535342,2.17328868899
2012-06-19 07:07:39,42,1,21.1979904747,1.95163694048
2012-06-19 07:07:40,43,1,22.8676333876,1.66964291295
2012-06-19 07:07:41,44,1,24.1563239345,1.28869054687
2012-06-19 07:07:42,45,1,24.9854907024,0.829166767857
2012-06-19 07:07:43,46,1,25.352008686,0.366517983631
2012-06-19 07:07:44,47,1,25.3235861615,-0.0284225245536
2012-06-19 07:07:45,48,1,24.9808778266,-0.342708334821
2012-06-19 07:07:46,49,1,24.3633926064,-0.617485220238
2012-06-19 07:07:47,50,1,23.4520829531,-0.911309653274
2012-06-19 07:07:48,51,1,22.182812061,-1.26927089211
2012-06-19 07:07:49,52,1,20.4856395022,-1.69717255878
2012-06-19 07:07:50,53,1,18.3494789211,-2.1361605811
2012-06-19 07:07:51,54,1,15.8782736577,-2.47120526339
2012-06-19 07:07:52,55,1,13.2645831451,-2.61369051265
2012-06-19 07:07:53,56,1,10.6987347857,-2.56584835937
2012-06-19 07:07:54,57,1,8.35163643452,-2.34709835119
2012-06-19 07:07:55,58,1,6.4288685372,-1.92276789732
2012-06-19 07:07:56,59,1,5.14129417783,-1.28757435938
2012-06-19 07:07:57,60,1,4.57522280357,-0.566071374256
2012-06-19 07:07:58,61,1,4.55974661012,-0.0154761934524
2012-06-19 07:07:59,62,1,4.64293108259,0.0831844724702
2012-06-19 07:08:00,63,1,4.30922569866,-0.333705383929
2012-06-19 07:08:01,64,1,3.34650254241,-0.96272315625
2012-06-19 07:08:02,65,1,2.0430800506,-1.30342249182
2012-06-19 07:08:03,66,1,0.0,-2.0430800506
2012-06-19 17:01:00,-50757,35577,0.0,0.0
2012-06-19 17:01:01,-50756,1,1.12380902827,1.12380902827
2012-06-19 17:01:02,-50755,1,1.70014815774,0.576339129464
2012-06-19 17:01:03,-50754,1,2.07504186246,0.374893704719
2012-06-19 17:01:04,-50753,1,2.19320733663,0.118165474171
2012-06-19 17:01:05,-50752,1,2.2182463694,0.0250390327735
2012-06-19 17:01:06,-50751,1,2.31034531108,0.0920989416808
2012-06-19 17:01:07,-50750,1,2.50549486363,0.195149552544
2012-06-19 17:01:08,-50749,1,2.73222750914,0.226732645514
2012-06-19 17:01:09,-50748,1,2.88934917985,0.157121670706
2012-06-19 17:01:10,-50747,1,2.91615614456,0.0268069647109
2012-06-19 17:01:11,-50746,1,2.82801473887,-0.0881414056831
2012-06-19 17:01:12,-50745,1,2.68567473508,-0.142340003791
2012-06-19 17:01:13,-50744,1,2.53324761809,-0.152427116993
2012-06-19 17:01:14,-50743,1,2.42114090497,-0.112106713117
2012-06-19 17:01:15,-50742,1,2.492027473,0.0708865680272
2012-06-19 17:01:16,-50741,1,2.9463642889,0.454336815901
2012-06-19 17:01:17,-50740,1,3.88737196173,0.941007672832
2012-06-19 17:01:18,-50739,1,5.23113257355,1.34376061182
2012-06-19 17:01:19,-50738,1,6.73052670504,1.49939413148
2012-06-19 17:01:20,-50737,1,8.09452547906,1.36399877402
2012-06-19 17:01:21,-50736,1,9.16659188616,1.0720664071
2012-06-19 17:01:22,-50735,1,9.98162169494,0.81502980878
2012-06-19 17:01:23,-50734,1,10.6593002604,0.677678565476
2012-06-19 17:01:24,-50733,1,11.3135413289,0.654241068452
2012-06-19 17:01:25,-50732,1,12.0183032753,0.704761946429
2012-06-19 17:01:26,-50731,1,12.7732140707,0.754910795387
2012-06-19 17:01:27,-50730,1,13.5095236979,0.736309627232
2012-06-19 17:01:28,-50729,1,14.144121994,0.634598296131
2012-06-19 17:01:29,-50728,1,14.6242559211,0.480133927083
2012-06-19 17:01:30,-50727,1,14.9516367865,0.327380865327
2012-06-19 17:01:31,-50726,1,15.1895831138,0.237946327381
2012-06-19 17:01:32,-50725,1,15.4264878333,0.236904719494
2012-06-19 17:01:33,-50724,1,15.7095979948,0.283110161458
2012-06-19 17:01:34,-50723,1,16.0173361912,0.307738196428
2012-06-19 17:01:35,-50722,1,16.293973183,0.276636991816
2012-06-19 17:01:36,-50721,1,16.4981398497,0.204166666667
2012-06-19 17:01:37,-50720,1,16.6183778579,0.120238008185
2012-06-19 17:01:38,-50719,1,16.6504462091,0.0320683511905
2012-06-19 17:01:39,-50718,1,16.5604164062,-0.0900298028274
2012-06-19 17:01:40,-50717,1,16.2819938333,-0.278422572917
2012-06-19 17:01:41,-50716,1,15.7698659509,-0.51212788244
2012-06-19 17:01:42,-50715,1,15.041741,-0.728124950893
2012-06-19 17:01:43,-50714,1,14.1418153557,-0.899925644345
2012-06-19 17:01:44,-50713,1,13.0697914524,-1.07202390327
2012-06-19 17:01:45,-50712,1,11.7784223586,-1.29136909375
2012-06-19 17:01:46,-50711,1,10.2831098996,-1.49531245908
2012-06-19 17:01:47,-50710,1,8.78087785937,-1.50223204018
2012-06-19 17:01:48,-50709,1,7.61949402455,-1.16138383482
2012-06-19 17:01:49,-50708,1,7.12172617188,-0.497767852679
2012-06-19 17:01:50,-50707,1,7.40781235863,0.286086186756
2012-06-19 17:01:51,-50706,1,8.33035677381,0.922544415179
2012-06-19 17:01:52,-50705,1,9.57120471801,1.2408479442
2012-06-19 17:01:53,-50704,1,10.8280497321,1.25684501414
2012-06-19 17:01:54,-50703,1,11.9296121481,1.10156241592
2012-06-19 17:01:55,-50702,1,12.8284217589,0.898809610863
2012-06-19 17:01:56,-50701,1,13.5376481362,0.709226377232
2012-06-19 17:01:57,-50700,1,14.0688239174,0.53117578125
2012-06-19 17:01:58,-50699,1,14.4151038088,0.346279891369
2012-06-19 17:01:59,-50698,1,14.5898806376,0.174776828869
2012-06-19 17:02:00,-50697,1,14.652082971,0.0622023333333
2012-06-19 17:02:01,-50696,1,14.6692703765,0.017187405506
2012-06-19 17:02:02,-50695,1,14.6627226682,-0.0065477083333
2012-06-19 17:02:03,-50694,1,14.5914428534,-0.0712798147322
2012-06-19 17:02:04,-50693,1,14.3820678564,-0.209374997024
2012-06-19 17:02:05,-50692,1,13.9798357634,-0.402232093006
2012-06-19 17:02:06,-50691,1,13.3881691711,-0.591666592262
2012-06-19 17:02:07,-50690,1,12.6732139182,-0.714955252976
2012-06-19 17:02:08,-50689,1,11.9281247626,-0.745089155506
2012-06-19 17:02:09,-50688,1,11.2206843735,-0.707440389137
2012-06-19 17:02:10,-50687,1,10.5697914769,-0.650892896577
2012-06-19 17:02:11,-50686,1,9.97038656473,-0.599404912202
2012-06-19 17:02:12,-50685,1,9.43318404762,-0.537202517113
2012-06-19 17:02:13,-50684,1,8.98839237723,-0.444791670387
2012-06-19 17:02:14,-50683,1,8.63824370908,-0.350148668155
2012-06-19 17:02:15,-50682,1,8.30327365662,-0.334970052455
2012-06-19 17:02:16,-50681,1,7.83422612574,-0.469047530878
2012-06-19 17:02:17,-50680,1,7.1034968936,-0.730729232143
2012-06-19 17:02:18,-50679,1,6.10163663765,-1.00186025595
2012-06-19 17:02:19,-50678,1,4.96175559263,-1.13988104501
2012-06-19 17:02:20,-50677,1,3.90267818824,-1.05907740439
2012-06-19 17:02:21,-50676,1,3.12113055618,-0.781547632068
2012-06-19 17:02:22,-50675,1,2.66822872247,-0.452901833705
2012-06-19 17:02:23,-50674,1,2.3764875997,-0.291741122768
2012-06-19 17:02:24,-50673,1,1.96034179092,-0.41614580878
2012-06-19 17:02:25,-50672,1,1.32139102902,-0.638950761905
2012-06-19 17:02:26,-50671,1,0.0,-1.32139102902
