timestamp,cycle_sec,timestep,speed_mph,accel_meters_ps
2012-12-17 11:52:53,0,1,0.0,0.0
2012-12-17 11:52:54,1,1,0.0,0.0
2012-12-17 11:52:55,2,1,0.0,0.0
2012-12-17 11:52:56,3,1,0.0,0.0
2012-12-17 11:52:57,4,1,0.0,0.0
2012-12-17 11:52:58,5,1,0.0,0.0
2012-12-17 11:52:59,6,1,2.50307539683,2.50307539683
2012-12-17 11:53:00,7,1,3.64092261905,1.13784722222
2012-12-17 11:53:01,8,1,4.03199404762,0.391071428571
2012-12-17 11:53:02,9,1,3.67142857143,-0.36056547619
2012-12-17 11:53:03,10,1,3.01376488095,-0.657663690476
2012-12-17 11:53:04,11,1,2.61902281746,-0.394742063492
2012-12-17 11:53:05,12,1,2.93871527778,0.319692460317
2012-12-17 11:53:06,13,1,4.18370535714,1.24499007937
2012-12-17 11:53:07,14,1,6.27529761905,2.0915922619
2012-12-17 11:53:08,15,1,8.91733630952,2.64203869048
2012-12-17 11:53:09,16,1,11.7303571429,2.81302083333
2012-12-17 11:53:10,17,1,14.4135168651,2.68315972222
2012-12-17 11:53:11,18,1,16.8483878968,2.43487103175
2012-12-17 11:53:12,19,1,19.0443452381,2.19595734127
2012-12-17 11:53:13,20,1,21.0225446429,1.97819940476
2012-12-17 11:53:14,21,1,22.7806547619,1.75811011905
2012-12-17 11:53:15,22,1,24.3171130952,1.53645833333
2012-12-17 11:53:16,23,1,25.6427827381,1.32566964286
2012-12-17 11:53:17,24,1,26.7678571429,1.12507440476
2012-12-17 11:53:18,25,1,27.6764136905,0.908556547619
2012-12-17 11:53:19,26,1,28.3055803571,0.629166666667
2012-12-17 11:53:20,27,1,28.5530505952,0.247470238095
2012-12-17 11:53:21,28,1,28.3173363095,-0.235714285714
2012-12-17 11:53:22,29,1,27.5526785714,-0.764657738095
2012-12-17 11:53:23,30,1,26.3040922619,-1.24858630952
2012-12-17 11:53:24,31,1,24.6686755952,-1.63541666667
2012-12-17 11:53:25,32,1,22.6890625,-1.97961309524
2012-12-17 11:53:26,33,1,20.2933779762,-2.39568452381
2012-12-17 11:53:27,34,1,17.368452381,-2.92492559524
2012-12-17 11:53:28,35,1,13.9517857143,-3.41666666667
2012-12-17 11:53:29,36,1,10.4556547619,-3.49613095238
2012-12-17 11:53:30,37,1,7.69032738095,-2.76532738095
2012-12-17 11:53:31,38,1,6.51257440476,-1.17775297619
2012-12-17 11:53:32,39,1,7.34561011905,0.833035714286
2012-12-17 11:53:33,40,1,9.95662202381,2.61101190476
2012-12-17 11:53:34,41,1,13.6146577381,3.65803571429
2012-12-17 11:53:35,42,1,17.5239583333,3.90930059524
2012-12-17 11:53:36,43,1,21.2057291667,3.68177083333
2012-12-17 11:53:37,44,1,24.5271577381,3.32142857143
2012-12-17 11:53:38,45,1,27.494047619,2.96688988095
2012-12-17 11:53:39,46,1,30.084077381,2.5900297619
2012-12-17 11:53:40,47,1,32.2120535714,2.12797619048
2012-12-17 11:53:41,48,1,33.7969494048,1.58489583333
2012-12-17 11:53:42,49,1,34.8351190476,1.03816964286
2012-12-17 11:53:43,50,1,35.3895089286,0.554389880952
2012-12-17 11:53:44,51,1,35.501264881,0.111755952381
2012-12-17 11:53:45,52,1,35.1046875,-0.396577380952
2012-12-17 11:53:46,53,1,34.0398065476,-1.06488095238
2012-12-17 11:53:47,54,1,32.158110119,-1.88169642857
2012-12-17 11:53:48,55,1,29.4290922619,-2.72901785714
2012-12-17 11:53:49,56,1,25.9915922619,-3.4375
2012-12-17 11:53:50,57,1,22.1188244048,-3.87276785714
2012-12-17 11:53:51,58,1,18.1169642857,-4.00186011905
2012-12-17 11:53:52,59,1,14.2532738095,-3.86369047619
2012-12-17 11:53:53,60,1,10.7212797619,-3.53199404762
2012-12-17 11:53:54,61,1,7.59427083333,-3.12700892857
2012-12-17 11:53:55,62,1,4.8640625,-2.73020833333
2012-12-17 11:53:56,63,1,2.65044642857,-2.21361607143
2012-12-17 11:53:57,64,1,0.0,-2.65044642857
2012-12-17 11:54:15,82,18,0.0,0.0
2012-12-17 11:54:16,83,1,2.96703869048,2.96703869048
2012-12-17 11:54:17,84,1,5.46681547619,2.49977678571
2012-12-17 11:54:18,85,1,8.33764880952,2.87083333333
2012-12-17 11:54:19,86,1,11.1169642857,2.77931547619
2012-12-17 11:54:20,87,1,13.5489583333,2.43199404762
2012-12-17 11:54:21,88,1,15.5623511905,2.01339285714
2012-12-17 11:54:22,89,1,17.2447172619,1.68236607143
2012-12-17 11:54:23,90,1,18.8188244048,1.57410714286
2012-12-17 11:54:24,91,1,20.5578125,1.73898809524
2012-12-17 11:54:25,92,1,22.625297619,2.06748511905
2012-12-17 11:54:26,93,1,25.0022321429,2.37693452381
2012-12-17 11:54:27,94,1,27.5484375,2.54620535714
2012-12-17 11:54:28,95,1,30.0873511905,2.53891369048
2012-12-17 11:54:29,96,1,32.4866071429,2.39925595238
2012-12-17 11:54:30,97,1,34.7078125,2.22120535714
2012-12-17 11:54:31,98,1,36.7756696429,2.06785714286
2012-12-17 11:54:32,99,1,38.7136160714,1.93794642857
2012-12-17 11:54:33,100,1,40.5064732143,1.79285714286
2012-12-17 11:54:34,101,1,42.1146577381,1.60818452381
2012-12-17 11:54:35,102,1,43.5206845238,1.40602678571
2012-12-17 11:54:36,103,1,44.7285714286,1.20788690476
2012-12-17 11:54:37,104,1,45.7102678571,0.981696428572
2012-12-17 11:54:38,105,1,46.3959821429,0.685714285714
2012-12-17 11:54:39,106,1,46.7468005952,0.350818452381
2012-12-17 11:54:40,107,1,46.8320684524,0.0852678571429
2012-12-17 11:54:41,108,1,46.8119791667,-0.0200892857143
2012-12-17 11:54:42,109,1,46.8233630952,0.0113839285714
2012-12-17 11:54:43,110,1,46.8861607143,0.0627976190476
2012-12-17 11:54:44,111,1,46.9303571429,0.0441964285714
2012-12-17 11:54:45,112,1,46.9023065476,-0.0280505952381
2012-12-17 11:54:46,113,1,46.8331845238,-0.0691220238095
2012-12-17 11:54:47,114,1,46.8117559524,-0.0214285714285
2012-12-17 11:54:48,115,1,46.8984375,0.086681547619
2012-12-17 11:54:49,116,1,47.0598214286,0.161383928571
2012-12-17 11:54:50,117,1,47.1761160714,0.116294642857
2012-12-17 11:54:51,118,1,47.1098214286,-0.0662946428572
2012-12-17 11:54:52,119,1,46.7811011905,-0.328720238095
2012-12-17 11:54:53,120,1,46.2042410714,-0.576860119048
2012-12-17 11:54:54,121,1,45.4672619048,-0.736979166667
2012-12-17 11:54:55,122,1,44.6488095238,-0.818452380952
2012-12-17 11:54:56,123,1,43.7130208333,-0.935788690476
2012-12-17 11:54:57,124,1,42.4906994048,-1.22232142857
2012-12-17 11:54:58,125,1,40.7973214286,-1.69337797619
2012-12-17 11:54:59,126,1,38.5835565476,-2.21376488095
2012-12-17 11:55:00,127,1,35.9669642857,-2.6165922619
2012-12-17 11:55:01,128,1,33.1116071429,-2.85535714286
2012-12-17 11:55:02,129,1,30.0886904762,-3.02291666667
2012-12-17 11:55:03,130,1,26.8711309524,-3.21755952381
2012-12-17 11:55:04,131,1,23.4334077381,-3.43772321429
2012-12-17 11:55:05,132,1,19.8215029762,-3.6119047619
2012-12-17 11:55:06,133,1,16.1529761905,-3.66852678571
2012-12-17 11:55:07,134,1,12.5626488095,-3.59032738095
2012-12-17 11:55:08,135,1,9.13214285714,-3.43050595238
2012-12-17 11:55:09,136,1,5.93519345238,-3.19694940476
2012-12-17 11:55:10,137,1,3.25617559524,-2.67901785714
2012-12-17 11:55:11,138,1,0.0,-3.25617559524
2012-12-17 11:55:31,158,20,0.0,0.0
2012-12-17 11:55:32,159,1,4.54203869048,4.54203869048
2012-12-17 11:55:33,160,1,8.46636904762,3.92433035714
2012-12-17 11:55:34,161,1,12.9229910714,4.45662202381
2012-12-17 11:55:35,162,1,17.1747767857,4.25178571429
2012-12-17 11:55:36,163,1,20.971875,3.79709821429
2012-12-17 11:55:37,164,1,24.4085565476,3.43668154762
2012-12-17 11:55:38,165,1,27.6101190476,3.2015625
2012-12-17 11:55:39,166,1,30.5822172619,2.97209821429
2012-12-17 11:55:40,167,1,33.2671875,2.6849702381
2012-12-17 11:55:41,168,1,35.6407738095,2.37358630952
2012-12-17 11:55:42,169,1,37.7523809524,2.11160714286
2012-12-17 11:55:43,170,1,39.6908482143,1.9384672619
2012-12-17 11:55:44,171,1,41.5172619048,1.82641369048
2012-12-17 11:55:45,172,1,43.2379464286,1.72068452381
2012-12-17 11:55:46,173,1,44.8283482143,1.59040178571
2012-12-17 11:55:47,174,1,46.2438988095,1.41555059524
2012-12-17 11:55:48,175,1,47.3930803571,1.14918154762
2012-12-17 11:55:49,176,1,48.1680803571,0.775
2012-12-17 11:55:50,177,1,48.565922619,0.397842261905
2012-12-17 11:55:51,178,1,48.7348958333,0.168973214286
2012-12-17 11:55:52,179,1,48.8529761905,0.118080357143
2012-12-17 11:55:53,180,1,48.9700892857,0.117113095238
2012-12-17 11:55:54,181,1,48.9663690476,-0.0037202380953
2012-12-17 11:55:55,182,1,48.6814732143,-0.284895833333
2012-12-17 11:55:56,183,1,48.1188988095,-0.562574404762
2012-12-17 11:55:57,184,1,47.4970982143,-0.621800595238
2012-12-17 11:55:58,185,1,47.0823660714,-0.414732142857
2012-12-17 11:55:59,186,1,47.0037202381,-0.0786458333334
2012-12-17 11:56:00,187,1,47.2061755952,0.202455357143
2012-12-17 11:56:01,188,1,47.5074404762,0.301264880952
2012-12-17 11:56:02,189,1,47.6875744048,0.180133928571
2012-12-17 11:56:03,190,1,47.5754464286,-0.112127976191
2012-12-17 11:56:04,191,1,47.0897321429,-0.485714285714
2012-12-17 11:56:05,192,1,46.2212053571,-0.868526785714
2012-12-17 11:56:06,193,1,44.9845238095,-1.23668154762
2012-12-17 11:56:07,194,1,43.3665922619,-1.61793154762
2012-12-17 11:56:08,195,1,41.3194196429,-2.04717261905
2012-12-17 11:56:09,196,1,38.8243303571,-2.49508928571
2012-12-17 11:56:10,197,1,35.9544642857,-2.86986607143
2012-12-17 11:56:11,198,1,32.8609375,-3.09352678571
2012-12-17 11:56:12,199,1,29.6933035714,-3.16763392857
2012-12-17 11:56:13,200,1,26.521875,-3.17142857143
2012-12-17 11:56:14,201,1,23.3458333333,-3.17604166667
2012-12-17 11:56:15,202,1,20.1691964286,-3.17663690476
2012-12-17 11:56:16,203,1,17.0380208333,-3.13117559524
2012-12-17 11:56:17,204,1,14.0211309524,-3.01688988095
2012-12-17 11:56:18,205,1,11.1832589286,-2.83787202381
2012-12-17 11:56:19,206,1,8.5927827381,-2.59047619048
2012-12-17 11:56:20,207,1,6.40081845238,-2.19196428571
2012-12-17 11:56:21,208,1,4.92663690476,-1.47418154762
2012-12-17 11:56:22,209,1,4.60543154762,-0.321205357143
2012-12-17 11:56:23,210,1,5.75744047619,1.15200892857
2012-12-17 11:56:24,211,1,8.3302827381,2.5728422619
2012-12-17 11:56:25,212,1,11.8537202381,3.5234375
2012-12-17 11:56:26,213,1,15.6707589286,3.81703869048
2012-12-17 11:56:27,214,1,19.2607142857,3.58995535714
2012-12-17 11:56:28,215,1,22.4209821429,3.16026785714
2012-12-17 11:56:29,216,1,25.2005208333,2.77953869048
2012-12-17 11:56:30,217,1,27.703422619,2.50290178571
2012-12-17 11:56:31,218,1,29.9808035714,2.27738095238
2012-12-17 11:56:32,219,1,32.048735119,2.06793154762
2012-12-17 11:56:33,220,1,33.9302827381,1.88154761905
2012-12-17 11:56:34,221,1,35.6703869048,1.74010416667
2012-12-17 11:56:35,222,1,37.3219494048,1.6515625
2012-12-17 11:56:36,223,1,38.9233630952,1.60141369048
2012-12-17 11:56:37,224,1,40.4869047619,1.56354166667
2012-12-17 11:56:38,225,1,41.9933035714,1.50639880952
2012-12-17 11:56:39,226,1,43.402827381,1.40952380952
2012-12-17 11:56:40,227,1,44.6889136905,1.28608630952
2012-12-17 11:56:41,228,1,45.8572916667,1.16837797619
2012-12-17 11:56:42,229,1,46.9337053571,1.07641369048
2012-12-17 11:56:43,230,1,47.9498511905,1.01614583333
2012-12-17 11:56:44,231,1,48.9295386905,0.9796875
2012-12-17 11:56:45,232,1,49.8523809524,0.922842261905
2012-12-17 11:56:46,233,1,50.6293154762,0.77693452381
2012-12-17 11:56:47,234,1,51.1473214286,0.518005952381
2012-12-17 11:56:48,235,1,51.3616815476,0.214360119048
2012-12-17 11:56:49,236,1,51.3498511905,-0.0118303571428
2012-12-17 11:56:50,237,1,51.2680059524,-0.0818452380953
2012-12-17 11:56:51,238,1,51.2338541667,-0.0341517857142
2012-12-17 11:56:52,239,1,51.2344494048,0.000595238095194
2012-12-17 11:56:53,240,1,51.1385416667,-0.0959077380952
2012-12-17 11:56:54,241,1,50.7672619048,-0.371279761905
2012-12-17 11:56:55,242,1,49.9224702381,-0.844791666667
2012-12-17 11:56:56,243,1,48.387797619,-1.53467261905
2012-12-17 11:56:57,244,1,45.9993303571,-2.3884672619
2012-12-17 11:56:58,245,1,42.7860119048,-3.21331845238
2012-12-17 11:56:59,246,1,39.0427083333,-3.74330357143
2012-12-17 11:57:00,247,1,35.222172619,-3.82053571429
2012-12-17 11:57:01,248,1,31.7327380952,-3.48943452381
2012-12-17 11:57:02,249,1,28.8400297619,-2.89270833333
2012-12-17 11:57:03,250,1,26.7222470238,-2.1177827381
2012-12-17 11:57:04,251,1,25.5412202381,-1.18102678571
2012-12-17 11:57:05,252,1,25.4004464286,-0.140773809524
2012-12-17 11:57:06,253,1,26.2336309524,0.833184523809
2012-12-17 11:57:07,254,1,27.7833333333,1.54970238095
2012-12-17 11:57:08,255,1,29.7095982143,1.92626488095
2012-12-17 11:57:09,256,1,31.6911458333,1.98154761905
2012-12-17 11:57:10,257,1,33.4584821429,1.76733630952
2012-12-17 11:57:11,258,1,34.8586309524,1.40014880952
2012-12-17 11:57:12,259,1,35.9401785714,1.08154761905
2012-12-17 11:57:13,260,1,36.897172619,0.956994047619
2012-12-17 11:57:14,261,1,37.8683779762,0.971205357143
2012-12-17 11:57:15,262,1,38.8006696429,0.932291666667
2012-12-17 11:57:16,263,1,39.5344494048,0.733779761905
2012-12-17 11:57:17,264,1,40.0255952381,0.491145833333
2012-12-17 11:57:18,265,1,40.4319940476,0.406398809524
2012-12-17 11:57:19,266,1,40.9223214286,0.490327380952
2012-12-17 11:57:20,267,1,41.4245535714,0.502232142857
2012-12-17 11:57:21,268,1,41.6395089286,0.214955357143
2012-12-17 11:57:22,269,1,41.3191220238,-0.320386904762
2012-12-17 11:57:23,270,1,40.4974702381,-0.821651785714
2012-12-17 11:57:24,271,1,39.4695684524,-1.02790178571
2012-12-17 11:57:25,272,1,38.5935267857,-0.876041666667
2012-12-17 11:57:26,273,1,38.0796875,-0.513839285714
2012-12-17 11:57:27,274,1,37.9040178571,-0.175669642857
2012-12-17 11:57:28,275,1,37.8951636905,-0.00885416666659
2012-12-17 11:57:29,276,1,37.8662946429,-0.0288690476191
2012-12-17 11:57:30,277,1,37.6645833333,-0.201711309524
2012-12-17 11:57:31,278,1,37.1853422619,-0.479241071428
2012-12-17 11:57:32,279,1,36.4025297619,-0.7828125
2012-12-17 11:57:33,280,1,35.4042410714,-0.998288690476
2012-12-17 11:57:34,281,1,34.4222470238,-0.981994047619
2012-12-17 11:57:35,282,1,33.7636160714,-0.658630952381
2012-12-17 11:57:36,283,1,33.6019345238,-0.161681547619
2012-12-17 11:57:37,284,1,33.8273065476,0.22537202381
2012-12-17 11:57:38,285,1,34.1191220238,0.291815476191
2012-12-17 11:57:39,286,1,34.1397321429,0.0206101190476
2012-12-17 11:57:40,287,1,33.7011160714,-0.438616071428
2012-12-17 11:57:41,288,1,32.8366815476,-0.86443452381
2012-12-17 11:57:42,289,1,31.7421130952,-1.09456845238
2012-12-17 11:57:43,290,1,30.6469494048,-1.09516369048
2012-12-17 11:57:44,291,1,29.7363839286,-0.910565476191
2012-12-17 11:57:45,292,1,29.1388392857,-0.597544642857
2012-12-17 11:57:46,293,1,28.915625,-0.223214285714
2012-12-17 11:57:47,294,1,29.0273809524,0.111755952381
2012-12-17 11:57:48,295,1,29.3087053571,0.281324404762
2012-12-17 11:57:49,296,1,29.5125,0.203794642857
2012-12-17 11:57:50,297,1,29.4439732143,-0.0685267857143
2012-12-17 11:57:51,298,1,29.0662202381,-0.37775297619
2012-12-17 11:57:52,299,1,28.434672619,-0.631547619048
2012-12-17 11:57:53,300,1,27.552827381,-0.881845238095
2012-12-17 11:57:54,301,1,26.3878720238,-1.16495535714
2012-12-17 11:57:55,302,1,25.0578869048,-1.32998511905
2012-12-17 11:57:56,303,1,23.9264880952,-1.13139880952
2012-12-17 11:57:57,304,1,23.3959077381,-0.530580357143
2012-12-17 11:57:58,305,1,23.5382440476,0.142336309524
2012-12-17 11:57:59,306,1,23.9469494048,0.408705357143
2012-12-17 11:58:00,307,1,23.976264881,0.0293154761905
2012-12-17 11:58:01,308,1,23.1394345238,-0.836830357143
2012-12-17 11:58:02,309,1,21.3427827381,-1.79665178571
2012-12-17 11:58:03,310,1,18.840327381,-2.50245535714
2012-12-17 11:58:04,311,1,16.0277529762,-2.81257440476
2012-12-17 11:58:05,312,1,13.2523809524,-2.77537202381
2012-12-17 11:58:06,313,1,10.7151785714,-2.53720238095
2012-12-17 11:58:07,314,1,8.44479166667,-2.27038690476
2012-12-17 11:58:08,315,1,6.32738095238,-2.11741071429
2012-12-17 11:58:09,316,1,4.25602678571,-2.07135416667
2012-12-17 11:58:10,317,1,2.40334821429,-1.85267857143
2012-12-17 11:58:11,318,1,0.0,-2.40334821429
2012-12-17 11:58:25,332,14,0.0,0.0
2012-12-17 11:58:26,333,1,3.47827380952,3.47827380952
2012-12-17 11:58:27,334,1,6.24174107143,2.7634672619
2012-12-17 11:58:28,335,1,9.30825892857,3.06651785714
2012-12-17 11:58:29,336,1,12.2283482143,2.92008928571
2012-12-17 11:58:30,337,1,14.7052827381,2.47693452381
2012-12-17 11:58:31,338,1,16.4985863095,1.79330357143
2012-12-17 11:58:32,339,1,17.4895089286,0.990922619048
2012-12-17 11:58:33,340,1,17.7726934524,0.28318452381
2012-12-17 11:58:34,341,1,17.6378720238,-0.134821428571
2012-12-17 11:58:35,342,1,17.4947172619,-0.143154761905
2012-12-17 11:58:36,343,1,17.7502232143,0.255505952381
2012-12-17 11:58:37,344,1,18.589360119,0.839136904762
2012-12-17 11:58:38,345,1,19.8130952381,1.22373511905
2012-12-17 11:58:39,346,1,20.9135416667,1.10044642857
2012-12-17 11:58:40,347,1,21.3344494048,0.420907738095
2012-12-17 11:58:41,348,1,20.7454613095,-0.588988095238
2012-12-17 11:58:42,349,1,19.1518415179,-1.59361979167
2012-12-17 11:58:43,350,1,16.7844401042,-2.36740141369
2012-12-17 11:58:44,351,1,13.9495721726,-2.83486793155
2012-12-17 11:58:45,352,1,11.0002697173,-2.94930245536
2012-12-17 11:58:46,353,1,8.32544642857,-2.67482328869
2012-12-17 11:58:47,354,1,6.23467261905,-2.09077380952
2012-12-17 11:58:48,355,1,4.84144345238,-1.39322916667
2012-12-17 11:58:49,356,1,4.05041852679,-0.791024925595
2012-12-17 11:58:50,357,1,3.62027529762,-0.430143229167
2012-12-17 11:58:51,358,1,3.28779761905,-0.332477678571
2012-12-17 11:58:52,359,1,2.92764136905,-0.36015625
2012-12-17 11:58:53,360,1,2.66468563988,-0.262955729167
2012-12-17 11:58:54,361,1,2.84933035714,0.184644717262
2012-12-17 11:58:55,362,1,3.83318452381,0.983854166667
2012-12-17 11:58:56,363,1,5.66532738095,1.83214285714
2012-12-17 11:58:57,364,1,7.96862909226,2.30330171131
2012-12-17 11:58:58,365,1,10.112406994,2.14377790179
2012-12-17 11:58:59,366,1,11.6022414435,1.4898344494
2012-12-17 11:59:00,367,1,12.4143787202,0.812137276786
2012-12-17 11:59:01,368,1,12.9433779762,0.528999255952
2012-12-17 11:59:02,369,1,13.6223214286,0.678943452381
2012-12-17 11:59:03,370,1,14.6174107143,0.995089285714
2012-12-17 11:59:04,371,1,15.7935267857,1.17611607143
2012-12-17 11:59:05,372,1,16.863764881,1.07023809524
2012-12-17 11:59:06,373,1,17.5712053571,0.707440476191
2012-12-17 11:59:07,374,1,17.759077381,0.18787202381
2012-12-17 11:59:08,375,1,17.3267857143,-0.432291666667
2012-12-17 11:59:09,376,1,16.2189732143,-1.1078125
2012-12-17 11:59:10,377,1,14.5074404762,-1.7115327381
2012-12-17 11:59:11,378,1,12.4679315476,-2.03950892857
2012-12-17 11:59:12,379,1,10.5525297619,-1.91540178571
2012-12-17 11:59:13,380,1,9.24642857143,-1.30610119048
2012-12-17 11:59:14,381,1,8.86197916667,-0.384449404762
2012-12-17 11:59:15,382,1,9.37269345238,0.510714285714
2012-12-17 11:59:16,383,1,10.3867559524,1.0140625
2012-12-17 11:59:17,384,1,11.2872767857,0.900520833333
2012-12-17 11:59:18,385,1,11.5177827381,0.230505952381
2012-12-17 11:59:19,386,1,10.8813244048,-0.636458333333
2012-12-17 11:59:20,387,1,9.61101190476,-1.2703125
2012-12-17 11:59:21,388,1,8.17641369048,-1.43459821429
2012-12-17 11:59:22,389,1,7.04836309524,-1.12805059524
2012-12-17 11:59:23,390,1,6.5525297619,-0.495833333333
2012-12-17 11:59:24,391,1,6.80163690476,0.249107142857
2012-12-17 11:59:25,392,1,7.70037202381,0.898735119048
2012-12-17 11:59:26,393,1,8.99025297619,1.28988095238
2012-12-17 11:59:27,394,1,10.3178571429,1.32760416667
2012-12-17 11:59:28,395,1,11.3551339286,1.03727678571
2012-12-17 11:59:29,396,1,11.9093005952,0.554166666667
2012-12-17 11:59:30,397,1,11.9298363095,0.0205357142857
2012-12-17 11:59:31,398,1,11.4616071429,-0.468229166667
2012-12-17 11:59:32,399,1,10.6255952381,-0.836011904762
2012-12-17 11:59:33,400,1,9.59828869048,-1.02730654762
2012-12-17 11:59:34,401,1,8.54077380952,-1.05751488095
2012-12-17 11:59:35,402,1,7.50766369048,-1.03311011905
2012-12-17 11:59:36,403,1,6.41272321429,-1.09494047619
2012-12-17 11:59:37,404,1,5.10833333333,-1.30438988095
2012-12-17 11:59:38,405,1,3.5646577381,-1.54367559524
2012-12-17 11:59:39,406,1,2.03545386905,-1.52920386905
2012-12-17 11:59:40,407,1,0.0,-2.03545386905
2012-12-17 17:42:30,20977,20570,0.0,0.0
2012-12-17 17:42:31,20978,1,1.40952380952,1.40952380952
2012-12-17 17:42:32,20979,1,2.18820684524,0.778683035714
2012-12-17 17:42:33,20980,1,2.89112723214,0.702920386905
2012-12-17 17:42:34,20981,1,3.66834077381,0.777213541667
2012-12-17 17:42:35,20982,1,4.81460193452,1.14626116071
2012-12-17 17:42:36,20983,1,6.41372767857,1.59912574405
2012-12-17 17:42:37,20984,1,8.29131324405,1.87758556548
2012-12-17 17:42:38,20985,1,10.1675223214,1.87620907738
2012-12-17 17:42:39,20986,1,11.8077938988,1.64027157738
2012-12-17 17:42:40,20987,1,13.0578497024,1.25005580357
2012-12-17 17:42:41,20988,1,13.7738095238,0.715959821429
2012-12-17 17:42:42,20989,1,13.8127232143,0.0389136904762
2012-12-17 17:42:43,20990,1,13.1534970238,-0.659226190476
2012-12-17 17:42:44,20991,1,11.9960565476,-1.15744047619
2012-12-17 17:42:45,20992,1,10.7046130952,-1.29144345238
2012-12-17 17:42:46,20993,1,9.66755952381,-1.03705357143
2012-12-17 17:42:47,20994,1,9.2224702381,-0.445089285714
2012-12-17 17:42:48,20995,1,9.57938988095,0.356919642857
2012-12-17 17:42:49,20996,1,10.6204613095,1.04107142857
2012-12-17 17:42:50,20997,1,11.8026041667,1.18214285714
2012-12-17 17:42:51,20998,1,12.4088541667,0.60625
2012-12-17 17:42:52,20999,1,11.9774553571,-0.431398809524
2012-12-17 17:42:53,21000,1,10.6328125,-1.34464285714
2012-12-17 17:42:54,21001,1,9.11852678571,-1.51428571429
2012-12-17 17:42:55,21002,1,8.38876488095,-0.729761904762
2012-12-17 17:42:56,21003,1,9.03266369048,0.643898809524
2012-12-17 17:42:57,21004,1,11.041889881,2.00922619048
2012-12-17 17:42:58,21005,1,13.9694940476,2.92760416667
2012-12-17 17:42:59,21006,1,17.2091517857,3.2396577381
2012-12-17 17:43:00,21007,1,20.2590029762,3.04985119048
2012-12-17 17:43:01,21008,1,22.8644345238,2.60543154762
2012-12-17 17:43:02,21009,1,24.970610119,2.10617559524
2012-12-17 17:43:03,21010,1,26.6029761905,1.63236607143
2012-12-17 17:43:04,21011,1,27.8075892857,1.20461309524
2012-12-17 17:43:05,21012,1,28.6475446429,0.839955357143
2012-12-17 17:43:06,21013,1,29.1926339286,0.545089285714
2012-12-17 17:43:07,21014,1,29.5002232143,0.307589285714
2012-12-17 17:43:08,21015,1,29.632514881,0.132291666667
2012-12-17 17:43:09,21016,1,29.6667410714,0.0342261904762
2012-12-17 17:43:10,21017,1,29.6457589286,-0.0209821428572
2012-12-17 17:43:11,21018,1,29.5507440476,-0.0950148809524
2012-12-17 17:43:12,21019,1,29.35,-0.200744047619
2012-12-17 17:43:13,21020,1,29.0436755952,-0.306324404762
2012-12-17 17:43:14,21021,1,28.6476190476,-0.396056547619
2012-12-17 17:43:15,21022,1,28.1566220238,-0.490997023809
2012-12-17 17:43:16,21023,1,27.5383184524,-0.618303571429
2012-12-17 17:43:17,21024,1,26.7550595238,-0.783258928571
2012-12-17 17:43:18,21025,1,25.7868303571,-0.968229166667
2012-12-17 17:43:19,21026,1,24.6442708333,-1.14255952381
2012-12-17 17:43:20,21027,1,23.3657738095,-1.27849702381
2012-12-17 17:43:21,21028,1,22.0344494048,-1.33132440476
2012-12-17 17:43:22,21029,1,20.8521577381,-1.18229166667
2012-12-17 17:43:23,21030,1,20.1426339286,-0.709523809524
2012-12-17 17:43:24,21031,1,20.1520089286,0.009375
2012-12-17 17:43:25,21032,1,20.8186755952,0.666666666667
2012-12-17 17:43:26,21033,1,21.7758184524,0.957142857143
2012-12-17 17:43:27,21034,1,22.5826636905,0.806845238095
2012-12-17 17:43:28,21035,1,22.9662202381,0.383556547619
2012-12-17 17:43:29,21036,1,22.8758184524,-0.0904017857142
2012-12-17 17:43:30,21037,1,22.3400297619,-0.535788690476
2012-12-17 17:43:31,21038,1,21.3188988095,-1.02113095238
2012-12-17 17:43:32,21039,1,19.7598214286,-1.55907738095
2012-12-17 17:43:33,21040,1,17.8091517857,-1.95066964286
2012-12-17 17:43:34,21041,1,15.8947916667,-1.91436011905
2012-12-17 17:43:35,21042,1,14.5694940476,-1.32529761905
2012-12-17 17:43:36,21043,1,14.278125,-0.291369047619
2012-12-17 17:43:37,21044,1,15.175,0.896875
2012-12-17 17:43:38,21045,1,17.0646577381,1.8896577381
2012-12-17 17:43:39,21046,1,19.5212797619,2.45662202381
2012-12-17 17:43:40,21047,1,22.0867559524,2.56547619048
2012-12-17 17:43:41,21048,1,24.4183035714,2.33154761905
2012-12-17 17:43:42,21049,1,26.3520833333,1.9337797619
2012-12-17 17:43:43,21050,1,27.8747767857,1.52269345238
2012-12-17 17:43:44,21051,1,29.0443452381,1.16956845238
2012-12-17 17:43:45,21052,1,29.9354910714,0.891145833333
2012-12-17 17:43:46,21053,1,30.6203869048,0.684895833333
2012-12-17 17:43:47,21054,1,31.1494791667,0.529092261905
2012-12-17 17:43:48,21055,1,31.5295386905,0.380059523809
2012-12-17 17:43:49,21056,1,31.7313244048,0.201785714286
2012-12-17 17:43:50,21057,1,31.7322172619,0.000892857142901
2012-12-17 17:43:51,21058,1,31.5548363095,-0.177380952381
2012-12-17 17:43:52,21059,1,31.260639881,-0.294196428571
2012-12-17 17:43:53,21060,1,30.8915922619,-0.369047619048
2012-12-17 17:43:54,21061,1,30.421875,-0.469717261905
2012-12-17 17:43:55,21062,1,29.7988839286,-0.622991071429
2012-12-17 17:43:56,21063,1,29.031547619,-0.767336309524
2012-12-17 17:43:57,21064,1,28.1996279762,-0.831919642857
2012-12-17 17:43:58,21065,1,27.3609375,-0.838690476191
2012-12-17 17:43:59,21066,1,26.4618303571,-0.899107142857
2012-12-17 17:44:00,21067,1,25.3568452381,-1.10498511905
2012-12-17 17:44:01,21068,1,23.9381696429,-1.41867559524
2012-12-17 17:44:02,21069,1,22.2552083333,-1.68296130952
2012-12-17 17:44:03,21070,1,20.5176339286,-1.73757440476
2012-12-17 17:44:04,21071,1,18.9984375,-1.51919642857
2012-12-17 17:44:05,21072,1,17.898139881,-1.10029761905
2012-12-17 17:44:06,21073,1,17.2392857143,-0.658854166667
2012-12-17 17:44:07,21074,1,16.8691964286,-0.370089285714
2012-12-17 17:44:08,21075,1,16.565625,-0.303571428571
2012-12-17 17:44:09,21076,1,16.2019345238,-0.363690476191
2012-12-17 17:44:10,21077,1,15.9066220238,-0.2953125
2012-12-17 17:44:11,21078,1,16.0441964286,0.137574404762
2012-12-17 17:44:12,21079,1,16.9779761905,0.933779761905
2012-12-17 17:44:13,21080,1,18.8350446429,1.85706845238
2012-12-17 17:44:14,21081,1,21.4375744048,2.6025297619
2012-12-17 17:44:15,21082,1,24.4157738095,2.97819940476
2012-12-17 17:44:16,21083,1,27.423139881,3.00736607143
2012-12-17 17:44:17,21084,1,30.2729166667,2.84977678571
2012-12-17 17:44:18,21085,1,32.9254464286,2.6525297619
2012-12-17 17:44:19,21086,1,35.4099702381,2.48452380952
2012-12-17 17:44:20,21087,1,37.7427083333,2.33273809524
2012-12-17 17:44:21,21088,1,39.8967261905,2.15401785714
2012-12-17 17:44:22,21089,1,41.8375744048,1.94084821429
2012-12-17 17:44:23,21090,1,43.5514136905,1.71383928571
2012-12-17 17:44:24,21091,1,45.0310267857,1.47961309524
2012-12-17 17:44:25,21092,1,46.2354910714,1.20446428571
2012-12-17 17:44:26,21093,1,47.0686011905,0.833110119048
2012-12-17 17:44:27,21094,1,47.4485119048,0.379910714286
2012-12-17 17:44:28,21095,1,47.4224702381,-0.0260416666667
2012-12-17 17:44:29,21096,1,47.1854910714,-0.236979166667
2012-12-17 17:44:30,21097,1,46.9774553571,-0.208035714286
2012-12-17 17:44:31,21098,1,46.9526785714,-0.0247767857143
2012-12-17 17:44:32,21099,1,47.1172619048,0.164583333333
2012-12-17 17:44:33,21100,1,47.3662202381,0.248958333333
2012-12-17 17:44:34,21101,1,47.5675595238,0.201339285714
2012-12-17 17:44:35,21102,1,47.6232142857,0.0556547619048
2012-12-17 17:44:36,21103,1,47.4896577381,-0.133556547619
2012-12-17 17:44:37,21104,1,47.173735119,-0.315922619048
2012-12-17 17:44:38,21105,1,46.7175595238,-0.456175595238
2012-12-17 17:44:39,21106,1,46.1845238095,-0.533035714286
2012-12-17 17:44:40,21107,1,45.651860119,-0.532663690476
2012-12-17 17:44:41,21108,1,45.184375,-0.467485119048
2012-12-17 17:44:42,21109,1,44.7696428571,-0.414732142857
2012-12-17 17:44:43,21110,1,44.2709821429,-0.498660714286
2012-12-17 17:44:44,21111,1,43.470610119,-0.80037202381
2012-12-17 17:44:45,21112,1,42.1767857143,-1.29382440476
2012-12-17 17:44:46,21113,1,40.3095982143,-1.8671875
2012-12-17 17:44:47,21114,1,37.921875,-2.38772321429
2012-12-17 17:44:48,21115,1,35.1561755952,-2.76569940476
2012-12-17 17:44:49,21116,1,32.1696428571,-2.9865327381
2012-12-17 17:44:50,21117,1,29.0677827381,-3.10186011905
2012-12-17 17:44:51,21118,1,25.8524553571,-3.21532738095
2012-12-17 17:44:52,21119,1,22.4145089286,-3.43794642857
2012-12-17 17:44:53,21120,1,18.6310267857,-3.78348214286
2012-12-17 17:44:54,21121,1,14.5108630952,-4.12016369048
2012-12-17 17:44:55,21122,1,10.26875,-4.24211309524
2012-12-17 17:44:56,21123,1,6.31614583333,-3.95260416667
2012-12-17 17:44:57,21124,1,3.23794642857,-3.07819940476
2012-12-17 17:44:58,21125,1,0.0,-3.23794642857
2012-12-17 17:45:44,21171,46,0.0,0.0
2012-12-17 17:45:45,21172,1,5.46197916667,5.46197916667
2012-12-17 17:45:46,21173,1,9.88095238095,4.41897321429
2012-12-17 17:45:47,21174,1,14.6999255952,4.81897321429
2012-12-17 17:45:48,21175,1,19.205952381,4.50602678571
2012-12-17 17:45:49,21176,1,23.1944196429,3.9884672619
2012-12-17 17:45:50,21177,1,26.7418154762,3.54739583333
2012-12-17 17:45:51,21178,1,29.8895833333,3.14776785714
2012-12-17 17:45:52,21179,1,32.5398809524,2.65029761905
2012-12-17 17:45:53,21180,1,34.601860119,2.06197916667
2012-12-17 17:45:54,21181,1,36.149702381,1.5478422619
2012-12-17 17:45:55,21182,1,37.428125,1.27842261905
2012-12-17 17:45:56,21183,1,38.709077381,1.28095238095
2012-12-17 17:45:57,21184,1,40.1078125,1.39873511905
2012-12-17 17:45:58,21185,1,41.5235863095,1.41577380952
2012-12-17 17:45:59,21186,1,42.7438244048,1.22023809524
2012-12-17 17:46:00,21187,1,43.5995535714,0.855729166667
2012-12-17 17:46:01,21188,1,44.0617559524,0.462202380952
2012-12-17 17:46:02,21189,1,44.2136904762,0.15193452381
2012-12-17 17:46:03,21190,1,44.154389881,-0.0593005952381
2012-12-17 17:46:04,21191,1,43.9718005952,-0.182589285714
2012-12-17 17:46:05,21192,1,43.776860119,-0.194940476191
2012-12-17 17:46:06,21193,1,43.6914434524,-0.0854166666667
2012-12-17 17:46:07,21194,1,43.7734375,0.0819940476191
2012-12-17 17:46:08,21195,1,43.9379464286,0.164508928571
2012-12-17 17:46:09,21196,1,43.9707589286,0.0328125
2012-12-17 17:46:10,21197,1,43.6821428571,-0.288616071428
2012-12-17 17:46:11,21198,1,43.0776785714,-0.604464285714
2012-12-17 17:46:12,21199,1,42.363764881,-0.713913690476
2012-12-17 17:46:13,21200,1,41.7869791667,-0.576785714286
2012-12-17 17:46:14,21201,1,41.4767857143,-0.310193452381
2012-12-17 17:46:15,21202,1,41.3961309524,-0.0806547619047
2012-12-17 17:46:16,21203,1,41.3821428571,-0.0139880952382
2012-12-17 17:46:17,21204,1,41.2476190476,-0.134523809524
2012-12-17 17:46:18,21205,1,40.9063244048,-0.341294642857
2012-12-17 17:46:19,21206,1,40.4477678571,-0.458556547619
2012-12-17 17:46:20,21207,1,40.0792410714,-0.368526785714
2012-12-17 17:46:21,21208,1,39.9482142857,-0.131026785714
2012-12-17 17:46:22,21209,1,40.0095982143,0.0613839285714
2012-12-17 17:46:23,21210,1,40.0685267857,0.0589285714286
2012-12-17 17:46:24,21211,1,39.9558035714,-0.112723214286
2012-12-17 17:46:25,21212,1,39.6860863095,-0.269717261905
2012-12-17 17:46:26,21213,1,39.4460565476,-0.240029761905
2012-12-17 17:46:27,21214,1,39.4334077381,-0.0126488095238
2012-12-17 17:46:28,21215,1,39.719047619,0.285639880952
2012-12-17 17:46:29,21216,1,40.2173363095,0.498288690476
2012-12-17 17:46:30,21217,1,40.7701636905,0.552827380952
2012-12-17 17:46:31,21218,1,41.2952380952,0.525074404762
2012-12-17 17:46:32,21219,1,41.8486607143,0.553422619048
2012-12-17 17:46:33,21220,1,42.5542410714,0.705580357143
2012-12-17 17:46:34,21221,1,43.4865327381,0.932291666667
2012-12-17 17:46:35,21222,1,44.561235119,1.07470238095
2012-12-17 17:46:36,21223,1,45.5279761905,0.966741071429
2012-12-17 17:46:37,21224,1,46.1427827381,0.614806547619
2012-12-17 17:46:38,21225,1,46.3583333333,0.215550595238
2012-12-17 17:46:39,21226,1,46.3287202381,-0.0296130952381
2012-12-17 17:46:40,21227,1,46.2592261905,-0.069494047619
2012-12-17 17:46:41,21228,1,46.2432291667,-0.0159970238095
2012-12-17 17:46:42,21229,1,46.2061755952,-0.0370535714286
2012-12-17 17:46:43,21230,1,46.021875,-0.184300595238
2012-12-17 17:46:44,21231,1,45.690625,-0.33125
2012-12-17 17:46:45,21232,1,45.378422619,-0.312202380952
2012-12-17 17:46:46,21233,1,45.2982886905,-0.0801339285714
2012-12-17 17:46:47,21234,1,45.5773809524,0.279092261905
2012-12-17 17:46:48,21235,1,46.1960565476,0.618675595238
2012-12-17 17:46:49,21236,1,46.9935267857,0.797470238095
2012-12-17 17:46:50,21237,1,47.7400297619,0.74650297619
2012-12-17 17:46:51,21238,1,48.2616071429,0.521577380952
2012-12-17 17:46:52,21239,1,48.5279017857,0.266294642857
2012-12-17 17:46:53,21240,1,48.6280505952,0.100148809524
2012-12-17 17:46:54,21241,1,48.6670386905,0.0389880952381
2012-12-17 17:46:55,21242,1,48.6805803571,0.0135416666667
2012-12-17 17:46:56,21243,1,48.6510416667,-0.0295386904762
2012-12-17 17:46:57,21244,1,48.589360119,-0.0616815476191
2012-12-17 17:46:58,21245,1,48.55,-0.0393601190476
2012-12-17 17:46:59,21246,1,48.5523065476,0.0023065476191
2012-12-17 17:47:00,21247,1,48.5304315476,-0.021875
2012-12-17 17:47:01,21248,1,48.3839285714,-0.146502976191
2012-12-17 17:47:02,21249,1,48.062202381,-0.321726190476
2012-12-17 17:47:03,21250,1,47.5897321429,-0.472470238095
2012-12-17 17:47:04,21251,1,47.0074404762,-0.582291666667
2012-12-17 17:47:05,21252,1,46.2671130952,-0.740327380952
2012-12-17 17:47:06,21253,1,45.1652529762,-1.10186011905
2012-12-17 17:47:07,21254,1,43.4122767857,-1.75297619048
2012-12-17 17:47:08,21255,1,40.8086309524,-2.60364583333
2012-12-17 17:47:09,21256,1,37.3700892857,-3.43854166667
2012-12-17 17:47:10,21257,1,33.3154017857,-4.0546875
2012-12-17 17:47:11,21258,1,28.9720238095,-4.34337797619
2012-12-17 17:47:12,21259,1,24.704985119,-4.26703869048
2012-12-17 17:47:13,21260,1,20.9238095238,-3.78117559524
2012-12-17 17:47:14,21261,1,18.096577381,-2.82723214286
2012-12-17 17:47:15,21262,1,16.6711309524,-1.42544642857
2012-12-17 17:47:16,21263,1,16.9053571429,0.234226190476
2012-12-17 17:47:17,21264,1,18.7037946429,1.7984375
2012-12-17 17:47:18,21265,1,21.613764881,2.9099702381
2012-12-17 17:47:19,21266,1,25.0087797619,3.39501488095
2012-12-17 17:47:20,21267,1,28.3023065476,3.29352678571
2012-12-17 17:47:21,21268,1,31.098139881,2.79583333333
2012-12-17 17:47:22,21269,1,33.2420386905,2.14389880952
2012-12-17 17:47:23,21270,1,34.7300595238,1.48802083333
2012-12-17 17:47:24,21271,1,35.5929315476,0.86287202381
2012-12-17 17:47:25,21272,1,35.8877232143,0.294791666667
2012-12-17 17:47:26,21273,1,35.7105654762,-0.177157738095
2012-12-17 17:47:27,21274,1,35.1385416667,-0.572023809524
2012-12-17 17:47:28,21275,1,34.1661458333,-0.972395833333
2012-12-17 17:47:29,21276,1,32.7217261905,-1.44441964286
2012-12-17 17:47:30,21277,1,30.7476190476,-1.97410714286
2012-12-17 17:47:31,21278,1,28.2566220238,-2.49099702381
2012-12-17 17:47:32,21279,1,25.3299107143,-2.92671130952
2012-12-17 17:47:33,21280,1,22.1181547619,-3.21175595238
2012-12-17 17:47:34,21281,1,18.8871279762,-3.23102678571
2012-12-17 17:47:35,21282,1,16.0264880952,-2.86063988095
2012-12-17 17:47:36,21283,1,13.9209821429,-2.10550595238
2012-12-17 17:47:37,21284,1,12.7540178571,-1.16696428571
2012-12-17 17:47:38,21285,1,12.4331845238,-0.320833333333
2012-12-17 17:47:39,21286,1,12.7084821429,0.275297619048
2012-12-17 17:47:40,21287,1,13.3728422619,0.664360119048
2012-12-17 17:47:41,21288,1,14.3755208333,1.00267857143
2012-12-17 17:47:42,21289,1,15.7615327381,1.38601190476
2012-12-17 17:47:43,21290,1,17.5276041667,1.76607142857
2012-12-17 17:47:44,21291,1,19.5485119048,2.0209077381
2012-12-17 17:47:45,21292,1,21.5922619048,2.04375
2012-12-17 17:47:46,21293,1,23.3787202381,1.78645833333
2012-12-17 17:47:47,21294,1,24.6849702381,1.30625
2012-12-17 17:47:48,21295,1,25.4417410714,0.756770833333
2012-12-17 17:47:49,21296,1,25.7316220238,0.289880952381
2012-12-17 17:47:50,21297,1,25.7100446429,-0.0215773809524
2012-12-17 17:47:51,21298,1,25.5155505952,-0.194494047619
2012-12-17 17:47:52,21299,1,25.204985119,-0.310565476191
2012-12-17 17:47:53,21300,1,24.740922619,-0.4640625
2012-12-17 17:47:54,21301,1,24.0274553571,-0.713467261905
2012-12-17 17:47:55,21302,1,22.9694196429,-1.05803571429
2012-12-17 17:47:56,21303,1,21.5348214286,-1.43459821429
2012-12-17 17:47:57,21304,1,19.7770089286,-1.7578125
2012-12-17 17:47:58,21305,1,17.7948660714,-1.98214285714
2012-12-17 17:47:59,21306,1,15.6973958333,-2.0974702381
2012-12-17 17:48:00,21307,1,13.6164434524,-2.08095238095
2012-12-17 17:48:01,21308,1,11.6758928571,-1.94055059524
2012-12-17 17:48:02,21309,1,9.86488095238,-1.81101190476
2012-12-17 17:48:03,21310,1,7.97105654762,-1.89382440476
2012-12-17 17:48:04,21311,1,5.77388392857,-2.19717261905
2012-12-17 17:48:05,21312,1,3.46629464286,-2.30758928571
2012-12-17 17:48:06,21313,1,0.0,-3.46629464286
