timestamp,cycle_sec,timestep,speed_mph,accel_meters_ps
2012-03-04 13:27:40,0,66134,0.0,0.0
2012-03-04 13:27:41,1,1,3.80364583333,3.80364583333
2012-03-04 13:27:42,2,1,6.58802083333,2.784375
2012-03-04 13:27:43,3,1,9.50617559524,2.9181547619
2012-03-04 13:27:44,4,1,12.1640625,2.65788690476
2012-03-04 13:27:45,5,1,14.3819196429,2.21785714286
2012-03-04 13:27:46,6,1,16.1013764881,1.71945684524
2012-03-04 13:27:47,7,1,17.4257440476,1.32436755952
2012-03-04 13:27:48,8,1,18.6901041667,1.26436011905
2012-03-04 13:27:49,9,1,20.3260416667,1.6359375
2012-03-04 13:27:50,10,1,22.5361607143,2.21011904762
2012-03-04 13:27:51,11,1,25.1692708333,2.63311011905
2012-03-04 13:27:52,12,1,27.9128720238,2.74360119048
2012-03-04 13:27:53,13,1,30.509077381,2.59620535714
2012-03-04 13:27:54,14,1,32.817485119,2.3084077381
2012-03-04 13:27:55,15,1,34.7861607143,1.96867559524
2012-03-04 13:27:56,16,1,36.4202380952,1.63407738095
2012-03-04 13:27:57,17,1,37.772172619,1.35193452381
2012-03-04 13:27:58,18,1,38.930952381,1.1587797619
2012-03-04 13:27:59,19,1,39.9962053571,1.06525297619
2012-03-04 13:28:00,20,1,41.0484375,1.05223214286
2012-03-04 13:28:01,21,1,42.135639881,1.08720238095
2012-03-04 13:28:02,22,1,43.2939732143,1.15833333333
2012-03-04 13:28:03,23,1,44.5817708333,1.28779761905
2012-03-04 13:28:04,24,1,46.0767113095,1.49494047619
2012-03-04 13:28:05,25,1,47.8319940476,1.7552827381
2012-03-04 13:28:06,26,1,49.8271577381,1.99516369048
2012-03-04 13:28:07,27,1,51.9461309524,2.11897321429
2012-03-04 13:28:08,28,1,54.0172619048,2.07113095238
2012-03-04 13:28:09,29,1,55.9016369048,1.884375
2012-03-04 13:28:10,30,1,57.5511160714,1.64947916667
2012-03-04 13:28:11,31,1,58.9998511905,1.44873511905
2012-03-04 13:28:12,32,1,60.3204613095,1.32061011905
2012-03-04 13:28:13,33,1,61.5697916667,1.24933035714
2012-03-04 13:28:14,34,1,62.7469494048,1.1771577381
2012-03-04 13:28:15,35,1,63.799702381,1.05275297619
2012-03-04 13:28:16,36,1,64.6745535714,0.874851190476
2012-03-04 13:28:17,37,1,65.359077381,0.684523809524
2012-03-04 13:28:18,38,1,65.8824404762,0.523363095238
2012-03-04 13:28:19,39,1,66.2835565476,0.401116071429
2012-03-04 13:28:20,40,1,66.5774553571,0.293898809524
2012-03-04 13:28:21,41,1,66.748735119,0.171279761905
2012-03-04 13:28:22,42,1,66.78125,0.0325148809524
2012-03-04 13:28:23,43,1,66.698735119,-0.0825148809524
2012-03-04 13:28:24,44,1,66.5729166667,-0.125818452381
2012-03-04 13:28:25,45,1,66.4886160714,-0.0843005952381
2012-03-04 13:28:26,46,1,66.5006696429,0.0120535714285
2012-03-04 13:28:27,47,1,66.6151785714,0.114508928571
2012-03-04 13:28:28,48,1,66.8019345238,0.186755952381
2012-03-04 13:28:29,49,1,67.028422619,0.226488095238
2012-03-04 13:28:30,50,1,67.2889136905,0.260491071429
2012-03-04 13:28:31,51,1,67.6053571429,0.316443452381
2012-03-04 13:28:32,52,1,68.0040922619,0.398735119048
2012-03-04 13:28:33,53,1,68.4847470238,0.480654761905
2012-03-04 13:28:34,54,1,69.0026785714,0.517931547619
2012-03-04 13:28:35,55,1,69.487797619,0.485119047619
2012-03-04 13:28:36,56,1,69.8885416667,0.400744047619
2012-03-04 13:28:37,57,1,70.1988095238,0.310267857143
2012-03-04 13:28:38,58,1,70.4465029762,0.247693452381
2012-03-04 13:28:39,59,1,70.6587797619,0.212276785714
2012-03-04 13:28:40,60,1,70.8357886905,0.177008928571
2012-03-04 13:28:41,61,1,70.9554315476,0.119642857143
2012-03-04 13:28:42,62,1,70.9976934524,0.0422619047619
2012-03-04 13:28:43,63,1,70.9589285714,-0.0387648809523
2012-03-04 13:28:44,64,1,70.8482142857,-0.110714285714
2012-03-04 13:28:45,65,1,70.6810267857,-0.1671875
2012-03-04 13:28:46,66,1,70.4831845238,-0.197842261905
2012-03-04 13:28:47,67,1,70.2991815476,-0.18400297619
2012-03-04 13:28:48,68,1,70.1824404762,-0.116741071429
2012-03-04 13:28:49,69,1,70.1571428571,-0.0252976190476
2012-03-04 13:28:50,70,1,70.1820684524,0.0249255952381
2012-03-04 13:28:51,71,1,70.163764881,-0.0183035714286
2012-03-04 13:28:52,72,1,70.0185267857,-0.145238095238
2012-03-04 13:28:53,73,1,69.7291666667,-0.289360119048
2012-03-04 13:28:54,74,1,69.3569940476,-0.372172619048
2012-03-04 13:28:55,75,1,69.0070684524,-0.349925595238
2012-03-04 13:28:56,76,1,68.7625,-0.244568452381
2012-03-04 13:28:57,77,1,68.6264136905,-0.136086309524
2012-03-04 13:28:58,78,1,68.5136160714,-0.112797619048
2012-03-04 13:28:59,79,1,68.2995535714,-0.2140625
2012-03-04 13:29:00,80,1,67.8927827381,-0.406770833333
2012-03-04 13:29:01,81,1,67.2729910714,-0.619791666667
2012-03-04 13:29:02,82,1,66.4807291667,-0.792261904762
2012-03-04 13:29:03,83,1,65.6139136905,-0.866815476191
2012-03-04 13:29:04,84,1,64.8420386905,-0.771875
2012-03-04 13:29:05,85,1,64.3739583333,-0.468080357143
2012-03-04 13:29:06,86,1,64.3607142857,-0.013244047619
2012-03-04 13:29:07,87,1,64.7979166667,0.437202380952
2012-03-04 13:29:08,88,1,65.5199404762,0.722023809524
2012-03-04 13:29:09,89,1,66.31875,0.798809523809
2012-03-04 13:29:10,90,1,67.078422619,0.759672619048
2012-03-04 13:29:11,91,1,67.7938244048,0.715401785714
2012-03-04 13:29:12,92,1,68.4944940476,0.700669642857
2012-03-04 13:29:13,93,1,69.1753720238,0.680877976191
2012-03-04 13:29:14,94,1,69.7854910714,0.610119047619
2012-03-04 13:29:15,95,1,70.265625,0.480133928571
2012-03-04 13:29:16,96,1,70.5892113095,0.323586309524
2012-03-04 13:29:17,97,1,70.7723214286,0.183110119048
2012-03-04 13:29:18,98,1,70.8586309524,0.0863095238095
2012-03-04 13:29:19,99,1,70.8958333333,0.0372023809524
2012-03-04 13:29:20,100,1,70.9141369048,0.0183035714286
2012-03-04 13:29:21,101,1,70.9103422619,-0.0037946428571
2012-03-04 13:29:22,102,1,70.8408482143,-0.0694940476191
2012-03-04 13:29:23,103,1,70.6389136905,-0.201934523809
2012-03-04 13:29:24,104,1,70.2546130952,-0.384300595238
2012-03-04 13:29:25,105,1,69.6801339286,-0.574479166667
2012-03-04 13:29:26,106,1,68.9279761905,-0.752157738095
2012-03-04 13:29:27,107,1,67.9841517857,-0.943824404762
2012-03-04 13:29:28,108,1,66.8063988095,-1.17775297619
2012-03-04 13:29:29,109,1,65.3892113095,-1.4171875
2012-03-04 13:29:30,110,1,63.8136904762,-1.57552083333
2012-03-04 13:29:31,111,1,62.2063244048,-1.60736607143
2012-03-04 13:29:32,112,1,60.6430059524,-1.56331845238
2012-03-04 13:29:33,113,1,59.103422619,-1.53958333333
2012-03-04 13:29:34,114,1,57.5323660714,-1.57105654762
2012-03-04 13:29:35,115,1,55.929985119,-1.60238095238
2012-03-04 13:29:36,116,1,54.3394345238,-1.59055059524
2012-03-04 13:29:37,117,1,52.7317708333,-1.60766369048
2012-03-04 13:29:38,118,1,50.9295386905,-1.80223214286
2012-03-04 13:29:39,119,1,48.7046875,-2.22485119048
2012-03-04 13:29:40,120,1,46.030952381,-2.67373511905
2012-03-04 13:29:41,121,1,43.2616815476,-2.76927083333
2012-03-04 13:29:42,122,1,41.0276041667,-2.23407738095
2012-03-04 13:29:43,123,1,39.9257440476,-1.10186011905
2012-03-04 13:29:44,124,1,40.2177827381,0.292038690476
2012-03-04 13:29:45,125,1,41.7119047619,1.49412202381
2012-03-04 13:29:46,126,1,43.8976934524,2.18578869048
2012-03-04 13:29:47,127,1,46.2113839286,2.31369047619
2012-03-04 13:29:48,128,1,48.2347470238,2.02336309524
2012-03-04 13:29:49,129,1,49.7736607143,1.53891369048
2012-03-04 13:29:50,130,1,50.8310267857,1.05736607143
2012-03-04 13:29:51,131,1,51.4851190476,0.654092261905
2012-03-04 13:29:52,132,1,51.7718005952,0.286681547619
2012-03-04 13:29:53,133,1,51.6793154762,-0.0924851190476
2012-03-04 13:29:54,134,1,51.2328869048,-0.446428571429
2012-03-04 13:29:55,135,1,50.5651785714,-0.667708333333
2012-03-04 13:29:56,136,1,49.8994047619,-0.665773809524
2012-03-04 13:29:57,137,1,49.450297619,-0.449107142857
2012-03-04 13:29:58,138,1,49.3188244048,-0.131473214286
2012-03-04 13:29:59,139,1,49.4601190476,0.141294642857
2012-03-04 13:30:00,140,1,49.7379464286,0.277827380952
2012-03-04 13:30:01,141,1,50.0169642857,0.279017857143
2012-03-04 13:30:02,142,1,50.2373511905,0.220386904762
2012-03-04 13:30:03,143,1,50.4439732143,0.20662202381
2012-03-04 13:30:04,144,1,50.7626488095,0.318675595238
2012-03-04 13:30:05,145,1,51.3281994048,0.565550595238
2012-03-04 13:30:06,146,1,52.2011904762,0.872991071429
2012-03-04 13:30:07,147,1,53.3316964286,1.13050595238
2012-03-04 13:30:08,148,1,54.5813244048,1.24962797619
2012-03-04 13:30:09,149,1,55.7788690476,1.19754464286
2012-03-04 13:30:10,150,1,56.7911458333,1.01227678571
2012-03-04 13:30:11,151,1,57.5480654762,0.756919642857
2012-03-04 13:30:12,152,1,58.0002232143,0.452157738095
2012-03-04 13:30:13,153,1,58.0986607143,0.0984375
2012-03-04 13:30:14,154,1,57.809375,-0.289285714286
2012-03-04 13:30:15,155,1,57.0883184524,-0.721056547619
2012-03-04 13:30:16,156,1,55.8377232143,-1.2505952381
2012-03-04 13:30:17,157,1,53.9219494048,-1.91577380952
2012-03-04 13:30:18,158,1,51.2662202381,-2.65572916667
2012-03-04 13:30:19,159,1,47.9550595238,-3.31116071429
2012-03-04 13:30:20,160,1,44.1992559524,-3.75580357143
2012-03-04 13:30:21,161,1,40.167485119,-4.03177083333
2012-03-04 13:30:22,162,1,35.8499255952,-4.31755952381
2012-03-04 13:30:23,163,1,31.1645089286,-4.68541666667
2012-03-04 13:30:24,164,1,26.273735119,-4.89077380952
2012-03-04 13:30:25,165,1,21.7349702381,-4.53876488095
2012-03-04 13:30:26,166,1,18.2732142857,-3.46175595238
2012-03-04 13:30:27,167,1,16.4290922619,-1.84412202381
2012-03-04 13:30:28,168,1,16.3598214286,-0.0692708333334
2012-03-04 13:30:29,169,1,17.8358630952,1.47604166667
2012-03-04 13:30:30,170,1,20.3537202381,2.51785714286
2012-03-04 13:30:31,171,1,23.2444196429,2.89069940476
2012-03-04 13:30:32,172,1,25.7712053571,2.52678571429
2012-03-04 13:30:33,173,1,27.309672619,1.5384672619
2012-03-04 13:30:34,174,1,27.5422619048,0.232589285714
2012-03-04 13:30:35,175,1,26.4857886905,-1.05647321429
2012-03-04 13:30:36,176,1,24.367485119,-2.11830357143
2012-03-04 13:30:37,177,1,21.5517113095,-2.81577380952
2012-03-04 13:30:38,178,1,18.5571428571,-2.99456845238
2012-03-04 13:30:39,179,1,15.9919642857,-2.56517857143
2012-03-04 13:30:40,180,1,14.3636904762,-1.62827380952
2012-03-04 13:30:41,181,1,13.8613839286,-0.502306547619
2012-03-04 13:30:42,182,1,14.1754464286,0.3140625
2012-03-04 13:30:43,183,1,14.5188244048,0.343377976191
2012-03-04 13:30:44,184,1,14.0066220238,-0.512202380952
2012-03-04 13:30:45,185,1,12.2203869048,-1.78623511905
2012-03-04 13:30:46,186,1,9.54761904762,-2.67276785714
2012-03-04 13:30:47,187,1,6.98020833333,-2.56741071429
2012-03-04 13:30:48,188,1,5.4625,-1.51770833333
2012-03-04 13:30:49,189,1,5.32485119048,-0.137648809524
2012-03-04 13:30:50,190,1,6.2474702381,0.922619047619
2012-03-04 13:30:51,191,1,7.65245535714,1.40498511905
2012-03-04 13:30:52,192,1,9.07879464286,1.42633928571
2012-03-04 13:30:53,193,1,10.271875,1.19308035714
2012-03-04 13:30:54,194,1,11.1453869048,0.873511904762
2012-03-04 13:30:55,195,1,11.8212053571,0.675818452381
2012-03-04 13:30:56,196,1,12.6165922619,0.795386904762
2012-03-04 13:30:57,197,1,13.8319196429,1.21532738095
2012-03-04 13:30:58,198,1,15.4826636905,1.65074404762
2012-03-04 13:30:59,199,1,17.1832589286,1.7005952381
2012-03-04 13:31:00,200,1,18.2869047619,1.10364583333
2012-03-04 13:31:01,201,1,18.2607886905,-0.0261160714286
2012-03-04 13:31:02,202,1,17.0522321429,-1.20855654762
2012-03-04 13:31:03,203,1,15.1332589286,-1.91897321429
2012-03-04 13:31:04,204,1,13.2020089286,-1.93125
2012-03-04 13:31:05,205,1,11.8069196429,-1.39508928571
2012-03-04 13:31:06,206,1,11.1476190476,-0.659300595238
2012-03-04 13:31:07,207,1,11.1186011905,-0.0290178571428
2012-03-04 13:31:08,208,1,11.4498511905,0.33125
2012-03-04 13:31:09,209,1,11.7794642857,0.329613095238
2012-03-04 13:31:10,210,1,11.7422619048,-0.0372023809524
2012-03-04 13:31:11,211,1,11.1995535714,-0.542708333333
2012-03-04 13:31:12,212,1,10.3995535714,-0.8
2012-03-04 13:31:13,213,1,9.78452380952,-0.615029761905
2012-03-04 13:31:14,214,1,9.58444940476,-0.200074404762
2012-03-04 13:31:15,215,1,9.61636904762,0.0319196428572
2012-03-04 13:31:16,216,1,9.47619047619,-0.140178571429
2012-03-04 13:31:17,217,1,8.91510416667,-0.561086309524
2012-03-04 13:31:18,218,1,8.00074404762,-0.914360119048
2012-03-04 13:31:19,219,1,6.8978422619,-1.10290178571
2012-03-04 13:31:20,220,1,5.61339285714,-1.28444940476
2012-03-04 13:31:21,221,1,4.07916666667,-1.53422619048
2012-03-04 13:31:22,222,1,2.43288690476,-1.6462797619
2012-03-04 13:31:23,223,1,0.0,-2.43288690476
2012-03-04 13:31:24,224,1,0.0,0.0
2012-03-04 13:31:25,225,1,0.0,0.0
2012-03-04 13:31:26,226,1,0.0,0.0
2012-03-04 13:31:27,227,1,0.0,0.0
2012-03-04 13:31:28,228,1,0.0,0.0
