timestamp,cycle_sec,timestep,speed_mph,accel_meters_ps
2012-03-21 14:05:38,0,83859,0.0,0.0
2012-03-21 14:05:39,1,1,2.24345221057,2.24345221057
2012-03-21 14:05:40,2,1,3.68400275,1.44055053943
2012-03-21 14:05:41,3,1,4.91324384598,1.22924109598
2012-03-21 14:05:42,4,1,5.67462786533,0.761384019345
2012-03-21 14:05:43,5,1,6.04836303497,0.373735169643
2012-03-21 14:05:44,6,1,6.16227663393,0.113913598958
2012-03-21 14:05:45,7,1,6.08504426935,-0.0772323645833
2012-03-21 14:05:46,8,1,5.90208273363,-0.182961535714
2012-03-21 14:05:47,9,1,5.78474632589,-0.117336407738
2012-03-21 14:05:48,10,1,5.93950829315,0.154761967262
2012-03-21 14:05:49,11,1,6.48348164881,0.543973355655
2012-03-21 14:05:50,12,1,7.38169602679,0.898214377976
2012-03-21 14:05:51,13,1,8.5110858683,1.12938984152
2012-03-21 14:05:52,14,1,9.77046072768,1.25937485937
2012-03-21 14:05:53,15,1,11.1233623817,1.35290165402
2012-03-21 14:05:54,16,1,12.5466510179,1.42328863616
2012-03-21 14:05:55,17,1,13.9534218631,1.40677084524
2012-03-21 14:05:56,18,1,15.1893594107,1.23593754762
2012-03-21 14:05:57,19,1,16.1234368378,0.934077427083
2012-03-21 14:05:58,20,1,16.7383921935,0.614955355655
2012-03-21 14:05:59,21,1,17.1331094055,0.394717212054
2012-03-21 14:06:00,22,1,17.4517105558,0.318601150298
2012-03-21 14:06:01,23,1,17.8005201057,0.348809549851
2012-03-21 14:06:02,24,1,18.2168148504,0.416294744792
2012-03-21 14:06:03,25,1,18.7090768869,0.492262036458
2012-03-21 14:06:04,26,1,19.2795382805,0.570461393601
2012-03-21 14:06:05,27,1,19.8659222158,0.586383935268
2012-03-21 14:06:06,28,1,20.299627558,0.433705342262
2012-03-21 14:06:07,29,1,20.3787198281,0.0790922700893
2012-03-21 14:06:08,30,1,20.0103418475,-0.368377980655
2012-03-21 14:06:09,31,1,19.3241810893,-0.686160758184
2012-03-21 14:06:10,32,1,18.6585560484,-0.665625040923
2012-03-21 14:06:11,33,1,18.3622762842,-0.296279764137
2012-03-21 14:06:12,34,1,18.578570933,0.216294648809
2012-03-21 14:06:13,35,1,19.2267851734,0.648214240327
2012-03-21 14:06:14,36,1,20.0991065037,0.872321330357
2012-03-21 14:06:15,37,1,20.9445677612,0.845461257441
2012-03-21 14:06:16,38,1,21.5637642879,0.619196526786
2012-03-21 14:06:17,39,1,21.86852641,0.304762122024
2012-03-21 14:06:18,40,1,21.8860117128,0.0174853028274
2012-03-21 14:06:19,41,1,21.7540921124,-0.131919600446
2012-03-21 14:06:20,42,1,21.6520831265,-0.102008985863
2012-03-21 14:06:21,43,1,21.6761902292,0.0241071026786
2012-03-21 14:06:22,44,1,21.7961307374,0.119940508184
2012-03-21 14:06:23,45,1,21.9167409107,0.120610173363
2012-03-21 14:06:24,46,1,21.934002817,0.01726190625
2012-03-21 14:06:25,47,1,21.7415176473,-0.192485169643
2012-03-21 14:06:26,48,1,21.2760414174,-0.465476229911
2012-03-21 14:06:27,49,1,20.6028271339,-0.673214283482
2012-03-21 14:06:28,50,1,19.8967259516,-0.706101182292
2012-03-21 14:06:29,51,1,19.3249253088,-0.571800642857
2012-03-21 14:06:30,52,1,18.9790918504,-0.345833458333
2012-03-21 14:06:31,53,1,18.8796125409,-0.0994793095238
2012-03-21 14:06:32,54,1,19.0034963884,0.12388384747
2012-03-21 14:06:33,55,1,19.3116065037,0.308110115327
2012-03-21 14:06:34,56,1,19.7348952366,0.423288732887
2012-03-21 14:06:35,57,1,20.1816958958,0.446800659226
2012-03-21 14:06:36,58,1,20.6464281109,0.46473221503
2012-03-21 14:06:37,59,1,21.2546126897,0.608184578869
2012-03-21 14:06:38,60,1,22.1104906689,0.855877979167
2012-03-21 14:06:39,61,1,23.1313983504,1.02090768155
2012-03-21 14:06:40,62,1,24.054538151,0.923139800595
2012-03-21 14:06:41,63,1,24.5921125045,0.537574353423
2012-03-21 14:06:42,64,1,24.615922029,0.0238095245536
2012-03-21 14:06:43,65,1,24.2595976406,-0.356324388393
2012-03-21 14:06:44,66,1,23.8540172701,-0.405580370536
2012-03-21 14:06:45,67,1,23.6755202054,-0.178497064732
2012-03-21 14:06:46,68,1,23.7313237336,0.0558035282739
2012-03-21 14:06:47,69,1,23.8418891964,0.110565462798
2012-03-21 14:06:48,70,1,23.8767106793,0.0348214828869
2012-03-21 14:06:49,71,1,23.8796869918,0.0029763125
2012-03-21 14:06:50,72,1,24.0189728437,0.139285851934
2012-03-21 14:06:51,73,1,24.3868300796,0.367857235863
2012-03-21 14:06:52,74,1,24.8712051079,0.484375028274
2012-03-21 14:06:53,75,1,25.3075146369,0.436309529018
2012-03-21 14:06:54,76,1,25.6823658631,0.37485122619
2012-03-21 14:06:55,77,1,26.1116069836,0.429241120536
2012-03-21 14:06:56,78,1,26.685714125,0.574107141369
2012-03-21 14:06:57,79,1,27.3444938311,0.658779706101
2012-03-21 14:06:58,80,1,27.8585562924,0.514062461309
2012-03-21 14:06:59,81,1,27.9810265662,0.12247027381
2012-03-21 14:07:00,82,1,27.6395088036,-0.341517762649
2012-03-21 14:07:01,83,1,26.9703868705,-0.669121933036
2012-03-21 14:07:02,84,1,26.2174851317,-0.752901738839
2012-03-21 14:07:03,85,1,25.5858631131,-0.631622018601
2012-03-21 14:07:04,86,1,25.1520089003,-0.433854212798
2012-03-21 14:07:05,87,1,24.9209819903,-0.23102690997
2012-03-21 14:07:06,88,1,24.8997020476,-0.0212799427084
2012-03-21 14:07:07,89,1,25.063615564,0.163913516369
2012-03-21 14:07:08,90,1,25.3075142418,0.243898677827
2012-03-21 14:07:09,91,1,25.4458326071,0.138318365327
2012-03-21 14:07:10,92,1,25.2801331682,-0.165699438988
2012-03-21 14:07:11,93,1,24.7316957046,-0.548437463542
2012-03-21 14:07:12,94,1,23.9276035402,-0.804092164435
2012-03-21 14:07:13,95,1,23.1636155454,-0.763987994792
2012-03-21 14:07:14,96,1,22.7741810595,-0.389434485863
2012-03-21 14:07:15,97,1,22.967186968,0.193005908482
2012-03-21 14:07:16,98,1,23.7273059226,0.760118954613
2012-03-21 14:07:17,99,1,24.8607879777,1.13348205506
2012-03-21 14:07:18,100,1,26.1132432865,1.25245530878
2012-03-21 14:07:19,101,1,27.2595230454,1.14627975893
2012-03-21 14:07:20,102,1,28.1463534509,0.886830405506
2012-03-21 14:07:21,103,1,28.701710686,0.555357235119
2012-03-21 14:07:22,104,1,28.9203119643,0.218601278274
2012-03-21 14:07:23,105,1,28.851562006,-0.0687499583333
2012-03-21 14:07:24,106,1,28.5970977262,-0.254464279762
2012-03-21 14:07:25,107,1,28.2840768817,-0.313020844494
2012-03-21 14:07:26,108,1,28.0198655379,-0.26421134375
2012-03-21 14:07:27,109,1,27.8710559643,-0.148809573661
2012-03-21 14:07:28,110,1,27.8630202068,-0.0080357574405
2012-03-21 14:07:29,111,1,27.9867552842,0.123735077381
2012-03-21 14:07:30,112,1,28.2190468973,0.232291613095
2012-03-21 14:07:31,113,1,28.5352670967,0.316220199405
2012-03-21 14:07:32,114,1,28.9079605841,0.372693487351
2012-03-21 14:07:33,115,1,29.3111601287,0.403199544643
2012-03-21 14:07:34,116,1,29.7160710253,0.404910896577
2012-03-21 14:07:35,117,1,30.0752973103,0.35922628497
2012-03-21 14:07:36,118,1,30.3430055863,0.267708276042
2012-03-21 14:07:37,119,1,30.521874494,0.178868907738
2012-03-21 14:07:38,120,1,30.6659964256,0.144121931548
2012-03-21 14:07:39,121,1,30.8482881317,0.182291706101
2012-03-21 14:07:40,122,1,31.1199400595,0.271651927827
2012-03-21 14:07:41,123,1,31.4380205521,0.31808049256
2012-03-21 14:07:42,124,1,31.6590771466,0.221056594494
2012-03-21 14:07:43,125,1,31.6778270967,0.0187499501488
2012-03-21 14:07:44,126,1,31.5282734286,-0.149553668155
2012-03-21 14:07:45,127,1,31.3165918266,-0.211681601935
2012-03-21 14:07:46,128,1,31.0922615193,-0.224330307292
2012-03-21 14:07:47,129,1,30.787276529,-0.304984990327
2012-03-21 14:07:48,130,1,30.3056546429,-0.481621886161
2012-03-21 14:07:49,131,1,29.6959821205,-0.609672522321
2012-03-21 14:07:50,132,1,29.1828125104,-0.513169610119
2012-03-21 14:07:51,133,1,28.9890624725,-0.193750037947
2012-03-21 14:07:52,134,1,29.1331100037,0.14404753125
2012-03-21 14:07:53,135,1,29.3994789583,0.266368954613
2012-03-21 14:07:54,136,1,29.4835562612,0.0840773028274
2012-03-21 14:07:55,137,1,29.1442704561,-0.33928580506
2012-03-21 14:07:56,138,1,28.27916616,-0.865104296131
2012-03-21 14:07:57,139,1,26.9615320945,-1.31763406548
2012-03-21 14:07:58,140,1,25.4462790625,-1.51525303199
2012-03-21 14:07:59,141,1,24.1125738051,-1.33370525744
2012-03-21 14:08:00,142,1,23.3162942693,-0.796279535714
2012-03-21 14:08:01,143,1,23.1953123497,-0.120981919643
2012-03-21 14:08:02,144,1,23.6026785179,0.407366168155
2012-03-21 14:08:03,145,1,24.2438987016,0.64122018378
2012-03-21 14:08:04,146,1,24.8537199896,0.609821287946
2012-03-21 14:08:05,147,1,25.2718002113,0.418080221726
2012-03-21 14:08:06,148,1,25.4229162329,0.151116021577
2012-03-21 14:08:07,149,1,25.2726186719,-0.150297561012
2012-03-21 14:08:08,150,1,24.8488836406,-0.42373503125
2012-03-21 14:08:09,151,1,24.3043151964,-0.544568444196
2012-03-21 14:08:10,152,1,23.8937496317,-0.410565564732
2012-03-21 14:08:11,153,1,23.8421870275,-0.0515626041666
2012-03-21 14:08:12,154,1,24.1949399658,0.352752938244
2012-03-21 14:08:13,155,1,24.7909221563,0.595982190476
2012-03-21 14:08:14,156,1,25.4033478371,0.612425680804
2012-03-21 14:08:15,157,1,25.8641365774,0.460788740327
2012-03-21 14:08:16,158,1,26.0593746734,0.195238095982
2012-03-21 14:08:17,159,1,25.8985859829,-0.160788690476
2012-03-21 14:08:18,160,1,25.2837794345,-0.614806548363
2012-03-21 14:08:19,161,1,24.117112718,-1.16666671652
2012-03-21 14:08:20,162,1,22.428050131,-1.68906258705
2012-03-21 14:08:21,163,1,20.4651036496,-1.9629464814
2012-03-21 14:08:22,164,1,18.6369042835,-1.82819936607
2012-03-21 14:08:23,165,1,17.3814728765,-1.25543140699
2012-03-21 14:08:24,166,1,16.9845980618,-0.396874814732
2012-03-21 14:08:25,167,1,17.4464285461,0.461830484375
2012-03-21 14:08:26,168,1,18.5036458155,1.05721726935
2012-03-21 14:08:27,169,1,19.7190475067,1.21540169122
2012-03-21 14:08:28,170,1,20.6297616496,0.910714142857
2012-03-21 14:08:29,171,1,20.9613091369,0.331547487351
2012-03-21 14:08:30,172,1,20.7282733676,-0.233035769345
2012-03-21 14:08:31,173,1,20.1636156845,-0.564657683036
2012-03-21 14:08:32,174,1,19.5923360528,-0.571279631696
2012-03-21 14:08:33,175,1,19.3255951176,-0.266740935268
2012-03-21 14:08:34,176,1,19.6011904472,0.275595329613
2012-03-21 14:08:35,177,1,20.5096726265,0.908482179316
2012-03-21 14:08:36,178,1,21.914508942,1.40483631548
2012-03-21 14:08:37,179,1,23.5316964345,1.61718749256
2012-03-21 14:08:38,180,1,25.110863061,1.57916662649
2012-03-21 14:08:39,181,1,26.5166665484,1.40580348735
2012-03-21 14:08:40,182,1,27.7258926421,1.20922609375
2012-03-21 14:08:41,183,1,28.74345209,1.01755944792
2012-03-21 14:08:42,184,1,29.4620532314,0.718601141369
2012-03-21 14:08:43,185,1,29.7092258155,0.247172584077
2012-03-21 14:08:44,186,1,29.4545382723,-0.254687543155
2012-03-21 14:08:45,187,1,28.8520084554,-0.602529816964
2012-03-21 14:08:46,188,1,28.1236602106,-0.728348244792
2012-03-21 14:08:47,189,1,27.4833328638,-0.640327346726
2012-03-21 14:08:48,190,1,27.0844490283,-0.398883835566
2012-03-21 14:08:49,191,1,26.971874721,-0.112574307292
2012-03-21 14:08:50,192,1,27.113243808,0.141369087054
2012-03-21 14:08:51,193,1,27.4594491205,0.3462053125
2012-03-21 14:08:52,194,1,27.923362721,0.463913600446
2012-03-21 14:08:53,195,1,28.3432287359,0.419866014881
2012-03-21 14:08:54,196,1,28.5627971994,0.219568463542
2012-03-21 14:08:55,197,1,28.5355651012,-0.0272320982143
2012-03-21 14:08:56,198,1,28.3046127582,-0.230952343006
2012-03-21 14:08:57,199,1,27.9359371749,-0.368675583333
2012-03-21 14:08:58,200,1,27.4828121667,-0.453125008185
2012-03-21 14:08:59,201,1,26.937722881,-0.545089285714
2012-03-21 14:09:00,202,1,26.2234371763,-0.714285704613
2012-03-21 14:09:01,203,1,25.2832585982,-0.940178578125
2012-03-21 14:09:02,204,1,24.1685264152,-1.11473218304
2012-03-21 14:09:03,205,1,23.0174102574,-1.15111615774
2012-03-21 14:09:04,206,1,21.9682286057,-1.04918165179
2012-03-21 14:09:05,207,1,21.1075142865,-0.860714319197
2012-03-21 14:09:06,208,1,20.4722465112,-0.635267775298
2012-03-21 14:09:07,209,1,20.0680055751,-0.404240936012
2012-03-21 14:09:08,210,1,19.8840026987,-0.184002876488
2012-03-21 14:09:09,211,1,19.8948658274,0.0108631287203
2012-03-21 14:09:10,212,1,20.0619789219,0.167113094494
2012-03-21 14:09:11,213,1,20.3620533311,0.300074409226
2012-03-21 14:09:12,214,1,20.7996277388,0.437574407738
2012-03-21 14:09:13,215,1,21.3610116183,0.561383879464
2012-03-21 14:09:14,216,1,21.9762644695,0.61525285119
2012-03-21 14:09:15,217,1,22.5471720647,0.570907595238
2012-03-21 14:09:16,218,1,23.0010410327,0.453868968006
2012-03-21 14:09:17,219,1,23.3209815104,0.319940477679
2012-03-21 14:09:18,220,1,23.5485857158,0.227604205357
2012-03-21 14:09:19,221,1,23.7683029963,0.219717280506
2012-03-21 14:09:20,222,1,24.0669636957,0.298660699405
2012-03-21 14:09:21,223,1,24.4525291711,0.385565475447
2012-03-21 14:09:22,224,1,24.7679310082,0.315401837053
2012-03-21 14:09:23,225,1,24.7075888251,-0.0603421830357
2012-03-21 14:09:24,226,1,23.979166256,-0.728422569196
2012-03-21 14:09:25,227,1,22.524329942,-1.45483631399
2012-03-21 14:09:26,228,1,20.6639132664,-1.8604166756
2012-03-21 14:09:27,229,1,18.9768597448,-1.68705352158
2012-03-21 14:09:28,230,1,17.9098955424,-1.06696420238
2012-03-21 14:09:29,231,1,17.5414432083,-0.368452334077
2012-03-21 14:09:30,232,1,17.7268598757,0.185416667411
2012-03-21 14:09:31,233,1,18.306398558,0.579538682292
2012-03-21 14:09:32,234,1,19.1838539167,0.877455358631
2012-03-21 14:09:33,235,1,20.3209818943,1.13712797768
2012-03-21 14:09:34,236,1,21.6323658162,1.31138392188
2012-03-21 14:09:35,237,1,22.9434521317,1.31108631548
2012-03-21 14:09:36,238,1,24.1250742031,1.18162207143
2012-03-21 14:09:37,239,1,25.1484373534,1.0233631503
2012-03-21 14:09:38,240,1,25.9919641004,0.843526747024
2012-03-21 14:09:39,241,1,26.6340770097,0.642112909226
2012-03-21 14:09:40,242,1,27.1181541332,0.484077123512
2012-03-21 14:09:41,243,1,27.5403265662,0.422172433036
2012-03-21 14:09:42,244,1,28.0029009338,0.46257436756
2012-03-21 14:09:43,245,1,28.5740319449,0.571131011161
2012-03-21 14:09:44,246,1,29.1950885327,0.621056587798
2012-03-21 14:09:45,247,1,29.5803563579,0.385267825149
2012-03-21 14:09:46,248,1,29.2851926131,-0.295163744792
2012-03-21 14:09:47,249,1,28.0069932068,-1.27819940625
2012-03-21 14:09:48,250,1,25.8869039702,-2.12008923661
2012-03-21 14:09:49,251,1,23.4957581711,-2.39114579911
2012-03-21 14:09:50,252,1,21.4908474583,-2.0049107128
2012-03-21 14:09:51,253,1,20.2509665417,-1.23988091667
2012-03-21 14:09:52,254,1,19.7724696473,-0.478496894345
2012-03-21 14:09:53,255,1,19.8305799494,0.0581103020834
2012-03-21 14:09:54,256,1,20.200446157,0.369866207589
2012-03-21 14:09:55,257,1,20.7545384561,0.554092299107
2012-03-21 14:09:56,258,1,21.4299104338,0.675371977679
2012-03-21 14:09:57,259,1,22.1877228423,0.757812408482
2012-03-21 14:09:58,260,1,23.0040173943,0.816294552083
2012-03-21 14:09:59,261,1,23.8355649606,0.83154756622
2012-03-21 14:10:00,262,1,24.6394340045,0.803869043899
2012-03-21 14:10:01,263,1,25.5037941808,0.864360176339
2012-03-21 14:10:02,264,1,26.6302823981,1.12648821726
2012-03-21 14:10:03,265,1,28.049404558,1.41912215997
2012-03-21 14:10:04,266,1,29.4674850067,1.41808044866
2012-03-21 14:10:05,267,1,30.4886160037,1.02113099702
2012-03-21 14:10:06,268,1,30.9319195789,0.443303575149
2012-03-21 14:10:07,269,1,30.9584820216,0.0265624427083
2012-03-21 14:10:08,270,1,30.914508692,-0.0439733296131
2012-03-21 14:10:09,271,1,31.0037942626,0.0892855706845
2012-03-21 14:10:10,272,1,31.1564726935,0.152678430804
2012-03-21 14:10:11,273,1,31.221353567,0.0648808735119
2012-03-21 14:10:12,274,1,31.1838536146,-0.037499952381
2012-03-21 14:10:13,275,1,31.1868299435,0.0029763288691
2012-03-21 14:10:14,276,1,31.3857883683,0.198958424851
2012-03-21 14:10:15,277,1,31.7950889315,0.409300563244
2012-03-21 14:10:16,278,1,32.2770084799,0.481919548363
2012-03-21 14:10:17,279,1,32.6549845878,0.377976107887
2012-03-21 14:10:18,280,1,32.8372761644,0.182291576637
2012-03-21 14:10:19,281,1,32.8721718333,0.0348956688988
2012-03-21 14:10:20,282,1,32.8886150424,0.0164432090774
2012-03-21 14:10:21,283,1,32.9813231801,0.0927081376488
2012-03-21 14:10:22,284,1,33.1639869256,0.182663745536
2012-03-21 14:10:23,285,1,33.403496247,0.239509321429
2012-03-21 14:10:24,286,1,33.6613093021,0.25781305506
2012-03-21 14:10:25,287,1,33.9128721987,0.251562896577
2012-03-21 14:10:26,288,1,34.1584079591,0.245535760417
2012-03-21 14:10:27,289,1,34.4163690283,0.257961069196
2012-03-21 14:10:28,290,1,34.6811008772,0.264731848958
2012-03-21 14:10:29,291,1,34.8600442046,0.178943327381
2012-03-21 14:10:30,292,1,34.7319192917,-0.128124912946
2012-03-21 14:10:31,293,1,33.9897319397,-0.742187351935
2012-03-21 14:10:32,294,1,32.4281992552,-1.56153268452
2012-03-21 14:10:33,295,1,30.1819938504,-2.24620540476
2012-03-21 14:10:34,296,1,27.7507437708,-2.43125007961
2012-03-21 14:10:35,297,1,25.7164430848,-2.03430068601
2012-03-21 14:10:36,298,1,24.4136899821,-1.30275310268
2012-03-21 14:10:37,299,1,23.838689808,-0.575000174107
2012-03-21 14:10:38,300,1,23.816814622,-0.0218751860119
2012-03-21 14:10:39,301,1,24.2279752143,0.411160592262
2012-03-21 14:10:40,302,1,25.0580347307,0.830059516369
2012-03-21 14:10:41,303,1,26.2681538661,1.21011913542
2012-03-21 14:10:42,304,1,27.6914426949,1.42328882887
2012-03-21 14:10:43,305,1,29.0778267909,1.38638409598
2012-03-21 14:10:44,306,1,30.2142853043,1.13645851339
2012-03-21 14:10:45,307,1,30.9647318988,0.750446594494
2012-03-21 14:10:46,308,1,31.1595236972,0.194791798363
2012-03-21 14:10:47,309,1,30.5068452106,-0.652678486607
2012-03-21 14:10:48,310,1,28.7462053631,-1.76063984747
2012-03-21 14:10:49,311,1,25.9696428653,-2.77656249777
2012-03-21 14:10:50,312,1,22.7987351272,-3.1709077381
2012-03-21 14:10:51,313,1,20.1752232187,-2.62351190848
2012-03-21 14:10:52,314,1,18.8369791324,-1.33824408631
2012-03-21 14:10:53,315,1,18.9023808341,0.0654017016369
2012-03-21 14:10:54,316,1,19.9278271644,1.02544633036
2012-03-21 14:10:55,317,1,21.2800592262,1.35223206176
2012-03-21 14:10:56,318,1,22.401562154,1.12150292783
2012-03-21 14:10:57,319,1,22.8779014397,0.476339285714
2012-03-21 14:10:58,320,1,22.5061752976,-0.371726142113
2012-03-21 14:10:59,321,1,21.4103420454,-1.09583325223
2012-03-21 14:11:00,322,1,20.0468748817,-1.36346716369
2012-03-21 14:11:01,323,1,19.026636872,-1.02023800967
2012-03-21 14:11:02,324,1,18.8337053683,-0.19293150372
2012-03-21 14:11:03,325,1,19.5687500126,0.735044644345
2012-03-21 14:11:04,326,1,20.9163690201,1.34761900744
2012-03-21 14:11:05,327,1,22.4220980952,1.50572907515
2012-03-21 14:11:06,328,1,23.7764134405,1.35431534524
2012-03-21 14:11:07,329,1,24.862053189,1.08563974851
2012-03-21 14:11:08,330,1,25.7200888095,0.858035620536
2012-03-21 14:11:09,331,1,26.474627471,0.754538661458
2012-03-21 14:11:10,332,1,27.1461304807,0.671503009673
2012-03-21 14:11:11,333,1,27.5897317314,0.443601250744
2012-03-21 14:11:12,334,1,27.6663686771,0.0766369456845
2012-03-21 14:11:13,335,1,27.3680799814,-0.298288695685
2012-03-21 14:11:14,336,1,26.7664430379,-0.601636943452
2012-03-21 14:11:15,337,1,25.9113090945,-0.855133943452
2012-03-21 14:11:16,338,1,24.7660710543,-1.14523804018
2012-03-21 14:11:17,339,1,23.2610860268,-1.50498502753
2012-03-21 14:11:18,340,1,21.5118301243,-1.74925590253
2012-03-21 14:11:19,341,1,19.9608628222,-1.55096730208
2012-03-21 14:11:20,342,1,19.1619043579,-0.798958464286
2012-03-21 14:11:21,343,1,19.390847631,0.228943273066
2012-03-21 14:11:22,344,1,20.5032730536,1.11242542262
2012-03-21 14:11:23,345,1,22.0886895818,1.58541652827
2012-03-21 14:11:24,346,1,23.6607133073,1.57202372545
2012-03-21 14:11:25,347,1,24.7550585454,1.0943452381
2012-03-21 14:11:26,348,1,25.0035705342,0.248511988839
2012-03-21 14:11:27,349,1,24.2477670997,-0.755803434524
2012-03-21 14:11:28,350,1,22.6593744115,-1.58839268824
2012-03-21 14:11:29,351,1,20.7520829301,-1.9072914814
2012-03-21 14:11:30,352,1,19.1841515461,-1.56793138393
2012-03-21 14:11:31,353,1,18.4406248519,-0.743526694196
2012-03-21 14:11:32,354,1,18.6406248475,0.199999995536
2012-03-21 14:11:33,355,1,19.5856396659,0.945014818452
2012-03-21 14:11:34,356,1,20.9387646257,1.35312495982
2012-03-21 14:11:35,357,1,22.370609901,1.4318452753
2012-03-21 14:11:36,358,1,23.573809407,1.20319950595
2012-03-21 14:11:37,359,1,24.2005952135,0.626785806548
2012-03-21 14:11:38,360,1,23.9072172366,-0.293377976935
2012-03-21 14:11:39,361,1,22.553645686,-1.3535715506
2012-03-21 14:11:40,362,1,20.3875740647,-2.16607162128
2012-03-21 14:11:41,363,1,18.0220232924,-2.36555077232
2012-03-21 14:11:42,364,1,16.1516363051,-1.87038698735
2012-03-21 14:11:43,365,1,15.2029756362,-0.948660668899
2012-03-21 14:11:44,366,1,15.2286453862,0.02566975
2012-03-21 14:11:45,367,1,16.0569192344,0.828273848214
2012-03-21 14:11:46,368,1,17.4441215298,1.38720229539
2012-03-21 14:11:47,369,1,19.1292404442,1.68511891443
2012-03-21 14:11:48,370,1,20.8605647909,1.73132434673
2012-03-21 14:11:49,371,1,22.4300588981,1.56949410714
2012-03-21 14:11:50,372,1,23.7079607746,1.27790187649
2012-03-21 14:11:51,373,1,24.6345232798,0.926562505208
2012-03-21 14:11:52,374,1,25.1440469978,0.509523718006
2012-03-21 14:11:53,375,1,25.1346718966,-0.0093751011905
2012-03-21 14:11:54,376,1,24.5828117411,-0.551860155506
2012-03-21 14:11:55,377,1,23.6692701138,-0.913541627232
2012-03-21 14:11:56,378,1,22.7386154368,-0.930654677083
2012-03-21 14:11:57,379,1,22.1188238616,-0.619791575149
2012-03-21 14:11:58,380,1,21.9501483512,-0.168675510417
2012-03-21 14:11:59,381,1,22.1263389137,0.1761905625
2012-03-21 14:12:00,382,1,22.3489580484,0.222619134673
2012-03-21 14:12:01,383,1,22.2251486042,-0.123809444196
2012-03-21 14:12:02,384,1,21.3827379427,-0.842410661458
2012-03-21 14:12:03,385,1,19.6570682932,-1.72566964955
2012-03-21 14:12:04,386,1,17.3095235945,-2.34754469866
2012-03-21 14:12:05,387,1,15.0364580848,-2.27306550967
2012-03-21 14:12:06,388,1,13.6292408579,-1.40721722693
2012-03-21 14:12:07,389,1,13.5383927031,-0.0908481547619
2012-03-21 14:12:08,390,1,14.6899552009,1.15156249777
2012-03-21 14:12:09,391,1,16.6194937969,1.92953859598
2012-03-21 14:12:10,392,1,18.7805055789,2.16101178199
2012-03-21 14:12:11,393,1,20.8098953988,2.02938981994
2012-03-21 14:12:12,394,1,22.5517852984,1.74188989955
2012-03-21 14:12:13,395,1,23.8854906957,1.33370539732
2012-03-21 14:12:14,396,1,24.631398439,0.745907743304
2012-03-21 14:12:15,397,1,24.6711305409,0.0397321019345
2012-03-21 14:12:16,398,1,24.1156245283,-0.555506012649
2012-03-21 14:12:17,399,1,23.3118298534,-0.803794674851
2012-03-21 14:12:18,400,1,22.6733626272,-0.638467226191
2012-03-21 14:12:19,401,1,22.4578865335,-0.21547609375
2012-03-21 14:12:20,402,1,22.6577378155,0.199851281994
2012-03-21 14:12:21,403,1,23.1056544888,0.447916673363
2012-03-21 14:12:22,404,1,23.6671127247,0.561458235863
2012-03-21 14:12:23,405,1,24.3095232984,0.642410573661
2012-03-21 14:12:24,406,1,25.0547613118,0.745238013393
2012-03-21 14:12:25,407,1,25.9367553981,0.88199408631
2012-03-21 14:12:26,408,1,26.966443,1.02968760193
2012-03-21 14:12:27,409,1,28.0551335223,1.08869052232
2012-03-21 14:12:28,410,1,28.9672614494,0.912127927083
2012-03-21 14:12:29,411,1,29.4379458839,0.470684434524
2012-03-21 14:12:30,412,1,29.4166660699,-0.0212798139881
2012-03-21 14:12:31,413,1,29.1886899122,-0.227976157738
2012-03-21 14:12:32,414,1,29.2061751302,0.0174852180059
2012-03-21 14:12:33,415,1,29.7537943118,0.547619181548
2012-03-21 14:12:34,416,1,30.7449403162,0.991146004464
2012-03-21 14:12:35,417,1,31.8295386734,1.08459835714
2012-03-21 14:12:36,418,1,32.6930059286,0.863467255208
2012-03-21 14:12:37,419,1,33.2417408966,0.548734968006
2012-03-21 14:12:38,420,1,33.5438984918,0.302157595238
2012-03-21 14:12:39,421,1,33.7004461488,0.156547656994
2012-03-21 14:12:40,422,1,33.8128720179,0.112425869048
2012-03-21 14:12:41,423,1,33.9835568728,0.170684854911
2012-03-21 14:12:42,424,1,34.2742564033,0.290699530506
2012-03-21 14:12:43,425,1,34.6820687798,0.407812376488
2012-03-21 14:12:44,426,1,35.1723215253,0.490252745536
2012-03-21 14:12:45,427,1,35.7316962835,0.559374758185
2012-03-21 14:12:46,428,1,36.3857883326,0.654092049107
2012-03-21 14:12:47,429,1,37.1474697753,0.761681442708
2012-03-21 14:12:48,430,1,37.9597466592,0.812276883929
2012-03-21 14:12:49,431,1,38.7239582857,0.764211626488
2012-03-21 14:12:50,432,1,39.3741818847,0.650223598958
2012-03-21 14:12:51,433,1,39.9029767054,0.528794820684
2012-03-21 14:12:52,434,1,40.3301342493,0.427157543899
2012-03-21 14:12:53,435,1,40.6676338237,0.337499574405
2012-03-21 14:12:54,436,1,40.9203120543,0.252678230655
2012-03-21 14:12:55,437,1,41.1076631287,0.187351074405
2012-03-21 14:12:56,438,1,41.2616065551,0.153943426339
2012-03-21 14:12:57,439,1,41.3971719487,0.135565393601
2012-03-21 14:12:58,440,1,41.492484317,0.0953123683036
2012-03-21 14:12:59,441,1,41.4938979092,0.0014135922619
2012-03-21 14:13:00,442,1,41.3368294695,-0.157068439732
2012-03-21 14:13:01,443,1,40.9712789978,-0.365550471726
2012-03-21 14:13:02,444,1,40.3823654516,-0.588913546131
2012-03-21 14:13:03,445,1,39.6036453318,-0.778720119792
2012-03-21 14:13:04,446,1,38.7303567433,-0.873288588542
2012-03-21 14:13:05,447,1,37.9175591741,-0.812797569197
2012-03-21 14:13:06,448,1,37.3276037924,-0.589955381696
2012-03-21 14:13:07,449,1,37.0496275335,-0.277976258929
2012-03-21 14:13:08,450,1,37.0674101615,0.0177826279762
2012-03-21 14:13:09,451,1,37.2873505067,0.219940345238
2012-03-21 14:13:10,452,1,37.5871272455,0.299776738839
2012-03-21 14:13:11,453,1,37.8740321265,0.286904880952
2012-03-21 14:13:12,454,1,38.1214282016,0.247396075149
2012-03-21 14:13:13,455,1,38.3555058051,0.234077603423
2012-03-21 14:13:14,456,1,38.6223213549,0.266815549851
2012-03-21 14:13:15,457,1,38.9464284457,0.324107090774
2012-03-21 14:13:16,458,1,39.3093004621,0.362872016369
2012-03-21 14:13:17,459,1,39.679613099,0.370312636905
2012-03-21 14:13:18,460,1,40.0248513653,0.345238266369
2012-03-21 14:13:19,461,1,40.2928573594,0.268005994048
2012-03-21 14:13:20,462,1,40.4265626257,0.133705266369
2012-03-21 14:13:21,463,1,40.3845238676,-0.0420387581845
2012-03-21 14:13:22,464,1,40.1716519516,-0.212871915923
2012-03-21 14:13:23,465,1,39.8826641257,-0.288987825893
2012-03-21 14:13:24,466,1,39.6563250432,-0.226339082589
2012-03-21 14:13:25,467,1,39.5698665885,-0.0864584546131
2012-03-21 14:13:26,468,1,39.6114583832,0.0415917946428
2012-03-21 14:13:27,469,1,39.7282732909,0.116814907738
2012-03-21 14:13:28,470,1,39.8753711384,0.14709784747
2012-03-21 14:13:29,471,1,40.0421865766,0.166815438244
2012-03-21 14:13:30,472,1,40.2467254189,0.204538842262
2012-03-21 14:13:31,473,1,40.4897315007,0.243006081845
2012-03-21 14:13:32,474,1,40.7183030164,0.228571515625
2012-03-21 14:13:33,475,1,40.8592258088,0.140922792411
2012-03-21 14:13:34,476,1,40.8816219539,0.0223961450892
2012-03-21 14:13:35,477,1,40.807961558,-0.0736603958333
2012-03-21 14:13:36,478,1,40.6784973571,-0.129464200893
2012-03-21 14:13:37,479,1,40.5273810461,-0.151116311012
2012-03-21 14:13:38,480,1,40.385118811,-0.142262235119
2012-03-21 14:13:39,481,1,40.2813984792,-0.103720331845
2012-03-21 14:13:40,482,1,40.2407736957,-0.0406247834822
2012-03-21 14:13:41,483,1,40.2784228393,0.0376491436012
2012-03-21 14:13:42,484,1,40.4029766347,0.124553795387
2012-03-21 14:13:43,485,1,40.6350451176,0.232068482887
2012-03-21 14:13:44,486,1,41.0073664673,0.372321349702
2012-03-21 14:13:45,487,1,41.5139884278,0.506621960565
2012-03-21 14:13:46,488,1,42.0789437604,0.564955332589
2012-03-21 14:13:47,489,1,42.607961567,0.529017806548
2012-03-21 14:13:48,490,1,43.0523810796,0.444419512649
2012-03-21 14:13:49,491,1,43.4097469442,0.357365864583
2012-03-21 14:13:50,492,1,43.6898806704,0.28013372619
2012-03-21 14:13:51,493,1,43.9007436905,0.210863020089
2012-03-21 14:13:52,494,1,44.0644342679,0.163690577381
2012-03-21 14:13:53,495,1,44.2279761295,0.163541861607
2012-03-21 14:13:54,496,1,44.4328125379,0.204836408482
2012-03-21 14:13:55,497,1,44.6686010506,0.235788512649
2012-03-21 14:13:56,498,1,44.8691958772,0.200594826637
2012-03-21 14:13:57,499,1,44.957960401,0.0887645238096
2012-03-21 14:13:58,500,1,44.8973204568,-0.0606399441965
2012-03-21 14:13:59,501,1,44.7074397143,-0.18988074256
2012-03-21 14:14:00,502,1,44.4553566607,-0.252083053571
2012-03-21 14:14:01,503,1,44.2284966801,-0.226859980655
2012-03-21 14:14:02,504,1,44.0942704129,-0.134226267113
2012-03-21 14:14:03,505,1,44.0530499673,-0.0412204456845
2012-03-21 14:14:04,506,1,44.0369038929,-0.0161460744048
2012-03-21 14:14:05,507,1,43.9808024859,-0.056101406994
2012-03-21 14:14:06,508,1,43.875594067,-0.105208418899
2012-03-21 14:14:07,509,1,43.7385406466,-0.137053420387
2012-03-21 14:14:08,510,1,43.5748505134,-0.163690133184
2012-03-21 14:14:09,511,1,43.3834073906,-0.191443122768
2012-03-21 14:14:10,512,1,43.1867557292,-0.196651661458
2012-03-21 14:14:11,513,1,43.0584074598,-0.128348269345
2012-03-21 14:14:12,514,1,43.0828121763,0.0244047165179
2012-03-21 14:14:13,515,1,43.2416663795,0.158854203125
2012-03-21 14:14:14,516,1,43.3720979271,0.130431547619
2012-03-21 14:14:15,517,1,43.2854162545,-0.086681672619
2012-03-21 14:14:16,518,1,42.934820869,-0.350595385417
2012-03-21 14:14:17,519,1,42.4660708743,-0.468749994792
2012-03-21 14:14:18,520,1,42.0971722217,-0.36889865253
2012-03-21 14:14:19,521,1,41.9411455208,-0.156026700893
2012-03-21 14:14:20,522,1,41.9370530796,-0.0040924412202
2012-03-21 14:14:21,523,1,41.9192700112,-0.0177830684524
2012-03-21 14:14:22,524,1,41.7335555878,-0.185714423363
2012-03-21 14:14:23,525,1,41.3118296332,-0.421725954613
2012-03-21 14:14:24,526,1,40.6846722969,-0.62715733631
2012-03-21 14:14:25,527,1,39.9767112009,-0.707961095982
2012-03-21 14:14:26,528,1,39.3895831116,-0.587128089286
2012-03-21 14:14:27,529,1,39.1063238772,-0.283259234375
2012-03-21 14:14:28,530,1,39.1541658601,0.0478419828869
2012-03-21 14:14:29,531,1,39.3831835863,0.22901772619
2012-03-21 14:14:30,532,1,39.5958323728,0.212648786458
2012-03-21 14:14:31,533,1,39.6875734204,0.091741047619
2012-03-21 14:14:32,534,1,39.683853125,-0.0037202953869
2012-03-21 14:14:33,535,1,39.6682281027,-0.0156250223214
2012-03-21 14:14:34,536,1,39.6789424725,0.0107143697916
2012-03-21 14:14:35,537,1,39.6842997961,0.0053573236608
2012-03-21 14:14:36,538,1,39.6467255997,-0.0375741964286
2012-03-21 14:14:37,539,1,39.5802079263,-0.0665176733631
2012-03-21 14:14:38,540,1,39.5557289234,-0.0244790029762
2012-03-21 14:14:39,541,1,39.6708332626,0.115104339286
2012-03-21 14:14:40,542,1,39.9910715119,0.320238249256
2012-03-21 14:14:41,543,1,40.4929316577,0.501860145833
2012-03-21 14:14:42,544,1,41.0651784993,0.572246841518
2012-03-21 14:14:43,545,1,41.5799103363,0.514731837054
2012-03-21 14:14:44,546,1,41.9745529859,0.394642649554
2012-03-21 14:14:45,547,1,42.2826631265,0.308110140625
2012-03-21 14:14:46,548,1,42.599106753,0.316443626488
2012-03-21 14:14:47,549,1,42.9967259792,0.39761922619
2012-03-21 14:14:48,550,1,43.4553570379,0.45863105878
2012-03-21 14:14:49,551,1,43.8807291146,0.425372076637
2012-03-21 14:14:50,552,1,44.1825148929,0.301785778274
2012-03-21 14:14:51,553,1,44.3136161808,0.131101287946
2012-03-21 14:14:52,554,1,44.2670388713,-0.0465773095238
2012-03-21 14:14:53,555,1,44.0732144122,-0.193824459077
2012-03-21 14:14:54,556,1,43.7924106071,-0.280803805059
2012-03-21 14:14:55,557,1,43.500148343,-0.292262264137
2012-03-21 14:14:56,558,1,43.2694932299,-0.230655113095
2012-03-21 14:14:57,559,1,43.1330347113,-0.136458518601
2012-03-21 14:14:58,560,1,43.054165724,-0.0788689873512
2012-03-21 14:14:59,561,1,42.9569932984,-0.0971724255952
2012-03-21 14:15:00,562,1,42.7749249784,-0.182068319941
2012-03-21 14:15:01,563,1,42.4618297485,-0.313095229911
2012-03-21 14:15:02,564,1,41.9937493333,-0.468080415179
2012-03-21 14:15:03,565,1,41.3860111853,-0.607738148065
2012-03-21 14:15:04,566,1,40.7025290499,-0.683482135417
2012-03-21 14:15:05,567,1,40.0602672217,-0.642261828125
2012-03-21 14:15:06,568,1,39.625073872,-0.435193349702
2012-03-21 14:15:07,569,1,39.5475441868,-0.0775296852678
2012-03-21 14:15:08,570,1,39.8587049077,0.311160720982
2012-03-21 14:15:09,571,1,40.426413186,0.567708278274
2012-03-21 14:15:10,572,1,41.0127226942,0.586309508184
2012-03-21 14:15:11,573,1,41.4053567292,0.39263403497
2012-03-21 14:15:12,574,1,41.5477676138,0.142410884673
2012-03-21 14:15:13,575,1,41.5436754516,-0.0040921622024
2012-03-21 14:15:14,576,1,41.5227676659,-0.0209077857143
2012-03-21 14:15:15,577,1,41.51406216,-0.0087055059524
2012-03-21 14:15:16,578,1,41.4406989435,-0.0733632165178
2012-03-21 14:15:17,579,1,41.2117554777,-0.228943465774
2012-03-21 14:15:18,580,1,40.8090025595,-0.402752918155
2012-03-21 14:15:19,581,1,40.2880204695,-0.52098209003
2012-03-21 14:15:20,582,1,39.7119788021,-0.576041667411
2012-03-21 14:15:21,583,1,39.1104906243,-0.601488177827
2012-03-21 14:15:22,584,1,38.5119041667,-0.598586457589
2012-03-21 14:15:23,585,1,37.9912939219,-0.520610244792
2012-03-21 14:15:24,586,1,37.6538683073,-0.337425614583
2012-03-21 14:15:25,587,1,37.5664428118,-0.0874254955358
2012-03-21 14:15:26,588,1,37.7149549063,0.148512094494
2012-03-21 14:15:27,589,1,38.0189729725,0.30401806622
2012-03-21 14:15:28,590,1,38.3748510536,0.355878081101
2012-03-21 14:15:29,591,1,38.6897319464,0.314880892857
2012-03-21 14:15:30,592,1,38.8890621622,0.199330215774
2012-03-21 14:15:31,593,1,38.9255204003,0.0364582380952
2012-03-21 14:15:32,594,1,38.8057287679,-0.119791632441
2012-03-21 14:15:33,595,1,38.5877973862,-0.217931381696
2012-03-21 14:15:34,596,1,38.3421130342,-0.245684351935
2012-03-21 14:15:35,597,1,38.1342261295,-0.207886904762
2012-03-21 14:15:36,598,1,38.0313985335,-0.102827595982
2012-03-21 14:15:37,599,1,38.0890619464,0.0576634129465
2012-03-21 14:15:38,600,1,38.3207582351,0.23169628869
2012-03-21 14:15:39,601,1,38.6747761414,0.35401790625
2012-03-21 14:15:40,602,1,39.0374994725,0.362723331101
2012-03-21 14:15:41,603,1,39.2870530826,0.249553610119
2012-03-21 14:15:42,604,1,39.3569190677,0.069865985119
2012-03-21 14:15:43,605,1,39.2361599955,-0.120759072173
2012-03-21 14:15:44,606,1,38.9340021607,-0.302157834821
2012-03-21 14:15:45,607,1,38.4761896592,-0.457812501488
2012-03-21 14:15:46,608,1,37.9201629926,-0.556026666667
2012-03-21 14:15:47,609,1,37.3612346994,-0.558928293155
2012-03-21 14:15:48,610,1,36.9184523222,-0.442782377232
2012-03-21 14:15:49,611,1,36.6757442113,-0.242708110863
2012-03-21 14:15:50,612,1,36.6049108356,-0.070833375744
2012-03-21 14:15:51,613,1,36.5461308743,-0.0587799613095
2012-03-21 14:15:52,614,1,36.2862348653,-0.259896008929
2012-03-21 14:15:53,615,1,35.7109371622,-0.575297703125
2012-03-21 14:15:54,616,1,34.9280502076,-0.782886954613
2012-03-21 14:15:55,617,1,34.2363834598,-0.691666747768
2012-03-21 14:15:56,618,1,33.9381691079,-0.298214351934
2012-03-21 14:15:57,619,1,34.1366066734,0.198437565476
2012-03-21 14:15:58,620,1,34.6741813013,0.537574627976
2012-03-21 14:15:59,621,1,35.2550595365,0.580878235119
2012-03-21 14:16:00,622,1,35.6472471577,0.39218762128
2012-03-21 14:16:01,623,1,35.8052827701,0.158035612351
2012-03-21 14:16:02,624,1,35.8313985737,0.0261158035714
2012-03-21 14:16:03,625,1,35.8409964836,0.0095979099703
2012-03-21 14:16:04,626,1,35.8965022001,0.0555057165178
2012-03-21 14:16:05,627,1,36.0546121778,0.158109977679
2012-03-21 14:16:06,628,1,36.3880198251,0.333407647321
2012-03-21 14:16:07,629,1,36.9193441399,0.531324314732
2012-03-21 14:16:08,630,1,37.5548351004,0.635490960565
2012-03-21 14:16:09,631,1,38.0918141563,0.536979055804
2012-03-21 14:16:10,632,1,38.3385403147,0.246726158482
2012-03-21 14:16:11,633,1,38.272320192,-0.0662201227678
2012-03-21 14:16:12,634,1,38.040251968,-0.232068223958
2012-03-21 14:16:13,635,1,37.7991063638,-0.241145604167
2012-03-21 14:16:14,636,1,37.5989577016,-0.200148662202
2012-03-21 14:16:15,637,1,37.3932286317,-0.20572906994
2012-03-21 14:16:16,638,1,37.1077377143,-0.285490917411
2012-03-21 14:16:17,639,1,36.6696427061,-0.438095008184
2012-03-21 14:16:18,640,1,35.926264907,-0.743377799107
2012-03-21 14:16:19,641,1,34.5472470751,-1.37901783185
2012-03-21 14:16:20,642,1,32.0963541473,-2.45089292783
2012-03-21 14:16:21,643,1,28.2796874196,-3.81666672768
2012-03-21 14:16:22,644,1,23.1816963162,-5.09799110342
2012-03-21 14:16:23,645,1,17.3543152865,-5.82738102976
2012-03-21 14:16:24,646,1,11.7613835506,-5.59293173586
2012-03-21 14:16:25,647,1,7.5384666317,-4.2229169189
2012-03-21 14:16:26,648,1,5.54099620908,-1.99747042262
2012-03-21 14:16:27,649,1,5.92924021801,0.388244008929
2012-03-21 14:16:28,650,1,8.1213533683,2.1921131503
2012-03-21 14:16:29,651,1,11.153049843,3.0316964747
2012-03-21 14:16:30,652,1,14.2061748423,3.05312499926
2012-03-21 14:16:31,653,1,16.9403266198,2.73415177753
2012-03-21 14:16:32,654,1,19.3949397626,2.45461314286
2012-03-21 14:16:33,655,1,21.6680053638,2.27306560119
2012-03-21 14:16:34,656,1,23.7493299115,2.08132454762
2012-03-21 14:16:35,657,1,25.5709817768,1.82165186533
2012-03-21 14:16:36,658,1,27.1072168958,1.53623511905
2012-03-21 14:16:37,659,1,28.4248507879,1.31763389211
2012-03-21 14:16:38,660,1,29.6593001629,1.234449375
2012-03-21 14:16:39,661,1,30.9156989554,1.25639879241
2012-03-21 14:16:40,662,1,32.175148343,1.25944938765
2012-03-21 14:16:41,663,1,33.3124995216,1.13735117857
2012-03-21 14:16:42,664,1,34.2072912121,0.894791690476
2012-03-21 14:16:43,665,1,34.8349698817,0.627678669643
2012-03-21 14:16:44,666,1,35.2709819412,0.436012059524
2012-03-21 14:16:45,667,1,35.6095981414,0.338616200149
2012-03-21 14:16:46,668,1,35.8636904792,0.254092337798
2012-03-21 14:16:47,669,1,35.9449405379,0.0812500587797
2012-03-21 14:16:48,670,1,35.7400298519,-0.204910686012
2012-03-21 14:16:49,671,1,35.2008185067,-0.539211345238
2012-03-21 14:16:50,672,1,34.3773809204,-0.82343758631
2012-03-21 14:16:51,673,1,33.3907736763,-0.986607244048
2012-03-21 14:16:52,674,1,32.3953866987,-0.995386977679
2012-03-21 14:16:53,675,1,31.5709819077,-0.824404790923
2012-03-21 14:16:54,676,1,31.1186009003,-0.452381007441
2012-03-21 14:16:55,677,1,31.2087793065,0.09017840625
2012-03-21 14:16:56,678,1,31.8879457448,0.679166438244
2012-03-21 14:16:57,679,1,33.0211301302,1.13318438542
2012-03-21 14:16:58,680,1,34.3420379077,1.32090777753
2012-03-21 14:16:59,681,1,35.579314872,1.23727696429
2012-03-21 14:17:00,682,1,36.5589281964,0.979613324405
2012-03-21 14:17:01,683,1,37.2297617388,0.670833542411
2012-03-21 14:17:02,684,1,37.6296875119,0.399925773065
2012-03-21 14:17:03,685,1,37.8401043527,0.210416840774
2012-03-21 14:17:04,686,1,37.9648068683,0.124702515625
2012-03-21 14:17:05,687,1,38.1164437798,0.151636911458
2012-03-21 14:17:06,688,1,38.3854912671,0.269047487351
2012-03-21 14:17:07,689,1,38.8055059293,0.420014662202
2012-03-21 14:17:08,690,1,39.330877654,0.525371724702
2012-03-21 14:17:09,691,1,39.841889186,0.511011531994
2012-03-21 14:17:10,692,1,40.1932281235,0.3513389375
2012-03-21 14:17:11,693,1,40.2898053542,0.0965772306548
2012-03-21 14:17:12,694,1,40.1540168512,-0.135788502976
2012-03-21 14:17:13,695,1,39.9410708958,-0.212945955357
2012-03-21 14:17:14,696,1,39.8650297135,-0.0760411822916
2012-03-21 14:17:15,697,1,40.0676340908,0.202604377232
2012-03-21 14:17:16,698,1,40.5222470365,0.454612945685
2012-03-21 14:17:17,699,1,41.0369787701,0.514731733631
2012-03-21 14:17:18,700,1,41.3560259025,0.319047132441
2012-03-21 14:17:19,701,1,41.2990314807,-0.056994421875
2012-03-21 14:17:20,702,1,40.8486593028,-0.450372177827
2012-03-21 14:17:21,703,1,40.1440462493,-0.704613053571
2012-03-21 14:17:22,704,1,39.4144332939,-0.729612955357
2012-03-21 14:17:23,705,1,38.8926328527,-0.52180044122
2012-03-21 14:17:24,706,1,38.7238829933,-0.168749859375
2012-03-21 14:17:25,707,1,38.9109367106,0.187053717262
2012-03-21 14:17:26,708,1,39.3360112917,0.425074581101
2012-03-21 14:17:27,709,1,39.8374251793,0.501413887649
2012-03-21 14:17:28,710,1,40.2851931823,0.447768002976
2012-03-21 14:17:29,711,1,40.6107884613,0.325595279018
2012-03-21 14:17:30,712,1,40.7845235625,0.173735101191
2012-03-21 14:17:31,713,1,40.7936009085,0.0090773459821
2012-03-21 14:17:32,714,1,40.6633925156,-0.130208392857
2012-03-21 14:17:33,715,1,40.4796127076,-0.183779808036
2012-03-21 14:17:34,716,1,40.35290141,-0.126711297619
2012-03-21 14:17:35,717,1,40.3496276682,-0.0032737418154
2012-03-21 14:17:36,718,1,40.4585563512,0.108928683036
2012-03-21 14:17:37,719,1,40.6131695439,0.154613192708
2012-03-21 14:17:38,720,1,40.741443349,0.12827380506
2012-03-21 14:17:39,721,1,40.8067706057,0.0653272566965
2012-03-21 14:17:40,722,1,40.8076632463,0.000892640625004
2012-03-21 14:17:41,723,1,40.7569933229,-0.0506699233631
2012-03-21 14:17:42,724,1,40.6845228147,-0.0724705081846
2012-03-21 14:17:43,725,1,40.6315464933,-0.0529763214285
2012-03-21 14:17:44,726,1,40.6095227976,-0.0220236956846
2012-03-21 14:17:45,727,1,40.5761897991,-0.0333329985119
2012-03-21 14:17:46,728,1,40.4615324598,-0.114657339286
2012-03-21 14:17:47,729,1,40.2224702641,-0.239062195684
2012-03-21 14:17:48,730,1,39.8921132597,-0.330357004464
2012-03-21 14:17:49,731,1,39.5707590818,-0.321354177827
2012-03-21 14:17:50,732,1,39.3534226815,-0.217336400298
2012-03-21 14:17:51,733,1,39.2742558876,-0.0791667938988
2012-03-21 14:17:52,734,1,39.3206098869,0.046353999256
2012-03-21 14:17:53,735,1,39.4781989554,0.157589068452
2012-03-21 14:17:54,736,1,39.7531986577,0.274999702381
2012-03-21 14:17:55,737,1,40.153049471,0.399850813244
2012-03-21 14:17:56,738,1,40.6174092842,0.464359813244
2012-03-21 14:17:57,739,1,40.9485104621,0.331101177827
2012-03-21 14:17:58,740,1,40.8806536682,-0.0678567938988
2012-03-21 14:17:59,741,1,40.2934518445,-0.587201823661
2012-03-21 14:18:00,742,1,39.3449404576,-0.948511386905
2012-03-21 14:18:01,743,1,38.391369343,-0.953571114583
2012-03-21 14:18:02,744,1,37.7815480409,-0.609821302083
2012-03-21 14:18:03,745,1,37.666295096,-0.115252944941
2012-03-21 14:18:04,746,1,37.9539438177,0.287648721726
2012-03-21 14:18:05,747,1,38.4303572262,0.476413408482
2012-03-21 14:18:06,748,1,38.8955354338,0.465178207589
2012-03-21 14:18:07,749,1,39.2238834665,0.328348032738
2012-03-21 14:18:08,750,1,39.3848955097,0.161012043155
2012-03-21 14:18:09,751,1,39.4312500052,0.0463544955357
2012-03-21 14:18:10,752,1,39.4363097701,0.005059764881
2012-03-21 14:18:11,753,1,39.4333335677,-0.002976202381
2012-03-21 14:18:12,754,1,39.418006006,-0.0153275617559
2012-03-21 14:18:13,755,1,39.3930058348,-0.025000171131
2012-03-21 14:18:14,756,1,39.3898063356,-0.0031994992559
2012-03-21 14:18:15,757,1,39.4452378036,0.0554314680059
2012-03-21 14:18:16,758,1,39.5701632582,0.124925454613
2012-03-21 14:18:17,759,1,39.7519339226,0.181770664435
2012-03-21 14:18:18,760,1,39.9773802946,0.225446372024
2012-03-21 14:18:19,761,1,40.2393596094,0.261979314732
2012-03-21 14:18:20,762,1,40.52723191,0.287872300595
2012-03-21 14:18:21,763,1,40.8178571086,0.290625198661
2012-03-21 14:18:22,764,1,41.0752975052,0.257440396577
2012-03-21 14:18:23,765,1,41.265624503,0.190326997768
2012-03-21 14:18:24,766,1,41.3712043824,0.105579879464
2012-03-21 14:18:25,767,1,41.399403494,0.0281991116071
2012-03-21 14:18:26,768,1,41.4107130275,0.0113095334822
2012-03-21 14:18:27,769,1,41.5249245685,0.114211540923
2012-03-21 14:18:28,770,1,41.8491064226,0.324181854167
2012-03-21 14:18:29,771,1,42.3915174085,0.542410985863
2012-03-21 14:18:30,772,1,43.0374253445,0.645907936012
2012-03-21 14:18:31,773,1,43.5976933728,0.560268028274
2012-03-21 14:18:32,774,1,43.9167412083,0.319047835565
2012-03-21 14:18:33,775,1,43.9491075365,0.032366328125
2012-03-21 14:18:34,776,1,43.7386910632,-0.210416473214
2012-03-21 14:18:35,777,1,43.3671880945,-0.37150296875
2012-03-21 14:18:36,778,1,42.9054319196,-0.461756174851
2012-03-21 14:18:37,779,1,42.3628720052,-0.542559914435
2012-03-21 14:18:38,780,1,41.7050590506,-0.657812954613
2012-03-21 14:18:39,781,1,40.9421121935,-0.762946857143
2012-03-21 14:18:40,782,1,40.1809511726,-0.761161020833
2012-03-21 14:18:41,783,1,39.5954600082,-0.585491164434
2012-03-21 14:18:42,784,1,39.3444184509,-0.251041557292
2012-03-21 14:18:43,785,1,39.4834811443,0.139062693452
2012-03-21 14:18:44,786,1,39.9357878594,0.45230671503
2012-03-21 14:18:45,787,1,40.5312492597,0.595461400298
2012-03-21 14:18:46,788,1,41.0636897664,0.532440506697
2012-03-21 14:18:47,789,1,41.3662939732,0.302604206845
2012-03-21 14:18:48,790,1,41.4119041741,0.0456102008928
2012-03-21 14:18:49,791,1,41.3485858326,-0.0633183415178
2012-03-21 14:18:50,792,1,41.3951633757,0.0465775431547
2012-03-21 14:18:51,793,1,41.6728421414,0.277678765625
2012-03-21 14:18:52,794,1,42.1229910476,0.45014890625
2012-03-21 14:18:53,795,1,42.5715773073,0.448586259673
2012-03-21 14:18:54,796,1,42.8680058237,0.296428516369
2012-03-21 14:18:55,797,1,42.9739582545,0.105952430804
2012-03-21 14:18:56,798,1,42.9427083296,-0.0312499248512
2012-03-21 14:18:57,799,1,42.8451636615,-0.0975446681548
2012-03-21 14:18:58,800,1,42.7282736629,-0.116889998512
2012-03-21 14:18:59,801,1,42.6194938534,-0.108779809524
2012-03-21 14:19:00,802,1,42.5330356979,-0.0864581555059
2012-03-21 14:19:01,803,1,42.4488098415,-0.0842258563988
2012-03-21 14:19:02,804,1,42.3020838824,-0.146725959077
2012-03-21 14:19:03,805,1,42.0386909792,-0.263392903274
2012-03-21 14:19:04,806,1,41.6874258043,-0.351265174851
2012-03-21 14:19:05,807,1,41.3492557396,-0.338170064732
2012-03-21 14:19:06,808,1,41.1229904219,-0.226265317708
2012-03-21 14:19:07,809,1,41.0540168772,-0.0689735446428
2012-03-21 14:19:08,810,1,41.1151775112,0.0611606339285
2012-03-21 14:19:09,811,1,41.2167402582,0.101562747024
2012-03-21 14:19:10,812,1,41.2575889189,0.0408486607143
2012-03-21 14:19:11,813,1,41.1684523482,-0.0891365706845
2012-03-21 14:19:12,814,1,40.9239582894,-0.24449405878
2012-03-21 14:19:13,815,1,40.5531990714,-0.370759218006
2012-03-21 14:19:14,816,1,40.1217999807,-0.431399090774
2012-03-21 14:19:15,817,1,39.6784963929,-0.443303587798
2012-03-21 14:19:16,818,1,39.2352675082,-0.443228884673
2012-03-21 14:19:17,819,1,38.7924107374,-0.442856770833
2012-03-21 14:19:18,820,1,38.3602680871,-0.432142650298
2012-03-21 14:19:19,821,1,37.9647323378,-0.395535749256
2012-03-21 14:19:20,822,1,37.6436012448,-0.321131093006
2012-03-21 14:19:21,823,1,37.4335565335,-0.21004471131
2012-03-21 14:19:22,824,1,37.3510416749,-0.0825148586309
2012-03-21 14:19:23,825,1,37.377232151,0.0261904761905
2012-03-21 14:19:24,826,1,37.463690404,0.0864582529762
2012-03-21 14:19:25,827,1,37.5590027701,0.0953123660714
2012-03-21 14:19:26,828,1,37.6306544055,0.0716516354166
2012-03-21 14:19:27,829,1,37.6715025045,0.0408480989584
2012-03-21 14:19:28,830,1,37.6942703482,0.02276784375
2012-03-21 14:19:29,831,1,37.7034966659,0.0092263177083
2012-03-21 14:19:30,832,1,37.6671129754,-0.0363836904762
2012-03-21 14:19:31,833,1,37.5355655871,-0.131547388393
2012-03-21 14:19:32,834,1,37.2973960223,-0.238169564732
2012-03-21 14:19:33,835,1,37.0208334196,-0.276562602679
2012-03-21 14:19:34,836,1,36.8427826868,-0.178050732887
2012-03-21 14:19:35,837,1,36.8928570893,0.0500744025297
2012-03-21 14:19:36,838,1,37.2084822292,0.315625139881
2012-03-21 14:19:37,839,1,37.7158484442,0.50736621503
2012-03-21 14:19:38,840,1,38.2757442902,0.559895845982
2012-03-21 14:19:39,841,1,38.7527530424,0.477008752232
2012-03-21 14:19:40,842,1,39.0715771243,0.318824081845
2012-03-21 14:19:41,843,1,39.2299101421,0.158333017857
2012-03-21 14:19:42,844,1,39.2754457202,0.045535578125
2012-03-21 14:19:43,845,1,39.2784964092,0.0030506889881
2012-03-21 14:19:44,846,1,39.300892474,0.0223960647321
2012-03-21 14:19:45,847,1,39.3552825848,0.0543901108631
2012-03-21 14:19:46,848,1,39.3869791555,0.0316965706846
2012-03-21 14:19:47,849,1,39.3102678817,-0.0767112738096
2012-03-21 14:19:48,850,1,39.0808779263,-0.229389955357
2012-03-21 14:19:49,851,1,38.7505949985,-0.330282927827
2012-03-21 14:19:50,852,1,38.4547613943,-0.295833604167
2012-03-21 14:19:51,853,1,38.3294635268,-0.125297867559
2012-03-21 14:19:52,854,1,38.4197908013,0.0903272745536
2012-03-21 14:19:53,855,1,38.6528265521,0.233035750744
2012-03-21 14:19:54,856,1,38.8888384888,0.236011936756
2012-03-21 14:19:55,857,1,39.0092997128,0.120461223958
2012-03-21 14:19:56,858,1,38.9904751801,-0.0188245327381
2012-03-21 14:19:57,859,1,38.9110109033,-0.0794642767857
2012-03-21 14:19:58,860,1,38.8805795759,-0.0304313273809
2012-03-21 14:19:59,861,1,38.9564727314,0.0758931555059
2012-03-21 14:20:00,862,1,39.1164431116,0.159970380208
2012-03-21 14:20:01,863,1,39.2884667991,0.1720236875
2012-03-21 14:20:02,864,1,39.4041659449,0.115699145833
2012-03-21 14:20:03,865,1,39.4356389621,0.0314730171131
2012-03-21 14:20:04,866,1,39.4039424613,-0.0316965007441
2012-03-21 14:20:05,867,1,39.3802817552,-0.0236607061012
2012-03-21 14:20:06,868,1,39.468451468,0.0881697127977
2012-03-21 14:20:07,869,1,39.7515617314,0.283110263393
2012-03-21 14:20:08,870,1,40.2409220171,0.489360285714
2012-03-21 14:20:09,871,1,40.8697167329,0.628794715774
2012-03-21 14:20:10,872,1,41.5313982173,0.661681484375
2012-03-21 14:20:11,873,1,42.1279755112,0.596577293899
2012-03-21 14:20:12,874,1,42.5856392738,0.457663762649
2012-03-21 14:20:13,875,1,42.8447169368,0.259077662947
2012-03-21 14:20:14,876,1,42.8761160372,0.0313991004464
2012-03-21 14:20:15,877,1,42.7214285789,-0.154687458333
2012-03-21 14:20:16,878,1,42.4904759301,-0.230952648809
2012-03-21 14:20:17,879,1,42.2931540506,-0.197321879464
2012-03-21 14:20:18,880,1,42.1531238713,-0.140030179315
2012-03-21 14:20:19,881,1,41.9823647716,-0.170759099702
2012-03-21 14:20:20,882,1,41.6667398921,-0.315624879464
2012-03-21 14:20:21,883,1,41.1857133884,-0.48102650372
2012-03-21 14:20:22,884,1,40.6289428705,-0.556770517857
2012-03-21 14:20:23,885,1,40.1078122158,-0.521130654762
2012-03-21 14:20:24,886,1,39.6755208132,-0.43229140253
2012-03-21 14:20:25,887,1,39.3174853088,-0.358035504464
2012-03-21 14:20:26,888,1,38.9834080171,-0.334077291667
2012-03-21 14:20:27,889,1,38.6122769963,-0.371131020833
2012-03-21 14:20:28,890,1,38.1468751138,-0.465401882441
2012-03-21 14:20:29,891,1,37.5728424323,-0.574032681548
2012-03-21 14:20:30,892,1,36.9662949888,-0.606547443452
2012-03-21 14:20:31,893,1,36.4702385082,-0.496056480655
2012-03-21 14:20:32,894,1,36.1950895268,-0.275148981399
2012-03-21 14:20:33,895,1,36.1504463557,-0.0446431711309
2012-03-21 14:20:34,896,1,36.2679311719,0.11748481622
2012-03-21 14:20:35,897,1,36.4630201979,0.195089026042
2012-03-21 14:20:36,898,1,36.6733621994,0.210342001488
2012-03-21 14:20:37,899,1,36.857662558,0.184300358631
2012-03-21 14:20:38,900,1,36.9760404524,0.118377894345
2012-03-21 14:20:39,901,1,36.9892102865,0.0131698340773
2012-03-21 14:20:40,902,1,36.8813237716,-0.107886514881
2012-03-21 14:20:41,903,1,36.682291369,-0.19903240253
2012-03-21 14:20:42,904,1,36.4806545796,-0.201636789434
2012-03-21 14:20:43,905,1,36.3940473847,-0.0866071949405
2012-03-21 14:20:44,906,1,36.4712050335,0.0771576488095
2012-03-21 14:20:45,907,1,36.6310264226,0.159821389137
2012-03-21 14:20:46,908,1,36.7437496644,0.112723241816
2012-03-21 14:20:47,909,1,36.752380689,0.00863102455359
2012-03-21 14:20:48,910,1,36.692261779,-0.0601189099702
2012-03-21 14:20:49,911,1,36.630803651,-0.0614581279762
2012-03-21 14:20:50,912,1,36.6156996079,-0.0151040431548
2012-03-21 14:20:51,913,1,36.6758929122,0.0601933043155
2012-03-21 14:20:52,914,1,36.8477674859,0.171874573661
2012-03-21 14:20:53,915,1,37.1467253214,0.298957835565
2012-03-21 14:20:54,916,1,37.5117547879,0.365029466518
2012-03-21 14:20:55,917,1,37.8470226734,0.335267885417
2012-03-21 14:20:56,918,1,38.1217996667,0.274776993304
2012-03-21 14:20:57,919,1,38.376412942,0.254613275298
2012-03-21 14:20:58,920,1,38.636978535,0.260565593006
2012-03-21 14:20:59,921,1,38.8529756637,0.21599712872
2012-03-21 14:21:00,922,1,38.9202376882,0.0672620245536
2012-03-21 14:21:01,923,1,38.7747021116,-0.145535576637
2012-03-21 14:21:02,924,1,38.460044433,-0.314657678571
2012-03-21 14:21:03,925,1,38.0813240491,-0.378720383929
2012-03-21 14:21:04,926,1,37.7077374256,-0.373586623512
2012-03-21 14:21:05,927,1,37.3477668705,-0.359970555059
2012-03-21 14:21:06,928,1,36.9963530365,-0.351413834077
2012-03-21 14:21:07,929,1,36.6715763832,-0.324776653274
2012-03-21 14:21:08,930,1,36.4113832344,-0.260193148809
2012-03-21 14:21:09,931,1,36.2567703929,-0.154612841518
2012-03-21 14:21:10,932,1,36.2459073906,-0.0108630022321
2012-03-21 14:21:11,933,1,36.4122019665,0.166294575893
2012-03-21 14:21:12,934,1,36.7579607217,0.345758755208
2012-03-21 14:21:13,935,1,37.2130200439,0.455059322173
2012-03-21 14:21:14,936,1,37.6376478371,0.424627793155
2012-03-21 14:21:15,937,1,37.8954602284,0.257812391369
2012-03-21 14:21:16,938,1,37.9372757292,0.0418155007441
2012-03-21 14:21:17,939,1,37.817558599,-0.119717130208
2012-03-21 14:21:18,940,1,37.6395081786,-0.178050420387
2012-03-21 14:21:19,941,1,37.4896571414,-0.149851037202
2012-03-21 14:21:20,942,1,37.4093744464,-0.0802826949404
2012-03-21 14:21:21,943,1,37.4071421972,-0.002232249256
2012-03-21 14:21:22,944,1,37.479909846,0.0727676488095
2012-03-21 14:21:23,945,1,37.6120525052,0.132142659226
2012-03-21 14:21:24,946,1,37.7607875744,0.148735069197
2012-03-21 14:21:25,947,1,37.8463531726,0.0855655982143
2012-03-21 14:21:26,948,1,37.7636896414,-0.0826635312501
2012-03-21 14:21:27,949,1,37.4475438564,-0.31614578497
2012-03-21 14:21:28,950,1,36.9551330521,-0.492410804316
2012-03-21 14:21:29,951,1,36.4525288065,-0.502604245536
2012-03-21 14:21:30,952,1,36.096576558,-0.355952248512
2012-03-21 14:21:31,953,1,35.957440003,-0.13913655506
2012-03-21 14:21:32,954,1,36.0491814747,0.0917414717262
2012-03-21 14:21:33,955,1,36.3694198839,0.320238409226
2012-03-21 14:21:34,956,1,36.8847474397,0.515327555804
2012-03-21 14:21:35,957,1,37.5001492708,0.615401831101
2012-03-21 14:21:36,958,1,38.0536462202,0.553496949405
2012-03-21 14:21:37,959,1,38.3751489293,0.321502709077
2012-03-21 14:21:38,960,1,38.3996275967,0.0244786674107
2012-03-21 14:21:39,961,1,38.2241061949,-0.175521401786
2012-03-21 14:21:40,962,1,38.0296861793,-0.194420015625
2012-03-21 14:21:41,963,1,37.9398052009,-0.0898809784226
2012-03-21 14:21:42,964,1,37.952379881,0.0125746800595
2012-03-21 14:21:43,965,1,37.9904010833,0.0380212023809
2012-03-21 14:21:44,966,1,38.0021572783,0.0117561949405
2012-03-21 14:21:45,967,1,38.0184519717,0.0162946934524
2012-03-21 14:21:46,968,1,38.1114578571,0.0930058854167
2012-03-21 14:21:47,969,1,38.3116809963,0.200223139137
2012-03-21 14:21:48,970,1,38.594270279,0.282589282738
2012-03-21 14:21:49,971,1,38.9218001027,0.327529823661
2012-03-21 14:21:50,972,1,39.2730650432,0.351264940476
2012-03-21 14:21:51,973,1,39.6426335246,0.369568481399
2012-03-21 14:21:52,974,1,40.0056543765,0.363020851935
2012-03-21 14:21:53,975,1,40.289136564,0.2834821875
2012-03-21 14:21:54,976,1,40.4005205952,0.11138403125
2012-03-21 14:21:55,977,1,40.2752975126,-0.125223082589
2012-03-21 14:21:56,978,1,39.91584816,-0.359449352679
2012-03-21 14:21:57,979,1,39.4239581592,-0.491890000744
2012-03-21 14:21:58,980,1,38.9711305134,-0.452827645833
2012-03-21 14:21:59,981,1,38.6997760372,-0.271354476191
2012-03-21 14:22:00,982,1,38.6639870513,-0.0357889858631
2012-03-21 14:22:01,983,1,38.8583320119,0.194344960566
2012-03-21 14:22:02,984,1,39.2524537857,0.39412177381
2012-03-21 14:22:03,985,1,39.7899536391,0.537499853423
2012-03-21 14:22:04,986,1,40.3988078891,0.60885425
2012-03-21 14:22:05,987,1,41.0183766815,0.619568792411
2012-03-21 14:22:06,988,1,41.612499131,0.594122449405
2012-03-21 14:22:07,989,1,42.1694934524,0.556994321428
2012-03-21 14:22:08,990,1,42.6903268348,0.520833382441
2012-03-21 14:22:09,991,1,43.1720232314,0.481696396577
2012-03-21 14:22:10,992,1,43.6071422969,0.435119065476
2012-03-21 14:22:11,993,1,43.9850440871,0.377901790179
2012-03-21 14:22:12,994,1,44.2737344219,0.288690334821
2012-03-21 14:22:13,995,1,44.4143591124,0.140624690476
2012-03-21 14:22:14,996,1,44.3586296161,-0.0557294962798
2012-03-21 14:22:15,997,1,44.1095223743,-0.249107241815
2012-03-21 14:22:16,998,1,43.7230642857,-0.386458088542
2012-03-21 14:22:17,999,1,43.2901034092,-0.432960876488
2012-03-21 14:22:18,1000,1,42.9074400833,-0.382663325893
2012-03-21 14:22:19,1001,1,42.6323658222,-0.275074261161
2012-03-21 14:22:20,1002,1,42.4662943586,-0.166071463542
2012-03-21 14:22:21,1003,1,42.3811752656,-0.0851190930059
2012-03-21 14:22:22,1004,1,42.3343002976,-0.046874968006
2012-03-21 14:22:23,1005,1,42.2726932202,-0.0616070773809
2012-03-21 14:22:24,1006,1,42.1587795677,-0.11391365253
2012-03-21 14:22:25,1007,1,41.9927824933,-0.165997074405
2012-03-21 14:22:26,1008,1,41.8102674405,-0.182515052827
2012-03-21 14:22:27,1009,1,41.6563981979,-0.15386924256
2012-03-21 14:22:28,1010,1,41.541368381,-0.115029816964
2012-03-21 14:22:29,1011,1,41.4200143824,-0.121353998512
2012-03-21 14:22:30,1012,1,41.235342128,-0.184672254464
2012-03-21 14:22:31,1013,1,40.9877978914,-0.247544236607
2012-03-21 14:22:32,1014,1,40.7561017128,-0.231696178571
2012-03-21 14:22:33,1015,1,40.6477684568,-0.108333255952
2012-03-21 14:22:34,1016,1,40.7290185074,0.0812500505953
2012-03-21 14:22:35,1017,1,40.9945691786,0.265550671131
2012-03-21 14:22:36,1018,1,41.3868310967,0.392261918155
2012-03-21 14:22:37,1019,1,41.8293160923,0.442484995536
2012-03-21 14:22:38,1020,1,42.241592619,0.412276526786
2012-03-21 14:22:39,1021,1,42.5417410759,0.300148456845
2012-03-21 14:22:40,1022,1,42.6651037805,0.123362704613
2012-03-21 14:22:41,1023,1,42.6026778289,-0.0624259516369
2012-03-21 14:22:42,1024,1,42.4279008103,-0.174777018601
2012-03-21 14:22:43,1025,1,42.2723948341,-0.15550597619
2012-03-21 14:22:44,1026,1,42.2491063616,-0.0232884724703
2012-03-21 14:22:45,1027,1,42.3868299449,0.137723583333
2012-03-21 14:22:46,1028,1,42.6299106235,0.243080678571
2012-03-21 14:22:47,1029,1,42.8809524092,0.251041785714
2012-03-21 14:22:48,1030,1,43.0468749472,0.165922537946
2012-03-21 14:22:49,1031,1,43.0732884829,0.0264135357143
2012-03-21 14:22:50,1032,1,42.9608627924,-0.112425690476
2012-03-21 14:22:51,1033,1,42.7619044442,-0.198958348214
2012-03-21 14:22:52,1034,1,42.5520085848,-0.209895859375
2012-03-21 14:22:53,1035,1,42.3844489531,-0.167559631696
2012-03-21 14:22:54,1036,1,42.2644339368,-0.120015016369
2012-03-21 14:22:55,1037,1,42.1654755513,-0.0989583854167
2012-03-21 14:22:56,1038,1,42.0637642664,-0.10171128497
2012-03-21 14:22:57,1039,1,41.9503713862,-0.113392880208
2012-03-21 14:22:58,1040,1,41.8195677121,-0.130803674107
2012-03-21 14:22:59,1041,1,41.6750735997,-0.144494112351
2012-03-21 14:23:00,1042,1,41.5586301927,-0.116443406994
2012-03-21 14:23:01,1043,1,41.5505201443,-0.0081100483631
2012-03-21 14:23:02,1044,1,41.7262641637,0.175744019345
2012-03-21 14:23:03,1045,1,42.1019336786,0.375669514881
2012-03-21 14:23:04,1046,1,42.6084812381,0.506547559524
2012-03-21 14:23:05,1047,1,43.1293891548,0.520907916667
2012-03-21 14:23:06,1048,1,43.5723954397,0.44300628497
2012-03-21 14:23:07,1049,1,43.8978420781,0.325446638393
2012-03-21 14:23:08,1050,1,44.1011902463,0.203348168155
2012-03-21 14:23:09,1051,1,44.2062495908,0.105059344494
2012-03-21 14:23:10,1052,1,44.2729161488,0.0666665580357
2012-03-21 14:23:11,1053,1,44.3811751228,0.108258973958
2012-03-21 14:23:12,1054,1,44.5780502195,0.196875096726
2012-03-21 14:23:13,1055,1,44.8206097731,0.242559553571
2012-03-21 14:23:14,1056,1,44.9711306213,0.150520848214
2012-03-21 14:23:15,1057,1,44.8691962128,-0.101934408482
2012-03-21 14:23:16,1058,1,44.4489583051,-0.420237907738
2012-03-21 14:23:17,1059,1,43.8183780588,-0.63058024628
2012-03-21 14:23:18,1060,1,43.2087053728,-0.609672686012
2012-03-21 14:23:19,1061,1,42.8172617039,-0.391443668899
2012-03-21 14:23:20,1062,1,42.69047575,-0.126785953869
2012-03-21 14:23:21,1063,1,42.7305053847,0.0400296346726
2012-03-21 14:23:22,1064,1,42.7836304211,0.0531250364584
2012-03-21 14:23:23,1065,1,42.7385413058,-0.0450891153274
2012-03-21 14:23:24,1066,1,42.5656993036,-0.172842002232
2012-03-21 14:23:25,1067,1,42.2904763512,-0.275222952381
2012-03-21 14:23:26,1068,1,41.9768603646,-0.313615986607
2012-03-21 14:23:27,1069,1,41.7398809836,-0.236979380952
2012-03-21 14:23:28,1070,1,41.7249252463,-0.0149557373512
2012-03-21 14:23:29,1071,1,42.0476928378,0.322767591518
2012-03-21 14:23:30,1072,1,42.7372017686,0.689508930804
2012-03-21 14:23:31,1073,1,43.7115323274,0.97433055878
2012-03-21 14:23:32,1074,1,44.8124997597,1.10096743229
2012-03-21 14:23:33,1075,1,45.8840770402,1.07157728051
2012-03-21 14:23:34,1076,1,46.8278266339,0.94374959375
2012-03-21 14:23:35,1077,1,47.597022567,0.769195933036
2012-03-21 14:23:36,1078,1,48.1572157426,0.560193175595
2012-03-21 14:23:37,1079,1,48.4692694382,0.312053695684
2012-03-21 14:23:38,1080,1,48.5133918824,0.0441224441965
2012-03-21 14:23:39,1081,1,48.312945869,-0.200446013393
2012-03-21 14:23:40,1082,1,47.9167407187,-0.396205150298
2012-03-21 14:23:41,1083,1,47.3544639673,-0.562276751488
2012-03-21 14:23:42,1084,1,46.6255949531,-0.728869014137
2012-03-21 14:23:43,1085,1,45.7490325789,-0.876562374256
2012-03-21 14:23:44,1086,1,44.8108630387,-0.938169540179
2012-03-21 14:23:45,1087,1,43.9413689353,-0.869494103423
2012-03-21 14:23:46,1088,1,43.2409223579,-0.700446577381
2012-03-21 14:23:47,1089,1,42.722544276,-0.518378081845
2012-03-21 14:23:48,1090,1,42.3124252001,-0.410119075893
2012-03-21 14:23:49,1091,1,41.9064728296,-0.405952370536
2012-03-21 14:23:50,1092,1,41.445163308,-0.461309521577
2012-03-21 14:23:51,1093,1,40.9497764167,-0.495386891369
2012-03-21 14:23:52,1094,1,40.498288433,-0.451487983631
2012-03-21 14:23:53,1095,1,40.1840029643,-0.31428546875
2012-03-21 14:23:54,1096,1,40.0927830528,-0.0912199114583
2012-03-21 14:23:55,1097,1,40.2784976205,0.185714567708
2012-03-21 14:23:56,1098,1,40.7212804025,0.442782781994
2012-03-21 14:23:57,1099,1,41.3006699866,0.579389584077
2012-03-21 14:23:58,1100,1,41.8353421004,0.534672113839
2012-03-21 14:23:59,1101,1,42.1956094695,0.360267369048
2012-03-21 14:24:00,1102,1,42.3913680536,0.195758584077
2012-03-21 14:24:01,1103,1,42.5244035938,0.133035540179
2012-03-21 14:24:02,1104,1,42.649626785,0.12522319122
2012-03-21 14:24:03,1105,1,42.7085554457,0.0589286607143
2012-03-21 14:24:04,1106,1,42.6051329762,-0.103422469494
2012-03-21 14:24:05,1107,1,42.3235854695,-0.281547506696
2012-03-21 14:24:06,1108,1,41.9566955625,-0.366889906994
2012-03-21 14:24:07,1109,1,41.6289424263,-0.327753136161
2012-03-21 14:24:08,1110,1,41.4071416362,-0.221800790179
2012-03-21 14:24:09,1111,1,41.28318316,-0.123958476191
2012-03-21 14:24:10,1112,1,41.2203110945,-0.0628720654761
2012-03-21 14:24:11,1113,1,41.193227872,-0.0270832224703
2012-03-21 14:24:12,1114,1,41.1875734018,-0.0056544702381
2012-03-21 14:24:13,1115,1,41.1846720156,-0.0029013861607
2012-03-21 14:24:14,1116,1,41.1595979323,-0.0250740833333
2012-03-21 14:24:15,1117,1,41.0921872589,-0.0674106733631
2012-03-21 14:24:16,1118,1,40.9775292344,-0.114658024554
2012-03-21 14:24:17,1119,1,40.8232133557,-0.15431587872
2012-03-21 14:24:18,1120,1,40.6392845751,-0.183928780506
2012-03-21 14:24:19,1121,1,40.4387638423,-0.200520732887
2012-03-21 14:24:20,1122,1,40.2484367366,-0.190327105655
2012-03-21 14:24:21,1123,1,40.1223209286,-0.126115808036
2012-03-21 14:24:22,1124,1,40.1442705156,0.0219495870536
2012-03-21 14:24:23,1125,1,40.3917409025,0.247470386905
2012-03-21 14:24:24,1126,1,40.8735118973,0.481770994792
2012-03-21 14:24:25,1127,1,41.5000745223,0.626562625
2012-03-21 14:24:26,1128,1,42.1092262894,0.609151767113
2012-03-21 14:24:27,1129,1,42.5281248943,0.418898604911
2012-03-21 14:24:28,1130,1,42.6561007999,0.127975905506
2012-03-21 14:24:29,1131,1,42.5230649003,-0.133035899554
2012-03-21 14:24:30,1132,1,42.2613089598,-0.261755940476
2012-03-21 14:24:31,1133,1,42.0170383058,-0.244270654018
2012-03-21 14:24:32,1134,1,41.8840772068,-0.132961098958
2012-03-21 14:24:33,1135,1,41.8799849926,-0.0040922142857
2012-03-21 14:24:34,1136,1,41.955356814,0.0753718214286
2012-03-21 14:24:35,1137,1,42.0336302894,0.0782734754464
2012-03-21 14:24:36,1138,1,42.0476925327,0.0140622433036
2012-03-21 14:24:37,1139,1,41.9553561868,-0.0923363459821
2012-03-21 14:24:38,1140,1,41.7578117232,-0.197544463542
2012-03-21 14:24:39,1141,1,41.5185262812,-0.239285441964
2012-03-21 14:24:40,1142,1,41.344717003,-0.173809278274
2012-03-21 14:24:41,1143,1,41.324479064,-0.0202379389881
2012-03-21 14:24:42,1144,1,41.4656993199,0.141220255952
2012-03-21 14:24:43,1145,1,41.682068218,0.216368898065
2012-03-21 14:24:44,1146,1,41.8395084308,0.157440212798
2012-03-21 14:24:45,1147,1,41.8490319955,0.0095235647321
2012-03-21 14:24:46,1148,1,41.7357878534,-0.113244142113
2012-03-21 14:24:47,1149,1,41.6071421265,-0.128645726935
2012-03-21 14:24:48,1150,1,41.5552078512,-0.0519342752976
2012-03-21 14:24:49,1151,1,41.5989581324,0.04375028125
2012-03-21 14:24:50,1152,1,41.7036458772,0.104687744792
2012-03-21 14:24:51,1153,1,41.8370538021,0.133407924851
2012-03-21 14:24:52,1154,1,42.0073664219,0.170312619792
2012-03-21 14:24:53,1155,1,42.2500748244,0.24270840253
2012-03-21 14:24:54,1156,1,42.5770838051,0.327008980655
2012-03-21 14:24:55,1157,1,42.9380213438,0.360937538691
2012-03-21 14:24:56,1158,1,43.2295392031,0.291517859375
2012-03-21 14:24:57,1159,1,43.3452385625,0.115699359375
2012-03-21 14:24:58,1160,1,43.2342265841,-0.111011978423
2012-03-21 14:24:59,1161,1,42.9401788735,-0.294047710566
2012-03-21 14:25:00,1162,1,42.6041668065,-0.336012066964
2012-03-21 14:25:01,1163,1,42.4131695193,-0.190997287202
2012-03-21 14:25:02,1164,1,42.5041662783,0.0909967589286
2012-03-21 14:25:03,1165,1,42.8924845722,0.388318293899
2012-03-21 14:25:04,1166,1,43.4744785327,0.581993960565
2012-03-21 14:25:05,1167,1,44.0905498415,0.61607130878
2012-03-21 14:25:06,1168,1,44.6210556131,0.530505771577
2012-03-21 14:25:07,1169,1,45.0573649963,0.436309383185
2012-03-21 14:25:08,1170,1,45.4789424204,0.421577424107
2012-03-21 14:25:09,1171,1,45.9636152686,0.484672848214
2012-03-21 14:25:10,1172,1,46.5199399315,0.556324662946
2012-03-21 14:25:11,1173,1,47.0846722485,0.564732316964
2012-03-21 14:25:12,1174,1,47.5738092842,0.489137035714
2012-03-21 14:25:13,1175,1,47.9393600536,0.365550769345
2012-03-21 14:25:14,1176,1,48.1855656027,0.246205549107
2012-03-21 14:25:15,1177,1,48.3468007604,0.161235157738
2012-03-21 14:25:16,1178,1,48.4560266927,0.109225932292
2012-03-21 14:25:17,1179,1,48.5254458817,0.0694191889881
2012-03-21 14:25:18,1180,1,48.5485109836,0.0230651019345
2012-03-21 14:25:19,1181,1,48.513317404,-0.035193579613
2012-03-21 14:25:20,1182,1,48.412127026,-0.101190377976
2012-03-21 14:25:21,1183,1,48.2435260685,-0.168600957589
2012-03-21 14:25:22,1184,1,48.0011900201,-0.242336048363
2012-03-21 14:25:23,1185,1,47.6505205707,-0.350669449405
2012-03-21 14:25:24,1186,1,47.1303569591,-0.520163611607
2012-03-21 14:25:25,1187,1,46.4078866629,-0.722470296131
2012-03-21 14:25:26,1188,1,45.5439728259,-0.863913837054
2012-03-21 14:25:27,1189,1,44.6937495573,-0.850223268601
2012-03-21 14:25:28,1190,1,44.0229907917,-0.670758765625
2012-03-21 14:25:29,1191,1,43.6104910365,-0.412499755208
2012-03-21 14:25:30,1192,1,43.4303571815,-0.180133854911
2012-03-21 14:25:31,1193,1,43.4184522374,-0.0119049441964
2012-03-21 14:25:32,1194,1,43.5375739777,0.119121740327
2012-03-21 14:25:33,1195,1,43.7788684539,0.24129447619
2012-03-21 14:25:34,1196,1,44.117484532,0.338616078125
2012-03-21 14:25:35,1197,1,44.4889131317,0.371428599702
2012-03-21 14:25:36,1198,1,44.823064782,0.334151650298
2012-03-21 14:25:37,1199,1,45.0956091116,0.272544329613
2012-03-21 14:25:38,1200,1,45.3453855774,0.249776465774
2012-03-21 14:25:39,1201,1,45.6574390164,0.312053438988
2012-03-21 14:25:40,1202,1,46.124105817,0.466666800595
2012-03-21 14:25:41,1203,1,46.7933025707,0.66919675372
2012-03-21 14:25:42,1204,1,47.6276034799,0.834300909226
2012-03-21 14:25:43,1205,1,48.5005202567,0.872916776786
2012-03-21 14:25:44,1206,1,49.2445677664,0.744047509673
2012-03-21 14:25:45,1207,1,49.729463404,0.484895637649
2012-03-21 14:25:46,1208,1,49.9084067001,0.178943296131
2012-03-21 14:25:47,1209,1,49.7986596071,-0.109747093006
2012-03-21 14:25:48,1210,1,49.4348203043,-0.363839302827
2012-03-21 14:25:49,1211,1,48.8465018333,-0.588318470982
2012-03-21 14:25:50,1212,1,48.0675583832,-0.778943450149
2012-03-21 14:25:51,1213,1,47.1542399926,-0.913318390625
2012-03-21 14:25:52,1214,1,46.1811746094,-0.973065383185
2012-03-21 14:25:53,1215,1,45.1971717396,-0.984002869792
2012-03-21 14:25:54,1216,1,44.1761897515,-1.0209819881
2012-03-21 14:25:55,1217,1,43.0218000908,-1.15438966071
2012-03-21 14:25:56,1218,1,41.6259670186,-1.39583307217
2012-03-21 14:25:57,1219,1,39.9323660833,-1.69360093527
2012-03-21 14:25:58,1220,1,37.9636162716,-1.96874981176
2012-03-21 14:25:59,1221,1,35.7928574189,-2.17075885268
2012-03-21 14:26:00,1222,1,33.4737353512,-2.31912206771
2012-03-21 14:26:01,1223,1,30.9927828289,-2.48095252232
2012-03-21 14:26:02,1224,1,28.290848125,-2.70193470387
2012-03-21 14:26:03,1225,1,25.3150409833,-2.97580714166
2012-03-21 14:26:04,1226,1,22.0430056838,-3.27203529957
2012-03-21 14:26:05,1227,1,18.5128946951,-3.53011098867
2012-03-21 14:26:06,1228,1,14.9103364135,-3.60255828165
2012-03-21 14:26:07,1229,1,11.6030219423,-3.30731447115
2012-03-21 14:26:08,1230,1,8.99318910703,-2.60983283528
2012-03-21 14:26:09,1231,1,7.29153503417,-1.70165407286
2012-03-21 14:26:10,1232,1,6.40135073409,-0.89018430008
2012-03-21 14:26:11,1233,1,5.99309180403,-0.40825893006
2012-03-21 14:26:12,1234,1,5.73135874542,-0.261733058608
2012-03-21 14:26:13,1235,1,5.45559752747,-0.275761217949
2012-03-21 14:26:14,1236,1,5.15384615385,-0.301751373626
2012-03-21 14:26:15,1237,1,4.84615384615,-0.307692307692
2012-03-21 14:26:16,1238,1,4.53011675824,-0.316037087912
2012-03-21 14:26:17,1239,1,4.17801625458,-0.352100503663
2012-03-21 14:26:18,1240,1,3.8093635546,-0.368652699977
2012-03-21 14:26:19,1241,1,3.65393201219,-0.155431542411
2012-03-21 14:26:20,1242,1,4.16947688324,0.515544871051
2012-03-21 14:26:21,1243,1,5.749593608,1.58011672476
2012-03-21 14:26:22,1244,1,8.40888267153,2.65928906353
2012-03-21 14:26:23,1245,1,11.781553097,3.37267042542
2012-03-21 14:26:24,1246,1,15.4089796643,3.62742656731
2012-03-21 14:26:25,1247,1,19.0620529687,3.65307330449
2012-03-21 14:26:26,1248,1,22.8078747265,3.74582175773
2012-03-21 14:26:27,1249,1,26.77879391,3.97091918349
2012-03-21 14:26:28,1250,1,30.9617553534,4.18296144345
2012-03-21 14:26:29,1251,1,35.2147317351,4.2529763817
2012-03-21 14:26:30,1252,1,39.3630205699,4.14828883482
2012-03-21 14:26:31,1253,1,43.2430801369,3.88005956696
2012-03-21 14:26:32,1254,1,46.7385413683,3.4954612314
2012-03-21 14:26:33,1255,1,49.8135411429,3.07499977455
2012-03-21 14:26:34,1256,1,52.4719485246,2.6584073817
2012-03-21 14:26:35,1257,1,54.6682279226,2.19627939807
2012-03-21 14:26:36,1258,1,56.2976176235,1.62938970089
2012-03-21 14:26:37,1259,1,57.3025284435,1.00491081994
2012-03-21 14:26:38,1260,1,57.7751477597,0.47261931622
2012-03-21 14:26:39,1261,1,57.9386152113,0.163467451637
2012-03-21 14:26:40,1262,1,58.0225438043,0.083928593006
2012-03-21 14:26:41,1263,1,58.1485110521,0.125967247768
2012-03-21 14:26:42,1264,1,58.3184516481,0.169940595982
2012-03-21 14:26:43,1265,1,58.4757436205,0.15729197247
2012-03-21 14:26:44,1266,1,58.5518600908,0.0761164702381
2012-03-21 14:26:45,1267,1,58.4883187448,-0.0635413459821
2012-03-21 14:26:46,1268,1,58.2558783899,-0.232440354911
2012-03-21 14:26:47,1269,1,57.8494050856,-0.406473304315
2012-03-21 14:26:48,1270,1,57.261904869,-0.587500216518
2012-03-21 14:26:49,1271,1,56.4796873988,-0.782217470238
2012-03-21 14:26:50,1272,1,55.5069937984,-0.972693600446
2012-03-21 14:26:51,1273,1,54.4042406778,-1.10275312054
2012-03-21 14:26:52,1274,1,53.3119786347,-1.09226204315
2012-03-21 14:26:53,1275,1,52.4125738467,-0.899404787946
2012-03-21 14:26:54,1276,1,51.8397317388,-0.572842107887
2012-03-21 14:26:55,1277,1,51.6168153304,-0.222916408482
2012-03-21 14:26:56,1278,1,51.6654762225,0.0486608921131
2012-03-21 14:26:57,1279,1,51.8673363185,0.201860095982
2012-03-21 14:26:58,1280,1,52.1467260491,0.279389730655
2012-03-21 14:26:59,1281,1,52.5165919948,0.369865945685
2012-03-21 14:27:00,1282,1,53.0380205052,0.521428510417
2012-03-21 14:27:01,1283,1,53.7247764092,0.686755904018
2012-03-21 14:27:02,1284,1,54.4811007552,0.756324345982
2012-03-21 14:27:03,1285,1,55.1287197448,0.647618989583
2012-03-21 14:27:04,1286,1,55.5047613757,0.376041630952
2012-03-21 14:27:05,1287,1,55.5569191466,0.0521577708334
2012-03-21 14:27:06,1288,1,55.3597466488,-0.197172497768
2012-03-21 14:27:07,1289,1,55.0433777426,-0.31636890625
2012-03-21 14:27:08,1290,1,54.7090771853,-0.334300557292
2012-03-21 14:27:09,1291,1,54.4026038132,-0.306473372024
2012-03-21 14:27:10,1292,1,54.1375737016,-0.265030111607
2012-03-21 14:27:11,1293,1,53.9225435216,-0.21503018006
2012-03-21 14:27:12,1294,1,53.7707575312,-0.151785990327
2012-03-21 14:27:13,1295,1,53.6944182932,-0.0763392380952
2012-03-21 14:27:14,1296,1,53.6916657106,-0.0027525825893
2012-03-21 14:27:15,1297,1,53.738541279,0.0468755684524
2012-03-21 14:27:16,1298,1,53.7932292292,0.0546879501488
2012-03-21 14:27:17,1299,1,53.8127233638,0.0194941346726
2012-03-21 14:27:18,1300,1,53.7770087969,-0.0357145669643
2012-03-21 14:27:19,1301,1,53.703422067,-0.0735867299107
2012-03-21 14:27:20,1302,1,53.6337788951,-0.069643171875
2012-03-21 14:27:21,1303,1,53.6049841481,-0.0287947470238
2012-03-21 14:27:22,1304,1,53.6308771094,0.0258929613095
2012-03-21 14:27:23,1305,1,53.7023803482,0.0715032388393
2012-03-21 14:27:24,1306,1,53.795461029,0.0930806808036
2012-03-21 14:27:25,1307,1,53.8833333147,0.0878722857142
2012-03-21 14:27:26,1308,1,53.9488840313,0.0655507165179
2012-03-21 14:27:27,1309,1,53.9873512954,0.0384672641369
2012-03-21 14:27:28,1310,1,53.9995536563,0.0122023608631
2012-03-21 14:27:29,1311,1,53.9855655759,-0.0139880803571
2012-03-21 14:27:30,1312,1,53.9453870067,-0.0401785691965
2012-03-21 14:27:31,1313,1,53.8858631064,-0.0595239002976
2012-03-21 14:27:32,1314,1,53.8261158832,-0.0597472232143
2012-03-21 14:27:33,1315,1,53.7931543274,-0.0329615558035
2012-03-21 14:27:34,1316,1,53.8084070908,0.0152527633928
2012-03-21 14:27:35,1317,1,53.8764129263,0.0680058355655
2012-03-21 14:27:36,1318,1,53.9827373482,0.106324421875
2012-03-21 14:27:37,1319,1,54.0956094881,0.112872139881
2012-03-21 14:27:38,1320,1,54.1735114077,0.0779019196429
2012-03-21 14:27:39,1321,1,54.1850442693,0.0115328616071
2012-03-21 14:27:40,1322,1,54.1268598385,-0.0581844308035
2012-03-21 14:27:41,1323,1,54.0261158125,-0.100744026042
2012-03-21 14:27:42,1324,1,53.9275295,-0.0985863125
2012-03-21 14:27:43,1325,1,53.8668152894,-0.0607142105655
2012-03-21 14:27:44,1326,1,53.850744064,-0.0160712254464
2012-03-21 14:27:45,1327,1,53.8638396332,0.0130955691964
2012-03-21 14:27:46,1328,1,53.8850453497,0.0212057165179
2012-03-21 14:27:47,1329,1,53.895685404,0.0106400543155
2012-03-21 14:27:48,1330,1,53.8840037254,-0.0116816785715
2012-03-21 14:27:49,1331,1,53.8489587612,-0.0350449642857
2012-03-21 14:27:50,1332,1,53.7991816629,-0.0497770982143
2012-03-21 14:27:51,1333,1,53.7494790915,-0.0497025714285
2012-03-21 14:27:52,1334,1,53.7170385484,-0.0324405431548
2012-03-21 14:27:53,1335,1,53.7155504576,-0.0014880907738
2012-03-21 14:27:54,1336,1,53.751041567,0.035491109375
2012-03-21 14:27:55,1337,1,53.8211309152,0.0700893482143
2012-03-21 14:27:56,1338,1,53.9107143214,0.08958340625
2012-03-21 14:27:57,1339,1,53.990476285,0.0797619635416
2012-03-21 14:27:58,1340,1,54.031994186,0.0415179010417
2012-03-21 14:27:59,1341,1,54.0290924345,-0.0029017514881
2012-03-21 14:28:00,1342,1,54.0045388341,-0.0245536004464
2012-03-21 14:28:01,1343,1,53.9966517827,-0.0078870513393
2012-03-21 14:28:02,1344,1,54.0344492202,0.0377974375
2012-03-21 14:28:03,1345,1,54.1181545283,0.0837053080357
2012-03-21 14:28:04,1346,1,54.2189731168,0.100818588542
2012-03-21 14:28:05,1347,1,54.2959078363,0.076934719494
2012-03-21 14:28:06,1348,1,54.3159228051,0.02001496875
2012-03-21 14:28:07,1349,1,54.2677828698,-0.0481399352678
2012-03-21 14:28:08,1350,1,54.1655506376,-0.102232232143
2012-03-21 14:28:09,1351,1,54.0386904814,-0.12686015625
2012-03-21 14:28:10,1352,1,53.9161458274,-0.122544654018
2012-03-21 14:28:11,1353,1,53.8170386443,-0.0991071830357
2012-03-21 14:28:12,1354,1,53.7490326421,-0.0680060022321
2012-03-21 14:28:13,1355,1,53.7120534859,-0.03697915625
2012-03-21 14:28:14,1356,1,53.7040178601,-0.008035625744
2012-03-21 14:28:15,1357,1,53.7217262939,0.0177084337797
2012-03-21 14:28:16,1358,1,53.7615328616,0.0398065677084
2012-03-21 14:28:17,1359,1,53.8220237879,0.0604909263392
2012-03-21 14:28:18,1360,1,53.8979907009,0.0759669129464
2012-03-21 14:28:19,1361,1,53.9725438438,0.0745531428572
2012-03-21 14:28:20,1362,1,54.0228412381,0.0502973943452
2012-03-21 14:28:21,1363,1,54.0319188006,0.0090775625
2012-03-21 14:28:22,1364,1,53.9959074062,-0.0360113943452
2012-03-21 14:28:23,1365,1,53.9259674509,-0.0699399553571
2012-03-21 14:28:24,1366,1,53.8409973817,-0.0849700691965
2012-03-21 14:28:25,1367,1,53.7569940908,-0.0840032909226
2012-03-21 14:28:26,1368,1,53.6884667574,-0.0685273333333
2012-03-21 14:28:27,1369,1,53.6559515007,-0.0325152566965
2012-03-21 14:28:28,1370,1,53.6818443192,0.0258928184524
2012-03-21 14:28:29,1371,1,53.7749992366,0.0931549174107
2012-03-21 14:28:30,1372,1,53.9149547344,0.139955497768
2012-03-21 14:28:31,1373,1,54.0497017939,0.134747059524
2012-03-21 14:28:32,1374,1,54.1219488147,0.0722470208333
2012-03-21 14:28:33,1375,1,54.1104161644,-0.0115326502976
2012-03-21 14:28:34,1376,1,54.0424103943,-0.0680057700893
2012-03-21 14:28:35,1377,1,53.9558777932,-0.0865326011904
2012-03-21 14:28:36,1378,1,53.8436753981,-0.112202395089
2012-03-21 14:28:37,1379,1,53.6142109554,-0.229464442708
2012-03-21 14:28:38,1380,1,53.0495530193,-0.564657936012
2012-03-21 14:28:39,1381,1,51.7855648214,-1.26398819792
2012-03-21 14:28:40,1382,1,49.4251481808,-2.36041664062
2012-03-21 14:28:41,1383,1,45.7697167061,-3.6554314747
2012-03-21 14:28:42,1384,1,40.9702375937,-4.79947911235
2012-03-21 14:28:43,1385,1,35.4648804881,-5.50535710565
2012-03-21 14:28:44,1386,1,29.7566960394,-5.70818444866
2012-03-21 14:28:45,1387,1,24.197842029,-5.55885401042
2012-03-21 14:28:46,1388,1,18.9394344531,-5.25840757589
2012-03-21 14:28:47,1389,1,14.0572916384,-4.88214281473
2012-03-21 14:28:48,1390,1,9.71257429464,-4.34471734375
2012-03-21 14:28:49,1391,1,6.21465752679,-3.49791676786
2012-03-21 14:28:50,1392,1,3.98496998214,-2.22968754464
2012-03-21 14:28:51,1393,1,3.46480629762,-0.520163684524
2012-03-21 14:28:52,1394,1,4.93831820536,1.47351190774
2012-03-21 14:28:53,1395,1,8.32098184226,3.3826636369
2012-03-21 14:28:54,1396,1,13.1032734159,4.78229157366
2012-03-21 14:28:55,1397,1,18.5356394769,5.43236606101
2012-03-21 14:28:56,1398,1,23.9459075149,5.41026803795
2012-03-21 14:28:57,1399,1,28.9728423609,5.02693484598
2012-03-21 14:28:58,1400,1,33.5294646689,4.55662230804
2012-03-21 14:28:59,1401,1,37.5831105625,4.0536458936
2012-03-21 14:29:00,1402,1,41.0505954144,3.46748485193
2012-03-21 14:29:01,1403,1,43.9007436734,2.85014825893
2012-03-21 14:29:02,1404,1,46.2616805439,2.36093687054
2012-03-21 14:29:03,1405,1,48.3567694182,2.09508887426
2012-03-21 14:29:04,1406,1,50.323287317,1.96651789881
2012-03-21 14:29:05,1407,1,52.1166657626,1.79337844568
2012-03-21 14:29:06,1408,1,53.6083330179,1.49166725521
2012-03-21 14:29:07,1409,1,54.7368304211,1.12849740327
2012-03-21 14:29:08,1410,1,55.5284227574,0.79159233631
2012-03-21 14:29:09,1411,1,56.0253720253,0.496949267857
2012-03-21 14:29:10,1412,1,56.2620533118,0.236681286458
2012-03-21 14:29:11,1413,1,56.2994785298,0.0374252180059
2012-03-21 14:29:12,1414,1,56.2389126146,-0.0605659151786
2012-03-21 14:29:13,1415,1,56.1850432872,-0.0538693273809
2012-03-21 14:29:14,1416,1,56.1971713616,0.0121280744047
2012-03-21 14:29:15,1417,1,56.2752967537,0.0781253921131
2012-03-21 14:29:16,1418,1,56.3854905551,0.110193801339
2012-03-21 14:29:17,1419,1,56.4923358549,0.106845299851
2012-03-21 14:29:18,1420,1,56.5749993497,0.0826634947917
2012-03-21 14:29:19,1421,1,56.6257431488,0.0507437991071
2012-03-21 14:29:20,1422,1,56.6418144606,0.016071311756
2012-03-21 14:29:21,1423,1,56.6251478624,-0.0166665982143
2012-03-21 14:29:22,1424,1,56.5877968646,-0.0373509977679
2012-03-21 14:29:23,1425,1,56.5508178943,-0.0369789702381
2012-03-21 14:29:24,1426,1,56.5354161905,-0.015401703869
2012-03-21 14:29:25,1427,1,56.5508178943,0.015401703869
2012-03-21 14:29:26,1428,1,56.5876480565,0.0368301622024
2012-03-21 14:29:27,1429,1,56.6241806057,0.0365325491072
2012-03-21 14:29:28,1430,1,56.639582311,0.0154017053571
2012-03-21 14:29:29,1431,1,56.6259662984,-0.0136160126488
2012-03-21 14:29:30,1432,1,56.5908474368,-0.0351188616071
2012-03-21 14:29:31,1433,1,56.5468001183,-0.0440473184524
2012-03-21 14:29:32,1434,1,56.5027528876,-0.0440472306548
2012-03-21 14:29:33,1435,1,56.4639884144,-0.0387644732143
2012-03-21 14:29:34,1436,1,56.4337060126,-0.0302824017857
2012-03-21 14:29:35,1437,1,56.415997869,-0.0177081436012
2012-03-21 14:29:36,1438,1,56.4162954881,0.000297619047601
2012-03-21 14:29:37,1439,1,56.4351941049,0.0188986168155
2012-03-21 14:29:38,1440,1,56.4658485201,0.0306544151786
2012-03-21 14:29:39,1441,1,56.4975445424,0.0316960223214
2012-03-21 14:29:40,1442,1,56.5197912478,0.0222467053572
2012-03-21 14:29:41,1443,1,56.5276036287,0.0078123809523
2012-03-21 14:29:42,1444,1,56.5237346607,-0.0038689680059
2012-03-21 14:29:43,1445,1,56.5140622388,-0.009672421875
2012-03-21 14:29:44,1446,1,56.5020833013,-0.0119789375
2012-03-21 14:29:45,1447,1,56.4860120871,-0.0160712142857
2012-03-21 14:29:46,1448,1,56.4599705714,-0.026041515625
2012-03-21 14:29:47,1449,1,56.4209824658,-0.0389881056548
2012-03-21 14:29:48,1450,1,56.3758185491,-0.0451639166667
2012-03-21 14:29:49,1451,1,56.3401039435,-0.0357146056547
2012-03-21 14:29:50,1452,1,56.3296870952,-0.0104168482143
2012-03-21 14:29:51,1453,1,56.3511157247,0.0214286294643
2012-03-21 14:29:52,1454,1,56.3997765863,0.0486608616071
2012-03-21 14:29:53,1455,1,56.4654016086,0.0656250223214
2012-03-21 14:29:54,1456,1,56.5358627746,0.0704611659227
2012-03-21 14:29:55,1457,1,56.5974697001,0.0616069255952
2012-03-21 14:29:56,1458,1,56.6369784055,0.0395087053572
2012-03-21 14:29:57,1459,1,56.6456091667,0.0086307611607
2012-03-21 14:29:58,1460,1,56.6232876555,-0.0223215111608
2012-03-21 14:29:59,1461,1,56.5789425439,-0.0443451116071
2012-03-21 14:30:00,1462,1,56.5229160871,-0.0560264568452
2012-03-21 14:30:01,1463,1,56.4610116443,-0.0619044427084
2012-03-21 14:30:02,1464,1,56.3992557686,-0.061755875744
2012-03-21 14:30:03,1465,1,56.3503717083,-0.0488840602679
2012-03-21 14:30:04,1466,1,56.3313239762,-0.0190477321428
2012-03-21 14:30:05,1467,1,56.3537942262,0.02247025
2012-03-21 14:30:06,1468,1,56.4156990439,0.0619048177083
2012-03-21 14:30:07,1469,1,56.4996276042,0.0839285602679
2012-03-21 14:30:08,1470,1,56.5801334457,0.0805058415178
2012-03-21 14:30:09,1471,1,56.637127343,0.0569938973214
2012-03-21 14:30:10,1472,1,56.6636153185,0.0264879754465
2012-03-21 14:30:11,1473,1,56.6599693921,-0.0036459263393
2012-03-21 14:30:12,1474,1,56.6250734926,-0.0348958995536
2012-03-21 14:30:13,1475,1,56.5565467336,-0.0685267589285
2012-03-21 14:30:14,1476,1,56.4593742671,-0.0971724665179
2012-03-21 14:30:15,1477,1,56.3528268698,-0.106547397321
2012-03-21 14:30:16,1478,1,56.2655503051,-0.0872765647322
2012-03-21 14:30:17,1479,1,56.2214284881,-0.0441218169643
2012-03-21 14:30:18,1480,1,56.2278275126,0.0063990245536
2012-03-21 14:30:19,1481,1,56.2735122537,0.0456847410714
2012-03-21 14:30:20,1482,1,56.3364588571,0.0629466034227
2012-03-21 14:30:21,1483,1,56.3953131027,0.0588542455357
2012-03-21 14:30:22,1484,1,56.4369797277,0.041666625
2012-03-21 14:30:23,1485,1,56.458631404,0.0216516763393
2012-03-21 14:30:24,1486,1,56.4651789442,0.0065475401785
2012-03-21 14:30:25,1487,1,56.4633932277,-0.0017857165178
2012-03-21 14:30:26,1488,1,56.4585569621,-0.004836265625
2012-03-21 14:30:27,1489,1,56.4563992455,-0.0021577165179
2012-03-21 14:30:28,1490,1,56.4621283549,0.005729109375
2012-03-21 14:30:29,1491,1,56.4752978661,0.0131695111607
2012-03-21 14:30:30,1492,1,56.4892114174,0.0139135513393
2012-03-21 14:30:31,1493,1,56.4947917188,0.0055803013393
2012-03-21 14:30:32,1494,1,56.4857888326,-0.0090028861607
2012-03-21 14:30:33,1495,1,56.4639140558,-0.0218747767857
2012-03-21 14:30:34,1496,1,56.4377238571,-0.0261901986608
2012-03-21 14:30:35,1497,1,56.415105029,-0.0226188281249
2012-03-21 14:30:36,1498,1,56.3980663884,-0.017038640625
2012-03-21 14:30:37,1499,1,56.3856406496,-0.0124257388393
2012-03-21 14:30:38,1500,1,56.3796880417,-0.0059526078869
2012-03-21 14:30:39,1501,1,56.3840777626,0.0043897209821
2012-03-21 14:30:40,1502,1,56.4011908125,0.0171130498512
2012-03-21 14:30:41,1503,1,56.4316223013,0.0304314888393
2012-03-21 14:30:42,1504,1,56.4713541868,0.0397318854167
2012-03-21 14:30:43,1505,1,56.5096721935,0.0383180066964
2012-03-21 14:30:44,1506,1,56.5354902418,0.0258180483631
2012-03-21 14:30:45,1507,1,56.5457579271,0.0102676852678
2012-03-21 14:30:46,1508,1,56.5502222626,0.0044643355655
2012-03-21 14:30:47,1509,1,56.5694932292,0.0192709665179
2012-03-21 14:30:48,1510,1,56.6206838356,0.0511906063988
2012-03-21 14:30:49,1511,1,56.700817968,0.0801341324405
2012-03-21 14:30:50,1512,1,56.7862350052,0.0854170372023
2012-03-21 14:30:51,1513,1,56.8453128199,0.0590778147322
2012-03-21 14:30:52,1514,1,56.8526791689,0.0073663489583
2012-03-21 14:30:53,1515,1,56.8006702493,-0.0520089196429
2012-03-21 14:30:54,1516,1,56.6998515677,-0.100818681548
2012-03-21 14:30:55,1517,1,56.5682291488,-0.131622418899
2012-03-21 14:30:56,1518,1,56.4264875833,-0.141741565476
2012-03-21 14:30:57,1519,1,56.3023799516,-0.124107631696
2012-03-21 14:30:58,1520,1,56.2301326168,-0.0722473348214
2012-03-21 14:30:59,1521,1,56.2392100074,0.009077390625
2012-03-21 14:31:00,1522,1,56.3349692158,0.0957592083333
2012-03-21 14:31:01,1523,1,56.4850439375,0.150074721726
2012-03-21 14:31:02,1524,1,56.6303566116,0.145312674107
2012-03-21 14:31:03,1525,1,56.7135412076,0.0831845959822
2012-03-21 14:31:04,1526,1,56.7011901421,-0.0123510654762
2012-03-21 14:31:05,1527,1,56.59315466,-0.108035482143
2012-03-21 14:31:06,1528,1,56.4229167768,-0.170237883185
2012-03-21 14:31:07,1529,1,56.2470983259,-0.175818450893
2012-03-21 14:31:08,1530,1,56.1226933341,-0.124404991816
2012-03-21 14:31:09,1531,1,56.0828865439,-0.0398067901786
2012-03-21 14:31:10,1532,1,56.1280502016,0.0451636577381
2012-03-21 14:31:11,1533,1,56.2356396659,0.107589464286
2012-03-21 14:31:12,1534,1,56.3764136763,0.140774010417
2012-03-21 14:31:13,1535,1,56.523214279,0.146800602679
2012-03-21 14:31:14,1536,1,56.6497021317,0.126487852679
2012-03-21 14:31:15,1537,1,56.7285708616,0.0788687299107
2012-03-21 14:31:16,1538,1,56.7404754725,0.0119046108631
2012-03-21 14:31:17,1539,1,56.6883178609,-0.0521576116071
2012-03-21 14:31:18,1540,1,56.5985116711,-0.0898061897321
2012-03-21 14:31:19,1541,1,56.5058781957,-0.0926334754465
2012-03-21 14:31:20,1542,1,56.4383934695,-0.0674847261905
2012-03-21 14:31:21,1543,1,56.4147329784,-0.0236604910714
2012-03-21 14:31:22,1544,1,56.4485871771,0.0338541986607
2012-03-21 14:31:23,1545,1,56.5430067262,0.0944195491072
2012-03-21 14:31:24,1546,1,56.6763399338,0.133333207589
2012-03-21 14:31:25,1547,1,56.8033487314,0.127008797619
2012-03-21 14:31:26,1548,1,56.8794645952,0.0761158638393
2012-03-21 14:31:27,1549,1,56.8848957991,0.005431203869
2012-03-21 14:31:28,1550,1,56.8246275394,-0.0602682596726
2012-03-21 14:31:29,1551,1,56.7104159278,-0.114211611607
2012-03-21 14:31:30,1552,1,56.5530497329,-0.157366194941
2012-03-21 14:31:31,1553,1,56.3750735409,-0.177976191964
2012-03-21 14:31:32,1554,1,56.2198652396,-0.155208301339
2012-03-21 14:31:33,1555,1,56.136234343,-0.0836308965774
2012-03-21 14:31:34,1556,1,56.1505201659,0.0142858229167
2012-03-21 14:31:35,1557,1,56.2507435186,0.100223352679
2012-03-21 14:31:36,1558,1,56.3946424457,0.143898927083
2012-03-21 14:31:37,1559,1,56.5334073832,0.1387649375
2012-03-21 14:31:38,1560,1,56.6305799725,0.0971725892857
2012-03-21 14:31:39,1561,1,56.6683775156,0.0377975431548
2012-03-21 14:31:40,1562,1,56.6488090484,-0.0195684672619
2012-03-21 14:31:41,1563,1,56.5896573899,-0.0591516584821
2012-03-21 14:31:42,1564,1,56.5134671518,-0.0761902380953
2012-03-21 14:31:43,1565,1,56.4383929301,-0.0750742217262
2012-03-21 14:31:44,1566,1,56.3767113378,-0.0616815922619
2012-03-21 14:31:45,1567,1,56.3373509896,-0.0393603482143
2012-03-21 14:31:46,1568,1,56.3282734271,-0.0090775625
2012-03-21 14:31:47,1569,1,56.3543894673,0.0261160401786
2012-03-21 14:31:48,1570,1,56.4114578876,0.0570684203869
2012-03-21 14:31:49,1571,1,56.4863833006,0.0749254129464
2012-03-21 14:31:50,1572,1,56.5651776823,0.0787943816965
2012-03-21 14:31:51,1573,1,56.6357876555,0.0706099732142
2012-03-21 14:31:52,1574,1,56.6848948475,0.0491071919643
2012-03-21 14:31:53,1575,1,56.6990319018,0.0141370543155
2012-03-21 14:31:54,1576,1,56.6710558638,-0.0279760379464
2012-03-21 14:31:55,1577,1,56.6044637619,-0.0665921019345
2012-03-21 14:31:56,1578,1,56.5065472626,-0.097916499256
2012-03-21 14:31:57,1579,1,56.3726187746,-0.133928488095
2012-03-21 14:31:58,1580,1,56.1805800015,-0.192038773065
2012-03-21 14:31:59,1581,1,55.9075143564,-0.273065645089
2012-03-21 14:32:00,1582,1,55.5594488185,-0.348065537946
2012-03-21 14:32:01,1583,1,55.1929310774,-0.366517741072
2012-03-21 14:32:02,1584,1,54.9033478906,-0.289583186756
2012-03-21 14:32:03,1585,1,54.7805056362,-0.122842254464
2012-03-21 14:32:04,1586,1,54.8660709985,0.0855653623512
2012-03-21 14:32:05,1587,1,55.1417405677,0.275669569196
2012-03-21 14:32:06,1588,1,55.548585878,0.406845310268
2012-03-21 14:32:07,1589,1,56.0151783006,0.466592422619
2012-03-21 14:32:08,1590,1,56.4695682701,0.454389969494
2012-03-21 14:32:09,1591,1,56.8396574554,0.370089185268
2012-03-21 14:32:10,1592,1,57.0630947113,0.223437255952
2012-03-21 14:32:11,1593,1,57.1069933021,0.0438985907738
2012-03-21 14:32:12,1594,1,56.9822908512,-0.124702450893
2012-03-21 14:32:13,1595,1,56.7402522396,-0.242038611607
2012-03-21 14:32:14,1596,1,56.4522315744,-0.288020665179
2012-03-21 14:32:15,1597,1,56.1879460662,-0.264285508185
2012-03-21 14:32:16,1598,1,55.99821416,-0.18973190625
2012-03-21 14:32:17,1599,1,55.9017858385,-0.0964283214285
2012-03-21 14:32:18,1600,1,55.8876490632,-0.0141367752977
2012-03-21 14:32:19,1601,1,55.9339286845,0.0462796212798
2012-03-21 14:32:20,1602,1,56.0253717813,0.0914430967262
2012-03-21 14:32:21,1603,1,56.1561750193,0.130803238095
2012-03-21 14:32:22,1604,1,56.3177076436,0.161532624256
2012-03-21 14:32:23,1605,1,56.4842255923,0.166517948661
2012-03-21 14:32:24,1606,1,56.6160709263,0.131845334077
2012-03-21 14:32:25,1607,1,56.6804310112,0.0643600848214
2012-03-21 14:32:26,1608,1,56.6693446429,-0.0110863683036
2012-03-21 14:32:27,1609,1,56.6014875662,-0.0678570766369
2012-03-21 14:32:28,1610,1,56.5080353237,-0.0934522425595
2012-03-21 14:32:29,1611,1,56.4122020022,-0.0958333214286
2012-03-21 14:32:30,1612,1,56.3216511466,-0.0905508556547
2012-03-21 14:32:31,1613,1,56.2396566287,-0.0819945178572
2012-03-21 14:32:32,1614,1,56.1747752798,-0.0648813489583
2012-03-21 14:32:33,1615,1,56.1373496235,-0.03742565625
2012-03-21 14:32:34,1616,1,56.1360106086,-0.00133901488091
2012-03-21 14:32:35,1617,1,56.1812491153,0.0452385066964
2012-03-21 14:32:36,1618,1,56.2843001019,0.103050986607
2012-03-21 14:32:37,1619,1,56.4438986339,0.159598531994
2012-03-21 14:32:38,1620,1,56.6297619747,0.185863340774
2012-03-21 14:32:39,1621,1,56.7822174702,0.152455495536
2012-03-21 14:32:40,1622,1,56.8441221897,0.061904719494
2012-03-21 14:32:41,1623,1,56.8031249554,-0.040997234375
2012-03-21 14:32:42,1624,1,56.6936753043,-0.109449651042
2012-03-21 14:32:43,1625,1,56.5568447939,-0.136830510417
2012-03-21 14:32:44,1626,1,56.4065471488,-0.150297645089
2012-03-21 14:32:45,1627,1,56.227380526,-0.179166622768
2012-03-21 14:32:46,1628,1,55.9974698475,-0.229910678571
2012-03-21 14:32:47,1629,1,55.719270465,-0.27819938244
2012-03-21 14:32:48,1630,1,55.4348955275,-0.2843749375
2012-03-21 14:32:49,1631,1,55.2155504077,-0.219345119792
2012-03-21 14:32:50,1632,1,55.1305802917,-0.0849701160714
2012-03-21 14:32:51,1633,1,55.2104166243,0.0798363325892
2012-03-21 14:32:52,1634,1,55.4290176324,0.218601008185
2012-03-21 14:32:53,1635,1,55.7228416719,0.293824039435
2012-03-21 14:32:54,1636,1,56.0323651317,0.309523459821
2012-03-21 14:32:55,1637,1,56.3290911793,0.296726047619
2012-03-21 14:32:56,1638,1,56.6046864836,0.275595304316
2012-03-21 14:32:57,1639,1,56.8408473229,0.236160839286
2012-03-21 14:32:58,1640,1,56.9971717813,0.156324458333
2012-03-21 14:32:59,1641,1,57.0334069144,0.0362351331845
2012-03-21 14:33:00,1642,1,56.9464278832,-0.08697903125
2012-03-21 14:33:01,1643,1,56.7811008482,-0.16532703497
2012-03-21 14:33:02,1644,1,56.5997024821,-0.181398366071
2012-03-21 14:33:03,1645,1,56.4412206644,-0.158481817708
2012-03-21 14:33:04,1646,1,56.3094499159,-0.131770748512
2012-03-21 14:33:05,1647,1,56.1947920499,-0.114657866071
2012-03-21 14:33:06,1648,1,56.100446535,-0.094345514881
2012-03-21 14:33:07,1649,1,56.0445681585,-0.055878376488
2012-03-21 14:33:08,1650,1,56.042335561,-0.0022325974703
2012-03-21 14:33:09,1651,1,56.0918144152,0.0494788541667
2012-03-21 14:33:10,1652,1,56.1739573103,0.0821428950892
2012-03-21 14:33:11,1653,1,56.2592999531,0.0853426428572
2012-03-21 14:33:12,1654,1,56.3166664874,0.0573665342262
2012-03-21 14:33:13,1655,1,56.3276042374,0.01093775
2012-03-21 14:33:14,1656,1,56.3014137128,-0.0261905245536
2012-03-21 14:33:15,1657,1,56.2720236696,-0.0293900431547
2012-03-21 14:33:16,1658,1,56.2711308036,-0.000892866071496
2012-03-21 14:33:17,1659,1,56.3014137634,0.0302829598215
2012-03-21 14:33:18,1660,1,56.3386164464,0.0372026830357
2012-03-21 14:33:19,1661,1,56.3597475952,0.0211311488095
2012-03-21 14:33:20,1662,1,56.362575003,0.0028274077381
2012-03-21 14:33:21,1663,1,56.3628725677,0.000297564732101
2012-03-21 14:33:22,1664,1,56.3895838847,0.0267113169643
2012-03-21 14:33:23,1665,1,56.4752982574,0.0857143727679
2012-03-21 14:33:24,1666,1,56.634375657,0.159077399554
2012-03-21 14:33:25,1667,1,56.8518606004,0.217484943452
2012-03-21 14:33:26,1668,1,57.0857144479,0.23385384747
2012-03-21 14:33:27,1669,1,57.2754462805,0.189731832589
2012-03-21 14:33:28,1670,1,57.3750740789,0.099627798363
2012-03-21 14:33:29,1671,1,57.388466942,0.0133928630953
2012-03-21 14:33:30,1672,1,57.3621278118,-0.0263391302084
2012-03-21 14:33:31,1673,1,57.3537946682,-0.0083331436011
2012-03-21 14:33:32,1674,1,57.4136905558,0.0598958876488
2012-03-21 14:33:33,1675,1,57.575371881,0.161681325149
2012-03-21 14:33:34,1676,1,57.8459815692,0.270609688244
2012-03-21 14:33:35,1677,1,58.1853413698,0.339359800595
2012-03-21 14:33:36,1678,1,58.4762640714,0.290922701637
2012-03-21 14:33:37,1679,1,58.5530502344,0.0767861629464
2012-03-21 14:33:38,1680,1,58.3302084821,-0.222841752232
2012-03-21 14:33:39,1681,1,57.9085570007,-0.421651481399
2012-03-21 14:33:40,1682,1,57.5004469658,-0.40811003497
2012-03-21 14:33:41,1683,1,57.2223963661,-0.278050599702
2012-03-21 14:33:42,1684,1,56.9819945268,-0.240401839286
2012-03-21 14:33:43,1685,1,56.6026044762,-0.379390050595
2012-03-21 14:33:44,1686,1,56.0578125409,-0.544791935268
2012-03-21 14:33:45,1687,1,55.5470980231,-0.510714517857
2012-03-21 14:33:46,1688,1,55.3290175484,-0.218080474702
2012-03-21 14:33:47,1689,1,55.5002228661,0.171205317708
2012-03-21 14:33:48,1690,1,55.9436752478,0.443452381697
2012-03-21 14:33:49,1691,1,56.4662943438,0.522619095982
2012-03-21 14:33:50,1692,1,56.9526039687,0.486309625
2012-03-21 14:33:51,1693,1,57.3930802485,0.440476279762
2012-03-21 14:33:52,1694,1,57.8209075789,0.427827330357
2012-03-21 14:33:53,1695,1,58.2537198884,0.432812309524
2012-03-21 14:33:54,1696,1,58.6688983497,0.41517846131
2012-03-21 14:33:55,1697,1,59.0017854055,0.332887055804
2012-03-21 14:33:56,1698,1,59.167559558,0.16577415253
2012-03-21 14:33:57,1699,1,59.1065479799,-0.061011578125
2012-03-21 14:33:58,1700,1,58.8323665722,-0.274181407738
2012-03-21 14:33:59,1701,1,58.4376492359,-0.39471733631
2012-03-21 14:34:00,1702,1,58.0325151451,-0.405134090774
2012-03-21 14:34:01,1703,1,57.6658483802,-0.366666764881
2012-03-21 14:34:02,1704,1,57.3029763504,-0.362872029762
2012-03-21 14:34:03,1705,1,56.8742560908,-0.428720259673
2012-03-21 14:34:04,1706,1,56.3459821533,-0.5282739375
2012-03-21 14:34:05,1707,1,55.7450891198,-0.600893033482
2012-03-21 14:34:06,1708,1,55.120088997,-0.625000122768
2012-03-21 14:34:07,1709,1,54.4956841473,-0.624404849702
2012-03-21 14:34:08,1710,1,53.8734369725,-0.622247174851
2012-03-21 14:34:09,1711,1,53.2679307731,-0.605506199405
2012-03-21 14:34:10,1712,1,52.7341507723,-0.533780000744
2012-03-21 14:34:11,1713,1,52.3514870506,-0.382663721726
2012-03-21 14:34:12,1714,1,52.1699397329,-0.181547317708
2012-03-21 14:34:13,1715,1,52.1662944189,-0.0036453139881
2012-03-21 14:34:14,1716,1,52.2517115298,0.0854171108631
2012-03-21 14:34:15,1717,1,52.3247027068,0.0729911770833
2012-03-21 14:34:16,1718,1,52.3278273899,0.0031246830357
2012-03-21 14:34:17,1719,1,52.2651036161,-0.0627237738095
2012-03-21 14:34:18,1720,1,52.1752966257,-0.0898069903274
2012-03-21 14:34:19,1721,1,52.0976179353,-0.0776786904762
2012-03-21 14:34:20,1722,1,52.0542400186,-0.0433779166666
2012-03-21 14:34:21,1723,1,52.0469483177,-0.0072917008929
2012-03-21 14:34:22,1724,1,52.0654005223,0.0184522046131
2012-03-21 14:34:23,1725,1,52.0988081607,0.0334076383929
2012-03-21 14:34:24,1726,1,52.1387636682,0.0399555074405
2012-03-21 14:34:25,1727,1,52.1750734598,0.0363097916666
2012-03-21 14:34:26,1728,1,52.1937491615,0.0186757016369
2012-03-21 14:34:27,1729,1,52.1837043765,-0.0100447849702
2012-03-21 14:34:28,1730,1,52.1485850856,-0.0351192909226
2012-03-21 14:34:29,1731,1,52.1072902708,-0.0412948147322
2012-03-21 14:34:30,1732,1,52.0773795387,-0.0299107321428
2012-03-21 14:34:31,1733,1,52.0604153973,-0.0169641413691
2012-03-21 14:34:32,1734,1,52.0468739888,-0.0135414084821
2012-03-21 14:34:33,1735,1,52.0331093847,-0.0137646041667
2012-03-21 14:34:34,1736,1,52.0302821793,-0.0028272053571
2012-03-21 14:34:35,1737,1,52.0558774293,0.02559525
2012-03-21 14:34:36,1738,1,52.1171125097,0.0612350803571
2012-03-21 14:34:37,1739,1,52.2022316749,0.0851191651786
2012-03-21 14:34:38,1740,1,52.2837795722,0.0815478973214
2012-03-21 14:34:39,1741,1,52.3289434494,0.0451638772322
2012-03-21 14:34:40,1742,1,52.3159225283,-0.013020921131
2012-03-21 14:34:41,1743,1,52.2497764144,-0.0661461138393
2012-03-21 14:34:42,1744,1,52.1587047121,-0.0910717023809
2012-03-21 14:34:43,1745,1,52.0706093534,-0.088095358631
2012-03-21 14:34:44,1746,1,52.001115343,-0.0694940104167
2012-03-21 14:34:45,1747,1,51.9618296882,-0.0392856547619
2012-03-21 14:34:46,1748,1,51.9641362336,0.002306545387
2012-03-21 14:34:47,1749,1,52.0109368304,0.0468005967261
2012-03-21 14:34:48,1750,1,52.0701630744,0.0592262440477
2012-03-21 14:34:49,1751,1,52.0286452775,-0.041517796875
2012-03-21 14:34:50,1752,1,51.703273279,-0.325371998512
2012-03-21 14:34:51,1753,1,50.9741810164,-0.729092262649
2012-03-21 14:34:52,1754,1,49.934969718,-1.03921129836
2012-03-21 14:34:53,1755,1,48.8986602284,-1.03630948958
2012-03-21 14:34:54,1756,1,48.239434064,-0.659226164435
2012-03-21 14:34:55,1757,1,48.1854906183,-0.0539434456845
2012-03-21 14:34:56,1758,1,48.7169638326,0.531473214286
2012-03-21 14:34:57,1759,1,49.6417406109,0.924776778274
2012-03-21 14:34:58,1760,1,50.7502971354,1.10855652455
2012-03-21 14:34:59,1761,1,51.8938982701,1.14360113467
2012-03-21 14:35:00,1762,1,52.9590023438,1.06510407366
2012-03-21 14:35:01,1763,1,53.8276778504,0.868675506696
2012-03-21 14:35:02,1764,1,54.3906242396,0.562946389137
2012-03-21 14:35:03,1765,1,54.5872760446,0.196651805059
2012-03-21 14:35:04,1766,1,54.4194934048,-0.167782639881
2012-03-21 14:35:05,1767,1,53.9438983876,-0.475595017113
2012-03-21 14:35:06,1768,1,53.2673361994,-0.676562188244
2012-03-21 14:35:07,1769,1,52.5241816801,-0.743154519345
2012-03-21 14:35:08,1770,1,51.8268602686,-0.697321411458
2012-03-21 14:35:09,1771,1,51.2216517232,-0.605208545387
2012-03-21 14:35:10,1772,1,50.6668895342,-0.554762188988
2012-03-21 14:35:11,1773,1,50.0566959315,-0.610193602679
2012-03-21 14:35:12,1774,1,49.3085561131,-0.748139818452
2012-03-21 14:35:13,1775,1,48.4476187835,-0.860937329613
2012-03-21 14:35:14,1776,1,47.6054314256,-0.842187357887
2012-03-21 14:35:15,1777,1,46.9489582932,-0.65647313244
2012-03-21 14:35:16,1778,1,46.6062500409,-0.342708252232
2012-03-21 14:35:17,1779,1,46.6203126749,0.0140626339286
2012-03-21 14:35:18,1780,1,46.9331848371,0.312872162202
2012-03-21 14:35:19,1781,1,47.4132443973,0.480059560268
2012-03-21 14:35:20,1782,1,47.9274556198,0.51421122247
2012-03-21 14:35:21,1783,1,48.4110864464,0.483630826637
2012-03-21 14:35:22,1784,1,48.8840030246,0.472916578125
2012-03-21 14:35:23,1785,1,49.4064731815,0.522470156994
2012-03-21 14:35:24,1786,1,50.0032736064,0.596800424851
2012-03-21 14:35:25,1787,1,50.6063239323,0.603050325893
2012-03-21 14:35:26,1788,1,51.0580350134,0.451711081101
2012-03-21 14:35:27,1789,1,51.1892849844,0.131249970982
2012-03-21 14:35:28,1790,1,50.9325887329,-0.256696251488
2012-03-21 14:35:29,1791,1,50.3564728549,-0.576115877976
2012-03-21 14:35:30,1792,1,49.5692704777,-0.787202377232
2012-03-21 14:35:31,1793,1,48.6158477054,-0.953422772322
2012-03-21 14:35:32,1794,1,47.4892107076,-1.12663699777
2012-03-21 14:35:33,1795,1,46.2337792411,-1.25543146652
2012-03-21 14:35:34,1796,1,45.0420383586,-1.19174088244
2012-03-21 14:35:35,1797,1,44.2249254375,-0.817112921131
2012-03-21 14:35:36,1798,1,44.0348957522,-0.190029685268
2012-03-21 14:35:37,1799,1,44.5152528988,0.480357146577
2012-03-21 14:35:38,1800,1,45.5083332835,0.993080384673
2012-03-21 14:35:39,1801,1,46.7463542039,1.23802092039
2012-03-21 14:35:40,1802,1,47.9412203966,1.19486619271
2012-03-21 14:35:41,1803,1,48.8751491176,0.933928720982
2012-03-21 14:35:42,1804,1,49.4642861629,0.589137045387
2012-03-21 14:35:43,1805,1,49.7479915432,0.283705380208
2012-03-21 14:35:44,1806,1,49.8147324635,0.0667409203869
2012-03-21 14:35:45,1807,1,49.7343750856,-0.0803573779762
2012-03-21 14:35:46,1808,1,49.5627231086,-0.171651976935
2012-03-21 14:35:47,1809,1,49.3945682366,-0.168154872024
2012-03-21 14:35:48,1810,1,49.3741812946,-0.0203869419642
2012-03-21 14:35:49,1811,1,49.6242557121,0.250074417411
2012-03-21 14:35:50,1812,1,50.1497021012,0.525446389137
2012-03-21 14:35:51,1813,1,50.8121275134,0.662425412202
2012-03-21 14:35:52,1814,1,51.413987372,0.601859858631
2012-03-21 14:35:53,1815,1,51.8171866116,0.403199239583
2012-03-21 14:35:54,1816,1,51.9911450298,0.173958418155
2012-03-21 14:35:55,1817,1,51.9787198051,-0.0124252247024
2012-03-21 14:35:56,1818,1,51.8420387478,-0.136681057292
2012-03-21 14:35:57,1819,1,51.6312504152,-0.210788332589
2012-03-21 14:35:58,1820,1,51.3781255424,-0.253124872768
2012-03-21 14:35:59,1821,1,51.1009677701,-0.277157772321
2012-03-21 14:36:00,1822,1,50.806101558,-0.294866212054
2012-03-21 14:36:01,1823,1,50.4855655744,-0.320535983631
2012-03-21 14:36:02,1824,1,50.1328122016,-0.352753372768
2012-03-21 14:36:03,1825,1,49.7782731086,-0.354539093006
2012-03-21 14:36:04,1826,1,49.497692535,-0.280580573661
2012-03-21 14:36:05,1827,1,49.3630199643,-0.134672570685
2012-03-21 14:36:06,1828,1,49.3804308638,0.0174108995536
2012-03-21 14:36:07,1829,1,49.4793893371,0.0989584732143
2012-03-21 14:36:08,1830,1,49.5624251161,0.0830357790178
2012-03-21 14:36:09,1831,1,49.5718002366,0.0093751205357
2012-03-21 14:36:10,1832,1,49.5166666101,-0.0551336264881
2012-03-21 14:36:11,1833,1,49.4465777746,-0.0700888355654
2012-03-21 14:36:12,1834,1,49.418378779,-0.0281989955357
2012-03-21 14:36:13,1835,1,49.4854920506,0.0671132715773
2012-03-21 14:36:14,1836,1,49.678572276,0.193080225447
2012-03-21 14:36:15,1837,1,49.9739587865,0.295386510417
2012-03-21 14:36:16,1838,1,50.293601128,0.319642341518
2012-03-21 14:36:17,1839,1,50.5475441376,0.253943009673
2012-03-21 14:36:18,1840,1,50.6909219137,0.143377776042
2012-03-21 14:36:19,1841,1,50.7531243847,0.0622024709821
2012-03-21 14:36:20,1842,1,50.8067704375,0.0536460528274
2012-03-21 14:36:21,1843,1,50.9097467068,0.102976269345
2012-03-21 14:36:22,1844,1,51.0812495074,0.171502800595
2012-03-21 14:36:23,1845,1,51.312796843,0.231547335565
2012-03-21 14:36:24,1846,1,51.5817699427,0.268973099702
2012-03-21 14:36:25,1847,1,51.8576630417,0.275893098958
2012-03-21 14:36:26,1848,1,52.1035712664,0.245908224702
2012-03-21 14:36:27,1849,1,52.2760418802,0.172470613839
2012-03-21 14:36:28,1850,1,52.3383931057,0.0623512254465
2012-03-21 14:36:29,1851,1,52.2914435007,-0.0469496049107
2012-03-21 14:36:30,1852,1,52.1844492723,-0.106994228423
2012-03-21 14:36:31,1853,1,52.078645686,-0.105803586309
2012-03-21 14:36:32,1854,1,51.9956100804,-0.0830356056548
2012-03-21 14:36:33,1855,1,51.9036458839,-0.0919641964285
2012-03-21 14:36:34,1856,1,51.7610119442,-0.142633939732
2012-03-21 14:36:35,1857,1,51.5744791287,-0.186532815476
2012-03-21 14:36:36,1858,1,51.4065475201,-0.167931608631
2012-03-21 14:36:37,1859,1,51.3182291012,-0.0883184188988
2012-03-21 14:36:38,1860,1,51.301711401,-0.0165177001488
2012-03-21 14:36:39,1861,1,51.2726193475,-0.0290920535715
2012-03-21 14:36:40,1862,1,51.1374260007,-0.135193346726
2012-03-21 14:36:41,1863,1,50.870536026,-0.266889974702
2012-03-21 14:36:42,1864,1,50.5356399948,-0.33489603125
2012-03-21 14:36:43,1865,1,50.2502232173,-0.28541677753
2012-03-21 14:36:44,1866,1,50.1224702671,-0.127752950149
2012-03-21 14:36:45,1867,1,50.1988839874,0.0764137202381
2012-03-21 14:36:46,1868,1,50.4549850856,0.256101098214
2012-03-21 14:36:47,1869,1,50.8233628862,0.368377800595
2012-03-21 14:36:48,1870,1,51.2351187128,0.411755826637
2012-03-21 14:36:49,1871,1,51.6558775952,0.420758882441
2012-03-21 14:36:50,1872,1,52.0973953824,0.441517787202
2012-03-21 14:36:51,1873,1,52.6004458318,0.503050449405
2012-03-21 14:36:52,1874,1,53.2024546347,0.602008802827
2012-03-21 14:36:53,1875,1,53.9077373765,0.705282741816
2012-03-21 14:36:54,1876,1,54.6796868839,0.771949507441
2012-03-21 14:36:55,1877,1,55.4556542016,0.775967317708
2012-03-21 14:36:56,1878,1,56.1582582686,0.702604066964
2012-03-21 14:36:57,1879,1,56.6904753177,0.532217049107
2012-03-21 14:36:58,1880,1,56.9386894263,0.248214108631
2012-03-21 14:36:59,1881,1,56.8052816354,-0.133407790923
2012-03-21 14:37:00,1882,1,56.2598203423,-0.545461293155
2012-03-21 14:37:01,1883,1,55.382737,-0.877083342262
2012-03-21 14:37:02,1884,1,54.3647310015,-1.01800599851
2012-03-21 14:37:03,1885,1,53.4359363594,-0.928794642113
2012-03-21 14:37:04,1886,1,52.7669632976,-0.668973061756
2012-03-21 14:37:05,1887,1,52.4142106094,-0.352752688244
2012-03-21 14:37:06,1888,1,52.3287197976,-0.0854908117559
2012-03-21 14:37:07,1889,1,52.4106395476,0.0819197499999
2012-03-21 14:37:08,1890,1,52.5739580015,0.163318453869
2012-03-21 14:37:09,1891,1,52.7712050789,0.197247077381
2012-03-21 14:37:10,1892,1,52.9741814978,0.202976418899
2012-03-21 14:37:11,1893,1,53.1563247135,0.182143215774
2012-03-21 14:37:12,1894,1,53.2981404963,0.141815782738
2012-03-21 14:37:13,1895,1,53.3965780975,0.0984376011904
2012-03-21 14:37:14,1896,1,53.4520839174,0.0555058199405
2012-03-21 14:37:15,1897,1,53.4361610171,-0.0159229002976
2012-03-21 14:37:16,1898,1,53.2815476146,-0.15461340253
2012-03-21 14:37:17,1899,1,52.9191217619,-0.362425852679
2012-03-21 14:37:18,1900,1,52.3273805015,-0.591741260417
2012-03-21 14:37:19,1901,1,51.5519339561,-0.775446545387
2012-03-21 14:37:20,1902,1,50.6941958475,-0.857738108631
2012-03-21 14:37:21,1903,1,49.8936007493,-0.800595098214
2012-03-21 14:37:22,1904,1,49.3082587641,-0.585341985119
2012-03-21 14:37:23,1905,1,49.0741816838,-0.234077080357
2012-03-21 14:37:24,1906,1,49.2413693854,0.167187701637
2012-03-21 14:37:25,1907,1,49.7278277552,0.486458369792
2012-03-21 14:37:26,1908,1,50.3481401064,0.62031235119
2012-03-21 14:37:27,1909,1,50.9160713609,0.567931254464
2012-03-21 14:37:28,1910,1,51.3319192723,0.415847911458
2012-03-21 14:37:29,1911,1,51.5872018557,0.255282583333
2012-03-21 14:37:30,1912,1,51.7244786957,0.13727684003
2012-03-21 14:37:31,1913,1,51.8095979144,0.08511921875
2012-03-21 14:37:32,1914,1,51.922097997,0.112500082589
2012-03-21 14:37:33,1915,1,52.1421127619,0.220014764881
2012-03-21 14:37:34,1916,1,52.5213536562,0.379240894345
2012-03-21 14:37:35,1917,1,53.0610857478,0.539732091518
2012-03-21 14:37:36,1918,1,53.7325144144,0.671428666667
2012-03-21 14:37:37,1919,1,54.527975875,0.795461460566
2012-03-21 14:37:38,1920,1,55.4797616674,0.951785792411
2012-03-21 14:37:39,1921,1,56.6105651503,1.13080348289
2012-03-21 14:37:40,1922,1,57.8700143735,1.25944922321
2012-03-21 14:37:41,1923,1,59.1317702307,1.26175585714
2012-03-21 14:37:42,1924,1,60.2412197128,1.10944948214
2012-03-21 14:37:43,1925,1,61.0586306295,0.817410916667
2012-03-21 14:37:44,1926,1,61.4838540305,0.425223401042
2012-03-21 14:37:45,1927,1,61.4790177121,-0.0048363184524
2012-03-21 14:37:46,1928,1,61.1012645,-0.377753212054
2012-03-21 14:37:47,1929,1,60.5255202128,-0.575744287202
2012-03-21 14:37:48,1930,1,59.9970976086,-0.528422604167
2012-03-21 14:37:49,1931,1,59.7120532597,-0.285044348958
2012-03-21 14:37:50,1932,1,59.7264881362,0.0144348764881
2012-03-21 14:37:51,1933,1,59.9651787515,0.238690615327
2012-03-21 14:37:52,1934,1,60.29635416,0.331175408482
2012-03-21 14:37:53,1935,1,60.6074400737,0.31108591369
2012-03-21 14:37:54,1936,1,60.8418146979,0.234374624256
2012-03-21 14:37:55,1937,1,60.9933025893,0.151487891369
2012-03-21 14:37:56,1938,1,61.0776775402,0.0843749508929
2012-03-21 14:37:57,1939,1,61.1016358876,0.0239583474702
2012-03-21 14:37:58,1940,1,61.0502222418,-0.0514136458333
2012-03-21 14:37:59,1941,1,60.9080348304,-0.142187411458
2012-03-21 14:38:00,1942,1,60.6985855491,-0.20944928125
2012-03-21 14:38:01,1943,1,60.4933773601,-0.205208188988
2012-03-21 14:38:02,1944,1,60.3677078765,-0.125669483631
2012-03-21 14:38:03,1945,1,60.3473955052,-0.0203123712798
2012-03-21 14:38:04,1946,1,60.3989580551,0.0515625498512
2012-03-21 14:38:05,1947,1,60.4618300885,0.0628720334822
2012-03-21 14:38:06,1948,1,60.4854908631,0.0236607745535
2012-03-21 14:38:07,1949,1,60.4428571019,-0.0426337611607
2012-03-21 14:38:08,1950,1,60.3267115007,-0.116145601191
2012-03-21 14:38:09,1951,1,60.1505955476,-0.176115953125
2012-03-21 14:38:10,1952,1,59.94940491,-0.201190637649
2012-03-21 14:38:11,1953,1,59.7677824963,-0.18162241369
2012-03-21 14:38:12,1954,1,59.6456838869,-0.122098609375
2012-03-21 14:38:13,1955,1,59.6090765335,-0.0366073534227
2012-03-21 14:38:14,1956,1,59.6609366421,0.051860108631
2012-03-21 14:38:15,1957,1,59.7730647001,0.112128058036
2012-03-21 14:38:16,1958,1,59.890624346,0.117559645833
2012-03-21 14:38:17,1959,1,59.9590769263,0.0684525803572
2012-03-21 14:38:18,1960,1,59.9592260231,0.000149096726197
2012-03-21 14:38:19,1961,1,59.913690596,-0.0455354270834
2012-03-21 14:38:20,1962,1,59.8529764368,-0.0607141592262
2012-03-21 14:38:21,1963,1,59.7791668013,-0.0738096354166
2012-03-21 14:38:22,1964,1,59.6650296808,-0.114137120536
2012-03-21 14:38:23,1965,1,59.4851932574,-0.179836423363
2012-03-21 14:38:24,1966,1,59.2465772388,-0.238616018601
2012-03-21 14:38:25,1967,1,58.9834821443,-0.263095094494
2012-03-21 14:38:26,1968,1,58.7220239449,-0.261458199405
2012-03-21 14:38:27,1969,1,58.454985311,-0.267038633929
2012-03-21 14:38:28,1970,1,58.1453126473,-0.309672663691
2012-03-21 14:38:29,1971,1,57.7439732195,-0.401339427827
2012-03-21 14:38:30,1972,1,57.2104908601,-0.533482359375
2012-03-21 14:38:31,1973,1,56.5311007842,-0.679390075893
2012-03-21 14:38:32,1974,1,55.7249251533,-0.806175630952
2012-03-21 14:38:33,1975,1,54.8347467195,-0.89017843378
2012-03-21 14:38:34,1976,1,53.9113093958,-0.923437323661
2012-03-21 14:38:35,1977,1,52.9935267567,-0.917782639137
2012-03-21 14:38:36,1978,1,52.0936755997,-0.899851156994
2012-03-21 14:38:37,1979,1,51.2193452976,-0.874330302083
2012-03-21 14:38:38,1980,1,50.4219495461,-0.797395751488
2012-03-21 14:38:39,1981,1,49.8021578482,-0.619791697917
2012-03-21 14:38:40,1982,1,49.4495534509,-0.352604397321
2012-03-21 14:38:41,1983,1,49.3742555432,-0.0752979077381
2012-03-21 14:38:42,1984,1,49.4883923229,0.114136779762
2012-03-21 14:38:43,1985,1,49.6541662552,0.165773932292
2012-03-21 14:38:44,1986,1,49.7664433207,0.112277065476
2012-03-21 14:38:45,1987,1,49.8064733482,0.0400300275298
2012-03-21 14:38:46,1988,1,49.8383187478,0.0318453995536
2012-03-21 14:38:47,1989,1,49.9634676704,0.125148922619
2012-03-21 14:38:48,1990,1,50.2564737411,0.293006070685
2012-03-21 14:38:49,1991,1,50.7154023527,0.458928611607
2012-03-21 14:38:50,1992,1,51.2605658869,0.545163534226
2012-03-21 14:38:51,1993,1,51.7855655707,0.52499968378
2012-03-21 14:38:52,1994,1,52.2265622865,0.440996715774
2012-03-21 14:38:53,1995,1,52.592856724,0.3662944375
2012-03-21 14:38:54,1996,1,52.9345232247,0.341666500744
2012-03-21 14:38:55,1997,1,53.2809515565,0.346428331845
2012-03-21 14:38:56,1998,1,53.5990315893,0.318080032738
2012-03-21 14:38:57,1999,1,53.7983616801,0.199330090774
2012-03-21 14:38:58,2000,1,53.7817693616,-0.0165923184524
2012-03-21 14:38:59,2001,1,53.5090760298,-0.272693331845
2012-03-21 14:39:00,2002,1,53.0215761451,-0.487499884673
2012-03-21 14:39:01,2003,1,52.4026773289,-0.61889881622
2012-03-21 14:39:02,2004,1,51.723808189,-0.678869139881
2012-03-21 14:39:03,2005,1,51.0374985714,-0.68630961756
2012-03-21 14:39:04,2006,1,50.4014866317,-0.636011939732
2012-03-21 14:39:05,2007,1,49.8727664874,-0.528720144345
2012-03-21 14:39:06,2008,1,49.4635405908,-0.409225896577
2012-03-21 14:39:07,2009,1,49.1244041741,-0.339136416667
2012-03-21 14:39:08,2010,1,48.8033481741,-0.321056
2012-03-21 14:39:09,2011,1,48.5238842701,-0.279463904018
2012-03-21 14:39:10,2012,1,48.3773813348,-0.146502935268
2012-03-21 14:39:11,2013,1,48.4173364472,0.0399551123512
2012-03-21 14:39:12,2014,1,48.5718004948,0.154464047619
2012-03-21 14:39:13,2015,1,48.6939731272,0.12217263244
2012-03-21 14:39:14,2016,1,48.713839381,0.0198662537203
2012-03-21 14:39:15,2017,1,48.7191221644,0.0052827834821
2012-03-21 14:39:16,2018,1,48.8812498653,0.162127700893
2012-03-21 14:39:17,2019,1,49.3244041257,0.443154260417
2012-03-21 14:39:18,2020,1,50.0584810305,0.734076904762
2012-03-21 14:39:19,2021,1,50.9952367366,0.936755706101
2012-03-21 14:39:20,2022,1,51.995162349,0.999925612351
2012-03-21 14:39:21,2023,1,52.8956833899,0.900521040923
2012-03-21 14:39:22,2024,1,53.543674817,0.647991427083
2012-03-21 14:39:23,2025,1,53.8726187314,0.328943914435
2012-03-21 14:39:24,2026,1,53.9634673973,0.0908486659226
2012-03-21 14:39:25,2027,1,54.0016373631,0.0381699657738
2012-03-21 14:39:26,2028,1,54.154539311,0.152901947917
2012-03-21 14:39:27,2029,1,54.4724708981,0.317931587054
2012-03-21 14:39:28,2030,1,54.8884678772,0.415996979167
2012-03-21 14:39:29,2031,1,55.2997028586,0.411234981399
2012-03-21 14:39:30,2032,1,55.6372770104,0.337574151786
2012-03-21 14:39:31,2033,1,55.868229061,0.230952050595
2012-03-21 14:39:32,2034,1,55.9703121071,0.102083046131
2012-03-21 14:39:33,2035,1,55.9369042574,-0.0334078497024
2012-03-21 14:39:34,2036,1,55.8058031458,-0.131101111607
2012-03-21 14:39:35,2037,1,55.6669640052,-0.138839140625
2012-03-21 14:39:36,2038,1,55.6224700275,-0.0444939776785
2012-03-21 14:39:37,2039,1,55.717484846,0.0950148184523
2012-03-21 14:39:38,2040,1,55.9029013891,0.185416543155
2012-03-21 14:39:39,2041,1,56.0725442158,0.169642826637
2012-03-21 14:39:40,2042,1,56.1458330305,0.0732888147322
2012-03-21 14:39:41,2043,1,56.1305802359,-0.0152527946429
2012-03-21 14:39:42,2044,1,56.1220238013,-0.0085564345238
2012-03-21 14:39:43,2045,1,56.2357886667,0.113764865327
2012-03-21 14:39:44,2046,1,56.5212796019,0.285490935268
2012-03-21 14:39:45,2047,1,56.9240323936,0.402752791667
2012-03-21 14:39:46,2048,1,57.3231394055,0.399107011905
2012-03-21 14:39:47,2049,1,57.6005947634,0.277455357887
2012-03-21 14:39:48,2050,1,57.6798359687,0.0792412053571
2012-03-21 14:39:49,2051,1,57.5214283824,-0.15840758631
2012-03-21 14:39:50,2052,1,57.111681375,-0.40974700744
2012-03-21 14:39:51,2053,1,56.4682288423,-0.643452532738
2012-03-21 14:39:52,2054,1,55.6633923132,-0.804836529018
2012-03-21 14:39:53,2055,1,54.8379457068,-0.825446606399
2012-03-21 14:39:54,2056,1,54.154537869,-0.683407837798
2012-03-21 14:39:55,2057,1,53.7170378341,-0.43750003497
2012-03-21 14:39:56,2058,1,53.5389128966,-0.1781249375
2012-03-21 14:39:57,2059,1,53.5599696771,0.0210567805059
2012-03-21 14:39:58,2060,1,53.6809521868,0.120982509673
2012-03-21 14:39:59,2061,1,53.8141370521,0.133184865327
2012-03-21 14:40:00,2062,1,53.9111610469,0.0970239947917
2012-03-21 14:40:01,2063,1,53.9549854516,0.0438244047619
2012-03-21 14:40:02,2064,1,53.9545388824,-0.000446569196399
2012-03-21 14:40:03,2065,1,53.9350446086,-0.0194942738096
2012-03-21 14:40:04,2066,1,53.9104163624,-0.0246282462797
2012-03-21 14:40:05,2067,1,53.8719488735,-0.0384674888393
2012-03-21 14:40:06,2068,1,53.8063237976,-0.0656250758929
2012-03-21 14:40:07,2069,1,53.7138387612,-0.0924850364583
2012-03-21 14:40:08,2070,1,53.6085561793,-0.105282581845
2012-03-21 14:40:09,2071,1,53.5116069137,-0.096949265625
2012-03-21 14:40:10,2072,1,53.447842061,-0.0637648526786
2012-03-21 14:40:11,2073,1,53.4397318177,-0.0081102433036
2012-03-21 14:40:12,2074,1,53.4969489249,0.0572171071429
2012-03-21 14:40:13,2075,1,53.6063983304,0.109449405506
2012-03-21 14:40:14,2076,1,53.7285711376,0.122172807292
2012-03-21 14:40:15,2077,1,53.813616006,0.0850448683036
2012-03-21 14:40:16,2078,1,53.8316964167,0.0180804107143
2012-03-21 14:40:17,2079,1,53.7863093162,-0.0453871004465
2012-03-21 14:40:18,2080,1,53.7017108631,-0.084598453125
2012-03-21 14:40:19,2081,1,53.6046870655,-0.097023797619
2012-03-21 14:40:20,2082,1,53.5138391198,-0.0908479456845
2012-03-21 14:40:21,2083,1,53.4379465015,-0.0758926183036
2012-03-21 14:40:22,2084,1,53.3792411064,-0.0587053950893
2012-03-21 14:40:23,2085,1,53.3348211801,-0.0444199263393
2012-03-21 14:40:24,2086,1,53.2985857961,-0.0362353839285
2012-03-21 14:40:25,2087,1,53.2655500439,-0.0330357522322
2012-03-21 14:40:26,2088,1,53.2319191875,-0.0336308563988
2012-03-21 14:40:27,2089,1,53.1950143966,-0.0369047909226
2012-03-21 14:40:28,2090,1,53.1610111935,-0.034003203125
2012-03-21 14:40:29,2091,1,53.1516359561,-0.0093752373512
2012-03-21 14:40:30,2092,1,53.1979156749,0.04627971875
2012-03-21 14:40:31,2093,1,53.3216509784,0.123735303571
2012-03-21 14:40:32,2094,1,53.5171869717,0.195535993304
2012-03-21 14:40:33,2095,1,53.7492556101,0.232068638393
2012-03-21 14:40:34,2096,1,53.9680800052,0.218824395089
2012-03-21 14:40:35,2097,1,54.1287941116,0.160714106399
2012-03-21 14:40:36,2098,1,54.2057284063,0.0769342946428
2012-03-21 14:40:37,2099,1,54.1982878222,-0.0074405840774
2012-03-21 14:40:38,2100,1,54.1264129204,-0.0718749017857
2012-03-21 14:40:39,2101,1,54.0167404985,-0.109672421875
2012-03-21 14:40:40,2102,1,53.8877227708,-0.129017727679
2012-03-21 14:40:41,2103,1,53.7467257411,-0.140997029762
2012-03-21 14:40:42,2104,1,53.6005202924,-0.146205448661
2012-03-21 14:40:43,2105,1,53.4631690476,-0.137351244792
2012-03-21 14:40:44,2106,1,53.3520083757,-0.111160671875
2012-03-21 14:40:45,2107,1,53.2797614293,-0.0722469464285
2012-03-21 14:40:46,2108,1,53.2502228378,-0.0295385915179
2012-03-21 14:40:47,2109,1,53.2599700365,0.0097471986607
2012-03-21 14:40:48,2110,1,53.3043898601,0.0444198236607
2012-03-21 14:40:49,2111,1,53.3782738408,0.0738839806548
2012-03-21 14:40:50,2112,1,53.4712052991,0.0929314583333
2012-03-21 14:40:51,2113,1,53.567708093,0.0965027938988
2012-03-21 14:40:52,2114,1,53.6478417805,0.0801336875
2012-03-21 14:40:53,2115,1,53.6876481153,0.0398063348215
2012-03-21 14:40:54,2116,1,53.6714278177,-0.0162202976191
2012-03-21 14:40:55,2117,1,53.6071422753,-0.0642855424107
2012-03-21 14:40:56,2118,1,53.5273807515,-0.0797615238095
2012-03-21 14:40:57,2119,1,53.4758930699,-0.0514876815476
2012-03-21 14:40:58,2120,1,53.4843753914,0.0084823214286
2012-03-21 14:40:59,2121,1,53.5522323512,0.0678569598214
2012-03-21 14:41:00,2122,1,53.6484373088,0.0962049575893
2012-03-21 14:41:01,2123,1,53.7317702753,0.0833329665178
2012-03-21 14:41:02,2124,1,53.7690468385,0.0372765632441
2012-03-21 14:41:03,2125,1,53.7427074368,-0.0263394017857
2012-03-21 14:41:04,2126,1,53.6540913095,-0.0886161272322
2012-03-21 14:41:05,2127,1,53.5272312016,-0.126860107887
2012-03-21 14:41:06,2128,1,53.4052819204,-0.12194928125
2012-03-21 14:41:07,2129,1,53.3337048043,-0.0715771160714
2012-03-21 14:41:08,2130,1,53.3382438266,0.0045390223214
2012-03-21 14:41:09,2131,1,53.4109375253,0.0726936986607
2012-03-21 14:41:10,2132,1,53.5175596012,0.106622075893
2012-03-21 14:41:11,2133,1,53.623437442,0.105877840774
2012-03-21 14:41:12,2134,1,53.710788436,0.0873509940476
2012-03-21 14:41:13,2135,1,53.7749996265,0.0642111904762
2012-03-21 14:41:14,2136,1,53.8141364859,0.039136859375
2012-03-21 14:41:15,2137,1,53.8224697336,0.0083332477678
2012-03-21 14:41:16,2138,1,53.7927076555,-0.0297620781249
2012-03-21 14:41:17,2139,1,53.7270825074,-0.0656251480655
2012-03-21 14:41:18,2140,1,53.6413682783,-0.0857142291667
2012-03-21 14:41:19,2141,1,53.5523060469,-0.0890622313988
2012-03-21 14:41:20,2142,1,53.4636902143,-0.0886158325893
2012-03-21 14:41:21,2143,1,53.367559256,-0.0961309583333
2012-03-21 14:41:22,2144,1,53.2590769301,-0.108482325893
2012-03-21 14:41:23,2145,1,53.1497017917,-0.109375138393
2012-03-21 14:41:24,2146,1,53.06555,-0.0841517916667
2012-03-21 14:41:25,2147,1,53.0339279955,-0.0316220044643
2012-03-21 14:41:26,2148,1,53.0681541228,0.0342261272322
2012-03-21 14:41:27,2149,1,53.1599695126,0.0918153898809
2012-03-21 14:41:28,2150,1,53.2866064501,0.1266369375
2012-03-21 14:41:29,2151,1,53.4246274613,0.138021011161
2012-03-21 14:41:30,2152,1,53.5569937604,0.132366299107
2012-03-21 14:41:31,2153,1,53.6745535007,0.117559740327
2012-03-21 14:41:32,2154,1,53.7758929814,0.101339480655
2012-03-21 14:41:33,2155,1,53.8635418757,0.0876488943452
2012-03-21 14:41:34,2156,1,53.9386905141,0.0751486383929
2012-03-21 14:41:35,2157,1,53.9985859293,0.0598954151786
2012-03-21 14:41:36,2158,1,54.0374992076,0.0389132782738
2012-03-21 14:41:37,2159,1,54.0494782515,0.0119790438988
2012-03-21 14:41:38,2160,1,54.0313980848,-0.0180801666667
2012-03-21 14:41:39,2161,1,53.9874251161,-0.04397296875
2012-03-21 14:41:40,2162,1,53.9305799159,-0.0568452001488
2012-03-21 14:41:41,2163,1,53.8757434249,-0.0548364910714
2012-03-21 14:41:42,2164,1,53.8301331094,-0.0456103154762
2012-03-21 14:41:43,2165,1,53.7879455982,-0.0421875111607
2012-03-21 14:41:44,2166,1,53.7310261793,-0.0569194188988
2012-03-21 14:41:45,2167,1,53.6406247545,-0.0904014248512
2012-03-21 14:41:46,2168,1,53.5169643601,-0.123660394345
2012-03-21 14:41:47,2169,1,53.3901787679,-0.126785592262
2012-03-21 14:41:48,2170,1,53.3108632009,-0.0793155669642
2012-03-21 14:41:49,2171,1,53.3247023371,0.0138391361607
2012-03-21 14:41:50,2172,1,53.4475445558,0.12284221875
2012-03-21 14:41:51,2173,1,53.6544642582,0.206919702381
2012-03-21 14:41:52,2174,1,53.8885416473,0.234077389137
2012-03-21 14:41:53,2175,1,54.0892855238,0.200743876488
2012-03-21 14:41:54,2176,1,54.2226185469,0.133333023065
2012-03-21 14:41:55,2177,1,54.2869039829,0.0642854360119
2012-03-21 14:41:56,2178,1,54.2945675454,0.0076635625
2012-03-21 14:41:57,2179,1,54.2494782753,-0.0450892700893
2012-03-21 14:41:58,2180,1,54.1395825603,-0.10989571503
2012-03-21 14:41:59,2181,1,53.9530499903,-0.18653256994
2012-03-21 14:42:00,2182,1,53.7040917835,-0.248958206845
2012-03-21 14:42:01,2183,1,53.4433030871,-0.260788696428
2012-03-21 14:42:02,2184,1,53.2406243482,-0.202678738839
2012-03-21 14:42:03,2185,1,53.1508175789,-0.0898067693453
2012-03-21 14:42:04,2186,1,53.1856389353,0.0348213563989
2012-03-21 14:42:05,2187,1,53.3102670804,0.124628145089
2012-03-21 14:42:06,2188,1,53.4640620342,0.153794953869
2012-03-21 14:42:07,2189,1,53.5927825699,0.128720535714
2012-03-21 14:42:08,2190,1,53.6703869033,0.0776043333333
2012-03-21 14:42:09,2191,1,53.6982142411,0.0278273377976
2012-03-21 14:42:10,2192,1,53.6909223073,-0.0072919337797
2012-03-21 14:42:11,2193,1,53.6628713318,-0.0280509754465
2012-03-21 14:42:12,2194,1,53.6232133118,-0.0396580200893
2012-03-21 14:42:13,2195,1,53.5791656882,-0.0440476235119
2012-03-21 14:42:14,2196,1,53.5370529055,-0.042112782738
2012-03-21 14:42:15,2197,1,53.5023807924,-0.0346721130953
2012-03-21 14:42:16,2198,1,53.4852681756,-0.0171126168155
2012-03-21 14:42:17,2199,1,53.4822178601,-0.0030503154762
2012-03-21 14:42:18,2200,1,53.4104917165,-0.0717261436011
2012-03-21 14:42:19,2201,1,53.070015378,-0.340476338542
2012-03-21 14:42:20,2202,1,52.2384674494,-0.831547928571
2012-03-21 14:42:21,2203,1,50.8357884621,-1.40267898735
2012-03-21 14:42:22,2204,1,48.9563237827,-1.87946467932
2012-03-21 14:42:23,2205,1,46.7281241897,-2.22819959301
2012-03-21 14:42:24,2206,1,44.1851183765,-2.54300581324
2012-03-21 14:42:25,2207,1,41.2915919784,-2.89352639807
2012-03-21 14:42:26,2208,1,38.0765625826,-3.21502939583
2012-03-21 14:42:27,2209,1,34.7191221942,-3.35744038839
2012-03-21 14:42:28,2210,1,31.4490326853,-3.27008950893
2012-03-21 14:42:29,2211,1,28.3925591369,-3.05647354836
2012-03-21 14:42:30,2212,1,25.6170380811,-2.7755210558
2012-03-21 14:42:31,2213,1,23.2796868467,-2.33735123437
2012-03-21 14:42:32,2214,1,21.6247762217,-1.654910625
2012-03-21 14:42:33,2215,1,20.8681543504,-0.75662187128
2012-03-21 14:42:34,2216,1,21.1109372187,0.242782868304
2012-03-21 14:42:35,2217,1,22.3262646399,1.21532742113
2012-03-21 14:42:36,2218,1,24.4267110208,2.10044638095
2012-03-21 14:42:37,2219,1,27.296651439,2.86994041815
2012-03-21 14:42:38,2220,1,30.7154014687,3.41875002976
2012-03-21 14:42:39,2221,1,34.3366069769,3.62120550818
2012-03-21 14:42:40,2222,1,37.8034226749,3.46681569792
2012-03-21 14:42:41,2223,1,40.858780006,3.0553573311
2012-03-21 14:42:42,2224,1,43.378869311,2.52008930506
2012-03-21 14:42:43,2225,1,45.3570684821,1.97819917113
2012-03-21 14:42:44,2226,1,46.8567704315,1.4997019494
2012-03-21 14:42:45,2227,1,47.9687491339,1.11197870238
2012-03-21 14:42:46,2228,1,48.7887636979,0.820014563988
2012-03-21 14:42:47,2229,1,49.3903261317,0.60156243378
2012-03-21 14:42:48,2230,1,49.7995524859,0.409226354167
2012-03-21 14:42:49,2231,1,50.0062492031,0.206696717262
2012-03-21 14:42:50,2232,1,50.0046870052,-0.00156219791671
2012-03-21 14:42:51,2233,1,49.8232884323,-0.181398572917
2012-03-21 14:42:52,2234,1,49.5343748616,-0.288913570685
2012-03-21 14:42:53,2235,1,49.2566218631,-0.277752998512
2012-03-21 14:42:54,2236,1,49.1322169851,-0.124404877976
2012-03-21 14:42:55,2237,1,49.2748508289,0.14263384375
2012-03-21 14:42:56,2238,1,49.7270830052,0.452232176339
2012-03-21 14:42:57,2239,1,50.4511158646,0.724032859375
2012-03-21 14:42:58,2240,1,51.3514879777,0.900372113095
2012-03-21 14:42:59,2241,1,52.3121277984,0.960639820684
2012-03-21 14:43:00,2242,1,53.2171127403,0.904984941964
2012-03-21 14:43:01,2243,1,53.9559519092,0.738839168899
2012-03-21 14:43:02,2244,1,54.4411454025,0.485193493304
2012-03-21 14:43:03,2245,1,54.6354907708,0.194345368304
2012-03-21 14:43:04,2246,1,54.5636158757,-0.0718748950893
2012-03-21 14:43:05,2247,1,54.3002230469,-0.263392828869
2012-03-21 14:43:06,2248,1,53.9455355506,-0.35468749628
2012-03-21 14:43:07,2249,1,53.5982141622,-0.347321388393
2012-03-21 14:43:08,2250,1,53.3345237202,-0.263690441964
2012-03-21 14:43:09,2251,1,53.2047618058,-0.129761914435
2012-03-21 14:43:10,2252,1,53.2351933862,0.0304315803571
2012-03-21 14:43:11,2253,1,53.4074405878,0.172247201637
2012-03-21 14:43:12,2254,1,53.6398069725,0.232366384673
2012-03-21 14:43:13,2255,1,53.8181555074,0.17834853497
2012-03-21 14:43:14,2256,1,53.8593758876,0.0412203802083
2012-03-21 14:43:15,2257,1,53.7601941942,-0.0991816934524
2012-03-21 14:43:16,2258,1,53.5953872894,-0.164806904762
2012-03-21 14:43:17,2259,1,53.4562500193,-0.139137270089
2012-03-21 14:43:18,2260,1,53.3892111354,-0.0670388839285
2012-03-21 14:43:19,2261,1,53.3941962879,0.0049851525297
2012-03-21 14:43:20,2262,1,53.4559524137,0.0617561257441
2012-03-21 14:43:21,2263,1,53.5565478006,0.100595386905
2012-03-21 14:43:22,2264,1,53.6665180461,0.109970245536
2012-03-21 14:43:23,2265,1,53.7456845997,0.0791665535714
2012-03-21 14:43:24,2266,1,53.763541622,0.0178570223214
2012-03-21 14:43:25,2267,1,53.7179314784,-0.0456101436012
2012-03-21 14:43:26,2268,1,53.635193497,-0.0827379813988
2012-03-21 14:43:27,2269,1,53.5520091607,-0.0831843363095
2012-03-21 14:43:28,2270,1,53.4936015082,-0.0584076525298
2012-03-21 14:43:29,2271,1,53.46450909,-0.0290924181547
2012-03-21 14:43:30,2272,1,53.4543897024,-0.0101193876488
2012-03-21 14:43:31,2273,1,53.4537941548,-0.000595547619099
2012-03-21 14:43:32,2274,1,53.4643595387,0.0105653839286
2012-03-21 14:43:33,2275,1,53.4897317143,0.0253721755952
2012-03-21 14:43:34,2276,1,53.5229164732,0.0331847589286
2012-03-21 14:43:35,2277,1,53.5491814412,0.0262649680059
2012-03-21 14:43:36,2278,1,53.5577378549,0.0085564136905
2012-03-21 14:43:37,2279,1,53.5485858757,-0.0091519791667
2012-03-21 14:43:38,2280,1,53.5292406012,-0.0193452745535
2012-03-21 14:43:39,2281,1,53.5074401845,-0.0218004166667
2012-03-21 14:43:40,2282,1,53.49122016,-0.0162200245536
2012-03-21 14:43:41,2283,1,53.490773686,-0.000446473958299
2012-03-21 14:43:42,2284,1,53.5116066042,0.0208329181548
2012-03-21 14:43:43,2285,1,53.5506685677,0.0390619635416
2012-03-21 14:43:44,2286,1,53.6031236741,0.0524551063988
2012-03-21 14:43:45,2287,1,53.6647310238,0.0616073497024
2012-03-21 14:43:46,2288,1,53.7247761153,0.0600450915179
2012-03-21 14:43:47,2289,1,53.7616812068,0.0369050915178
2012-03-21 14:43:48,2290,1,53.7500741131,-0.01160709375
2012-03-21 14:43:49,2291,1,53.6792406592,-0.070833453869
2012-03-21 14:43:50,2292,1,53.5668149442,-0.11242571503
2012-03-21 14:43:51,2293,1,53.4503714249,-0.116443519345
2012-03-21 14:43:52,2294,1,53.3691213847,-0.0812500401786
2012-03-21 14:43:53,2295,1,53.3514130454,-0.0177083392857
2012-03-21 14:43:54,2296,1,53.4022315811,0.0508185357143
2012-03-21 14:43:55,2297,1,53.496949032,0.0947174508928
2012-03-21 14:43:56,2298,1,53.5956099621,0.0986609300596
2012-03-21 14:43:57,2299,1,53.6665922493,0.0709822872023
2012-03-21 14:43:58,2300,1,53.7000000216,0.0334077723215
2012-03-21 14:43:59,2301,1,53.7031249368,0.0031249151785
2012-03-21 14:44:00,2302,1,53.6848211801,-0.0183037566964
2012-03-21 14:44:01,2303,1,53.6482882485,-0.0365329315476
2012-03-21 14:44:02,2304,1,53.5982137634,-0.050074485119
2012-03-21 14:44:03,2305,1,53.5485114695,-0.0497022938989
2012-03-21 14:44:04,2306,1,53.5212795164,-0.027231953125
2012-03-21 14:44:05,2307,1,53.5345237024,0.0132441860119
2012-03-21 14:44:06,2308,1,53.5857141726,0.0511904702381
2012-03-21 14:44:07,2309,1,53.6490325469,0.063318374256
2012-03-21 14:44:08,2310,1,53.6904015491,0.0413690022321
2012-03-21 14:44:09,2311,1,53.6892110275,-0.0011905215773
2012-03-21 14:44:10,2312,1,53.6537942016,-0.0354168258929
2012-03-21 14:44:11,2313,1,53.6161451019,-0.0376490997024
2012-03-21 14:44:12,2314,1,53.6088531615,-0.0072919404762
2012-03-21 14:44:13,2315,1,53.6456090826,0.036755921131
2012-03-21 14:44:14,2316,1,53.7140617731,0.0684526904762
2012-03-21 14:44:15,2317,1,53.7799104241,0.0658486510416
2012-03-21 14:44:16,2318,1,53.8035713244,0.0236609002977
2012-03-21 14:44:17,2319,1,53.7638389457,-0.0397323787203
2012-03-21 14:44:18,2320,1,53.6746271339,-0.0892118117559
2012-03-21 14:44:19,2321,1,53.576858846,-0.0977682879465
2012-03-21 14:44:20,2322,1,53.5082576079,-0.0686012380952
2012-03-21 14:44:21,2323,1,53.4842996496,-0.0239579583333
2012-03-21 14:44:22,2324,1,53.502380532,0.0180808824404
2012-03-21 14:44:23,2325,1,53.5523064963,0.0499259642858
2012-03-21 14:44:24,2326,1,53.6250000714,0.0726935751488
2012-03-21 14:44:25,2327,1,53.7111608013,0.0861607299107
2012-03-21 14:44:26,2328,1,53.7925597039,0.0813989025297
2012-03-21 14:44:27,2329,1,53.8481402299,0.0555805260417
2012-03-21 14:44:28,2330,1,53.8702385119,0.0220982819941
2012-03-21 14:44:29,2331,1,53.8677086146,-0.0025298973215
2012-03-21 14:44:30,2332,1,53.854017875,-0.0136907395833
2012-03-21 14:44:31,2333,1,53.8332586585,-0.0207592165179
2012-03-21 14:44:32,2334,1,53.7991809695,-0.0340776889881
2012-03-21 14:44:33,2335,1,53.7479901012,-0.0511908683035
2012-03-21 14:44:34,2336,1,53.6877217865,-0.0602683147322
2012-03-21 14:44:35,2337,1,53.6328107664,-0.0549110200893
2012-03-21 14:44:36,2338,1,53.5886144315,-0.0441963348214
2012-03-21 14:44:37,2339,1,53.544418465,-0.0441959665178
2012-03-21 14:44:38,2340,1,53.4859368363,-0.0584816287203
2012-03-21 14:44:39,2341,1,53.409746593,-0.0761902433036
2012-03-21 14:44:40,2342,1,53.323436881,-0.0863097120535
2012-03-21 14:44:41,2343,1,53.2398054568,-0.0836314241072
2012-03-21 14:44:42,2344,1,53.1739568244,-0.0658486324404
2012-03-21 14:44:43,2345,1,53.1414418557,-0.03251496875
2012-03-21 14:44:44,2346,1,53.1541653341,0.0127234784226
2012-03-21 14:44:45,2347,1,53.2146568251,0.0604914910714
2012-03-21 14:44:46,2348,1,53.3142107269,0.0995539017857
2012-03-21 14:44:47,2349,1,53.4367554792,0.122544752232
2012-03-21 14:44:48,2350,1,53.5630202775,0.126264798363
2012-03-21 14:44:49,2351,1,53.6722463222,0.109226044643
2012-03-21 14:44:50,2352,1,53.744865282,0.0726189598214
2012-03-21 14:44:51,2353,1,53.7692700141,0.0244047321429
2012-03-21 14:44:52,2354,1,53.7490318378,-0.0202381763393
2012-03-21 14:44:53,2355,1,53.7023798445,-0.0466519933036
2012-03-21 14:44:54,2356,1,53.6525283437,-0.049851500744
2012-03-21 14:44:55,2357,1,53.6164417076,-0.0360866361607
2012-03-21 14:44:56,2358,1,53.5999236317,-0.0165180758929
2012-03-21 14:44:57,2359,1,53.6010397121,0.0011160803572
2012-03-21 14:44:58,2360,1,53.6151024732,0.0140627611607
2012-03-21 14:44:59,2361,1,53.6344480938,0.0193456205357
2012-03-21 14:45:00,2362,1,53.6484364628,0.0139883690476
2012-03-21 14:45:01,2363,1,53.6492549003,0.000818437500001
2012-03-21 14:45:02,2364,1,53.6366802061,-0.0125746941964
2012-03-21 14:45:03,2365,1,53.6148793088,-0.0218008973214
2012-03-21 14:45:04,2366,1,53.5851918423,-0.0296874665179
2012-03-21 14:45:05,2367,1,53.545757808,-0.0394340342262
2012-03-21 14:45:06,2368,1,53.5005204382,-0.0452373697917
2012-03-21 14:45:07,2369,1,53.464137099,-0.0363833392857
2012-03-21 14:45:08,2370,1,53.4542414449,-0.0098956540178
2012-03-21 14:45:09,2371,1,53.479985253,0.0257438080357
2012-03-21 14:45:10,2372,1,53.5372764963,0.0572912433035
2012-03-21 14:45:11,2373,1,53.6124993571,0.0752228608631
2012-03-21 14:45:12,2374,1,53.6885408452,0.0760414880953
2012-03-21 14:45:13,2375,1,53.7467253318,0.0581844866071
2012-03-21 14:45:14,2376,1,53.7692699769,0.0225446450893
2012-03-21 14:45:15,2377,1,53.7470229479,-0.0222470290178
2012-03-21 14:45:16,2378,1,53.6849694524,-0.0620534955358
2012-03-21 14:45:17,2379,1,53.6002970967,-0.0846723556547
2012-03-21 14:45:18,2380,1,53.5166665751,-0.0836305215774
2012-03-21 14:45:19,2381,1,53.4553575119,-0.061309063244
2012-03-21 14:45:20,2382,1,53.4251495007,-0.0302080111608
2012-03-21 14:45:21,2383,1,53.4217269494,-0.0034225513392
2012-03-21 14:45:22,2384,1,53.4393606682,0.01763371875
2012-03-21 14:45:23,2385,1,53.4787203735,0.0393597053571
2012-03-21 14:45:24,2386,1,53.5398062292,0.0610858556548
2012-03-21 14:45:25,2387,1,53.6118297381,0.0720235089285
2012-03-21 14:45:26,2388,1,53.6738088564,0.0619791183036
2012-03-21 14:45:27,2389,1,53.7045381421,0.0307292857143
2012-03-21 14:45:28,2390,1,53.6950144278,-0.0095237142857
2012-03-21 14:45:29,2391,1,53.6539429851,-0.0410714427084
2012-03-21 14:45:30,2392,1,53.5995530789,-0.05438990625
2012-03-21 14:45:31,2393,1,53.5485114844,-0.051041594494
2012-03-21 14:45:32,2394,1,53.5144342187,-0.034077265625
2012-03-21 14:45:33,2395,1,53.5113092165,-0.0031250022321
2012-03-21 14:45:34,2396,1,53.5555054442,0.0441962276785
2012-03-21 14:45:35,2397,1,53.6607134784,0.105208034226
2012-03-21 14:45:36,2398,1,53.8214275952,0.160714116815
2012-03-21 14:45:37,2399,1,54.0075884464,0.186160851191
2012-03-21 14:45:38,2400,1,54.1962793333,0.188690886905
2012-03-21 14:45:39,2401,1,54.4140625528,0.217783219494
2012-03-21 14:45:40,2402,1,54.7378724033,0.323809850446
2012-03-21 14:45:41,2403,1,55.2468010513,0.508928648065
2012-03-21 14:45:42,2404,1,55.9700896734,0.723288622024
2012-03-21 14:45:43,2405,1,56.8829616332,0.912871959821
2012-03-21 14:45:44,2406,1,57.9447919293,1.06183029613
2012-03-21 14:45:45,2407,1,59.1113840312,1.16659210193
2012-03-21 14:45:46,2408,1,60.2937498118,1.18236578051
2012-03-21 14:45:47,2409,1,61.3296125707,1.03586275893
2012-03-21 14:45:48,2410,1,62.0284218162,0.698809245536
2012-03-21 14:45:49,2411,1,62.2662192522,0.237797436012
2012-03-21 14:45:50,2412,1,62.0565465476,-0.209672704613
2012-03-21 14:45:51,2413,1,61.5428560796,-0.513690468006
2012-03-21 14:45:52,2414,1,60.9279752098,-0.614880869792
2012-03-21 14:45:53,2415,1,60.4016360618,-0.526339148065
2012-03-21 14:45:54,2416,1,60.0988088624,-0.302827199405
2012-03-21 14:45:55,2417,1,60.0842257418,-0.0145831205357
2012-03-21 14:45:56,2418,1,60.3497021257,0.265476383929
2012-03-21 14:45:57,2419,1,60.8135414628,0.463839337054
2012-03-21 14:45:58,2420,1,61.3371275863,0.523586123512
2012-03-21 14:45:59,2421,1,61.7787195007,0.441591914435
2012-03-21 14:46:00,2422,1,62.0549840558,0.27626455506
2012-03-21 14:46:01,2423,1,62.1656237232,0.110639667411
2012-03-21 14:46:02,2424,1,62.1717247798,0.0061010565476
2012-03-21 14:46:03,2425,1,62.1402515156,-0.0314732641369
2012-03-21 14:46:04,2426,1,62.0904004613,-0.0498510543155
2012-03-21 14:46:05,2427,1,61.9863085595,-0.104091901786
2012-03-21 14:46:06,2428,1,61.7811006488,-0.205207910714
2012-03-21 14:46:07,2429,1,61.4776038534,-0.303496795387
2012-03-21 14:46:08,2430,1,61.1578120848,-0.319791768601
2012-03-21 14:46:09,2431,1,60.9511152961,-0.206696788691
2012-03-21 14:46:10,2432,1,60.960787497,0.0096722008929
2012-03-21 14:46:11,2433,1,61.2011146034,0.240327106399
2012-03-21 14:46:12,2434,1,61.5908467403,0.389732136905
2012-03-21 14:46:13,2435,1,62.0080345119,0.417187771577
2012-03-21 14:46:14,2436,1,62.3549099271,0.346875415178
2012-03-21 14:46:15,2437,1,62.579463846,0.224553918899
2012-03-21 14:46:16,2438,1,62.6626485446,0.0831846986608
2012-03-21 14:46:17,2439,1,62.609374817,-0.0532737276786
2012-03-21 14:46:18,2440,1,62.4482141823,-0.161160634673
2012-03-21 14:46:19,2441,1,62.2252231302,-0.222991052083
2012-03-21 14:46:20,2442,1,61.9924104769,-0.232812653274
2012-03-21 14:46:21,2443,1,61.7959071815,-0.196503295387
2012-03-21 14:46:22,2444,1,61.6659961563,-0.129911025298
2012-03-21 14:46:23,2445,1,61.6155496592,-0.0504464970238
2012-03-21 14:46:24,2446,1,61.6447909807,0.0292413214286
2012-03-21 14:46:25,2447,1,61.740847936,0.0960569553571
2012-03-21 14:46:26,2448,1,61.8739583817,0.133110445684
2012-03-21 14:46:27,2449,1,62.0036459353,0.129687553572
2012-03-21 14:46:28,2450,1,62.095312314,0.0916663787202
2012-03-21 14:46:29,2451,1,62.1330350647,0.037722750744
2012-03-21 14:46:30,2452,1,62.1209811711,-0.0120538936012
2012-03-21 14:46:31,2453,1,62.0781240618,-0.042857109375
2012-03-21 14:46:32,2454,1,62.0293148996,-0.0488091622023
2012-03-21 14:46:33,2455,1,61.9928570312,-0.0364578683036
2012-03-21 14:46:34,2456,1,61.9720240432,-0.0208329880952
2012-03-21 14:46:35,2457,1,61.9595986347,-0.0124254084822
2012-03-21 14:46:36,2458,1,61.950818965,-0.00877966964281
2012-03-21 14:46:37,2459,1,61.950446901,-0.000372063988095
2012-03-21 14:46:38,2460,1,61.967782904,0.0173360029762
2012-03-21 14:46:39,2461,1,62.0043894554,0.0366065513392
2012-03-21 14:46:40,2462,1,62.0458322716,0.0414428162203
2012-03-21 14:46:41,2463,1,62.0694926734,0.0236604017857
2012-03-21 14:46:42,2464,1,62.0616803609,-0.0078123125
2012-03-21 14:46:43,2465,1,62.0232880112,-0.0383923497024
2012-03-21 14:46:44,2466,1,61.9627230097,-0.0605650014881
2012-03-21 14:46:45,2467,1,61.8897321436,-0.0729908660714
2012-03-21 14:46:46,2468,1,61.8124999129,-0.0772322306548
2012-03-21 14:46:47,2469,1,61.7362347879,-0.076265125
2012-03-21 14:46:48,2470,1,61.6649548237,-0.0712799642857
2012-03-21 14:46:49,2471,1,61.6023059874,-0.0626488363095
2012-03-21 14:46:50,2472,1,61.5485859122,-0.0537200751488
2012-03-21 14:46:51,2473,1,61.4998510394,-0.0487348727679
2012-03-21 14:46:52,2474,1,61.4501487984,-0.0497022410714
2012-03-21 14:46:53,2475,1,61.3936755164,-0.0564732819941
2012-03-21 14:46:54,2476,1,61.3311753557,-0.0625001607142
2012-03-21 14:46:55,2477,1,61.2782734978,-0.052901857887
2012-03-21 14:46:56,2478,1,61.2635414062,-0.0147320915178
2012-03-21 14:46:57,2479,1,61.3186754129,0.0551340066964
2012-03-21 14:46:58,2480,1,61.4674105543,0.148735141369
2012-03-21 14:46:59,2481,1,61.7078866741,0.240476119792
2012-03-21 14:47:00,2482,1,61.9987347083,0.290848034226
2012-03-21 14:47:01,2483,1,62.2691213772,0.270386668899
2012-03-21 14:47:02,2484,1,62.4467253772,0.177604
2012-03-21 14:47:03,2485,1,62.4856390804,0.038913703125
2012-03-21 14:47:04,2486,1,62.383035119,-0.10260396131
2012-03-21 14:47:05,2487,1,62.1742556362,-0.208779482887
2012-03-21 14:47:06,2488,1,61.9118302344,-0.262425401786
2012-03-21 14:47:07,2489,1,61.6508183981,-0.261011836309
2012-03-21 14:47:08,2490,1,61.4461309182,-0.204687479911
2012-03-21 14:47:09,2491,1,61.3476190246,-0.0985118936012
2012-03-21 14:47:10,2492,1,61.3871279137,0.0395088891369
2012-03-21 14:47:11,2493,1,61.563392686,0.176264772321
2012-03-21 14:47:12,2494,1,61.8343002827,0.270907596726
2012-03-21 14:47:13,2495,1,62.1293150119,0.295014729167
2012-03-21 14:47:14,2496,1,62.3792404412,0.249925429315
2012-03-21 14:47:15,2497,1,62.539805756,0.160565314732
2012-03-21 14:47:16,2498,1,62.5965020685,0.0566963125
2012-03-21 14:47:17,2499,1,62.5581091488,-0.0383929196429
2012-03-21 14:47:18,2500,1,62.4484365126,-0.109672636161
2012-03-21 14:47:19,2501,1,62.3012639717,-0.147172540923
2012-03-21 14:47:20,2502,1,62.1558773013,-0.145386670387
2012-03-21 14:47:21,2503,1,62.0461306317,-0.109746669643
2012-03-21 14:47:22,2504,1,61.987648808,-0.0584818236607
2012-03-21 14:47:23,2505,1,61.9769346094,-0.0107141986607
2012-03-21 14:47:24,2506,1,62.0015623936,0.0246277842262
2012-03-21 14:47:25,2507,1,62.0479906935,0.0464282998512
2012-03-21 14:47:26,2508,1,62.102529244,0.0545385505952
2012-03-21 14:47:27,2509,1,62.1487345908,0.0462053467262
2012-03-21 14:47:28,2510,1,62.1671869859,0.0184523950893
2012-03-21 14:47:29,2511,1,62.1449399859,-0.022247
2012-03-21 14:47:30,2512,1,62.0872764189,-0.0576635669643
2012-03-21 14:47:31,2513,1,62.0159225625,-0.0713538563988
2012-03-21 14:47:32,2514,1,61.9549855193,-0.0609370431548
2012-03-21 14:47:33,2515,1,61.917113901,-0.0378716183035
2012-03-21 14:47:34,2516,1,61.8977687939,-0.0193451071429
2012-03-21 14:47:35,2517,1,61.8821435707,-0.0156252232143
2012-03-21 14:47:36,2518,1,61.860714535,-0.0214290357142
2012-03-21 14:47:37,2519,1,61.8382438415,-0.0224706934524
2012-03-21 14:47:38,2520,1,61.8281990126,-0.0100448288691
2012-03-21 14:47:39,2521,1,61.8406991823,0.0125001696429
2012-03-21 14:47:40,2522,1,61.8753721376,0.0346729553571
2012-03-21 14:47:41,2523,1,61.9235865818,0.0482144441964
2012-03-21 14:47:42,2524,1,61.9755952589,0.0520086770834
2012-03-21 14:47:43,2525,1,62.0241809665,0.0485857075893
2012-03-21 14:47:44,2526,1,62.062870776,0.0386898095238
2012-03-21 14:47:45,2527,1,62.0842989278,0.0214281517857
2012-03-21 14:47:46,2528,1,62.0837036912,-0.000595236607197
2012-03-21 14:47:47,2529,1,62.0643588333,-0.0193448578869
2012-03-21 14:47:48,2530,1,62.0370528304,-0.0273060029762
2012-03-21 14:47:49,2531,1,62.0146574464,-0.0223953839285
2012-03-21 14:47:50,2532,1,62.0066963028,-0.0079611436012
2012-03-21 14:47:51,2533,1,62.0126485751,0.0059522723214
2012-03-21 14:47:52,2534,1,62.0199400885,0.0072915133929
2012-03-21 14:47:53,2535,1,62.0130204762,-0.0069196123512
2012-03-21 14:47:54,2536,1,61.982365933,-0.0306545431548
2012-03-21 14:47:55,2537,1,61.9287947493,-0.0535711837797
2012-03-21 14:47:56,2538,1,61.8690478586,-0.059746890625
2012-03-21 14:47:57,2539,1,61.831845468,-0.037202390625
2012-03-21 14:47:58,2540,1,61.8401042827,0.0082588147321
2012-03-21 14:47:59,2541,1,61.8968005253,0.0566962425595
2012-03-21 14:48:00,2542,1,61.9825145417,0.0857140163691
2012-03-21 14:48:01,2543,1,62.0662939903,0.0837794486607
2012-03-21 14:48:02,2544,1,62.1270824903,0.0607885
2012-03-21 14:48:03,2545,1,62.1621271979,0.0350447075893
2012-03-21 14:48:04,2546,1,62.1741810193,0.0120538214285
2012-03-21 14:48:05,2547,1,62.1613836734,-0.0127973459821
2012-03-21 14:48:06,2548,1,62.1214285394,-0.0399551339286
2012-03-21 14:48:07,2549,1,62.0602680305,-0.0611605089285
2012-03-21 14:48:08,2550,1,61.9938247961,-0.066443234375
2012-03-21 14:48:09,2551,1,61.9380958006,-0.0557289955358
2012-03-21 14:48:10,2552,1,61.8996285796,-0.0384672209821
2012-03-21 14:48:11,2553,1,61.8776047128,-0.0220238668155
2012-03-21 14:48:12,2554,1,61.8700153958,-0.0075893169643
2012-03-21 14:48:13,2555,1,61.8773070997,0.0072917038691
2012-03-21 14:48:14,2556,1,61.9031999368,0.0258928370535
2012-03-21 14:48:15,2557,1,61.9504467381,0.0472468013393
2012-03-21 14:48:16,2558,1,62.0152529122,0.0648061741072
2012-03-21 14:48:17,2559,1,62.0857139249,0.0704610126488
2012-03-21 14:48:18,2560,1,62.1454609003,0.0597469754464
2012-03-21 14:48:19,2561,1,62.183705099,0.0382441986607
2012-03-21 14:48:20,2562,1,62.203348099,0.019643
2012-03-21 14:48:21,2563,1,62.2145832173,0.0112351183036
2012-03-21 14:48:22,2564,1,62.2223956324,0.00781241517861
2012-03-21 14:48:23,2565,1,62.2258926027,0.0034969702381
2012-03-21 14:48:24,2566,1,62.2256693862,-0.000223216517895
2012-03-21 14:48:25,2567,1,62.224850942,-0.000818444196405
2012-03-21 14:48:26,2568,1,62.224850942,0.0
2012-03-21 14:48:27,2569,1,62.2246277299,-0.000223212053598
2012-03-21 14:48:28,2570,1,62.2247021384,7.44084821989e-05
2012-03-21 14:48:29,2571,1,62.2293896101,0.0046874717262
2012-03-21 14:48:30,2572,1,62.2402526034,0.0108629933035
2012-03-21 14:48:31,2573,1,62.2470976659,0.00684506250001
2012-03-21 14:48:32,2574,1,62.2321421391,-0.0149555267857
2012-03-21 14:48:33,2575,1,62.1852670833,-0.0468750558036
2012-03-21 14:48:34,2576,1,62.1114576257,-0.0738094575892
2012-03-21 14:48:35,2577,1,62.025222593,-0.0862350327381
2012-03-21 14:48:36,2578,1,61.9421868921,-0.0830357008929
2012-03-21 14:48:37,2579,1,61.8735856168,-0.0686012752976
2012-03-21 14:48:38,2580,1,61.8249247619,-0.0486608549107
2012-03-21 14:48:39,2581,1,61.7997014271,-0.0252233348215
2012-03-21 14:48:40,2582,1,61.8034215699,0.0037201428572
2012-03-21 14:48:41,2583,1,61.8415166756,0.0380951056547
2012-03-21 14:48:42,2584,1,61.9128707024,0.0713540267858
2012-03-21 14:48:43,2585,1,62.0052070104,0.0923363080357
2012-03-21 14:48:44,2586,1,62.0955346042,0.09032759375
2012-03-21 14:48:45,2587,1,62.1575140997,0.0619794955357
2012-03-21 14:48:46,2588,1,62.1726185424,0.0151044427083
2012-03-21 14:48:47,2589,1,62.134821029,-0.0377975133928
2012-03-21 14:48:48,2590,1,62.047618567,-0.0872024620536
2012-03-21 14:48:49,2591,1,61.9225440089,-0.125074558036
2012-03-21 14:48:50,2592,1,61.7783475179,-0.144196491071
2012-03-21 14:48:51,2593,1,61.6357136823,-0.142633835565
2012-03-21 14:48:52,2594,1,61.5141365275,-0.121577154762
2012-03-21 14:48:53,2595,1,61.4331844204,-0.0809521071429
2012-03-21 14:48:54,2596,1,61.4061756295,-0.0270087909226
2012-03-21 14:48:55,2597,1,61.4260416057,0.0198659761905
2012-03-21 14:48:56,2598,1,61.4643598668,0.0383182611607
2012-03-21 14:48:57,2599,1,61.4934519948,0.0290921279762
2012-03-21 14:48:58,2600,1,61.5107882619,0.0173362671131
2012-03-21 14:48:59,2601,1,61.5412198534,0.0304315915178
2012-03-21 14:49:00,2602,1,61.6154014598,0.0741816063988
2012-03-21 14:49:01,2603,1,61.7413687121,0.125967252232
2012-03-21 14:49:02,2604,1,61.8942704688,0.152901756696
2012-03-21 14:49:03,2605,1,62.0341514323,0.139880963542
2012-03-21 14:49:04,2606,1,62.1302823594,0.0961309270833
2012-03-21 14:49:05,2607,1,62.1715024442,0.0412200848214
2012-03-21 14:49:06,2608,1,62.1640617225,-0.0074407217262
2012-03-21 14:49:07,2609,1,62.122990131,-0.0410715915178
2012-03-21 14:49:08,2610,1,62.0642105037,-0.0587796272322
2012-03-21 14:49:09,2611,1,62.0024550372,-0.0617554665178
2012-03-21 14:49:10,2612,1,61.9502979301,-0.0521571071429
2012-03-21 14:49:11,2613,1,61.9154769881,-0.0348209419642
2012-03-21 14:49:12,2614,1,61.899331369,-0.0161456190477
2012-03-21 14:49:13,2615,1,61.8984385074,-0.000892861607099
2012-03-21 14:49:14,2616,1,61.9103431302,0.0119046227678
2012-03-21 14:49:15,2617,1,61.9394351555,0.0290920252976
2012-03-21 14:49:16,2618,1,61.9945687894,0.0551336339286
2012-03-21 14:49:17,2619,1,62.0773810238,0.082812234375
2012-03-21 14:49:18,2620,1,62.1732885945,0.0959075706846
2012-03-21 14:49:19,2621,1,62.2569938445,0.08370525
2012-03-21 14:49:20,2622,1,62.3085562061,0.0515623616071
2012-03-21 14:49:21,2623,1,62.3248506533,0.0162944471726
2012-03-21 14:49:22,2624,1,62.3161450975,-0.0087055558036
2012-03-21 14:49:23,2625,1,62.2910705707,-0.0250745267857
2012-03-21 14:49:24,2626,1,62.2453116503,-0.0457589203869
2012-03-21 14:49:25,2627,1,62.1677076034,-0.077604046875
2012-03-21 14:49:26,2628,1,62.058555965,-0.109151638393
2012-03-21 14:49:27,2629,1,61.9401036957,-0.118452269345
2012-03-21 14:49:28,2630,1,61.8469490327,-0.0931546629464
2012-03-21 14:49:29,2631,1,61.8043896615,-0.0425593712798
2012-03-21 14:49:30,2632,1,61.814434532,0.0100448705358
2012-03-21 14:49:31,2633,1,61.8604913199,0.0460567879464
2012-03-21 14:49:32,2634,1,61.9226194182,0.0621280982143
2012-03-21 14:49:33,2635,1,61.987946689,0.0653272708333
2012-03-21 14:49:34,2636,1,62.0495535104,0.0616068214286
2012-03-21 14:49:35,2637,1,62.0997763222,0.0502228117559
2012-03-21 14:49:36,2638,1,62.1303563043,0.0305799821429
2012-03-21 14:49:37,2639,1,62.1409214993,0.0105651949405
2012-03-21 14:49:38,2640,1,62.140400506,-0.000520993303603
2012-03-21 14:49:39,2641,1,62.1362337604,-0.0041667455357
2012-03-21 14:49:40,2642,1,62.1270819568,-0.0091518035715
2012-03-21 14:49:41,2643,1,62.1073647909,-0.0197171659226
2012-03-21 14:49:42,2644,1,62.0755198021,-0.0318449888393
2012-03-21 14:49:43,2645,1,62.0374249546,-0.0380948474702
2012-03-21 14:49:44,2646,1,62.0023063631,-0.0351185915179
2012-03-21 14:49:45,2647,1,61.9759674591,-0.0263389040178
2012-03-21 14:49:46,2648,1,61.959747436,-0.0162200230655
2012-03-21 14:49:47,2649,1,61.9543159479,-0.0054314880952
2012-03-21 14:49:48,2650,1,61.960565878,0.0062499300595
2012-03-21 14:49:49,2651,1,61.9772323415,0.0166664635417
2012-03-21 14:49:50,2652,1,61.9999998795,0.0227675379464
2012-03-21 14:49:51,2653,1,62.0226185662,0.0226186867559
2012-03-21 14:49:52,2654,1,62.0384664985,0.0158479322917
2012-03-21 14:49:53,2655,1,62.0436003251,0.0051338266369
2012-03-21 14:49:54,2656,1,62.0412938185,-0.0023065066964
2012-03-21 14:49:55,2657,1,62.0411450104,-0.000148808035703
2012-03-21 14:49:56,2658,1,62.0494037738,0.0082587633928
2012-03-21 14:49:57,2659,1,62.0625731533,0.0131693794643
2012-03-21 14:49:58,2660,1,62.0729152083,0.0103420550595
2012-03-21 14:49:59,2661,1,62.0763377604,0.0034225520834
2012-03-21 14:50:00,2662,1,62.0734360394,-0.0029017209822
2012-03-21 14:50:01,2663,1,62.065326093,-0.0081099464286
2012-03-21 14:50:02,2664,1,62.0492549769,-0.0160711160714
2012-03-21 14:50:03,2665,1,62.0199399814,-0.0293149955357
2012-03-21 14:50:04,2666,1,61.9768601287,-0.0430798526786
2012-03-21 14:50:05,2667,1,61.9261907403,-0.0506693883928
2012-03-21 14:50:06,2668,1,61.8733632612,-0.0528274791667
2012-03-21 14:50:07,2669,1,61.8206844077,-0.0526788534226
2012-03-21 14:50:08,2670,1,61.7756692865,-0.0450151212798
2012-03-21 14:50:09,2671,1,61.7548358631,-0.0208334233631
2012-03-21 14:50:10,2672,1,61.7764876979,0.0216518348215
2012-03-21 14:50:11,2673,1,61.8499997359,0.0735120379464
2012-03-21 14:50:12,2674,1,61.9639136109,0.113913875
2012-03-21 14:50:13,2675,1,62.0849703497,0.121056738839
2012-03-21 14:50:14,2676,1,62.1793156815,0.0943453318452
2012-03-21 14:50:15,2677,1,62.2310268981,0.0517112165179
2012-03-21 14:50:16,2678,1,62.2415177128,0.0104908147321
2012-03-21 14:50:17,2679,1,62.2250739524,-0.0164437604166
2012-03-21 14:50:18,2680,1,62.1991064159,-0.0259675364584
2012-03-21 14:50:19,2681,1,62.1709067775,-0.0281996383928
2012-03-21 14:50:20,2682,1,62.1406982589,-0.0302085186012
2012-03-21 14:50:21,2683,1,62.1116058824,-0.0290923764881
2012-03-21 14:50:22,2684,1,62.0892843713,-0.0223215111607
2012-03-21 14:50:23,2685,1,62.0778259345,-0.011458436756
2012-03-21 14:50:24,2686,1,62.0758169204,-0.0020090141369
2012-03-21 14:50:25,2687,1,62.0732872106,-0.0025297098214
2012-03-21 14:50:26,2688,1,62.057067282,-0.0162199285715
2012-03-21 14:50:27,2689,1,62.0225440439,-0.0345232380952
2012-03-21 14:50:28,2690,1,61.9784226801,-0.0441213638393
2012-03-21 14:50:29,2691,1,61.9385422567,-0.0398804233631
2012-03-21 14:50:30,2692,1,61.912128869,-0.0264133876488
2012-03-21 14:50:31,2693,1,61.9029771771,-0.0091516919643
2012-03-21 14:50:32,2694,1,61.9119800565,0.0090028794643
2012-03-21 14:50:33,2695,1,61.9377237939,0.0257437373512
2012-03-21 14:50:34,2696,1,61.9774554196,0.0397316257441
2012-03-21 14:50:35,2697,1,62.0263387537,0.0488833340773
2012-03-21 14:50:36,2698,1,62.0740317359,0.0476929821429
2012-03-21 14:50:37,2699,1,62.1067696086,0.0327378727679
2012-03-21 14:50:38,2700,1,62.1155493854,0.0087797767857
2012-03-21 14:50:39,2701,1,62.0980644278,-0.0174849575893
2012-03-21 14:50:40,2702,1,62.0552074888,-0.0428569389881
2012-03-21 14:50:41,2703,1,61.9930052738,-0.0622022150298
2012-03-21 14:50:42,2704,1,61.9239577292,-0.0690475446428
2012-03-21 14:50:43,2705,1,61.8621273251,-0.0618304040179
2012-03-21 14:50:44,2706,1,61.8187492001,-0.043378125
2012-03-21 14:50:45,2707,1,61.7983621488,-0.0203870513393
2012-03-21 14:50:46,2708,1,61.7982877455,-7.44032737998e-05
2012-03-21 14:50:47,2709,1,61.8158474784,0.0175597328869
2012-03-21 14:50:48,2710,1,61.850743651,0.0348961726191
2012-03-21 14:50:49,2711,1,61.8988838437,0.0481401927083
2012-03-21 14:50:50,2712,1,61.9514137009,0.0525298571429
2012-03-21 14:50:51,2713,1,61.9989581138,0.0475444129464
2012-03-21 14:50:52,2714,1,62.0337047121,0.0347465982143
2012-03-21 14:50:53,2715,1,62.051189506,0.0174847938988
2012-03-21 14:50:54,2716,1,62.0506686622,-0.000520843750003
2012-03-21 14:50:55,2717,1,62.0331094621,-0.0175592001488
2012-03-21 14:50:56,2718,1,62.0017111451,-0.0313983169643
2012-03-21 14:50:57,2719,1,61.9638395253,-0.0378716197917
2012-03-21 14:50:58,2720,1,61.9328129278,-0.0310265974702
2012-03-21 14:50:59,2721,1,61.9223962932,-0.0104166346726
2012-03-21 14:51:00,2722,1,61.9089289353,-0.0134673578869
2012-03-21 14:51:01,2723,1,61.7699405759,-0.138988359375
2012-03-21 14:51:02,2724,1,61.2773807001,-0.492559875744
2012-03-21 14:51:03,2725,1,60.2136155484,-1.06376515179
2012-03-21 14:51:04,2726,1,58.5602672173,-1.6533483311
2012-03-21 14:51:05,2727,1,56.5814725506,-1.97879466667
2012-03-21 14:51:06,2728,1,54.6526778259,-1.9287947247
2012-03-21 14:51:07,2729,1,52.9392103251,-1.71346750074
2012-03-21 14:51:08,2730,1,51.2659213951,-1.67328893006
2012-03-21 14:51:09,2731,1,49.371278596,-1.89464279911
2012-03-21 14:51:10,2732,1,47.2695677165,-2.10171087946
2012-03-21 14:51:11,2733,1,45.2745533958,-1.99501432068
2012-03-21 14:51:12,2734,1,43.6436013787,-1.63095201711
2012-03-21 14:51:13,2735,1,42.2387650558,-1.40483632292
2012-03-21 14:51:14,2736,1,40.5657736696,-1.67299138616
2012-03-21 14:51:15,2737,1,38.1305054658,-2.43526820387
2012-03-21 14:51:16,2738,1,34.7258922121,-3.40461325372
2012-03-21 14:51:17,2739,1,30.4196557759,-4.30623643615
2012-03-21 14:51:18,2740,1,25.3835695653,-5.03608621057
2012-03-21 14:51:19,2741,1,19.8400834213,-5.54348614401
2012-03-21 14:51:20,2742,1,14.2147249472,-5.62535847409
2012-03-21 14:51:21,2743,1,9.2043759793,-5.01034896794
2012-03-21 14:51:22,2744,1,5.49343183502,-3.71094414428
2012-03-21 14:51:23,2745,1,3.370657347,-2.12277448803
2012-03-21 14:51:24,2746,1,2.60718341254,-0.763473934456
2012-03-21 14:51:25,2747,1,2.63409091504,0.0269075025027
2012-03-21 14:51:26,2748,1,2.9007034699,0.266612554857
2012-03-21 14:51:27,2749,1,3.14458874608,0.243885276177
2012-03-21 14:51:28,2750,1,3.33829816017,0.193709414096
2012-03-21 14:51:29,2751,1,3.49207927489,0.153781114719
2012-03-21 14:51:30,2752,1,3.63547754329,0.143398268398
2012-03-21 14:51:31,2753,1,3.96112012987,0.32564258658
2012-03-21 14:51:32,2754,1,4.83328598485,0.872165854978
2012-03-21 14:51:33,2755,1,6.55336850798,1.72008252313
2012-03-21 14:51:34,2756,1,9.1414569887,2.58808848072
2012-03-21 14:51:35,2757,1,12.33445618,3.19299919129
2012-03-21 14:51:36,2758,1,15.7410172863,3.40656110626
2012-03-21 14:51:37,2759,1,19.0342125083,3.29319522206
2012-03-21 14:51:38,2760,1,22.0246885113,2.99047600298
2012-03-21 14:51:39,2761,1,24.5686006734,2.54391216207
2012-03-21 14:51:40,2762,1,26.5254458274,1.95684515402
2012-03-21 14:51:41,2763,1,27.8666661071,1.34122027976
2012-03-21 14:51:42,2764,1,28.743303128,0.876637020833
2012-03-21 14:51:43,2765,1,29.3994044018,0.656101273809
2012-03-21 14:51:44,2766,1,30.0325888891,0.633184487351
2012-03-21 14:51:45,2767,1,30.7062494226,0.673660533482
2012-03-21 14:51:46,2768,1,31.3500735841,0.643824161458
2012-03-21 14:51:47,2769,1,31.8520823906,0.502008806548
2012-03-21 14:51:48,2770,1,32.1700140647,0.317931674107
2012-03-21 14:51:49,2771,1,32.3580351801,0.188021115327
2012-03-21 14:51:50,2772,1,32.5062496548,0.148214474702
2012-03-21 14:51:51,2773,1,32.6710561503,0.164806495536
2012-03-21 14:51:52,2774,1,32.8435262054,0.17247005506
2012-03-21 14:51:53,2775,1,32.9659219494,0.122395744048
2012-03-21 14:51:54,2776,1,32.98988034,0.023958390625
2012-03-21 14:51:55,2777,1,32.9349696376,-0.054910702381
2012-03-21 14:51:56,2778,1,32.8912938274,-0.0436758102679
2012-03-21 14:51:57,2779,1,32.952379776,0.0610859486608
2012-03-21 14:51:58,2780,1,33.1358616466,0.183481870536
2012-03-21 14:51:59,2781,1,33.367260375,0.231398728423
2012-03-21 14:52:00,2782,1,33.5366800565,0.169419681548
2012-03-21 14:52:01,2783,1,33.5729152634,0.0362352068453
2012-03-21 14:52:02,2784,1,33.4720225737,-0.100892689732
2012-03-21 14:52:03,2785,1,33.2635407381,-0.208481835566
2012-03-21 14:52:04,2786,1,32.9651780454,-0.298362692708
2012-03-21 14:52:05,2787,1,32.5830355327,-0.382142512649
2012-03-21 14:52:06,2788,1,32.1505208363,-0.432514696429
2012-03-21 14:52:07,2789,1,31.7542411176,-0.39627971875
2012-03-21 14:52:08,2790,1,31.5093005588,-0.24494055878
2012-03-21 14:52:09,2791,1,31.4985116071,-0.0107889516369
2012-03-21 14:52:10,2792,1,31.7273801964,0.228868589286
2012-03-21 14:52:11,2793,1,32.1300582299,0.402678033482
2012-03-21 14:52:12,2794,1,32.6136888155,0.483630585565
2012-03-21 14:52:13,2795,1,33.0915906466,0.477901831101
2012-03-21 14:52:14,2796,1,33.4776030089,0.386012362351
2012-03-21 14:52:15,2797,1,33.6787940737,0.201191064732
2012-03-21 14:52:16,2798,1,33.6243301949,-0.0544638787202
2012-03-21 14:52:17,2799,1,33.3073660253,-0.316964169643
2012-03-21 14:52:18,2800,1,32.7997766756,-0.507589349702
2012-03-21 14:52:19,2801,1,32.2252974568,-0.57447921875
2012-03-21 14:52:20,2802,1,31.701562378,-0.523735078869
2012-03-21 14:52:21,2803,1,31.2851189695,-0.416443408482
2012-03-21 14:52:22,2804,1,30.9480653542,-0.337053615327
2012-03-21 14:52:23,2805,1,30.5839283571,-0.364136997024
2012-03-21 14:52:24,2806,1,30.035342003,-0.548586354167
2012-03-21 14:52:25,2807,1,29.1482884777,-0.887053525298
2012-03-21 14:52:26,2808,1,27.833333221,-1.3149552567
2012-03-21 14:52:27,2809,1,26.0547618445,-1.77857137649
2012-03-21 14:52:28,2810,1,23.7166516341,-2.33811021042
2012-03-21 14:52:29,2811,1,20.6172392093,-3.09941242478
2012-03-21 14:52:30,2812,1,16.659002372,-3.95823683728
2012-03-21 14:52:31,2813,1,12.1605722127,-4.4984301593
2012-03-21 14:52:32,2814,1,7.88489521057,-4.27567700216
2012-03-21 14:52:33,2815,1,4.65026742366,-3.2346277869
2012-03-21 14:52:34,2816,1,2.82949377649,-1.82077364717
2012-03-21 14:52:35,2817,1,2.17707566823,-0.652418108259
2012-03-21 14:52:36,2818,1,2.12010388155,-0.0569717866816
2012-03-21 14:52:37,2819,1,2.1986082401,0.0785043585565
2012-03-21 14:52:38,2820,1,2.2419637872,0.0433555470982
2012-03-21 14:52:39,2821,1,2.24335505231,0.00139126510417
2012-03-21 14:52:40,2822,1,2.2220826244,-0.0212724279018
2012-03-21 14:52:41,2823,1,2.24814651555,0.0260638911458
2012-03-21 14:52:42,2824,1,2.5240021186,0.275855603051
2012-03-21 14:52:43,2825,1,3.34080273557,0.816800616964
2012-03-21 14:52:44,2826,1,4.8611599747,1.52035723914
2012-03-21 14:52:45,2827,1,6.89351876198,2.03235878728
2012-03-21 14:52:46,2828,1,8.93816923512,2.04465047314
2012-03-21 14:52:47,2829,1,10.5677303755,1.6295611404
2012-03-21 14:52:48,2830,1,11.7837944121,1.21606403653
2012-03-21 14:52:49,2831,1,12.9607884479,1.17699403586
2012-03-21 14:52:50,2832,1,14.4511901927,1.49040174479
2012-03-21 14:52:51,2833,1,16.2641365766,1.81294638393
2012-03-21 14:52:52,2834,1,18.1058776019,1.8417410253
2012-03-21 14:52:53,2835,1,19.6820680007,1.57619039881
2012-03-21 14:52:54,2836,1,20.9043893229,1.22232132217
2012-03-21 14:52:55,2837,1,21.831919006,0.927529683036
2012-03-21 14:52:56,2838,1,22.5293148356,0.697395829613
2012-03-21 14:52:57,2839,1,23.0293149204,0.500000084821
2012-03-21 14:52:58,2840,1,23.3555799457,0.326265025298
2012-03-21 14:52:59,2841,1,23.4913687612,0.135788815476
2012-03-21 14:53:00,2842,1,23.3281247612,-0.163244
2012-03-21 14:53:01,2843,1,22.7430057039,-0.585119057292
2012-03-21 14:53:02,2844,1,21.8053568869,-0.937648816964
2012-03-21 14:53:03,2845,1,20.8660712158,-0.939285671131
2012-03-21 14:53:04,2846,1,20.3346725037,-0.531398712054
2012-03-21 14:53:05,2847,1,20.333258904,-0.0014135997023
2012-03-21 14:53:06,2848,1,20.6447172366,0.311458332589
2012-03-21 14:53:07,2849,1,21.0296129479,0.38489571131
2012-03-21 14:53:08,2850,1,21.5077377567,0.47812480878
2012-03-21 14:53:09,2851,1,22.2666661563,0.758928399554
2012-03-21 14:53:10,2852,1,23.3258922604,1.05922610417
2012-03-21 14:53:11,2853,1,24.387573808,1.06168154762
2012-03-21 14:53:12,2854,1,25.0927821615,0.705208353423
2012-03-21 14:53:13,2855,1,25.3604160744,0.267633912947
2012-03-21 14:53:14,2856,1,25.3839279472,0.0235118727678
2012-03-21 14:53:15,2857,1,25.3580350915,-0.0258928556547
2012-03-21 14:53:16,2858,1,25.3103416778,-0.0476934136905
2012-03-21 14:53:17,2859,1,25.1694934821,-0.140848195684
2012-03-21 14:53:18,2860,1,24.8785708006,-0.290922681548
2012-03-21 14:53:19,2861,1,24.4031986473,-0.475372153274
2012-03-21 14:53:20,2862,1,23.7320675975,-0.671131049851
2012-03-21 14:53:21,2863,1,22.9563979933,-0.775669604167
2012-03-21 14:53:22,2864,1,22.3075142485,-0.648883744792
2012-03-21 14:53:23,2865,1,22.0332585171,-0.274255731399
2012-03-21 14:53:24,2866,1,22.1902527016,0.156994184524
2012-03-21 14:53:25,2867,1,22.570758686,0.380505984375
2012-03-21 14:53:26,2868,1,22.8802080923,0.30944940625
2012-03-21 14:53:27,2869,1,22.9744789665,0.094270874256
2012-03-21 14:53:28,2870,1,22.9014135439,-0.0730654226191
2012-03-21 14:53:29,2871,1,22.7773807671,-0.124032776786
2012-03-21 14:53:30,2872,1,22.6698657001,-0.107515066964
2012-03-21 14:53:31,2873,1,22.5456094903,-0.124256209821
2012-03-21 14:53:32,2874,1,22.2830348981,-0.262574592262
2012-03-21 14:53:33,2875,1,21.7534961637,-0.529538734375
2012-03-21 14:53:34,2876,1,20.9298355067,-0.823660656994
2012-03-21 14:53:35,2877,1,19.9080349978,-1.02180050893
2012-03-21 14:53:36,2878,1,18.8002969926,-1.10773800521
2012-03-21 14:53:37,2879,1,17.6480649427,-1.15223204985
2012-03-21 14:53:38,2880,1,16.4625739576,-1.18549098512
2012-03-21 14:53:39,2881,1,15.3215025714,-1.14107138616
2012-03-21 14:53:40,2882,1,14.4312495491,-0.890253022321
2012-03-21 14:53:41,2883,1,14.0569934985,-0.374256050595
2012-03-21 14:53:42,2884,1,14.3240321429,0.267038644345
2012-03-21 14:53:43,2885,1,15.12254409,0.798511947173
2012-03-21 14:53:44,2886,1,16.2081840573,1.08563996726
2012-03-21 14:53:45,2887,1,17.3218746265,1.1136905692
2012-03-21 14:53:46,2888,1,18.2577378118,0.935863185268
2012-03-21 14:53:47,2889,1,18.9123509933,0.654613181548
2012-03-21 14:53:48,2890,1,19.2857885491,0.373437555803
2012-03-21 14:53:49,2891,1,19.4569194524,0.171130903274
2012-03-21 14:53:50,2892,1,19.5648061704,0.107886718006
2012-03-21 14:53:51,2893,1,19.7381690417,0.17336287128
2012-03-21 14:53:52,2894,1,19.9939725119,0.255803470238
2012-03-21 14:53:53,2895,1,20.2206839159,0.226711404018
2012-03-21 14:53:54,2896,1,20.2498508088,0.0291668928572
2012-03-21 14:53:55,2897,1,19.937276631,-0.312574177827
2012-03-21 14:53:56,2898,1,19.2145089122,-0.72276771875
2012-03-21 14:53:57,2899,1,18.082738119,-1.13177079315
2012-03-21 14:53:58,2900,1,16.5639880722,-1.51875004688
2012-03-21 14:53:59,2901,1,14.6726932932,-1.89129477902
2012-03-21 14:54:00,2902,1,12.4017853683,-2.27090792485
2012-03-21 14:54:01,2903,1,9.72157689881,-2.68020846949
2012-03-21 14:54:02,2904,1,6.71011856771,-3.0114583311
2012-03-21 14:54:03,2905,1,3.81770798512,-2.89241058259
2012-03-21 14:54:04,2906,1,0.0,-3.81770798512
2012-03-21 14:55:30,2992,86,0.0,0.0
2012-03-21 14:55:31,2993,1,2.85922598735,2.85922598735
2012-03-21 14:55:32,2994,1,4.79613070387,1.93690471652
2012-03-21 14:55:33,2995,1,6.67031228943,1.87418158557
2012-03-21 14:55:34,2996,1,8.22596714955,1.55565486012
2012-03-21 14:55:35,2997,1,9.52611601116,1.30014886161
2012-03-21 14:55:36,2998,1,10.6537944926,1.1276784814
2012-03-21 14:55:37,2999,1,11.6402526079,0.986458115327
2012-03-21 14:55:38,3000,1,12.5246273757,0.884374767857
2012-03-21 14:55:39,3001,1,13.3666659353,0.842038559524
2012-03-21 14:55:40,3002,1,14.1856391607,0.818973225446
2012-03-21 14:55:41,3003,1,14.9156243728,0.729985212054
2012-03-21 14:55:42,3004,1,15.4706839509,0.555059578125
2012-03-21 14:55:43,3005,1,15.8633922381,0.392708287202
2012-03-21 14:55:44,3006,1,16.2198653638,0.356473125744
2012-03-21 14:55:45,3007,1,16.6827373393,0.462871975446
2012-03-21 14:55:46,3008,1,17.3052075751,0.622470235863
2012-03-21 14:55:47,3009,1,17.9796867448,0.674479169643
2012-03-21 14:55:48,3010,1,18.4436748393,0.463988094494
2012-03-21 14:55:49,3011,1,18.3944189204,-0.0492559188988
2012-03-21 14:55:50,3012,1,17.6377969963,-0.756621924107
2012-03-21 14:55:51,3013,1,16.1849697507,-1.45282724554
2012-03-21 14:55:52,3014,1,14.2545382835,-1.93043146726
2012-03-21 14:55:53,3015,1,12.1585561004,-2.09598218304
2012-03-21 14:55:54,3016,1,10.1540173028,-2.00453879762
2012-03-21 14:55:55,3017,1,8.38705297173,-1.7669643311
2012-03-21 14:55:56,3018,1,6.92797567336,-1.45907729836
2012-03-21 14:55:57,3019,1,5.81502942187,-1.11294625149
2012-03-21 14:55:58,3020,1,5.05900283036,-0.756026591518
2012-03-21 14:55:59,3021,1,4.61547617336,-0.443526656994
2012-03-21 14:56:00,3022,1,4.38385415476,-0.231622018601
2012-03-21 14:56:01,3023,1,4.25141354911,-0.132440605655
2012-03-21 14:56:02,3024,1,4.12857105283,-0.12284249628
2012-03-21 14:56:03,3025,1,3.95245471354,-0.176116339286
2012-03-21 14:56:04,3026,1,3.65944857589,-0.293006137649
2012-03-21 14:56:05,3027,1,3.1532729814,-0.506175594494
2012-03-21 14:56:06,3028,1,2.36956781176,-0.783705169643
2012-03-21 14:56:07,3029,1,1.43444902976,-0.935118781994
2012-03-21 14:56:08,3030,1,0.0,-1.43444902976
2012-03-21 14:56:29,3051,21,0.0,0.0
2012-03-21 14:56:30,3052,1,0.170461304315,0.170461304315
2012-03-21 14:56:31,3053,1,0.0,-0.170461304315
2012-03-21 14:56:32,3054,1,0.0,0.0
2012-03-21 14:56:33,3055,1,0.0,0.0
2012-03-21 14:56:34,3056,1,0.0,0.0
2012-03-21 14:56:35,3057,1,0.0,0.0
2012-03-21 14:56:36,3058,1,0.0,0.0
