timestamp,cycle_sec,timestep,speed_mph,accel_meters_ps
2012-12-01 17:13:20,0,85572,0.0,0.0
2012-12-01 17:13:21,1,1,3.50825892857,3.50825892857
2012-12-01 17:13:22,2,1,7.25513392857,3.746875
2012-12-01 17:13:23,3,1,12.1776785714,4.92254464286
2012-12-01 17:13:24,4,1,17.3994047619,5.22172619048
2012-12-01 17:13:25,5,1,22.1691220238,4.7697172619
2012-12-01 17:13:26,6,1,26.104985119,3.93586309524
2012-12-01 17:13:27,7,1,29.2161458333,3.11116071429
2012-12-01 17:13:28,8,1,31.6891369048,2.47299107143
2012-12-01 17:13:29,9,1,33.6790922619,1.98995535714
2012-12-01 17:13:30,10,1,35.2826636905,1.60357142857
2012-12-01 17:13:31,11,1,36.588764881,1.30610119048
2012-12-01 17:13:32,12,1,37.6821428571,1.09337797619
2012-12-01 17:13:33,13,1,38.6254464286,0.943303571429
2012-12-01 17:13:34,14,1,39.4490327381,0.823586309524
2012-12-01 17:13:35,15,1,40.1287946429,0.679761904762
2012-12-01 17:13:36,16,1,40.579389881,0.450595238095
2012-12-01 17:13:37,17,1,40.7046130952,0.125223214286
2012-12-01 17:13:38,18,1,40.4796130952,-0.225
2012-12-01 17:13:39,19,1,39.9882440476,-0.491369047619
2012-12-01 17:13:40,20,1,39.3636904762,-0.624553571428
2012-12-01 17:13:41,21,1,38.6945684524,-0.66912202381
2012-12-01 17:13:42,22,1,38.0056547619,-0.688913690476
2012-12-01 17:13:43,23,1,37.3063988095,-0.699255952381
2012-12-01 17:13:44,24,1,36.6180059524,-0.688392857143
2012-12-01 17:13:45,25,1,35.9558779762,-0.66212797619
2012-12-01 17:13:46,26,1,35.3220982143,-0.633779761905
2012-12-01 17:13:47,27,1,34.7295386905,-0.59255952381
2012-12-01 17:13:48,28,1,34.2063988095,-0.523139880952
2012-12-01 17:13:49,29,1,33.7474702381,-0.458928571429
2012-12-01 17:13:50,30,1,33.2392857143,-0.508184523809
2012-12-01 17:13:51,31,1,32.4259672619,-0.813318452381
2012-12-01 17:13:52,32,1,31.0001488095,-1.42581845238
2012-12-01 17:13:53,33,1,28.799702381,-2.20044642857
2012-12-01 17:13:54,34,1,25.942485119,-2.8572172619
2012-12-01 17:13:55,35,1,22.7753720238,-3.16711309524
2012-12-01 17:13:56,36,1,19.6772321429,-3.09813988095
2012-12-01 17:13:57,37,1,16.8472470238,-2.82998511905
2012-12-01 17:13:58,38,1,14.2270089286,-2.62023809524
2012-12-01 17:13:59,39,1,11.6386904762,-2.58831845238
2012-12-01 17:14:00,40,1,9.02834821429,-2.6103422619
2012-12-01 17:14:01,41,1,6.56071428571,-2.46763392857
2012-12-01 17:14:02,42,1,4.51927083333,-2.04144345238
2012-12-01 17:14:03,43,1,3.234375,-1.28489583333
2012-12-01 17:14:04,44,1,3.06927083333,-0.165104166667
2012-12-01 17:14:05,45,1,4.29181547619,1.22254464286
2012-12-01 17:14:06,46,1,6.89069940476,2.59888392857
2012-12-01 17:14:07,47,1,10.5097470238,3.61904761905
2012-12-01 17:14:08,48,1,14.5543154762,4.04456845238
2012-12-01 17:14:09,49,1,18.4621279762,3.9078125
2012-12-01 17:14:10,50,1,21.9483630952,3.48623511905
2012-12-01 17:14:11,51,1,24.9788690476,3.03050595238
2012-12-01 17:14:12,52,1,27.5828869048,2.60401785714
2012-12-01 17:14:13,53,1,29.7650297619,2.18214285714
2012-12-01 17:14:14,54,1,31.5052083333,1.74017857143
2012-12-01 17:14:15,55,1,32.726860119,1.22165178571
2012-12-01 17:14:16,56,1,33.2447172619,0.517857142857
2012-12-01 17:14:17,57,1,32.7797619048,-0.464955357143
2012-12-01 17:14:18,58,1,31.0998511905,-1.67991071429
2012-12-01 17:14:19,59,1,28.2131696429,-2.88668154762
2012-12-01 17:14:20,60,1,24.439360119,-3.77380952381
2012-12-01 17:14:21,61,1,20.2913690476,-4.14799107143
2012-12-01 17:14:22,62,1,16.2914434524,-3.99992559524
2012-12-01 17:14:23,63,1,12.8770089286,-3.41443452381
2012-12-01 17:14:24,64,1,10.381547619,-2.49546130952
2012-12-01 17:14:25,65,1,8.93125,-1.45029761905
2012-12-01 17:14:26,66,1,8.27053571429,-0.660714285714
2012-12-01 17:14:27,67,1,7.80647321429,-0.4640625
2012-12-01 17:14:28,68,1,7.003125,-0.803348214286
2012-12-01 17:14:29,69,1,5.7802827381,-1.2228422619
2012-12-01 17:14:30,70,1,4.50595238095,-1.27433035714
2012-12-01 17:14:31,71,1,3.6509672619,-0.854985119048
2012-12-01 17:14:32,72,1,3.51830357143,-0.132663690476
2012-12-01 17:14:33,73,1,4.24947916667,0.731175595238
2012-12-01 17:14:34,74,1,5.91369047619,1.66421130952
2012-12-01 17:14:35,75,1,8.45922619048,2.54553571429
2012-12-01 17:14:36,76,1,11.6165922619,3.15736607143
2012-12-01 17:14:37,77,1,14.9729910714,3.35639880952
2012-12-01 17:14:38,78,1,18.2039434524,3.23095238095
2012-12-01 17:14:39,79,1,21.2087053571,3.00476190476
2012-12-01 17:14:40,80,1,24.0086309524,2.79992559524
2012-12-01 17:14:41,81,1,26.5820684524,2.5734375
2012-12-01 17:14:42,82,1,28.8517857143,2.2697172619
2012-12-01 17:14:43,83,1,30.7817708333,1.92998511905
2012-12-01 17:14:44,84,1,32.4188244048,1.63705357143
2012-12-01 17:14:45,85,1,33.8482886905,1.42946428571
2012-12-01 17:14:46,86,1,35.1402529762,1.29196428571
2012-12-01 17:14:47,87,1,36.3255208333,1.18526785714
2012-12-01 17:14:48,88,1,37.3895833333,1.0640625
2012-12-01 17:14:49,89,1,38.275,0.885416666667
2012-12-01 17:14:50,90,1,38.8930059524,0.618005952381
2012-12-01 17:14:51,91,1,39.1460565476,0.253050595238
2012-12-01 17:14:52,92,1,38.9580357143,-0.188020833333
2012-12-01 17:14:53,93,1,38.3000744048,-0.657961309524
2012-12-01 17:14:54,94,1,37.2067708333,-1.09330357143
2012-12-01 17:14:55,95,1,35.761235119,-1.44553571429
2012-12-01 17:14:56,96,1,34.0006696429,-1.76056547619
2012-12-01 17:14:57,97,1,31.8135416667,-2.18712797619
2012-12-01 17:14:58,98,1,29.017485119,-2.79605654762
2012-12-01 17:14:59,99,1,25.600297619,-3.4171875
2012-12-01 17:15:00,100,1,21.8648809524,-3.73541666667
2012-12-01 17:15:01,101,1,18.3232142857,-3.54166666667
2012-12-01 17:15:02,102,1,15.4037946429,-2.91941964286
2012-12-01 17:15:03,103,1,13.1997767857,-2.20401785714
2012-12-01 17:15:04,104,1,11.5226934524,-1.67708333333
2012-12-01 17:15:05,105,1,10.2179315476,-1.30476190476
2012-12-01 17:15:06,106,1,9.38400297619,-0.833928571429
2012-12-01 17:15:07,107,1,9.30491071429,-0.0790922619048
2012-12-01 17:15:08,108,1,10.2236607143,0.91875
2012-12-01 17:15:09,109,1,12.1454613095,1.92180059524
2012-12-01 17:15:10,110,1,14.7831845238,2.63772321429
2012-12-01 17:15:11,111,1,17.668452381,2.88526785714
2012-12-01 17:15:12,112,1,20.3543154762,2.68586309524
2012-12-01 17:15:13,113,1,22.5907738095,2.23645833333
2012-12-01 17:15:14,114,1,24.3851190476,1.7943452381
2012-12-01 17:15:15,115,1,25.9276785714,1.54255952381
2012-12-01 17:15:16,116,1,27.434375,1.50669642857
2012-12-01 17:15:17,117,1,29.0095238095,1.57514880952
2012-12-01 17:15:18,118,1,30.6163690476,1.6068452381
2012-12-01 17:15:19,119,1,32.140922619,1.52455357143
2012-12-01 17:15:20,120,1,33.4630208333,1.32209821429
2012-12-01 17:15:21,121,1,34.4901041667,1.02708333333
2012-12-01 17:15:22,122,1,35.1716517857,0.681547619048
2012-12-01 17:15:23,123,1,35.5121279762,0.340476190476
2012-12-01 17:15:24,124,1,35.5742559524,0.0621279761905
2012-12-01 17:15:25,125,1,35.4561755952,-0.118080357143
2012-12-01 17:15:26,126,1,35.2448660714,-0.211309523809
2012-12-01 17:15:27,127,1,34.9835565476,-0.26130952381
2012-12-01 17:15:28,128,1,34.6885416667,-0.295014880952
2012-12-01 17:15:29,129,1,34.3915178571,-0.297023809524
2012-12-01 17:15:30,130,1,34.1507440476,-0.240773809524
2012-12-01 17:15:31,131,1,34.0207589286,-0.129985119048
2012-12-01 17:15:32,132,1,34.0220982143,0.0013392857143
2012-12-01 17:15:33,133,1,34.1389880952,0.116889880952
2012-12-01 17:15:34,134,1,34.3352678571,0.196279761905
2012-12-01 17:15:35,135,1,34.5724702381,0.237202380952
2012-12-01 17:15:36,136,1,34.8199404762,0.247470238095
2012-12-01 17:15:37,137,1,35.0470238095,0.227083333333
2012-12-01 17:15:38,138,1,35.2064732143,0.159449404762
2012-12-01 17:15:39,139,1,35.2378720238,0.0313988095238
2012-12-01 17:15:40,140,1,35.0854910714,-0.152380952381
2012-12-01 17:15:41,141,1,34.6834077381,-0.402083333333
2012-12-01 17:15:42,142,1,33.9077380952,-0.775669642857
2012-12-01 17:15:43,143,1,32.5710565476,-1.33668154762
2012-12-01 17:15:44,144,1,30.5162202381,-2.05483630952
2012-12-01 17:15:45,145,1,27.7645833333,-2.75163690476
2012-12-01 17:15:46,146,1,24.5808779762,-3.18370535714
2012-12-01 17:15:47,147,1,21.365922619,-3.21495535714
2012-12-01 17:15:48,148,1,18.459375,-2.90654761905
2012-12-01 17:15:49,149,1,15.9911458333,-2.46822916667
2012-12-01 17:15:50,150,1,13.8535714286,-2.13757440476
2012-12-01 17:15:51,151,1,11.828422619,-2.02514880952
2012-12-01 17:15:52,152,1,9.78623511905,-2.0421875
2012-12-01 17:15:53,153,1,7.74955357143,-2.03668154762
2012-12-01 17:15:54,154,1,5.77849702381,-1.97105654762
2012-12-01 17:15:55,155,1,3.8978422619,-1.8806547619
2012-12-01 17:15:56,156,1,2.23995535714,-1.65788690476
2012-12-01 17:15:57,157,1,0.0,-2.23995535714
2012-12-01 17:16:29,189,32,0.0,0.0
2012-12-01 17:16:30,190,1,2.39330357143,2.39330357143
2012-12-01 17:16:31,191,1,3.97671130952,1.5834077381
2012-12-01 17:16:32,192,1,5.52723214286,1.55052083333
2012-12-01 17:16:33,193,1,7.09583333333,1.56860119048
2012-12-01 17:16:34,194,1,9.1087797619,2.01294642857
2012-12-01 17:16:35,195,1,11.81875,2.7099702381
2012-12-01 17:16:36,196,1,14.96875,3.15
2012-12-01 17:16:37,197,1,17.9529017857,2.98415178571
2012-12-01 17:16:38,198,1,20.2373511905,2.28444940476
2012-12-01 17:16:39,199,1,21.6766369048,1.43928571429
2012-12-01 17:16:40,200,1,22.5725446429,0.895907738095
2012-12-01 17:16:41,201,1,23.4712797619,0.898735119048
2012-12-01 17:16:42,202,1,24.8349702381,1.36369047619
2012-12-01 17:16:43,203,1,26.8008184524,1.96584821429
2012-12-01 17:16:44,204,1,29.148735119,2.34791666667
2012-12-01 17:16:45,205,1,31.4741071429,2.32537202381
2012-12-01 17:16:46,206,1,33.4332589286,1.95915178571
2012-12-01 17:16:47,207,1,34.875297619,1.44203869048
2012-12-01 17:16:48,208,1,35.8186755952,0.94337797619
2012-12-01 17:16:49,209,1,36.3767857143,0.558110119048
2012-12-01 17:16:50,210,1,36.709077381,0.332291666667
2012-12-01 17:16:51,211,1,36.9844494048,0.275372023809
2012-12-01 17:16:52,212,1,37.3296130952,0.345163690476
2012-12-01 17:16:53,213,1,37.793452381,0.463839285714
2012-12-01 17:16:54,214,1,38.3640625,0.570610119048
2012-12-01 17:16:55,215,1,39.009077381,0.645014880952
2012-12-01 17:16:56,216,1,39.6990327381,0.689955357143
2012-12-01 17:16:57,217,1,40.4130208333,0.713988095238
2012-12-01 17:16:58,218,1,41.1359375,0.722916666667
2012-12-01 17:16:59,219,1,41.8523809524,0.716443452381
2012-12-01 17:17:00,220,1,42.5444196429,0.692038690476
2012-12-01 17:17:01,221,1,43.1973958333,0.652976190476
2012-12-01 17:17:02,222,1,43.8046130952,0.607217261905
2012-12-01 17:17:03,223,1,44.3629464286,0.558333333333
2012-12-01 17:17:04,224,1,44.8730654762,0.510119047619
2012-12-01 17:17:05,225,1,45.3501488095,0.477083333333
2012-12-01 17:17:06,226,1,45.8270089286,0.476860119048
2012-12-01 17:17:07,227,1,46.3404017857,0.513392857143
2012-12-01 17:17:08,228,1,46.9073660714,0.566964285714
2012-12-01 17:17:09,229,1,47.5094494048,0.602083333333
2012-12-01 17:17:10,230,1,48.1053571429,0.595907738095
2012-12-01 17:17:11,231,1,48.6601934524,0.554836309524
2012-12-01 17:17:12,232,1,49.1593005952,0.499107142857
2012-12-01 17:17:13,233,1,49.6023809524,0.443080357143
2012-12-01 17:17:14,234,1,49.9919642857,0.389583333333
2012-12-01 17:17:15,235,1,50.3234375,0.331473214286
2012-12-01 17:17:16,236,1,50.5832589286,0.259821428571
2012-12-01 17:17:17,237,1,50.7582589286,0.175
2012-12-01 17:17:18,238,1,50.8468005952,0.0885416666667
2012-12-01 17:17:19,239,1,50.862202381,0.0154017857143
2012-12-01 17:17:20,240,1,50.8275297619,-0.0346726190476
2012-12-01 17:17:21,241,1,50.7661458333,-0.0613839285715
2012-12-01 17:17:22,242,1,50.6931547619,-0.0729910714285
2012-12-01 17:17:23,243,1,50.6116071429,-0.0815476190477
2012-12-01 17:17:24,244,1,50.5154761905,-0.0961309523809
2012-12-01 17:17:25,245,1,50.395014881,-0.120461309524
2012-12-01 17:17:26,246,1,50.2337797619,-0.161235119048
2012-12-01 17:17:27,247,1,49.9930059524,-0.240773809524
2012-12-01 17:17:28,248,1,49.6024553571,-0.390550595238
2012-12-01 17:17:29,249,1,48.9886904762,-0.613764880952
2012-12-01 17:17:30,250,1,48.1288690476,-0.859821428572
2012-12-01 17:17:31,251,1,47.0725446429,-1.05632440476
2012-12-01 17:17:32,252,1,45.909375,-1.16316964286
2012-12-01 17:17:33,253,1,44.7203869048,-1.18898809524
2012-12-01 17:17:34,254,1,43.5560267857,-1.16436011905
2012-12-01 17:17:35,255,1,42.4545386905,-1.10148809524
2012-12-01 17:17:36,256,1,41.471875,-0.982663690476
2012-12-01 17:17:37,257,1,40.6781994048,-0.793675595238
2012-12-01 17:17:38,258,1,40.123139881,-0.555059523809
2012-12-01 17:17:39,259,1,39.8146577381,-0.308482142857
2012-12-01 17:17:40,260,1,39.7289434524,-0.0857142857142
2012-12-01 17:17:41,261,1,39.8272321429,0.0982886904761
2012-12-01 17:17:42,262,1,40.0666666667,0.23943452381
2012-12-01 17:17:43,263,1,40.4108630952,0.344196428571
2012-12-01 17:17:44,264,1,40.8265625,0.415699404762
2012-12-01 17:17:45,265,1,41.2610119048,0.434449404762
2012-12-01 17:17:46,266,1,41.6292410714,0.368229166667
2012-12-01 17:17:47,267,1,41.8252232143,0.195982142857
2012-12-01 17:17:48,268,1,41.7524553571,-0.0727678571428
2012-12-01 17:17:49,269,1,41.35625,-0.396205357143
2012-12-01 17:17:50,270,1,40.6037946429,-0.752455357143
2012-12-01 17:17:51,271,1,39.4342261905,-1.16956845238
2012-12-01 17:17:52,272,1,37.8006696429,-1.63355654762
2012-12-01 17:17:53,273,1,35.7902529762,-2.01041666667
2012-12-01 17:17:54,274,1,33.6616071429,-2.12864583333
2012-12-01 17:17:55,275,1,31.74375,-1.91785714286
2012-12-01 17:17:56,276,1,30.2773809524,-1.46636904762
2012-12-01 17:17:57,277,1,29.3152529762,-0.96212797619
2012-12-01 17:17:58,278,1,28.7467261905,-0.568526785714
2012-12-01 17:17:59,279,1,28.3696428571,-0.377083333333
2012-12-01 17:18:00,280,1,27.9372767857,-0.432366071429
2012-12-01 17:18:01,281,1,27.2488095238,-0.688467261905
2012-12-01 17:18:02,282,1,26.2779017857,-0.970907738095
2012-12-01 17:18:03,283,1,25.1973214286,-1.08058035714
2012-12-01 17:18:04,284,1,24.2327380952,-0.964583333333
2012-12-01 17:18:05,285,1,23.4097470238,-0.822991071429
2012-12-01 17:18:06,286,1,22.4031994048,-1.00654761905
2012-12-01 17:18:07,287,1,20.7256696429,-1.6775297619
2012-12-01 17:18:08,288,1,18.1270089286,-2.59866071429
2012-12-01 17:18:09,289,1,14.7931547619,-3.33385416667
2012-12-01 17:18:10,290,1,11.2203869048,-3.57276785714
2012-12-01 17:18:11,291,1,7.96145833333,-3.25892857143
2012-12-01 17:18:12,292,1,5.39992559524,-2.5615327381
2012-12-01 17:18:13,293,1,3.65342261905,-1.74650297619
2012-12-01 17:18:14,294,1,2.67083333333,-0.982589285714
2012-12-01 17:18:15,295,1,2.41376488095,-0.257068452381
2012-12-01 17:18:16,296,1,2.94836309524,0.534598214286
2012-12-01 17:18:17,297,1,4.39337797619,1.44501488095
2012-12-01 17:18:18,298,1,6.74077380952,2.34739583333
2012-12-01 17:18:19,299,1,9.65803571429,2.91726190476
2012-12-01 17:18:20,300,1,12.523139881,2.86510416667
2012-12-01 17:18:21,301,1,14.760639881,2.2375
2012-12-01 17:18:22,302,1,16.1649553571,1.40431547619
2012-12-01 17:18:23,303,1,16.9089285714,0.743973214286
2012-12-01 17:18:24,304,1,17.2510416667,0.342113095238
2012-12-01 17:18:25,305,1,17.1966517857,-0.0543898809524
2012-12-01 17:18:26,306,1,16.452046131,-0.744605654762
2012-12-01 17:18:27,307,1,14.7255208333,-1.72652529762
2012-12-01 17:18:28,308,1,12.0337053571,-2.69181547619
2012-12-01 17:18:29,309,1,8.75580357143,-3.27790178571
2012-12-01 17:18:30,310,1,5.48415178571,-3.27165178571
2012-12-01 17:18:31,311,1,2.83761160714,-2.64654017857
2012-12-01 17:18:32,312,1,0.0,-2.83761160714
