timestamp,cycle_sec,timestep,speed_mph,accel_meters_ps
2012-07-02 21:38:27,0,4525,0.0,0.0
2012-07-02 21:38:28,1,1,4.2071577381,4.2071577381
2012-07-02 21:38:29,2,1,7.25163690476,3.04447916667
2012-07-02 21:38:30,3,1,10.0673363095,2.81569940476
2012-07-02 21:38:31,4,1,12.0421875,1.97485119048
2012-07-02 21:38:32,5,1,13.1058035714,1.06361607143
2012-07-02 21:38:33,6,1,13.5325892857,0.426785714286
2012-07-02 21:38:34,7,1,13.6697916667,0.137202380952
2012-07-02 21:38:35,8,1,13.7523809524,0.0825892857143
2012-07-02 21:38:36,9,1,13.8816220238,0.129241071429
2012-07-02 21:38:37,10,1,14.0954613095,0.213839285714
2012-07-02 21:38:38,11,1,14.3965029762,0.301041666667
2012-07-02 21:38:39,12,1,14.7255952381,0.329092261905
2012-07-02 21:38:40,13,1,14.9527529762,0.227157738095
2012-07-02 21:38:41,14,1,14.9238839286,-0.0288690476191
2012-07-02 21:38:42,15,1,14.5533482143,-0.370535714286
2012-07-02 21:38:43,16,1,13.8817708333,-0.671577380952
2012-07-02 21:38:44,17,1,13.0049107143,-0.876860119048
2012-07-02 21:38:45,18,1,11.9400297619,-1.06488095238
2012-07-02 21:38:46,19,1,10.6255952381,-1.31443452381
2012-07-02 21:38:47,20,1,9.10431547619,-1.5212797619
2012-07-02 21:38:48,21,1,7.67522321429,-1.4290922619
2012-07-02 21:38:49,22,1,6.79412202381,-0.881101190476
2012-07-02 21:38:50,23,1,6.79151785714,-0.00260416666666
2012-07-02 21:38:51,24,1,7.67336309524,0.881845238095
2012-07-02 21:38:52,25,1,9.1703125,1.49694940476
2012-07-02 21:38:53,26,1,10.9584821429,1.78816964286
2012-07-02 21:38:54,27,1,12.8031994048,1.8447172619
2012-07-02 21:38:55,28,1,14.5138392857,1.71063988095
2012-07-02 21:38:56,29,1,15.8910714286,1.37723214286
2012-07-02 21:38:57,30,1,16.8057291667,0.914657738095
2012-07-02 21:38:58,31,1,17.2869791667,0.48125
2012-07-02 21:38:59,32,1,17.476860119,0.189880952381
2012-07-02 21:39:00,33,1,17.4805059524,0.0036458333333
2012-07-02 21:39:01,34,1,17.268452381,-0.212053571428
2012-07-02 21:39:02,35,1,16.7496279762,-0.518824404762
2012-07-02 21:39:03,36,1,15.928125,-0.82150297619
2012-07-02 21:39:04,37,1,14.955952381,-0.972172619048
2012-07-02 21:39:05,38,1,14.0326636905,-0.923288690476
2012-07-02 21:39:06,39,1,13.260639881,-0.772023809524
2012-07-02 21:39:07,40,1,12.5876488095,-0.672991071429
2012-07-02 21:39:08,41,1,11.8550595238,-0.732589285714
2012-07-02 21:39:09,42,1,10.9035714286,-0.951488095238
2012-07-02 21:39:10,43,1,9.72805059524,-1.17552083333
2012-07-02 21:39:11,44,1,8.54761904762,-1.18043154762
2012-07-02 21:39:12,45,1,7.62418154762,-0.9234375
2012-07-02 21:39:13,46,1,7.0224702381,-0.601711309524
2012-07-02 21:39:14,47,1,6.61889880952,-0.403571428571
2012-07-02 21:39:15,48,1,6.321875,-0.297023809524
2012-07-02 21:39:16,49,1,6.22202380952,-0.0998511904762
2012-07-02 21:39:17,50,1,6.44479166667,0.222767857143
2012-07-02 21:39:18,51,1,6.83831845238,0.393526785714
2012-07-02 21:39:19,52,1,6.9224702381,0.0841517857143
2012-07-02 21:39:20,53,1,6.2203125,-0.702157738095
2012-07-02 21:39:21,54,1,4.66287202381,-1.55744047619
2012-07-02 21:39:22,55,1,2.76369047619,-1.89918154762
2012-07-02 21:39:23,56,1,0.0,-2.76369047619
2012-07-02 21:41:51,204,148,0.0,0.0
2012-07-02 21:41:52,205,1,2.76510416667,2.76510416667
2012-07-02 21:41:53,206,1,5.20818452381,2.44308035714
2012-07-02 21:41:54,207,1,8.15580357143,2.94761904762
2012-07-02 21:41:55,208,1,11.1320684524,2.97626488095
2012-07-02 21:41:56,209,1,13.7340029762,2.60193452381
2012-07-02 21:41:57,210,1,15.7077380952,1.97373511905
2012-07-02 21:41:58,211,1,17.0830357143,1.37529761905
2012-07-02 21:41:59,212,1,18.145014881,1.06197916667
2012-07-02 21:42:00,213,1,19.1979166667,1.05290178571
2012-07-02 21:42:01,214,1,20.2984375,1.10052083333
2012-07-02 21:42:02,215,1,21.1920386905,0.893601190476
2012-07-02 21:42:03,216,1,21.5064732143,0.314434523809
2012-07-02 21:42:04,217,1,20.9927827381,-0.51369047619
2012-07-02 21:42:05,218,1,19.6081845238,-1.38459821429
2012-07-02 21:42:06,219,1,17.4546875,-2.15349702381
2012-07-02 21:42:07,220,1,14.707514881,-2.74717261905
2012-07-02 21:42:08,221,1,11.6428571429,-3.0646577381
2012-07-02 21:42:09,222,1,8.73348214286,-2.909375
2012-07-02 21:42:10,223,1,6.62306547619,-2.11041666667
2012-07-02 21:42:11,224,1,5.8765625,-0.74650297619
2012-07-02 21:42:12,225,1,6.66696428571,0.790401785714
2012-07-02 21:42:13,226,1,8.65126488095,1.98430059524
2012-07-02 21:42:14,227,1,11.1489583333,2.49769345238
2012-07-02 21:42:15,228,1,13.4974702381,2.34851190476
2012-07-02 21:42:16,229,1,15.2994791667,1.80200892857
2012-07-02 21:42:17,230,1,16.4282738095,1.12879464286
2012-07-02 21:42:18,231,1,16.9371279762,0.508854166667
2012-07-02 21:42:19,232,1,17.0042410714,0.0671130952381
2012-07-02 21:42:20,233,1,16.8657738095,-0.138467261905
2012-07-02 21:42:21,234,1,16.7064732143,-0.159300595238
2012-07-02 21:42:22,235,1,16.5912946429,-0.115178571429
2012-07-02 21:42:23,236,1,16.4941964286,-0.0970982142857
2012-07-02 21:42:24,237,1,16.3712053571,-0.122991071428
2012-07-02 21:42:25,238,1,16.2032738095,-0.167931547619
2012-07-02 21:42:26,239,1,15.9966517857,-0.206622023809
2012-07-02 21:42:27,240,1,15.7435267857,-0.253125
2012-07-02 21:42:28,241,1,15.3360863095,-0.40744047619
2012-07-02 21:42:29,242,1,14.5246279762,-0.811458333333
2012-07-02 21:42:30,243,1,13.0700892857,-1.45453869048
2012-07-02 21:42:31,244,1,11.0438988095,-2.02619047619
2012-07-02 21:42:32,245,1,8.97165178571,-2.07224702381
2012-07-02 21:42:33,246,1,7.57261904762,-1.3990327381
2012-07-02 21:42:34,247,1,7.24516369048,-0.327455357143
2012-07-02 21:42:35,248,1,7.7677827381,0.522619047619
2012-07-02 21:42:36,249,1,8.49241071429,0.72462797619
2012-07-02 21:42:37,250,1,8.81391369048,0.32150297619
2012-07-02 21:42:38,251,1,8.49828869048,-0.315625
2012-07-02 21:42:39,252,1,7.68549107143,-0.812797619048
2012-07-02 21:42:40,253,1,6.70654761905,-0.978943452381
2012-07-02 21:42:41,254,1,5.90394345238,-0.802604166667
2012-07-02 21:42:42,255,1,5.48405257937,-0.419890873016
2012-07-02 21:42:43,256,1,5.41349206349,-0.070560515873
2012-07-02 21:42:44,257,1,5.44962797619,0.0361359126984
2012-07-02 21:42:45,258,1,5.3150297619,-0.134598214286
2012-07-02 21:42:46,259,1,4.8834077381,-0.43162202381
2012-07-02 21:42:47,260,1,4.23474702381,-0.648660714286
2012-07-02 21:42:48,261,1,3.56307043651,-0.671676587302
2012-07-02 21:42:49,262,1,3.03447420635,-0.528596230159
2012-07-02 21:42:50,263,1,2.70342261905,-0.331051587302
2012-07-02 21:42:51,264,1,2.52946428571,-0.173958333333
2012-07-02 21:42:52,265,1,2.41480654762,-0.114657738095
2012-07-02 21:42:53,266,1,2.19866071429,-0.216145833333
2012-07-02 21:42:54,267,1,1.73390376984,-0.464756944444
2012-07-02 21:42:55,268,1,1.13120039683,-0.602703373016
2012-07-02 21:42:56,269,1,0.0,-1.13120039683
