timestamp,cycle_sec,timestep,speed_mph,accel_meters_ps
2012-09-29 11:07:17,0,54038,0.0,0.0
2012-09-29 11:07:18,1,1,2.07494048735,2.07494048735
2012-09-29 11:07:19,2,1,3.51979163542,1.44485114807
2012-09-29 11:07:20,3,1,4.98735102976,1.46755939435
2012-09-29 11:07:21,4,1,6.40476156027,1.41741053051
2012-09-29 11:07:22,5,1,7.90706797768,1.50230641741
2012-09-29 11:07:23,6,1,9.56480607589,1.65773809821
2012-09-29 11:07:24,7,1,11.2886156957,1.72380961979
2012-09-29 11:07:25,8,1,12.8640621853,1.57544648958
2012-09-29 11:07:26,9,1,14.0058776034,1.14181541815
2012-09-29 11:07:27,10,1,14.4174102083,0.411532604911
2012-09-29 11:07:28,11,1,13.8960559561,-0.521354252232
2012-09-29 11:07:29,12,1,12.5004458757,-1.39561008036
2012-09-29 11:07:30,13,1,10.6459072924,-1.85453858333
2012-09-29 11:07:31,14,1,8.9724698378,-1.67343745461
2012-09-29 11:07:32,15,1,8.05691915997,-0.915550677827
2012-09-29 11:07:33,16,1,8.16837731771,0.111458157738
2012-09-29 11:07:34,17,1,9.19017772396,1.02180040625
2012-09-29 11:07:35,18,1,10.7225436644,1.53236594048
2012-09-29 11:07:36,19,1,12.270981119,1.54843745461
2012-09-29 11:07:37,20,1,13.401040683,1.13005956399
2012-09-29 11:07:38,21,1,13.8503711771,0.449330494048
2012-09-29 11:07:39,22,1,13.6334071116,-0.216964065476
2012-09-29 11:07:40,23,1,13.0880948333,-0.545312278274
2012-09-29 11:07:41,24,1,12.7805800856,-0.307514747768
2012-09-29 11:07:42,25,1,13.2706842879,0.490104202381
2012-09-29 11:07:43,26,1,14.8553569062,1.5846726183
2012-09-29 11:07:44,27,1,17.4424104754,2.5870535692
2012-09-29 11:07:45,28,1,20.6229163802,3.18050590476
2012-09-29 11:07:46,29,1,23.8938239829,3.27090760268
2012-09-29 11:07:47,30,1,26.8955351481,3.00171116518
2012-09-29 11:07:48,31,1,29.5027524137,2.60721726563
2012-09-29 11:07:49,32,1,31.7422615402,2.23950912649
2012-09-29 11:07:50,33,1,33.6806546302,1.93839309003
2012-09-29 11:07:51,34,1,35.3787945283,1.69813989807
2012-09-29 11:07:52,35,1,36.8856394501,1.50684492188
2012-09-29 11:07:53,36,1,38.2414425156,1.35580306548
2012-09-29 11:07:54,37,1,39.4816206801,1.24017816443
2012-09-29 11:07:55,38,1,40.6331830818,1.15156240179
2012-09-29 11:07:56,39,1,41.7156237879,1.0824407061
2012-09-29 11:07:57,40,1,42.7481390826,1.03251529464
2012-09-29 11:07:58,41,1,43.7435263906,0.995387308036
2012-09-29 11:07:59,42,1,44.6902528452,0.946726454613
2012-09-29 11:08:00,43,1,45.5465773356,0.856324490327
2012-09-29 11:08:01,44,1,46.2700891726,0.723511837054
2012-09-29 11:08:02,45,1,46.8766366548,0.606547482143
2012-09-29 11:08:03,46,1,47.4577377589,0.581101104167
2012-09-29 11:08:04,47,1,48.0980651682,0.640327409226
2012-09-29 11:08:05,48,1,48.7653271466,0.667261978423
2012-09-29 11:08:06,49,1,49.3000741749,0.534747028274
2012-09-29 11:08:07,50,1,49.531919317,0.231845142113
2012-09-29 11:08:08,51,1,49.4277524814,-0.104166835566
2012-09-29 11:08:09,52,1,49.1342255045,-0.293526976935
2012-09-29 11:08:10,53,1,48.8653265662,-0.268898938244
2012-09-29 11:08:11,54,1,48.7499991801,-0.115327386161
2012-09-29 11:08:12,55,1,48.7823653817,0.0323662016369
2012-09-29 11:08:13,56,1,48.8841513326,0.101785950893
2012-09-29 11:08:14,57,1,48.9914432232,0.107291890625
2012-09-29 11:08:15,58,1,49.0909224673,0.0994792440476
2012-09-29 11:08:16,59,1,49.1952378936,0.104315426339
2012-09-29 11:08:17,60,1,49.3061753527,0.110937459077
2012-09-29 11:08:18,61,1,49.4113093251,0.10513397247
2012-09-29 11:08:19,62,1,49.501115933,0.0898066078869
2012-09-29 11:08:20,63,1,49.5766366845,0.0755207514881
2012-09-29 11:08:21,64,1,49.6498506689,0.073213984375
2012-09-29 11:08:22,65,1,49.7370526451,0.0872019761905
2012-09-29 11:08:23,66,1,49.8380195774,0.100966932292
2012-09-29 11:08:24,67,1,49.9167396481,0.0787200706846
2012-09-29 11:08:25,68,1,49.9124242068,-0.0043154412203
2012-09-29 11:08:26,69,1,49.7905494717,-0.121874735119
2012-09-29 11:08:27,70,1,49.586160032,-0.204389439732
2012-09-29 11:08:28,71,1,49.384151596,-0.202008436012
2012-09-29 11:08:29,72,1,49.2610865231,-0.123065072917
2012-09-29 11:08:30,73,1,49.2401045781,-0.0209819449405
2012-09-29 11:08:31,74,1,49.2895093356,0.0494047574405
2012-09-29 11:08:32,75,1,49.370908064,0.0813987284226
2012-09-29 11:08:33,76,1,49.4716520208,0.100743956845
2012-09-29 11:08:34,77,1,49.5834821987,0.111830177827
2012-09-29 11:08:35,78,1,49.6921872195,0.108705020833
2012-09-29 11:08:36,79,1,49.790475497,0.0982882775298
2012-09-29 11:08:37,80,1,49.8685257693,0.0780502723214
2012-09-29 11:08:38,81,1,49.9049840156,0.0364582462798
2012-09-29 11:08:39,82,1,49.8801330484,-0.0248509672619
2012-09-29 11:08:40,83,1,49.7929311332,-0.0872019151786
2012-09-29 11:08:41,84,1,49.6732887641,-0.119642369048
2012-09-29 11:08:42,85,1,49.566071776,-0.107216988095
2012-09-29 11:08:43,86,1,49.4940479167,-0.072023859375
2012-09-29 11:08:44,87,1,49.452232154,-0.0418157626488
2012-09-29 11:08:45,88,1,49.4268598519,-0.0253723020834
2012-09-29 11:08:46,89,1,49.4062496488,-0.020610203125
2012-09-29 11:08:47,90,1,49.386383631,-0.0198660178571
2012-09-29 11:08:48,91,1,49.3673360246,-0.0190476063988
2012-09-29 11:08:49,92,1,49.3476930781,-0.0196429464286
2012-09-29 11:08:50,93,1,49.3319191652,-0.0157739129464
2012-09-29 11:08:51,94,1,49.3282733162,-0.0036458489584
2012-09-29 11:08:52,95,1,49.3276037478,-0.000669568452295
2012-09-29 11:08:53,96,1,49.3057287946,-0.021874953125
2012-09-29 11:08:54,97,1,49.263318006,-0.0424107886905
2012-09-29 11:08:55,98,1,49.2366065804,-0.0267114255953
2012-09-29 11:08:56,99,1,49.2651035781,0.0284969977679
2012-09-29 11:08:57,100,1,49.3737346161,0.108631037946
2012-09-29 11:08:58,101,1,49.51175559,0.138020973958
2012-09-29 11:08:59,102,1,49.4458330372,-0.0659225528274
2012-09-29 11:09:00,103,1,48.8331096726,-0.612723364583
2012-09-29 11:09:01,104,1,47.4978415104,-1.3352681622
2012-09-29 11:09:02,105,1,45.6163680603,-1.88147345015
2012-09-29 11:09:03,106,1,43.6554305112,-1.96093754911
2012-09-29 11:09:04,107,1,42.120906808,-1.53452370313
2012-09-29 11:09:05,108,1,41.2672611488,-0.853645659226
2012-09-29 11:09:06,109,1,41.0173356957,-0.249925453125
2012-09-29 11:09:07,110,1,41.1523060141,0.134970318452
2012-09-29 11:09:08,111,1,41.5101185618,0.357812547619
2012-09-29 11:09:09,112,1,42.0191215357,0.509002973958
2012-09-29 11:09:10,113,1,42.6595976711,0.640476135417
2012-09-29 11:09:11,114,1,43.4214279911,0.76183031994
2012-09-29 11:09:12,115,1,44.2492553646,0.827827373512
2012-09-29 11:09:13,116,1,45.0840767545,0.834821389881
2012-09-29 11:09:14,117,1,46.0018594315,0.917782677083
2012-09-29 11:09:15,118,1,47.1503713356,1.14851190402
2012-09-29 11:09:16,119,1,48.475520279,1.32514894345
2012-09-29 11:09:17,120,1,49.6767110186,1.20119073958
2012-09-29 11:09:18,121,1,50.4642856704,0.787574651786
2012-09-29 11:09:19,122,1,50.7782738281,0.313988157738
2012-09-29 11:09:20,123,1,50.8136159658,0.0353421376488
2012-09-29 11:09:21,124,1,50.8409223318,0.0273063660714
2012-09-29 11:09:22,125,1,50.9658478051,0.124925473214
2012-09-29 11:09:23,126,1,51.1363835052,0.170535700149
2012-09-29 11:09:24,127,1,51.315847875,0.179464369792
2012-09-29 11:09:25,128,1,51.4700146652,0.154166790179
2012-09-29 11:09:26,129,1,51.4543153318,-0.0156993333334
2012-09-29 11:09:27,130,1,51.0803569821,-0.373958349702
2012-09-29 11:09:28,131,1,50.2854164598,-0.794940522322
2012-09-29 11:09:29,132,1,49.2009670275,-1.08444943229
2012-09-29 11:09:30,133,1,48.0838539122,-1.11711311533
2012-09-29 11:09:31,134,1,47.1697169509,-0.91413696131
2012-09-29 11:09:32,135,1,46.5617555,-0.607961450893
2012-09-29 11:09:33,136,1,46.2429308996,-0.318824600446
2012-09-29 11:09:34,137,1,46.1548355238,-0.0880953757441
2012-09-29 11:09:35,138,1,46.2390616897,0.0842261659226
2012-09-29 11:09:36,139,1,46.419790875,0.180729185268
2012-09-29 11:09:37,140,1,46.5768592865,0.157068411458
2012-09-29 11:09:38,141,1,46.5729157403,-0.0039435461309
2012-09-29 11:09:39,142,1,46.3344484457,-0.238467294643
2012-09-29 11:09:40,143,1,45.9065467284,-0.427901717262
2012-09-29 11:09:41,144,1,45.4232134635,-0.483333264881
2012-09-29 11:09:42,145,1,45.0228414226,-0.400372040923
2012-09-29 11:09:43,146,1,44.782141965,-0.240699457589
2012-09-29 11:09:44,147,1,44.7121271324,-0.0700148325893
2012-09-29 11:09:45,148,1,44.7988089003,0.0866817678571
2012-09-29 11:09:46,149,1,45.0346722463,0.235863345982
2012-09-29 11:09:47,150,1,45.4023806027,0.367708356399
2012-09-29 11:09:48,151,1,45.8351184323,0.432737829613
2012-09-29 11:09:49,152,1,46.2214276347,0.386309202381
2012-09-29 11:09:50,153,1,46.4757430037,0.254315369048
2012-09-29 11:09:51,154,1,46.6155497128,0.139806709077
2012-09-29 11:09:52,155,1,46.7667404405,0.151190727679
2012-09-29 11:09:53,156,1,47.077306032,0.310565591518
2012-09-29 11:09:54,157,1,47.6116809777,0.534374945685
2012-09-29 11:09:55,158,1,48.3165916265,0.704910648809
2012-09-29 11:09:56,159,1,49.0620529501,0.745461323661
2012-09-29 11:09:57,160,1,49.7037196518,0.641666701637
2012-09-29 11:09:58,161,1,50.1436006094,0.439880957589
2012-09-29 11:09:59,162,1,50.3810261875,0.237425578125
2012-09-29 11:10:00,163,1,50.5163684509,0.135342263393
2012-09-29 11:10:01,164,1,50.6737346131,0.157366162202
2012-09-29 11:10:02,165,1,50.875743724,0.202009110863
2012-09-29 11:10:03,166,1,50.9755206786,0.0997769546131
2012-09-29 11:10:04,167,1,50.7088540699,-0.266666608631
2012-09-29 11:10:05,168,1,49.8065474338,-0.902306636161
2012-09-29 11:10:06,169,1,48.1182287812,-1.68831865253
2012-09-29 11:10:07,170,1,45.7564726577,-2.36175612351
2012-09-29 11:10:08,171,1,43.1603416994,-2.59613095833
2012-09-29 11:10:09,172,1,40.9471721741,-2.2131695253
2012-09-29 11:10:10,173,1,39.6175591496,-1.32961302455
2012-09-29 11:10:11,174,1,39.3096721734,-0.307886976191
2012-09-29 11:10:12,175,1,39.7757434628,0.466071289435
2012-09-29 11:10:13,176,1,40.6117552932,0.836011830357
2012-09-29 11:10:14,177,1,41.5316957939,0.919940500744
2012-09-29 11:10:15,178,1,42.447990535,0.916294741071
2012-09-29 11:10:16,179,1,43.3787943021,0.930803767113
2012-09-29 11:10:17,180,1,44.3527529345,0.97395863244
2012-09-29 11:10:18,181,1,45.3782740759,1.02552114137
2012-09-29 11:10:19,182,1,46.438467718,1.06019364211
2012-09-29 11:10:20,183,1,47.4937504725,1.05528275446
2012-09-29 11:10:21,184,1,48.4953872894,1.00163681696
2012-09-29 11:10:22,185,1,49.3825896094,0.887202319941
2012-09-29 11:10:23,186,1,50.068452718,0.685863108631
2012-09-29 11:10:24,187,1,50.4725450089,0.404092290923
2012-09-29 11:10:25,188,1,50.5972473906,0.124702381696
2012-09-29 11:10:26,189,1,50.5682295446,-0.0290178459821
2012-09-29 11:10:27,190,1,50.574107596,0.0058780513392
2012-09-29 11:10:28,191,1,50.7181553214,0.144047725446
2012-09-29 11:10:29,192,1,50.9247029754,0.206547654018
2012-09-29 11:10:30,193,1,51.038318965,0.113615989583
2012-09-29 11:10:31,194,1,51.0023813296,-0.0359376354167
2012-09-29 11:10:32,195,1,50.8997770677,-0.102604261905
2012-09-29 11:10:33,196,1,50.8477681213,-0.0520089464285
2012-09-29 11:10:34,197,1,50.8973960915,0.0496279702381
2012-09-29 11:10:35,198,1,51.0465031138,0.149107022321
2012-09-29 11:10:36,199,1,51.3209076235,0.274404509673
2012-09-29 11:10:37,200,1,51.768228817,0.447321193452
2012-09-29 11:10:38,201,1,52.3395084561,0.571279639137
2012-09-29 11:10:39,202,1,52.8351929018,0.495684445685
2012-09-29 11:10:40,203,1,53.0329606771,0.197767775298
2012-09-29 11:10:41,204,1,52.868972532,-0.163988145089
2012-09-29 11:10:42,205,1,52.4771570573,-0.391815474702
2012-09-29 11:10:43,206,1,52.0743297359,-0.402827321429
2012-09-29 11:10:44,207,1,51.8092256629,-0.265104072917
2012-09-29 11:10:45,208,1,51.6854161652,-0.123809497768
2012-09-29 11:10:46,209,1,51.6115321533,-0.0738840119048
2012-09-29 11:10:47,210,1,51.5055052857,-0.106026867559
2012-09-29 11:10:48,211,1,51.3372017314,-0.168303554316
2012-09-29 11:10:49,212,1,51.1163684955,-0.220833235863
2012-09-29 11:10:50,213,1,50.8823656548,-0.234002840774
2012-09-29 11:10:51,214,1,50.6894342396,-0.192931415179
2012-09-29 11:10:52,215,1,50.5767855067,-0.112648732887
2012-09-29 11:10:53,216,1,50.5497766265,-0.0270088802083
2012-09-29 11:10:54,217,1,50.5906249382,0.0408483117559
2012-09-29 11:10:55,218,1,50.6908482411,0.100223302827
2012-09-29 11:10:56,219,1,50.8773809003,0.186532659226
2012-09-29 11:10:57,220,1,51.1965770476,0.319196147321
2012-09-29 11:10:58,221,1,51.6592255164,0.46264846875
2012-09-29 11:10:59,222,1,52.2005199561,0.541294439732
2012-09-29 11:11:00,223,1,52.6994039107,0.498883954613
2012-09-29 11:11:01,224,1,53.0384665595,0.339062648809
2012-09-29 11:11:02,225,1,53.1496273504,0.111160790923
2012-09-29 11:11:03,226,1,53.030505256,-0.119122094494
2012-09-29 11:11:04,227,1,52.7412938371,-0.289211418899
2012-09-29 11:11:05,228,1,52.3749247961,-0.366369040923
2012-09-29 11:11:06,229,1,52.0266362307,-0.348288565476
2012-09-29 11:11:07,230,1,51.79121966,-0.235416570685
2012-09-29 11:11:08,231,1,51.7517107292,-0.0395089308035
2012-09-29 11:11:09,232,1,51.9447910833,0.193080354167
2012-09-29 11:11:10,233,1,52.339061997,0.39427091369
2012-09-29 11:11:11,234,1,52.8411454301,0.502083433036
2012-09-29 11:11:12,235,1,53.3308775729,0.489732142857
2012-09-29 11:11:13,236,1,53.711606628,0.38072905506
2012-09-29 11:11:14,237,1,53.9360857061,0.224479078125
2012-09-29 11:11:15,238,1,54.0026036451,0.0665179389881
2012-09-29 11:11:16,239,1,53.9481395952,-0.0544640498512
2012-09-29 11:11:17,240,1,53.8409225588,-0.107217036458
2012-09-29 11:11:18,241,1,53.7584821659,-0.0824403928572
2012-09-29 11:11:19,242,1,53.7529017277,-0.005580438244
2012-09-29 11:11:20,243,1,53.8261902225,0.0732884947916
2012-09-29 11:11:21,244,1,53.9363834836,0.110193261161
2012-09-29 11:11:22,245,1,54.0240322552,0.0876487715774
2012-09-29 11:11:23,246,1,54.0415175379,0.0174852827381
2012-09-29 11:11:24,247,1,53.9857886213,-0.0557289166666
2012-09-29 11:11:25,248,1,53.9160715312,-0.0697170900298
2012-09-29 11:11:26,249,1,53.9218751406,0.005803609375
2012-09-29 11:11:27,250,1,54.0607887924,0.138913651786
2012-09-29 11:11:28,251,1,54.3247024263,0.263913633929
2012-09-29 11:11:29,252,1,54.6514880685,0.326785642113
2012-09-29 11:11:30,253,1,54.9656992723,0.314211203869
2012-09-29 11:11:31,254,1,55.2258926064,0.260193334077
2012-09-29 11:11:32,255,1,55.4355651466,0.209672540179
2012-09-29 11:11:33,256,1,55.608258558,0.172693411458
2012-09-29 11:11:34,257,1,55.7409221644,0.132663606399
2012-09-29 11:11:35,258,1,55.8168148527,0.0758926882441
2012-09-29 11:11:36,259,1,55.8093741987,-0.0074406540179
2012-09-29 11:11:37,260,1,55.6973949256,-0.111979273066
2012-09-29 11:11:38,261,1,55.5055050193,-0.19188990625
2012-09-29 11:11:39,262,1,55.3136152158,-0.191889803571
2012-09-29 11:11:40,263,1,55.2037939821,-0.109821233631
2012-09-29 11:11:41,264,1,55.2066215818,0.0028275997023
2012-09-29 11:11:42,265,1,55.2926335893,0.0860120074405
2012-09-29 11:11:43,266,1,55.3944192143,0.101785625
2012-09-29 11:11:44,267,1,55.4474695491,0.0530503348214
2012-09-29 11:11:45,268,1,55.4252222589,-0.0222472901785
2012-09-29 11:11:46,269,1,55.3354900908,-0.0897321681548
2012-09-29 11:11:47,270,1,55.2023802887,-0.133109802083
2012-09-29 11:11:48,271,1,55.0648064211,-0.137573867559
2012-09-29 11:11:49,272,1,54.9640629167,-0.100743504464
2012-09-29 11:11:50,273,1,54.9108638452,-0.0531990714286
2012-09-29 11:11:51,274,1,54.878348942,-0.0325149032738
2012-09-29 11:11:52,275,1,54.8371283557,-0.0412205863095
2012-09-29 11:11:53,276,1,54.7902528601,-0.0468754955357
2012-09-29 11:11:54,277,1,54.7720232292,-0.0182296309524
2012-09-29 11:11:55,278,1,54.8192699219,0.0472466927083
2012-09-29 11:11:56,279,1,54.9443441793,0.125074257441
2012-09-29 11:11:57,280,1,55.1191954263,0.174851247024
2012-09-29 11:11:58,281,1,55.2726926927,0.153497266369
2012-09-29 11:11:59,282,1,55.3173358988,0.0446432061012
2012-09-29 11:12:00,283,1,55.1972468921,-0.120089006696
2012-09-29 11:12:01,284,1,54.9183778847,-0.27886900744
2012-09-29 11:12:02,285,1,54.5418152299,-0.376562654762
2012-09-29 11:12:03,286,1,54.1469490149,-0.39486621503
2012-09-29 11:12:04,287,1,53.7828121101,-0.364136904762
2012-09-29 11:12:05,288,1,53.4490324814,-0.33377962872
2012-09-29 11:12:06,289,1,53.1270832314,-0.32194925
2012-09-29 11:12:07,290,1,52.8142856577,-0.312797573661
2012-09-29 11:12:08,291,1,52.5213540119,-0.292931645833
2012-09-29 11:12:09,292,1,52.2584817872,-0.262872224702
2012-09-29 11:12:10,293,1,52.0295380908,-0.228943696429
2012-09-29 11:12:11,294,1,51.826561724,-0.202976366815
2012-09-29 11:12:12,295,1,51.6276033705,-0.198958353423
2012-09-29 11:12:13,296,1,51.3982135662,-0.229389804316
2012-09-29 11:12:14,297,1,51.0937493021,-0.304464264137
2012-09-29 11:12:15,298,1,50.6806539665,-0.413095335565
2012-09-29 11:12:16,299,1,50.1830348199,-0.497619146577
2012-09-29 11:12:17,300,1,49.7135408289,-0.469493991072
2012-09-29 11:12:18,301,1,49.4399547001,-0.27358612872
2012-09-29 11:12:19,302,1,49.4934518304,0.0534971302083
2012-09-29 11:12:20,303,1,49.8822910045,0.388839174107
2012-09-29 11:12:21,304,1,50.4811002552,0.598809250744
2012-09-29 11:12:22,305,1,51.1132429204,0.632142665179
2012-09-29 11:12:23,306,1,51.660787686,0.547544765625
2012-09-29 11:12:24,307,1,52.1051333363,0.444345650298
2012-09-29 11:12:25,308,1,52.4810266339,0.375893297619
2012-09-29 11:12:26,309,1,52.8139881875,0.332961553571
2012-09-29 11:12:27,310,1,53.0894346317,0.275446444196
2012-09-29 11:12:28,311,1,53.2576636972,0.168229065476
2012-09-29 11:12:29,312,1,53.2789433832,0.0212796860119
2012-09-29 11:12:30,313,1,53.1771576637,-0.101785719494
2012-09-29 11:12:31,314,1,53.0422617946,-0.134895869048
2012-09-29 11:12:32,315,1,52.9815473378,-0.0607144568453
2012-09-29 11:12:33,316,1,53.0681542225,0.0866068846726
2012-09-29 11:12:34,317,1,53.3183772173,0.250222994792
2012-09-29 11:12:35,318,1,53.7039425603,0.385565343006
2012-09-29 11:12:36,319,1,54.1777520045,0.473809444196
2012-09-29 11:12:37,320,1,54.6803561064,0.502604101934
2012-09-29 11:12:38,321,1,55.1339274769,0.453571370536
2012-09-29 11:12:39,322,1,55.4622756481,0.328348171131
2012-09-29 11:12:40,323,1,55.6339274018,0.17165175372
2012-09-29 11:12:41,324,1,55.676412506,0.0424851041667
2012-09-29 11:12:42,325,1,55.6451625424,-0.0312499635417
2012-09-29 11:12:43,326,1,55.5856388542,-0.059523688244
2012-09-29 11:12:44,327,1,55.516070625,-0.0695682291667
2012-09-29 11:12:45,328,1,55.4283477121,-0.0877229129464
2012-09-29 11:12:46,329,1,55.2979908757,-0.13035683631
2012-09-29 11:12:47,330,1,55.0945685149,-0.203422360863
2012-09-29 11:12:48,331,1,54.7908484598,-0.30372005506
2012-09-29 11:12:49,332,1,54.3750002961,-0.41584816369
2012-09-29 11:12:50,333,1,53.8660716012,-0.508928694941
2012-09-29 11:12:51,334,1,53.3214284955,-0.544643105655
2012-09-29 11:12:52,335,1,52.817187183,-0.5042413125
2012-09-29 11:12:53,336,1,52.4064728088,-0.410714374256
2012-09-29 11:12:54,337,1,52.0969490982,-0.309523710566
2012-09-29 11:12:55,338,1,51.872916535,-0.224032563244
2012-09-29 11:12:56,339,1,51.7268601101,-0.146056424851
2012-09-29 11:12:57,340,1,51.6550595365,-0.0718005736607
2012-09-29 11:12:58,341,1,51.6290177939,-0.0260417425595
2012-09-29 11:12:59,342,1,51.583258721,-0.0457590729167
2012-09-29 11:13:00,343,1,51.438913317,-0.144345404018
2012-09-29 11:13:01,344,1,51.156026279,-0.282887037947
2012-09-29 11:13:02,345,1,50.7723952656,-0.383631013393
2012-09-29 11:13:03,346,1,50.389731567,-0.382663698661
2012-09-29 11:13:04,347,1,50.1293892865,-0.260342280506
2012-09-29 11:13:05,348,1,50.0952374546,-0.0341518318452
2012-09-29 11:13:06,349,1,50.3465767396,0.25133928497
2012-09-29 11:13:07,350,1,50.8802078281,0.533631088542
2012-09-29 11:13:08,351,1,51.6279015126,0.747693684524
2012-09-29 11:13:09,352,1,52.4736605737,0.845759061012
2012-09-29 11:13:10,353,1,53.2942706094,0.820610035714
2012-09-29 11:13:11,354,1,54.005059099,0.710788489583
2012-09-29 11:13:12,355,1,54.574776192,0.569717093006
2012-09-29 11:13:13,356,1,55.0020826905,0.427306498512
2012-09-29 11:13:14,357,1,55.2813238497,0.279241159226
2012-09-29 11:13:15,358,1,55.3861602835,0.10483643378
2012-09-29 11:13:16,359,1,55.2883180469,-0.0978422366071
2012-09-29 11:13:17,360,1,54.9976185246,-0.290699522321
2012-09-29 11:13:18,361,1,54.5746272314,-0.422991293155
2012-09-29 11:13:19,362,1,54.1060258326,-0.468601398809
2012-09-29 11:13:20,363,1,53.6851180335,-0.420907799107
2012-09-29 11:13:21,364,1,53.4051330022,-0.27998503125
2012-09-29 11:13:22,365,1,53.3409962217,-0.0641367805059
2012-09-29 11:13:23,366,1,53.5234367545,0.182440532738
2012-09-29 11:13:24,367,1,53.9213533973,0.397916642857
2012-09-29 11:13:25,368,1,54.4444933006,0.523139903274
2012-09-29 11:13:26,369,1,54.9758179271,0.531324626488
2012-09-29 11:13:27,370,1,55.4139880022,0.438170075149
2012-09-29 11:13:28,371,1,55.6916670781,0.277679075893
2012-09-29 11:13:29,372,1,55.7701644635,0.0784973854167
2012-09-29 11:13:30,373,1,55.6429323631,-0.127232100446
2012-09-29 11:13:31,374,1,55.3539439881,-0.288988375
2012-09-29 11:13:32,375,1,54.9913691376,-0.362574850446
2012-09-29 11:13:33,376,1,54.6436752746,-0.347693863095
2012-09-29 11:13:34,377,1,54.3589280305,-0.284747244048
2012-09-29 11:13:35,378,1,54.1336304077,-0.225297622768
2012-09-29 11:13:36,379,1,53.9319935893,-0.201636818452
2012-09-29 11:13:37,380,1,53.7255947656,-0.206398823661
2012-09-29 11:13:38,381,1,53.516963599,-0.208631166667
2012-09-29 11:13:39,382,1,53.3337787515,-0.18318484747
2012-09-29 11:13:40,383,1,53.2209808668,-0.112797884673
2012-09-29 11:13:41,384,1,53.2298348981,0.00885403125
2012-09-29 11:13:42,385,1,53.3884658475,0.158630949405
2012-09-29 11:13:43,386,1,53.6775284807,0.289062633185
2012-09-29 11:13:44,387,1,54.0357132656,0.35818478497
2012-09-29 11:13:45,388,1,54.3855648147,0.349851549107
2012-09-29 11:13:46,389,1,54.6664431548,0.28087834003
2012-09-29 11:13:47,390,1,54.8643600372,0.197916882441
2012-09-29 11:13:48,391,1,55.0127975253,0.148437488095
2012-09-29 11:13:49,392,1,55.1545384144,0.141740889137
2012-09-29 11:13:50,393,1,55.2929310387,0.138392624256
2012-09-29 11:13:51,394,1,55.3665916004,0.0736605617559
2012-09-29 11:13:52,395,1,55.2710559055,-0.0955356949404
2012-09-29 11:13:53,396,1,54.9231394063,-0.347916499256
2012-09-29 11:13:54,397,1,54.3171872106,-0.605952195685
2012-09-29 11:13:55,398,1,53.5351188467,-0.782068363839
2012-09-29 11:13:56,399,1,52.725371846,-0.809747000744
2012-09-29 11:13:57,400,1,52.0648808728,-0.660490973214
2012-09-29 11:13:58,401,1,51.7043900201,-0.360490852679
2012-09-29 11:13:59,402,1,51.7188247344,0.0144347142857
2012-09-29 11:14:00,403,1,52.0837800632,0.364955328869
2012-09-29 11:14:01,404,1,52.6817708519,0.597990788691
2012-09-29 11:14:02,405,1,53.3474698504,0.665698998512
2012-09-29 11:14:03,406,1,53.9345230744,0.587053223958
2012-09-29 11:14:04,407,1,54.3478413728,0.413318298363
2012-09-29 11:14:05,408,1,54.5370527522,0.189211379464
2012-09-29 11:14:06,409,1,54.4930053653,-0.0440473869047
2012-09-29 11:14:07,410,1,54.2409967061,-0.252008659226
2012-09-29 11:14:08,411,1,53.8276783787,-0.413318327381
2012-09-29 11:14:09,412,1,53.3297615766,-0.497916802083
2012-09-29 11:14:10,413,1,52.8497017537,-0.480059822917
2012-09-29 11:14:11,414,1,52.4666658185,-0.383035935268
2012-09-29 11:14:12,415,1,52.2002967924,-0.266369026042
2012-09-29 11:14:13,416,1,52.0211303036,-0.179166488839
2012-09-29 11:14:14,417,1,51.8821422917,-0.138988011905
2012-09-29 11:14:15,418,1,51.7576629978,-0.124479293899
2012-09-29 11:14:16,419,1,51.6633919449,-0.0942710528274
2012-09-29 11:14:17,420,1,51.6268590625,-0.0365328824405
2012-09-29 11:14:18,421,1,51.6444185543,0.0175594918155
2012-09-29 11:14:19,422,1,51.6773054315,0.0328868772321
2012-09-29 11:14:20,423,1,51.676114843,-0.0011905885416
2012-09-29 11:14:21,424,1,51.6069926935,-0.0691221495536
2012-09-29 11:14:22,425,1,51.4715016205,-0.135491072917
2012-09-29 11:14:23,426,1,51.3012636815,-0.170237938988
2012-09-29 11:14:24,427,1,51.1287192738,-0.172544407738
2012-09-29 11:14:25,428,1,50.9675588088,-0.16116046503
2012-09-29 11:14:26,429,1,50.8144340744,-0.153124734375
2012-09-29 11:14:27,430,1,50.6666664717,-0.147767602679
2012-09-29 11:14:28,431,1,50.5453868765,-0.121279595238
2012-09-29 11:14:29,432,1,50.4915923103,-0.0537945662202
2012-09-29 11:14:30,433,1,50.5305060759,0.038913765625
2012-09-29 11:14:31,434,1,50.6455359799,0.115029904018
2012-09-29 11:14:32,435,1,50.7813992478,0.135863267857
2012-09-29 11:14:33,436,1,50.8712058482,0.0898066004464
2012-09-29 11:14:34,437,1,50.8818455565,0.0106397083333
2012-09-29 11:14:35,438,1,50.8377232485,-0.0441223080357
2012-09-29 11:14:36,439,1,50.790103997,-0.0476192514881
2012-09-29 11:14:37,440,1,50.772693192,-0.0174108050595
2012-09-29 11:14:38,441,1,50.783630625,0.0109374330357
2012-09-29 11:14:39,442,1,50.7909965781,0.007365953125
2012-09-29 11:14:40,443,1,50.7662940141,-0.0247025639881
2012-09-29 11:14:41,444,1,50.7190467887,-0.0472472254464
2012-09-29 11:14:42,445,1,50.6780495781,-0.0409972105655
2012-09-29 11:14:43,446,1,50.6473202336,-0.030729344494
2012-09-29 11:14:44,447,1,50.6011147693,-0.0462054642858
2012-09-29 11:14:45,448,1,50.5101922515,-0.0909225178571
2012-09-29 11:14:46,449,1,50.3682283132,-0.141963938244
2012-09-29 11:14:47,450,1,50.2028269702,-0.165401343006
2012-09-29 11:14:48,451,1,50.0521576629,-0.150669307292
2012-09-29 11:14:49,452,1,49.9219494665,-0.130208196428
2012-09-29 11:14:50,453,1,49.7672619353,-0.15468753125
2012-09-29 11:14:51,454,1,49.5148808847,-0.252381050595
2012-09-29 11:14:52,455,1,49.1135415275,-0.401339357143
2012-09-29 11:14:53,456,1,48.5837795737,-0.529761953869
2012-09-29 11:14:54,457,1,48.0180801019,-0.565699471726
2012-09-29 11:14:55,458,1,47.511532401,-0.506547700893
2012-09-29 11:14:56,459,1,47.0848209851,-0.426711415923
2012-09-29 11:14:57,460,1,46.6733625372,-0.411458447917
2012-09-29 11:14:58,461,1,46.1775291429,-0.495833394345
2012-09-29 11:14:59,462,1,45.5202374375,-0.657291705357
2012-09-29 11:15:00,463,1,44.6752968631,-0.844940574405
2012-09-29 11:15:01,464,1,43.6692699241,-1.00602693899
2012-09-29 11:15:02,465,1,42.580728099,-1.08854182515
2012-09-29 11:15:03,466,1,41.5270821741,-1.05364592485
2012-09-29 11:15:04,467,1,40.6116060454,-0.91547612872
2012-09-29 11:15:05,468,1,39.8622014874,-0.749404558036
2012-09-29 11:15:06,469,1,39.2235112463,-0.638690241071
2012-09-29 11:15:07,470,1,38.6122763028,-0.611234943452
2012-09-29 11:15:08,471,1,37.9874251905,-0.624851112351
2012-09-29 11:15:09,472,1,37.3761156533,-0.611309537202
2012-09-29 11:15:10,473,1,36.8503715818,-0.525744071429
2012-09-29 11:15:11,474,1,36.4926335744,-0.35773800744
2012-09-29 11:15:12,475,1,36.3557290707,-0.13690450372
2012-09-29 11:15:13,476,1,36.4189734918,0.063244421131
2012-09-29 11:15:14,477,1,36.586310125,0.167336633184
2012-09-29 11:15:15,478,1,36.7398071935,0.153497068452
2012-09-29 11:15:16,479,1,36.7999258802,0.0601186867559
2012-09-29 11:15:17,480,1,36.7453865848,-0.0545392953869
2012-09-29 11:15:18,481,1,36.5831093438,-0.162277241071
2012-09-29 11:15:19,482,1,36.3084813757,-0.274627968006
2012-09-29 11:15:20,483,1,35.9098954851,-0.398585890625
2012-09-29 11:15:21,484,1,35.4146578251,-0.49523765997
2012-09-29 11:15:22,485,1,34.913021,-0.501636825149
2012-09-29 11:15:23,486,1,34.5165921481,-0.396428851935
2012-09-29 11:15:24,487,1,34.2923358735,-0.224256274554
2012-09-29 11:15:25,488,1,34.2357881897,-0.0565476837797
2012-09-29 11:15:26,489,1,34.2879461384,0.0521579486607
2012-09-29 11:15:27,490,1,34.3750743683,0.0871282299107
2012-09-29 11:15:28,491,1,34.4477678847,0.072693516369
2012-09-29 11:15:29,492,1,34.4916665536,0.0438986688988
2012-09-29 11:15:30,493,1,34.5176336481,0.0259670944941
2012-09-29 11:15:31,494,1,34.5463538646,0.0287202165178
2012-09-29 11:15:32,495,1,34.5787201034,0.0323662388393
2012-09-29 11:15:33,496,1,34.5704614196,-0.00825868377969
2012-09-29 11:15:34,497,1,34.4453871138,-0.125074305804
2012-09-29 11:15:35,498,1,34.1441220513,-0.3012650625
2012-09-29 11:15:36,499,1,33.6723210975,-0.471800953869
2012-09-29 11:15:37,500,1,33.1049100618,-0.567411035714
2012-09-29 11:15:38,501,1,32.5428563527,-0.562053709077
2012-09-29 11:15:39,502,1,32.0687492664,-0.47410708631
2012-09-29 11:15:40,503,1,31.7329607128,-0.335788553571
2012-09-29 11:15:41,504,1,31.563541192,-0.169419520833
2012-09-29 11:15:42,505,1,31.5710562158,0.0075150238095
2012-09-29 11:15:43,506,1,31.7314730975,0.160416881696
2012-09-29 11:15:44,507,1,31.9808036711,0.249330573661
2012-09-29 11:15:45,508,1,32.2490329308,0.268229259673
2012-09-29 11:15:46,509,1,32.4970983504,0.248065419643
2012-09-29 11:15:47,510,1,32.7226190751,0.225520724702
2012-09-29 11:15:48,511,1,32.9435267708,0.220907695685
2012-09-29 11:15:49,512,1,33.167261974,0.223735203125
2012-09-29 11:15:50,513,1,33.3703871644,0.203125190476
2012-09-29 11:15:51,514,1,33.5399558103,0.169568645833
2012-09-29 11:15:52,515,1,33.7259677679,0.186011957589
2012-09-29 11:15:53,516,1,33.9988098289,0.272842061012
2012-09-29 11:15:54,517,1,34.3653272202,0.366517391369
2012-09-29 11:15:55,518,1,34.749627247,0.384300026786
2012-09-29 11:15:56,519,1,35.032662567,0.28303531994
2012-09-29 11:15:57,520,1,35.1310999844,0.0984374174107
2012-09-29 11:15:58,521,1,35.0604899427,-0.0706100416667
2012-09-29 11:15:59,522,1,34.8928560156,-0.167633927083
2012-09-29 11:16:00,523,1,34.6719481562,-0.220907859375
2012-09-29 11:16:01,524,1,34.4026772031,-0.269270953125
2012-09-29 11:16:02,525,1,34.0842992329,-0.318377970238
2012-09-29 11:16:03,526,1,33.7303559561,-0.353943276786
2012-09-29 11:16:04,527,1,33.3708324464,-0.359523509673
2012-09-29 11:16:05,528,1,33.0139131287,-0.356919317708
2012-09-29 11:16:06,529,1,32.60334791,-0.41056521875
2012-09-29 11:16:07,530,1,32.0592259874,-0.544121922619
2012-09-29 11:16:08,531,1,31.3690473051,-0.690178682292
2012-09-29 11:16:09,532,1,30.6344488542,-0.734598450893
2012-09-29 11:16:10,533,1,30.0463534457,-0.588095408482
2012-09-29 11:16:11,534,1,29.7866064159,-0.259747029762
2012-09-29 11:16:12,535,1,29.9203862626,0.133779846726
2012-09-29 11:16:13,536,1,30.3915916786,0.471205415923
2012-09-29 11:16:14,537,1,31.0992553951,0.707663716518
2012-09-29 11:16:15,538,1,31.9479905945,0.848735199405
2012-09-29 11:16:16,539,1,32.850818157,0.9028275625
2012-09-29 11:16:17,540,1,33.7192707842,0.868452627232
2012-09-29 11:16:18,541,1,34.4642859003,0.745015116071
2012-09-29 11:16:19,542,1,35.0132443914,0.548958491071
2012-09-29 11:16:20,543,1,35.3264885193,0.313244127976
2012-09-29 11:16:21,544,1,35.3968010774,0.0703125580358
2012-09-29 11:16:22,545,1,35.2383189911,-0.15848208631
2012-09-29 11:16:23,546,1,34.8834082924,-0.354910698661
2012-09-29 11:16:24,547,1,34.397098724,-0.486309568452
2012-09-29 11:16:25,548,1,33.8957593802,-0.50133934375
2012-09-29 11:16:26,549,1,33.5380212589,-0.35773812128
2012-09-29 11:16:27,550,1,33.4647325655,-0.0732886934524
2012-09-29 11:16:28,551,1,33.7046134859,0.239880920387
2012-09-29 11:16:29,552,1,34.11726216,0.412648674107
2012-09-29 11:16:30,553,1,34.4550595446,0.337797384673
2012-09-29 11:16:31,554,1,34.5212052039,0.0661456592262
2012-09-29 11:16:32,555,1,34.283779654,-0.237425549851
2012-09-29 11:16:33,556,1,33.8531251332,-0.430654520833
2012-09-29 11:16:34,557,1,33.3740331198,-0.479092013393
2012-09-29 11:16:35,558,1,32.9407742106,-0.433258909226
2012-09-29 11:16:36,559,1,32.5897321972,-0.351042013393
2012-09-29 11:16:37,560,1,32.3343744249,-0.255357772321
2012-09-29 11:16:38,561,1,32.1781237507,-0.156250674107
2012-09-29 11:16:39,562,1,32.1069923147,-0.0711314360119
2012-09-29 11:16:40,563,1,32.1011141935,-0.0058781212797
2012-09-29 11:16:41,564,1,32.1514120104,0.0502978169643
2012-09-29 11:16:42,565,1,32.2454600446,0.0940480342262
2012-09-29 11:16:43,566,1,32.3387640908,0.0933040461309
2012-09-29 11:16:44,567,1,32.3529013787,0.0141372879464
2012-09-29 11:16:45,568,1,32.2079610878,-0.144940290923
2012-09-29 11:16:46,569,1,31.8590027515,-0.34895833631
2012-09-29 11:16:47,570,1,31.2989580119,-0.560044739583
2012-09-29 11:16:48,571,1,30.5317704323,-0.767187579613
2012-09-29 11:16:49,572,1,29.5708329539,-0.960937478423
2012-09-29 11:16:50,573,1,28.482068192,-1.0887647619
2012-09-29 11:16:51,574,1,27.4060266637,-1.07604152827
2012-09-29 11:16:52,575,1,26.5089285424,-0.89709812128
2012-09-29 11:16:53,576,1,25.9076636979,-0.601264844494
2012-09-29 11:16:54,577,1,25.6400297753,-0.267633922619
2012-09-29 11:16:55,578,1,25.6953869107,0.0553571354167
2012-09-29 11:16:56,579,1,26.0616071057,0.36622019494
2012-09-29 11:16:57,580,1,26.7311010573,0.669493951637
2012-09-29 11:16:58,581,1,27.6660711949,0.934970137649
2012-09-29 11:16:59,582,1,28.7818449993,1.11577380432
2012-09-29 11:17:00,583,1,29.9747767158,1.19293171652
2012-09-29 11:17:01,584,1,31.1619050208,1.18712830506
2012-09-29 11:17:02,585,1,32.3006702552,1.13876523438
2012-09-29 11:17:03,586,1,33.3820692485,1.0813989933
2012-09-29 11:17:04,587,1,34.4015632054,1.01949395685
2012-09-29 11:17:05,588,1,35.324777215,0.923214009673
2012-09-29 11:17:06,589,1,36.0800596927,0.755282477679
2012-09-29 11:17:07,590,1,36.5943452634,0.514285570685
2012-09-29 11:17:08,591,1,36.8430802746,0.248735011161
2012-09-29 11:17:09,592,1,36.869940221,0.0268599464285
2012-09-29 11:17:10,593,1,36.7668150327,-0.103125188244
2012-09-29 11:17:11,594,1,36.6412941295,-0.125520903274
2012-09-29 11:17:12,595,1,36.5967257619,-0.0445683675595
2012-09-29 11:17:13,596,1,36.7133181406,0.11659237872
2012-09-29 11:17:14,597,1,37.0144342024,0.301116061756
2012-09-29 11:17:15,598,1,37.4477673802,0.433333177827
2012-09-29 11:17:16,599,1,37.9134666287,0.465699248512
2012-09-29 11:17:17,600,1,38.3203118713,0.40684524256
2012-09-29 11:17:18,601,1,38.6245531451,0.30424127381
2012-09-29 11:17:19,602,1,38.8169641734,0.192411028274
2012-09-29 11:17:20,603,1,38.8827382619,0.0657740885417
2012-09-29 11:17:21,604,1,38.7994049993,-0.0833332626488
2012-09-29 11:17:22,605,1,38.5674107083,-0.231994290923
2012-09-29 11:17:23,606,1,38.2313239204,-0.336086787946
2012-09-29 11:17:24,607,1,37.8813234115,-0.350000508929
2012-09-29 11:17:25,608,1,37.607364724,-0.2739586875
2012-09-29 11:17:26,609,1,37.436084875,-0.171279848958
2012-09-29 11:17:27,610,1,37.3360106629,-0.100074212054
2012-09-29 11:17:28,611,1,37.263317567,-0.0726930959821
2012-09-29 11:17:29,612,1,37.1877226622,-0.0755949047619
2012-09-29 11:17:30,613,1,37.1064728333,-0.0812498288691
2012-09-29 11:17:31,614,1,37.042410314,-0.0640625193452
2012-09-29 11:17:32,615,1,37.03883875,-0.0035715639881
2012-09-29 11:17:33,616,1,37.1696422046,0.130803454613
2012-09-29 11:17:34,617,1,37.5200886436,0.350446438988
2012-09-29 11:17:35,618,1,38.1203864152,0.600297771577
2012-09-29 11:17:36,619,1,38.8857884464,0.76540203125
2012-09-29 11:17:37,620,1,39.6184523996,0.732663953125
2012-09-29 11:17:38,621,1,40.079985308,0.461532908482
2012-09-29 11:17:39,622,1,40.081696619,0.0017113110119
2012-09-29 11:17:40,623,1,39.532068532,-0.549628087054
2012-09-29 11:17:41,624,1,38.4398809494,-1.09218758259
2012-09-29 11:17:42,625,1,36.8965774063,-1.54330354315
2012-09-29 11:17:43,626,1,35.0453870432,-1.8511903631
2012-09-29 11:17:44,627,1,33.0543901153,-1.99099692783
2012-09-29 11:17:45,628,1,31.1081103132,-1.94627980208
2012-09-29 11:17:46,629,1,29.390624974,-1.71748533929
2012-09-29 11:17:47,630,1,28.0427823951,-1.34784257887
2012-09-29 11:17:48,631,1,27.1270083229,-0.915774072173
2012-09-29 11:17:49,632,1,26.6337790543,-0.493229268601
2012-09-29 11:17:50,633,1,26.5345975655,-0.0991814888393
2012-09-29 11:17:51,634,1,26.8411453356,0.306547770089
2012-09-29 11:17:52,635,1,27.6021574085,0.761012072917
2012-09-29 11:17:53,636,1,28.8483628772,1.24620546875
2012-09-29 11:17:54,637,1,30.5595235893,1.71116071205
2012-09-29 11:17:55,638,1,32.6579609524,2.0984373631
2012-09-29 11:17:56,639,1,34.9978416421,2.33988068973
2012-09-29 11:17:57,640,1,37.3673353876,2.36949374554
2012-09-29 11:17:58,641,1,39.5277518958,2.16041650818
2012-09-29 11:17:59,642,1,41.2944930937,1.76674119792
2012-09-29 11:18:00,643,1,42.6232881057,1.3287950119
2012-09-29 11:18:01,644,1,43.6149551607,0.99166705506
2012-09-29 11:18:02,645,1,44.4208332671,0.805878106399
2012-09-29 11:18:03,646,1,45.1486603862,0.727827119048
2012-09-29 11:18:04,647,1,45.8432283207,0.694567934524
2012-09-29 11:18:05,648,1,46.5107129821,0.667484661458
2012-09-29 11:18:06,649,1,47.1360104635,0.625297481399
2012-09-29 11:18:07,650,1,47.6911446079,0.555134144345
2012-09-29 11:18:08,651,1,48.1397313289,0.448586720982
2012-09-29 11:18:09,652,1,48.4276037909,0.287872462054
2012-09-29 11:18:10,653,1,48.4827381213,0.0551343303572
2012-09-29 11:18:11,654,1,48.2486610856,-0.234077035714
2012-09-29 11:18:12,655,1,47.7084827277,-0.540178357887
2012-09-29 11:18:13,656,1,46.8596732024,-0.848809525298
2012-09-29 11:18:14,657,1,45.682292064,-1.17738113839
2012-09-29 11:18:15,658,1,44.1527531421,-1.52953892188
2012-09-29 11:18:16,659,1,42.2844494018,-1.86830374033
2012-09-29 11:18:17,660,1,40.1443451198,-2.14010428199
2012-09-29 11:18:18,661,1,37.8295384323,-2.3148066875
2012-09-29 11:18:19,662,1,35.4433775156,-2.38616091667
2012-09-29 11:18:20,663,1,33.1247761324,-2.31860138318
2012-09-29 11:18:21,664,1,31.11049034,-2.01428579241
2012-09-29 11:18:22,665,1,29.7236600335,-1.38683030655
2012-09-29 11:18:23,666,1,29.2296125469,-0.494047486607
2012-09-29 11:18:24,667,1,29.6630948497,0.433482302827
2012-09-29 11:18:25,668,1,30.7910711153,1.12797626563
2012-09-29 11:18:26,669,1,32.242038247,1.4509671317
2012-09-29 11:18:27,670,1,33.6938236726,1.4517854256
2012-09-29 11:18:28,671,1,34.9953115662,1.3014878936
2012-09-29 11:18:29,672,1,36.1573652753,1.16205370908
2012-09-29 11:18:30,673,1,37.2511901704,1.09382489509
2012-09-29 11:18:31,674,1,38.3197919137,1.0686017433
2012-09-29 11:18:32,675,1,39.3593755253,1.03958361161
2012-09-29 11:18:33,676,1,40.3458337887,0.986458263393
2012-09-29 11:18:34,677,1,41.2607888869,0.914955098214
2012-09-29 11:18:35,678,1,42.097098128,0.836309241071
2012-09-29 11:18:36,679,1,42.8547615885,0.757663460565
2012-09-29 11:18:37,680,1,43.5437495238,0.688987935268
2012-09-29 11:18:38,681,1,44.1939726756,0.650223151786
2012-09-29 11:18:39,682,1,44.86011859,0.666145914435
2012-09-29 11:18:40,683,1,45.6057288802,0.745610290178
2012-09-29 11:18:41,684,1,46.4683033772,0.862574497024
2012-09-29 11:18:42,685,1,47.4375741324,0.969270755208
2012-09-29 11:18:43,686,1,48.4744043356,1.03683020312
2012-09-29 11:18:44,687,1,49.5523060432,1.07790170759
2012-09-29 11:18:45,688,1,50.6729906049,1.12068456176
2012-09-29 11:18:46,689,1,51.8389132805,1.1659226756
2012-09-29 11:18:47,690,1,53.0237346749,1.18482139435
2012-09-29 11:18:48,691,1,54.1825143266,1.15877965179
2012-09-29 11:18:49,692,1,55.2909219821,1.10840765551
2012-09-29 11:18:50,693,1,56.3687493676,1.07782738542
2012-09-29 11:18:51,694,1,57.4607881339,1.09203876637
2012-09-29 11:18:52,695,1,58.5966513244,1.13586319048
2012-09-29 11:18:53,696,1,59.7718746183,1.1752232939
2012-09-29 11:18:54,697,1,60.9609372076,1.18906258929
2012-09-29 11:18:55,698,1,62.1386903118,1.17775310417
2012-09-29 11:18:56,699,1,63.2895089122,1.15081860045
2012-09-29 11:18:57,700,1,64.3990328408,1.10952392857
2012-09-29 11:18:58,701,1,65.4331846094,1.0341517686
2012-09-29 11:18:59,702,1,66.3343748408,0.901190231399
2012-09-29 11:19:00,703,1,67.0631691265,0.728794285714
2012-09-29 11:19:01,704,1,67.6439724851,0.580803358631
2012-09-29 11:19:02,705,1,68.1503713296,0.506398844494
2012-09-29 11:19:03,706,1,68.6438982329,0.493526903274
2012-09-29 11:19:04,707,1,69.1293892671,0.485491034226
2012-09-29 11:19:05,708,1,69.5619039888,0.432514721726
2012-09-29 11:19:06,709,1,69.8909219226,0.32901793378
2012-09-29 11:19:07,710,1,70.0952379382,0.204316015625
2012-09-29 11:19:08,711,1,70.184896407,0.08965846875
2012-09-29 11:19:09,712,1,70.1866080923,0.00171168526781
2012-09-29 11:19:10,713,1,70.1244053713,-0.0622027209821
2012-09-29 11:19:11,714,1,70.0047615677,-0.119643803571
2012-09-29 11:19:12,715,1,69.8235849561,-0.181176611607
2012-09-29 11:19:13,716,1,69.589135026,-0.234449930059
2012-09-29 11:19:14,717,1,69.3391351853,-0.249999840774
2012-09-29 11:19:15,718,1,69.1352667612,-0.203868424107
2012-09-29 11:19:16,719,1,69.0262644531,-0.109002308036
2012-09-29 11:19:17,720,1,69.0027529665,-0.0235114866072
2012-09-29 11:19:18,721,1,68.9789436354,-0.0238093311011
2012-09-29 11:19:19,722,1,68.8063991644,-0.172544470982
2012-09-29 11:19:20,723,1,68.3310273631,-0.475371801339
2012-09-29 11:19:21,724,1,67.5060274062,-0.824999956845
2012-09-29 11:19:22,725,1,66.4784972351,-1.02753017113
2012-09-29 11:19:23,726,1,65.5203119769,-0.958185258184
2012-09-29 11:19:24,727,1,64.8299839859,-0.690327991071
2012-09-29 11:19:25,728,1,64.3982873601,-0.431696625744
2012-09-29 11:19:26,729,1,64.0650285945,-0.333258765625
2012-09-29 11:19:27,730,1,63.6970229219,-0.368005672619
2012-09-29 11:19:28,731,1,63.3081838423,-0.388839079613
2012-09-29 11:19:29,732,1,63.0094488996,-0.298734942708
2012-09-29 11:19:30,733,1,62.8678569189,-0.141591980655
2012-09-29 11:19:31,734,1,62.8555804568,-0.0122764620536
2012-09-29 11:19:32,735,1,62.9262651339,0.0706846770834
2012-09-29 11:19:33,736,1,63.0699406399,0.143675505952
2012-09-29 11:19:34,737,1,63.2709820975,0.201041457589
2012-09-29 11:19:35,738,1,63.4791664189,0.208184321429
2012-09-29 11:19:36,739,1,63.6498508162,0.170684397321
2012-09-29 11:19:37,740,1,63.782663279,0.132812462798
2012-09-29 11:19:38,741,1,63.9232881964,0.140624917411
2012-09-29 11:19:39,742,1,64.1130200714,0.189731875
2012-09-29 11:19:40,743,1,64.3181536689,0.20513359747
2012-09-29 11:19:41,744,1,64.4592993936,0.141145724702
2012-09-29 11:19:42,745,1,64.5175586496,0.0582592559524
2012-09-29 11:19:43,746,1,64.5609373728,0.0433787232143
2012-09-29 11:19:44,747,1,64.6816970149,0.120759642113
2012-09-29 11:19:45,748,1,64.9358636763,0.254166661458
2012-09-29 11:19:46,749,1,65.3133925104,0.377528834077
2012-09-29 11:19:47,750,1,65.7401769583,0.426784447917
2012-09-29 11:19:48,751,1,66.1119768519,0.371799893601
2012-09-29 11:19:49,752,1,66.3349682946,0.222991442708
2012-09-29 11:19:50,753,1,66.3543891235,0.019420828869
2012-09-29 11:19:51,754,1,66.1821433467,-0.172245776786
2012-09-29 11:19:52,755,1,65.9125011302,-0.269642216518
2012-09-29 11:19:53,756,1,65.6883938207,-0.224107309524
2012-09-29 11:19:54,757,1,65.6296134189,-0.0587804017857
2012-09-29 11:19:55,758,1,65.7758182634,0.146204844494
2012-09-29 11:19:56,759,1,66.069121875,0.293303611607
2012-09-29 11:19:57,760,1,66.3786462924,0.309524417411
2012-09-29 11:19:58,761,1,66.5627245037,0.184078211309
2012-09-29 11:19:59,762,1,66.5325911391,-0.0301333645833
2012-09-29 11:20:00,763,1,66.275671436,-0.256919703125
2012-09-29 11:20:01,764,1,65.8395844137,-0.436087022321
2012-09-29 11:20:02,765,1,65.2991815625,-0.540402851191
2012-09-29 11:20:03,766,1,64.7200139234,-0.579167639137
2012-09-29 11:20:04,767,1,64.1362336957,-0.583780227679
2012-09-29 11:20:05,768,1,63.5580345112,-0.578199184524
2012-09-29 11:20:06,769,1,62.9967256153,-0.561308895833
2012-09-29 11:20:07,770,1,62.4811011042,-0.515624511161
2012-09-29 11:20:08,771,1,62.0508184226,-0.430282681548
2012-09-29 11:20:09,772,1,61.7324401994,-0.318378223214
2012-09-29 11:20:10,773,1,61.5101929263,-0.222247273065
2012-09-29 11:20:11,774,1,61.2997762202,-0.210416706101
2012-09-29 11:20:12,775,1,60.9543150818,-0.345461138393
2012-09-29 11:20:13,776,1,60.3384670945,-0.615847987351
2012-09-29 11:20:14,777,1,59.4320684323,-0.906398662202
2012-09-29 11:20:15,778,1,58.3665922909,-1.06547614137
2012-09-29 11:20:16,779,1,57.3522321585,-1.01436013244
2012-09-29 11:20:17,780,1,56.5439731496,-0.808259008929
2012-09-29 11:20:18,781,1,55.9632438118,-0.580729337798
2012-09-29 11:20:19,782,1,55.5571423854,-0.406101426339
2012-09-29 11:20:20,783,1,55.3057284754,-0.25141390997
2012-09-29 11:20:21,784,1,55.2344486213,-0.0712798541666
2012-09-29 11:20:22,785,1,55.3302076443,0.0957590230654
2012-09-29 11:20:23,786,1,55.4614702465,0.131262602183
2012-09-29 11:20:24,787,1,55.4056234451,-0.0558468014633
2012-09-29 11:20:25,788,1,54.9561381399,-0.449485305184
2012-09-29 11:20:26,789,1,53.9533788533,-1.00275928658
2012-09-29 11:20:27,790,1,52.2500985399,-1.70328031337
2012-09-29 11:20:28,791,1,49.747841189,-2.50225735094
2012-09-29 11:20:29,792,1,46.4710799276,-3.27676126141
2012-09-29 11:20:30,793,1,42.5930353741,-3.87804455345
2012-09-29 11:20:31,794,1,38.3866428185,-4.20639255568
2012-09-29 11:20:32,795,1,34.0917831177,-4.29485970077
2012-09-29 11:20:33,796,1,29.8119903961,-4.2797927216
2012-09-29 11:20:34,797,1,25.549999,-4.26199139608
2012-09-29 11:20:35,798,1,21.285329028,-4.26466997197
2012-09-29 11:20:36,799,1,16.9856454162,-4.29968361186
2012-09-29 11:20:37,800,1,12.6219489085,-4.36369650769
2012-09-29 11:20:38,801,1,8.31147040315,-4.31047850533
2012-09-29 11:20:39,802,1,4.56088771453,-3.75058268862
2012-09-29 11:20:40,803,1,0.0,-4.56088771453
2012-09-29 11:20:57,820,17,0.0,0.0
2012-09-29 11:20:58,821,1,4.68018362475,4.68018362475
2012-09-29 11:20:59,822,1,8.52781514844,3.84763152369
2012-09-29 11:21:00,823,1,12.9450151302,4.41719998177
2012-09-29 11:21:01,824,1,17.4180930907,4.4730779605
2012-09-29 11:21:02,825,1,21.826835734,4.40874264329
2012-09-29 11:21:03,826,1,26.2000005,4.373164766
2012-09-29 11:21:04,827,1,30.566766458,4.36676595796
2012-09-29 11:21:05,828,1,34.9372526613,4.37048620331
2012-09-29 11:21:06,829,1,39.3245543426,4.38730168136
2012-09-29 11:21:07,830,1,43.7298619243,4.40530758166
2012-09-29 11:21:08,831,1,48.0636663884,4.3338044641
2012-09-29 11:21:09,832,1,52.0670391488,4.00337276042
2012-09-29 11:21:10,833,1,55.3532491778,3.28621002902
2012-09-29 11:21:11,834,1,57.5986855203,2.24543634245
2012-09-29 11:21:12,835,1,58.7561012109,1.15741569066
2012-09-29 11:21:13,836,1,59.1119545244,0.35585331343
2012-09-29 11:21:14,837,1,59.1207840286,0.0088295042782
2012-09-29 11:21:15,838,1,59.1476194055,0.0268353768601
2012-09-29 11:21:16,839,1,59.3351938028,0.187574397321
2012-09-29 11:21:17,840,1,59.6623514702,0.327157667411
2012-09-29 11:21:18,841,1,60.0697917671,0.407440296875
2012-09-29 11:21:19,842,1,60.5303569613,0.460565194196
2012-09-29 11:21:20,843,1,61.0459072485,0.515550287202
2012-09-29 11:21:21,844,1,61.61599634,0.570089091518
2012-09-29 11:21:22,845,1,62.2295381198,0.613541779762
2012-09-29 11:21:23,846,1,62.8798361726,0.650298052827
2012-09-29 11:21:24,847,1,63.5635419695,0.683705796875
2012-09-29 11:21:25,848,1,64.2516373237,0.688095354167
2012-09-29 11:21:26,849,1,64.8686013423,0.616964018601
2012-09-29 11:21:27,850,1,65.3261901213,0.457588779018
2012-09-29 11:21:28,851,1,65.5910705878,0.264880466518
2012-09-29 11:21:29,852,1,65.7123501198,0.121279531994
2012-09-29 11:21:30,853,1,65.7933025223,0.0809524025297
2012-09-29 11:21:31,854,1,65.9431538036,0.14985128125
2012-09-29 11:21:32,855,1,66.2269335573,0.28377975372
2012-09-29 11:21:33,856,1,66.6214274509,0.394493893601
2012-09-29 11:21:34,857,1,67.0072904241,0.385862973214
2012-09-29 11:21:35,858,1,67.2373501719,0.230059747768
2012-09-29 11:21:36,859,1,67.244196067,0.00684589508931
2012-09-29 11:21:37,860,1,67.0872771406,-0.156918926339
2012-09-29 11:21:38,861,1,66.9058042001,-0.181472940476
2012-09-29 11:21:39,862,1,66.8100450551,-0.0957591450893
2012-09-29 11:21:40,863,1,66.7994792716,-0.0105657834821
2012-09-29 11:21:41,864,1,66.8054315967,0.0059523251488
2012-09-29 11:21:42,865,1,66.7854169018,-0.0200146949405
2012-09-29 11:21:43,866,1,66.7377979978,-0.0476189040178
2012-09-29 11:21:44,867,1,66.6729913631,-0.0648066346727
2012-09-29 11:21:45,868,1,66.6033483609,-0.0696430022321
2012-09-29 11:21:46,869,1,66.5335567507,-0.0697916101191
2012-09-29 11:21:47,870,1,66.4565480283,-0.0770087224702
2012-09-29 11:21:48,871,1,66.3679320156,-0.0886160126488
2012-09-29 11:21:49,872,1,66.283184782,-0.0847472336309
2012-09-29 11:21:50,873,1,66.2456845074,-0.0375002745536
2012-09-29 11:21:51,874,1,66.3119046101,0.0662201026785
2012-09-29 11:21:52,875,1,66.5072915275,0.195386917411
2012-09-29 11:21:53,876,1,66.7860118609,0.278720333333
2012-09-29 11:21:54,877,1,67.0448661198,0.258854258929
2012-09-29 11:21:55,878,1,67.1932292463,0.148363126488
2012-09-29 11:21:56,879,1,67.2119792359,0.0187499895834
2012-09-29 11:21:57,880,1,67.1467262054,-0.0652530305059
2012-09-29 11:21:58,881,1,67.060862994,-0.0858632113096
2012-09-29 11:21:59,882,1,67.0009670521,-0.0598959419643
2012-09-29 11:22:00,883,1,66.9953866622,-0.00558038988089
2012-09-29 11:22:01,884,1,67.0735116734,0.0781250111607
2012-09-29 11:22:02,885,1,67.266889622,0.193377948661
2012-09-29 11:22:03,886,1,67.5794638519,0.312574229911
2012-09-29 11:22:04,887,1,67.9714277217,0.391963869792
2012-09-29 11:22:05,888,1,68.3822158222,0.410788100446
2012-09-29 11:22:06,889,1,68.7633909435,0.38117512128
2012-09-29 11:22:07,890,1,69.0924088452,0.329017901786
2012-09-29 11:22:08,891,1,69.3629453661,0.270536520833
2012-09-29 11:22:09,892,1,69.5683038051,0.205358438988
2012-09-29 11:22:10,893,1,69.6999268549,0.131623049851
2012-09-29 11:22:11,894,1,69.7575162597,0.0575894047619
2012-09-29 11:22:12,895,1,69.7530511927,-0.0044650669643
2012-09-29 11:22:13,896,1,69.7044637589,-0.0485874337797
2012-09-29 11:22:14,897,1,69.6251474554,-0.0793163035714
2012-09-29 11:22:15,898,1,69.5177067083,-0.107440747024
2012-09-29 11:22:16,899,1,69.3737334955,-0.143973212798
2012-09-29 11:22:17,900,1,69.1781232098,-0.195610285714
2012-09-29 11:22:18,901,1,68.9205335722,-0.257589637649
2012-09-29 11:22:19,902,1,68.607140558,-0.313393014137
2012-09-29 11:22:20,903,1,68.2658461942,-0.341294363839
2012-09-29 11:22:21,904,1,67.9477663787,-0.318079815476
2012-09-29 11:22:22,905,1,67.7149542708,-0.232812107887
2012-09-29 11:22:23,906,1,67.6098203348,-0.105133936012
2012-09-29 11:22:24,907,1,67.6328111414,0.0229908065476
2012-09-29 11:22:25,908,1,67.7476174836,0.114806342262
2012-09-29 11:22:26,909,1,67.899403279,0.151785795387
2012-09-29 11:22:27,910,1,68.0304304777,0.131027198661
2012-09-29 11:22:28,911,1,68.102678061,0.0722475833333
2012-09-29 11:22:29,912,1,68.1285713579,0.025893296875
2012-09-29 11:22:30,913,1,68.1741072455,0.0455358876488
2012-09-29 11:22:31,914,1,68.316294686,0.142187440476
2012-09-29 11:22:32,915,1,68.5903273363,0.274032650298
2012-09-29 11:22:33,916,1,68.9688987485,0.378571412202
2012-09-29 11:22:34,917,1,69.3917408757,0.422842127232
2012-09-29 11:22:35,918,1,69.8236601786,0.431919302827
2012-09-29 11:22:36,919,1,70.2779753817,0.454315203125
2012-09-29 11:22:37,920,1,70.7774546749,0.499479293155
2012-09-29 11:22:38,921,1,71.3045385766,0.527083901786
2012-09-29 11:22:39,922,1,71.7939736964,0.489435119792
2012-09-29 11:22:40,923,1,72.1616076972,0.367634000744
2012-09-29 11:22:41,924,1,72.3406995305,0.179091833333
2012-09-29 11:22:42,925,1,72.3110860506,-0.0296134799108
2012-09-29 11:22:43,926,1,72.1104907083,-0.200595342262
2012-09-29 11:22:44,927,1,71.819567997,-0.29092271131
2012-09-29 11:22:45,928,1,71.5281242098,-0.291443787202
2012-09-29 11:22:46,929,1,71.3006683512,-0.227455858631
2012-09-29 11:22:47,930,1,71.1572900759,-0.143378275298
2012-09-29 11:22:48,931,1,71.0760402946,-0.08124978125
2012-09-29 11:22:49,932,1,71.0120527775,-0.0639875171131
2012-09-29 11:22:50,933,1,70.9258925357,-0.0861602418154
2012-09-29 11:22:51,934,1,70.8093747865,-0.116517749256
2012-09-29 11:22:52,935,1,70.6915174561,-0.117857330357
2012-09-29 11:22:53,936,1,70.6169636235,-0.0745538325893
2012-09-29 11:22:54,937,1,70.608853311,-0.00811031249999
2012-09-29 11:22:55,938,1,70.6460555149,0.037202203869
2012-09-29 11:22:56,939,1,70.6789422433,0.0328867284227
2012-09-29 11:22:57,940,1,70.6673350372,-0.0116072061012
2012-09-29 11:22:58,941,1,70.6003708118,-0.0669642254464
2012-09-29 11:22:59,942,1,70.4865316778,-0.113839133929
2012-09-29 11:23:00,943,1,70.3369784018,-0.149553276042
2012-09-29 11:23:01,944,1,70.161904378,-0.17507402381
2012-09-29 11:23:02,945,1,69.9752231749,-0.186681203125
2012-09-29 11:23:03,946,1,69.793527029,-0.181696145833
2012-09-29 11:23:04,947,1,69.6268604702,-0.16666655878
2012-09-29 11:23:05,948,1,69.4732144509,-0.153646019345
2012-09-29 11:23:06,949,1,69.3247022128,-0.148512238095
2012-09-29 11:23:07,950,1,69.1754459397,-0.149256273066
2012-09-29 11:23:08,951,1,69.0219486324,-0.153497307292
2012-09-29 11:23:09,952,1,68.8618294271,-0.160119205357
2012-09-29 11:23:10,953,1,68.6962787679,-0.165550659226
2012-09-29 11:23:11,954,1,68.534969064,-0.161309703869
2012-09-29 11:23:12,955,1,68.397022346,-0.137946718006
2012-09-29 11:23:13,956,1,68.3008167946,-0.0962055513392
2012-09-29 11:23:14,957,1,68.2520073653,-0.0488094293155
2012-09-29 11:23:15,958,1,68.2422609308,-0.00974643452381
2012-09-29 11:23:16,959,1,68.254985221,0.0127242901785
2012-09-29 11:23:17,960,1,68.2750013021,0.0200160811012
2012-09-29 11:23:18,961,1,68.2945706503,0.0195693482143
2012-09-29 11:23:19,962,1,68.3054339851,0.0108633348215
2012-09-29 11:23:20,963,1,68.2950167232,-0.0104172619048
2012-09-29 11:23:21,964,1,68.2575155558,-0.0375011674107
2012-09-29 11:23:22,965,1,68.195907247,-0.0616083087798
2012-09-29 11:23:23,966,1,68.1117547009,-0.0841525461309
2012-09-29 11:23:24,967,1,67.9994032545,-0.112351446429
2012-09-29 11:23:25,968,1,67.8496266882,-0.14977656622
2012-09-29 11:23:26,969,1,67.6790915208,-0.170535167411
2012-09-29 11:23:27,970,1,67.573809317,-0.105282203869
2012-09-29 11:23:28,971,1,67.6691963765,0.0953870595238
2012-09-29 11:23:29,972,1,68.0406990298,0.371502653274
2012-09-29 11:23:30,973,1,68.6042402061,0.563541176339
2012-09-29 11:23:31,974,1,69.1318441853,0.527603979167
2012-09-29 11:23:32,975,1,69.3872015104,0.255357325149
2012-09-29 11:23:33,976,1,69.2869783631,-0.100223147322
2012-09-29 11:23:34,977,1,68.9453112857,-0.341667077381
2012-09-29 11:23:35,978,1,68.5545369293,-0.390774356399
2012-09-29 11:23:36,979,1,68.2345963728,-0.319940556548
2012-09-29 11:23:37,980,1,67.9900283906,-0.244567982143
2012-09-29 11:23:38,981,1,67.7629456682,-0.22708272247
2012-09-29 11:23:39,982,1,67.4981395067,-0.264806161458
2012-09-29 11:23:40,983,1,67.1664431845,-0.331696322173
2012-09-29 11:23:41,984,1,66.7466515781,-0.419791606399
2012-09-29 11:23:42,985,1,66.2121280141,-0.534523563988
2012-09-29 11:23:43,986,1,65.5473217902,-0.664806223958
2012-09-29 11:23:44,987,1,64.7624261376,-0.78489565253
2012-09-29 11:23:45,988,1,63.8843755885,-0.878050549107
2012-09-29 11:23:46,989,1,62.9430809159,-0.941294672619
2012-09-29 11:23:47,990,1,61.9634677165,-0.979613199405
2012-09-29 11:23:48,991,1,60.9646580967,-0.998809619792
2012-09-29 11:23:49,992,1,59.9725449382,-0.992113158482
2012-09-29 11:23:50,993,1,59.0207590692,-0.951785869048
2012-09-29 11:23:51,994,1,58.1208332001,-0.899925869048
2012-09-29 11:23:52,995,1,57.2494043705,-0.871428829613
2012-09-29 11:23:53,996,1,56.373734596,-0.875669774554
2012-09-29 11:23:54,997,1,55.4441959174,-0.929538678571
2012-09-29 11:23:55,998,1,54.3497763534,-1.09441956399
2012-09-29 11:23:56,999,1,52.9616811012,-1.38809525223
2012-09-29 11:23:57,1000,1,51.2814725632,-1.68020853795
2012-09-29 11:23:58,1001,1,49.5311002299,-1.75037233333
2012-09-29 11:23:59,1002,1,48.0755196272,-1.45558060268
2012-09-29 11:24:00,1003,1,47.2134659732,-0.862053654018
2012-09-29 11:24:01,1004,1,46.9854898735,-0.227976099702
2012-09-29 11:24:02,1005,1,47.1900287842,0.204538910714
2012-09-29 11:24:03,1006,1,47.5868296488,0.396800864583
2012-09-29 11:24:04,1007,1,48.0477674085,0.460937759673
2012-09-29 11:24:05,1008,1,48.5446426324,0.496875223958
2012-09-29 11:24:06,1009,1,49.0558034754,0.511160843006
2012-09-29 11:24:07,1010,1,49.4555058445,0.399702369048
2012-09-29 11:24:08,1011,1,49.4287944412,-0.0267114032738
2012-09-29 11:24:09,1012,1,48.5374997121,-0.891294729167
2012-09-29 11:24:10,1013,1,46.5094490632,-2.02805064881
2012-09-29 11:24:11,1014,1,43.5355650975,-2.97388396577
2012-09-29 11:24:12,1015,1,40.2494043527,-3.28616074479
2012-09-29 11:24:13,1016,1,37.3750739762,-2.87433037649
2012-09-29 11:24:14,1017,1,35.3520828817,-2.02299109449
2012-09-29 11:24:15,1018,1,34.2191215186,-1.1329613631
2012-09-29 11:24:16,1019,1,33.7139875342,-0.505133984375
2012-09-29 11:24:17,1020,1,33.3254458824,-0.388541651786
2012-09-29 11:24:18,1021,1,32.3247763557,-1.00066952679
2012-09-29 11:24:19,1022,1,30.065996753,-2.25877960268
2012-09-29 11:24:20,1023,1,26.4289432686,-3.63705348438
2012-09-29 11:24:21,1024,1,21.9375741615,-4.49136910714
2012-09-29 11:24:22,1025,1,17.4314728051,-4.5061013564
2012-09-29 11:24:23,1026,1,13.5843744375,-3.84709836756
2012-09-29 11:24:24,1027,1,10.6523803527,-2.93199408482
2012-09-29 11:24:25,1028,1,8.61205306548,-2.0403272872
2012-09-29 11:24:26,1029,1,7.40855618304,-1.20349688244
2012-09-29 11:24:27,1030,1,6.98683005506,-0.421726127976
2012-09-29 11:24:28,1031,1,7.20944900446,0.222618949405
2012-09-29 11:24:29,1032,1,7.8607880625,0.651339058036
2012-09-29 11:24:30,1033,1,8.6834068817,0.822618819196
2012-09-29 11:24:31,1034,1,9.40535619048,0.72194930878
2012-09-29 11:24:32,1035,1,9.83534139732,0.429985206845
2012-09-29 11:24:33,1036,1,9.98757376562,0.152232368304
2012-09-29 11:24:34,1037,1,10.0958329628,0.108259197173
2012-09-29 11:24:35,1038,1,10.48965759,0.393824627232
2012-09-29 11:24:36,1039,1,11.433556526,0.943898936012
2012-09-29 11:24:37,1040,1,13.0093750193,1.5758184933
2012-09-29 11:24:38,1041,1,15.0726190603,2.06324404092
2012-09-29 11:24:39,1042,1,17.3132440134,2.24062495312
2012-09-29 11:24:40,1043,1,19.4052082083,2.09196419494
2012-09-29 11:24:41,1044,1,21.1482884695,1.74308026116
2012-09-29 11:24:42,1045,1,22.4870533095,1.33876484003
2012-09-29 11:24:43,1046,1,23.3852676362,0.898214326637
2012-09-29 11:24:44,1047,1,23.7058034479,0.320535811756
2012-09-29 11:24:45,1048,1,23.2701636629,-0.43563978497
2012-09-29 11:24:46,1049,1,22.0562500156,-1.21391364732
2012-09-29 11:24:47,1050,1,20.3201636674,-1.73608634821
2012-09-29 11:24:48,1051,1,18.4834075856,-1.83675608185
2012-09-29 11:24:49,1052,1,16.8525294204,-1.63087816518
2012-09-29 11:24:50,1053,1,15.4424846019,-1.41004481845
2012-09-29 11:24:51,1054,1,14.0620529717,-1.38043163021
2012-09-29 11:24:52,1055,1,12.5180053966,-1.54404757515
2012-09-29 11:24:53,1056,1,10.7437495461,-1.77425585045
2012-09-29 11:24:54,1057,1,8.81532696801,-1.92842257813
2012-09-29 11:24:55,1058,1,6.916145375,-1.89918159301
2012-09-29 11:24:56,1059,1,5.30156199777,-1.61458337723
2012-09-29 11:24:57,1060,1,4.23177036756,-1.06979163021
2012-09-29 11:25:12,1075,15,3.8430799881,-0.0259126919643
2012-09-29 11:25:13,1076,1,4.05275266443,0.209672676339
2012-09-29 11:25:14,1077,1,4.6020085625,0.549255898065
2012-09-29 11:25:15,1078,1,5.19724652083,0.595237958333
2012-09-29 11:25:16,1079,1,5.6288684122,0.431621891369
2012-09-29 11:25:17,1080,1,5.79717192857,0.168303516369
2012-09-29 11:25:18,1081,1,5.67328804836,-0.123883880208
2012-09-29 11:25:19,1082,1,5.2803566369,-0.392931411458
2012-09-29 11:25:20,1083,1,4.71514104687,-0.56521559003
2012-09-29 11:25:21,1084,1,4.13111961607,-0.584021430804
2012-09-29 11:25:22,1085,1,3.65829595313,-0.472823662946
2012-09-29 11:25:23,1086,1,3.34529354092,-0.313002412202
2012-09-29 11:25:24,1087,1,3.16677765104,-0.178515889881
2012-09-29 11:25:25,1088,1,3.05548649926,-0.111291151786
2012-09-29 11:25:26,1089,1,2.94460466964,-0.110881829613
2012-09-29 11:25:27,1090,1,2.83117457143,-0.113430098214
2012-09-29 11:25:28,1091,1,2.82198562872,-0.00918894270833
2012-09-29 11:25:29,1092,1,3.09153560938,0.269549980655
2012-09-29 11:25:30,1093,1,3.73790856101,0.646372951637
2012-09-29 11:25:31,1094,1,4.64853002009,0.910621459077
2012-09-29 11:25:32,1095,1,5.52704577307,0.878515752976
2012-09-29 11:25:33,1096,1,6.08085906027,0.553813287202
2012-09-29 11:25:34,1097,1,6.21067672247,0.129817662202
2012-09-29 11:25:35,1098,1,6.04672573884,-0.163950983631
2012-09-29 11:25:36,1099,1,5.80989528646,-0.236830452381
2012-09-29 11:25:37,1100,1,5.64486543899,-0.16502984747
2012-09-29 11:25:38,1101,1,5.58504396354,-0.0598214754464
2012-09-29 11:25:39,1102,1,5.63169575744,0.0466517938988
2012-09-29 11:25:40,1103,1,5.83043091443,0.198735156994
2012-09-29 11:25:41,1104,1,6.29404703571,0.46361612128
2012-09-29 11:25:42,1105,1,7.16569887798,0.871651842262
2012-09-29 11:25:43,1106,1,8.5136899814,1.34799110342
2012-09-29 11:25:44,1107,1,10.2215024524,1.70781247098
2012-09-29 11:25:45,1108,1,11.9996273571,1.77812490476
2012-09-29 11:25:46,1109,1,13.5350438862,1.53541652902
2012-09-29 11:25:47,1110,1,14.6479901845,1.11294629836
2012-09-29 11:25:48,1111,1,15.3327371533,0.68474696875
2012-09-29 11:25:49,1112,1,15.6619038765,0.329166723214
2012-09-29 11:25:50,1113,1,15.6593742485,-0.0025296279762
2012-09-29 11:25:51,1114,1,15.2928565201,-0.366517728423
2012-09-29 11:25:52,1115,1,14.5873506198,-0.705505900298
2012-09-29 11:25:53,1116,1,13.7043148862,-0.883035733631
2012-09-29 11:25:54,1117,1,12.8860857143,-0.818229171875
2012-09-29 11:25:55,1118,1,12.3141363943,-0.571949319941
2012-09-29 11:25:56,1119,1,12.0206841838,-0.293452210565
2012-09-29 11:25:57,1120,1,11.9779016317,-0.0427825520834
2012-09-29 11:25:58,1121,1,12.2984374717,0.32053584003
2012-09-29 11:25:59,1122,1,13.2747768051,0.976339333333
2012-09-29 11:26:00,1123,1,15.1235119241,1.84873511905
2012-09-29 11:26:01,1124,1,17.6731398512,2.54962792708
2012-09-29 11:26:02,1125,1,20.3331843646,2.66004451339
2012-09-29 11:26:03,1126,1,22.4095234717,2.07633910714
2012-09-29 11:26:04,1127,1,23.4833328616,1.07380938988
2012-09-29 11:26:05,1128,1,23.497767343,0.0144344813989
2012-09-29 11:26:06,1129,1,22.5677078281,-0.930059514881
2012-09-29 11:26:07,1130,1,20.8585560476,-1.70915178051
2012-09-29 11:26:08,1131,1,18.6543893713,-2.20416667634
2012-09-29 11:26:09,1132,1,16.3930798512,-2.26130952009
2012-09-29 11:26:10,1133,1,14.5114578787,-1.88162197247
2012-09-29 11:26:11,1134,1,13.1989579643,-1.31249991443
2012-09-29 11:26:12,1135,1,12.2915919375,-0.907366026786
2012-09-29 11:26:13,1136,1,11.4404014152,-0.851190522321
2012-09-29 11:26:14,1137,1,10.4021572768,-1.03824413839
2012-09-29 11:26:15,1138,1,9.1773060372,-1.22485123958
2012-09-29 11:26:16,1139,1,7.93757393229,-1.23973210491
2012-09-29 11:26:17,1140,1,6.89360082217,-1.04397311012
2012-09-29 11:26:18,1141,1,6.20297591071,-0.690624911458
2012-09-29 11:26:19,1142,1,5.91197888021,-0.290997030506
2012-09-29 11:26:20,1143,1,5.93802046429,0.0260415840774
2012-09-29 11:26:21,1144,1,6.11934480878,0.181324344494
2012-09-29 11:26:22,1145,1,6.30453827083,0.185193462054
2012-09-29 11:26:23,1146,1,6.42760379315,0.123065522321
2012-09-29 11:26:24,1147,1,6.52395800446,0.0963542113095
2012-09-29 11:26:25,1148,1,6.66465742262,0.140699418155
2012-09-29 11:26:26,1149,1,6.87619010491,0.211532682292
2012-09-29 11:26:27,1150,1,7.14241021577,0.266220110863
2012-09-29 11:26:28,1151,1,7.45610055655,0.313690340774
2012-09-29 11:26:29,1152,1,7.82328800223,0.367187445685
2012-09-29 11:26:30,1153,1,8.21621960565,0.392931603423
2012-09-29 11:26:31,1154,1,8.5423357686,0.326116162946
2012-09-29 11:26:32,1155,1,8.66428521354,0.12194944494
2012-09-29 11:26:33,1156,1,8.44516318973,-0.21912202381
2012-09-29 11:26:34,1157,1,7.79821381994,-0.646949369792
2012-09-29 11:26:35,1158,1,6.75371986458,-1.04449395536
2012-09-29 11:26:36,1159,1,5.51949376488,-1.2342260997
2012-09-29 11:26:37,1160,1,4.46711285119,-1.05238091369
2012-09-29 11:26:38,1161,1,4.01257416518,-0.454538686012
2012-09-29 11:26:39,1162,1,4.44330332887,0.43072916369
2012-09-29 11:26:40,1163,1,5.79397293824,1.35066960937
2012-09-29 11:26:41,1164,1,7.84486570238,2.05089276414
2012-09-29 11:26:42,1165,1,10.2441215223,2.39925581994
2012-09-29 11:26:43,1166,1,12.6736600885,2.42953856622
2012-09-29 11:26:44,1167,1,14.9329605878,2.25930049926
2012-09-29 11:26:45,1168,1,16.8979158624,1.96495527455
2012-09-29 11:26:46,1169,1,18.442930689,1.54501482664
2012-09-29 11:26:47,1170,1,19.4271569271,0.984226238095
2012-09-29 11:26:48,1171,1,19.7709071071,0.34375018006
2012-09-29 11:26:49,1172,1,19.559076971,-0.211830136161
2012-09-29 11:26:50,1173,1,19.047395567,-0.511681404018
2012-09-29 11:26:51,1174,1,18.5310265528,-0.516369014137
2012-09-29 11:26:52,1175,1,18.2007437671,-0.330282785714
2012-09-29 11:26:53,1176,1,18.1022317708,-0.0985119962798
2012-09-29 11:26:54,1177,1,18.1556542991,0.0534225282738
2012-09-29 11:26:55,1178,1,18.1631691302,0.0075148311012
2012-09-29 11:26:56,1179,1,17.8478417545,-0.315327375744
2012-09-29 11:26:57,1180,1,16.978794183,-0.869047571429
2012-09-29 11:26:58,1181,1,15.505654346,-1.47313983705
2012-09-29 11:26:59,1182,1,13.5953864866,-1.91026785937
2012-09-29 11:27:00,1183,1,11.5635412359,-2.03184525074
2012-09-29 11:27:01,1184,1,9.74174069271,-1.82180054315
2012-09-29 11:27:02,1185,1,8.36086284003,-1.38087785268
2012-09-29 11:27:03,1186,1,7.53757428423,-0.823288555804
2012-09-29 11:27:04,1187,1,7.32254461384,-0.215029670387
2012-09-29 11:27:05,1188,1,7.70677083929,0.384226225446
2012-09-29 11:27:06,1189,1,8.59002977009,0.883258930804
2012-09-29 11:27:07,1190,1,9.77180060342,1.18177083333
2012-09-29 11:27:08,1191,1,11.0011160759,1.22931547247
2012-09-29 11:27:09,1192,1,12.0908481786,1.08973210268
2012-09-29 11:27:10,1193,1,13.0212052336,0.93035705506
2012-09-29 11:27:11,1194,1,13.9214283586,0.900223125
2012-09-29 11:27:12,1195,1,14.9323658207,1.01093746205
2012-09-29 11:27:13,1196,1,16.0814729635,1.14910714286
2012-09-29 11:27:14,1197,1,17.2822169829,1.20074401935
2012-09-29 11:27:15,1198,1,18.4156246228,1.13340763988
2012-09-29 11:27:16,1199,1,19.3611602001,0.945535577381
2012-09-29 11:27:17,1200,1,19.9709815432,0.609821343006
2012-09-29 11:27:18,1201,1,20.1084071793,0.137425636161
2012-09-29 11:27:19,1202,1,19.7614579167,-0.346949262649
2012-09-29 11:27:20,1203,1,19.1086306711,-0.652827245536
2012-09-29 11:27:21,1204,1,18.4566961942,-0.651934476935
2012-09-29 11:27:22,1205,1,18.0776038824,-0.379092311756
2012-09-29 11:27:23,1206,1,18.0654758095,-0.0121280729167
2012-09-29 11:27:24,1207,1,18.332886471,0.267410661458
2012-09-29 11:27:25,1208,1,18.7156246213,0.382738150298
2012-09-29 11:27:26,1209,1,19.0757437954,0.360119174107
2012-09-29 11:27:27,1210,1,19.3594492485,0.283705453125
2012-09-29 11:27:28,1211,1,19.5941218698,0.23467262128
2012-09-29 11:27:29,1212,1,19.8357140707,0.241592200893
2012-09-29 11:27:30,1213,1,20.1394342701,0.303720199405
2012-09-29 11:27:31,1214,1,20.5655503839,0.426116113839
2012-09-29 11:27:32,1215,1,21.1489582195,0.583407835565
2012-09-29 11:27:33,1216,1,21.8194939821,0.670535762649
2012-09-29 11:27:34,1217,1,22.3527528266,0.533258844494
2012-09-29 11:27:35,1218,1,22.4594490699,0.106696243304
2012-09-29 11:27:36,1219,1,22.0052078162,-0.45424125372
2012-09-29 11:27:37,1220,1,21.1476184397,-0.857589376488
2012-09-29 11:27:38,1221,1,20.2264131235,-0.92120531622
2012-09-29 11:27:39,1222,1,19.5323656503,-0.694047473214
2012-09-29 11:27:40,1223,1,19.1898063036,-0.342559346726
2012-09-29 11:27:41,1224,1,19.2220981131,0.0322918095238
2012-09-29 11:27:42,1225,1,19.6566963765,0.434598263393
2012-09-29 11:27:43,1226,1,20.4994790164,0.842782639881
2012-09-29 11:27:44,1227,1,21.6225442679,1.12306525149
2012-09-29 11:27:45,1228,1,22.7697910618,1.1472467939
2012-09-29 11:27:46,1229,1,23.7336302552,0.963839193452
2012-09-29 11:27:47,1230,1,24.5025291585,0.768898903274
2012-09-29 11:27:48,1231,1,25.1577376778,0.655208519345
2012-09-29 11:27:49,1232,1,25.5697913869,0.412053709077
2012-09-29 11:27:50,1233,1,25.278645596,-0.291145790923
2012-09-29 11:27:51,1234,1,23.8694194048,-1.40922619122
2012-09-29 11:27:52,1235,1,21.5576634464,-2.31175595833
2012-09-29 11:27:53,1236,1,19.3193449554,-2.23831849107
2012-09-29 11:27:54,1237,1,18.3311008155,-0.988244139881
2012-09-29 11:27:55,1238,1,19.1905501213,0.859449305804
2012-09-29 11:27:56,1239,1,21.5780500833,2.38749996205
2012-09-29 11:27:57,1240,1,24.5876483415,3.00959825818
2012-09-29 11:27:58,1241,1,27.3509668899,2.76331854836
2012-09-29 11:27:59,1242,1,29.4124997247,2.06153283482
2012-09-29 11:28:00,1243,1,30.7119045253,1.2994048006
2012-09-29 11:28:01,1244,1,31.4098211183,0.697916593006
2012-09-29 11:28:02,1245,1,31.7436007001,0.333779581845
2012-09-29 11:28:03,1246,1,31.9190469353,0.175446235119
2012-09-29 11:28:04,1247,1,32.0412194345,0.122172499256
2012-09-29 11:28:05,1248,1,32.1181539189,0.076934484375
2012-09-29 11:28:06,1249,1,32.1183771347,0.000223215773801
2012-09-29 11:28:07,1250,1,32.0228414204,-0.0955357142857
2012-09-29 11:28:08,1251,1,31.8396568958,-0.183184524554
2012-09-29 11:28:09,1252,1,31.5917402753,-0.247916620536
2012-09-29 11:28:10,1253,1,31.2844486994,-0.307291575893
2012-09-29 11:28:11,1254,1,30.8680053237,-0.416443375744
2012-09-29 11:28:12,1255,1,30.2558773981,-0.612127925595
2012-09-29 11:28:13,1256,1,29.401413157,-0.854464241072
2012-09-29 11:28:14,1257,1,28.3206096131,-1.0808035439
2012-09-29 11:28:15,1258,1,27.0347465313,-1.28586308185
2012-09-29 11:28:16,1259,1,25.5469489464,-1.48779758482
2012-09-29 11:28:17,1260,1,23.8784966131,-1.66845233333
2012-09-29 11:28:18,1261,1,22.0945680499,-1.78392856324
2012-09-29 11:28:19,1262,1,20.3018596667,-1.79270838318
2012-09-29 11:28:20,1263,1,18.6072167254,-1.69464294122
2012-09-29 11:28:21,1264,1,17.0589279382,-1.5482887872
2012-09-29 11:28:22,1265,1,15.6677076138,-1.3912203244
2012-09-29 11:28:23,1266,1,14.4946420967,-1.17306551711
2012-09-29 11:28:24,1267,1,13.6953117708,-0.799330325893
2012-09-29 11:28:25,1268,1,13.4910708028,-0.204240968006
2012-09-29 11:28:26,1269,1,14.0773804598,0.586309656994
2012-09-29 11:28:27,1270,1,15.5161454286,1.43876496875
2012-09-29 11:28:28,1271,1,17.7023805469,2.1862351183
2012-09-29 11:28:29,1272,1,20.3846721622,2.68229161533
2012-09-29 11:28:30,1273,1,23.1892852232,2.80461306101
2012-09-29 11:28:31,1274,1,25.6947911674,2.5055059442
2012-09-29 11:28:32,1275,1,27.5377226823,1.84293151488
2012-09-29 11:28:33,1276,1,28.4785708028,0.940848120536
2012-09-29 11:28:34,1277,1,28.4508921027,-0.0276787001488
2012-09-29 11:28:35,1278,1,27.5670378452,-0.883854257441
2012-09-29 11:28:36,1279,1,26.0100437969,-1.55699404836
2012-09-29 11:28:37,1280,1,23.9194188564,-2.09062494048
2012-09-29 11:28:38,1281,1,21.4023801994,-2.51703865699
2012-09-29 11:28:39,1282,1,18.6147313497,-2.7876488497
2012-09-29 11:28:40,1283,1,15.81235034,-2.80238100967
2012-09-29 11:28:41,1284,1,13.3052075253,-2.50714281473
2012-09-29 11:28:42,1285,1,11.3035708058,-2.00163671949
2012-09-29 11:28:43,1286,1,9.81354126637,-1.49002953943
2012-09-29 11:28:44,1287,1,8.7273062433,-1.08623502307
2012-09-29 11:28:45,1288,1,8.02477638765,-0.702529855655
2012-09-29 11:28:46,1289,1,7.88787143452,-0.136904953125
2012-09-29 11:28:47,1290,1,8.59851118006,0.710639745536
2012-09-29 11:28:48,1291,1,10.2854159412,1.68690476116
2012-09-29 11:28:49,1292,1,12.7456838936,2.46026795238
2012-09-29 11:28:50,1293,1,15.5046125647,2.75892867113
2012-09-29 11:28:51,1294,1,18.0874995074,2.58288694271
2012-09-29 11:28:52,1295,1,20.3066214881,2.21912198065
2012-09-29 11:28:53,1296,1,22.3325886577,2.02596716964
2012-09-29 11:28:54,1297,1,24.503347529,2.17075887128
2012-09-29 11:28:55,1298,1,27.030802936,2.52745540699
2012-09-29 11:28:56,1299,1,29.8323655766,2.80156264063
2012-09-29 11:28:57,1300,1,32.6279758266,2.79561025
2012-09-29 11:28:58,1301,1,35.1829609598,2.55498513318
2012-09-29 11:28:59,1302,1,37.428570965,2.24561000521
2012-09-29 11:29:00,1303,1,39.3914428519,1.9628718869
2012-09-29 11:29:01,1304,1,41.0733624606,1.68191960863
2012-09-29 11:29:02,1305,1,42.4008923445,1.32752988393
2012-09-29 11:29:03,1306,1,43.2884669494,0.887574604911
2012-09-29 11:29:04,1307,1,43.7674848958,0.479017946428
2012-09-29 11:29:05,1308,1,44.025371657,0.257886761161
2012-09-29 11:29:06,1309,1,44.2784219725,0.253050315476
2012-09-29 11:29:07,1310,1,44.6159218155,0.337499843006
2012-09-29 11:29:08,1311,1,44.9768594963,0.360937680804
2012-09-29 11:29:09,1312,1,45.2571427098,0.280283213542
2012-09-29 11:29:10,1313,1,45.4366818571,0.179539147321
2012-09-29 11:29:11,1314,1,45.6188992217,0.182217364583
2012-09-29 11:29:12,1315,1,45.9457589829,0.326859761161
2012-09-29 11:29:13,1316,1,46.4613089405,0.515549957589
2012-09-29 11:29:14,1317,1,47.0531982381,0.591889297619
2012-09-29 11:29:15,1318,1,47.5241800967,0.470981858631
2012-09-29 11:29:16,1319,1,47.7212783423,0.197098245536
2012-09-29 11:29:17,1320,1,47.6311743914,-0.0901039508929
2012-09-29 11:29:18,1321,1,47.4055050156,-0.225669375744
2012-09-29 11:29:19,1322,1,47.3056541004,-0.0998509151786
2012-09-29 11:29:20,1323,1,47.5907734673,0.285119366816
2012-09-29 11:29:21,1324,1,48.4064732128,0.815699745536
2012-09-29 11:29:22,1325,1,49.7073663214,1.30089310863
2012-09-29 11:29:23,1326,1,51.2543902165,1.54702389509
2012-09-29 11:29:24,1327,1,52.7363097426,1.48191952604
2012-09-29 11:29:25,1328,1,53.9423361972,1.20602645461
2012-09-29 11:29:26,1329,1,54.8369786146,0.894642417411
2012-09-29 11:29:27,1330,1,55.4978413564,0.660862741815
2012-09-29 11:29:28,1331,1,55.9933769382,0.495535581845
2012-09-29 11:29:29,1332,1,56.3206091376,0.327232199405
2012-09-29 11:29:30,1333,1,56.4659961124,0.145386974702
2012-09-29 11:29:31,1334,1,56.491293718,0.0252976056547
2012-09-29 11:29:32,1335,1,56.5268591979,0.0355654799108
2012-09-29 11:29:33,1336,1,56.6976182225,0.170759024553
2012-09-29 11:29:34,1337,1,57.0482879516,0.350669729167
2012-09-29 11:29:35,1338,1,57.5102670692,0.46197911756
2012-09-29 11:29:36,1339,1,57.948436558,0.438169488839
2012-09-29 11:29:37,1340,1,58.2547609062,0.306324348214
2012-09-29 11:29:38,1341,1,58.4040914807,0.149330574405
2012-09-29 11:29:39,1342,1,58.4427823743,0.0386908936012
2012-09-29 11:29:40,1343,1,58.4366815632,-0.0061008110119
2012-09-29 11:29:41,1344,1,58.4269347247,-0.0097468385417
2012-09-29 11:29:42,1345,1,58.4379466257,0.0110119010417
2012-09-29 11:29:43,1346,1,58.5107888088,0.0728421830357
2012-09-29 11:29:44,1347,1,58.686904843,0.176116034226
2012-09-29 11:29:45,1348,1,58.9457590506,0.258854207589
2012-09-29 11:29:46,1349,1,59.1857144985,0.239955447917
2012-09-29 11:29:47,1350,1,59.2880955164,0.102381017857
2012-09-29 11:29:48,1351,1,59.203422849,-0.0846726674107
2012-09-29 11:29:49,1352,1,58.9786458839,-0.22477696503
2012-09-29 11:29:50,1353,1,58.6971724129,-0.281473470982
2012-09-29 11:29:51,1354,1,58.3914429955,-0.305729417411
2012-09-29 11:29:52,1355,1,58.0334071533,-0.358035842262
2012-09-29 11:29:53,1356,1,57.6063983177,-0.427008835566
2012-09-29 11:29:54,1357,1,57.1552825536,-0.451115764137
2012-09-29 11:29:55,1358,1,56.7697174658,-0.385565087798
2012-09-29 11:29:56,1359,1,56.5334826034,-0.236234862351
2012-09-29 11:29:57,1360,1,56.4789438668,-0.0545387366071
2012-09-29 11:29:58,1361,1,56.5844494978,0.105505630952
2012-09-29 11:29:59,1362,1,56.8115324926,0.227082994792
2012-09-29 11:30:00,1363,1,57.1302080179,0.318675525298
2012-09-29 11:30:01,1364,1,57.5125743199,0.382366302083
2012-09-29 11:30:02,1365,1,57.920833494,0.408259174107
2012-09-29 11:30:03,1366,1,58.3093006786,0.388467184524
2012-09-29 11:30:04,1367,1,58.6471722857,0.337871607143
2012-09-29 11:30:05,1368,1,58.9582581868,0.311085901042
2012-09-29 11:30:06,1369,1,59.3372759643,0.37901777753
2012-09-29 11:30:07,1370,1,59.8999249777,0.562649013393
2012-09-29 11:30:08,1371,1,60.6936007336,0.793675755952
2012-09-29 11:30:09,1372,1,61.642930939,0.949330205357
2012-09-29 11:30:10,1373,1,62.5776775022,0.934746563244
2012-09-29 11:30:11,1374,1,63.3289418036,0.751264301339
2012-09-29 11:30:12,1375,1,63.8150276257,0.486085822173
2012-09-29 11:30:13,1376,1,64.0488071882,0.2337795625
2012-09-29 11:30:14,1377,1,64.0964264256,0.0476192373512
2012-09-29 11:30:15,1378,1,64.0483614256,-0.048065
2012-09-29 11:30:16,1379,1,64.0015613408,-0.0468000848214
2012-09-29 11:30:17,1380,1,64.0324396272,0.0308782864583
2012-09-29 11:30:18,1381,1,64.167112314,0.134672686756
2012-09-29 11:30:19,1382,1,64.3684515253,0.20133921131
2012-09-29 11:30:20,1383,1,64.5610108192,0.192559293899
2012-09-29 11:30:21,1384,1,64.6802068326,0.119196013393
2012-09-29 11:30:22,1385,1,64.6991796942,0.0189728616071
2012-09-29 11:30:23,1386,1,64.6265606949,-0.0726189992559
2012-09-29 11:30:24,1387,1,64.5035701116,-0.122990583333
2012-09-29 11:30:25,1388,1,64.3988831905,-0.104686921131
2012-09-29 11:30:26,1389,1,64.3843000551,-0.0145831354167
2012-09-29 11:30:27,1390,1,64.4935259836,0.109225928571
2012-09-29 11:30:28,1391,1,64.6827370365,0.189211052827
2012-09-29 11:30:29,1392,1,64.8298354204,0.147098383929
2012-09-29 11:30:30,1393,1,64.7895829241,-0.0402524962798
2012-09-29 11:30:31,1394,1,64.4598214182,-0.329761505952
2012-09-29 11:30:32,1395,1,63.8178572478,-0.641964170387
2012-09-29 11:30:33,1396,1,62.9349702664,-0.882886981399
2012-09-29 11:30:34,1397,1,61.9550595074,-0.979910758928
2012-09-29 11:30:35,1398,1,61.0250744717,-0.929985035714
2012-09-29 11:30:36,1399,1,60.2451638274,-0.779910644345
2012-09-29 11:30:37,1400,1,59.6747024249,-0.57046140253
2012-09-29 11:30:38,1401,1,59.3357141235,-0.338988301339
2012-09-29 11:30:39,1402,1,59.2027526577,-0.132961465774
2012-09-29 11:30:40,1403,1,59.2127973051,0.0100446473214
2012-09-29 11:30:41,1404,1,59.2822914881,0.0694941830357
2012-09-29 11:30:42,1405,1,59.3319196101,0.0496281220239
2012-09-29 11:30:43,1406,1,59.3200893452,-0.011830264881
2012-09-29 11:30:44,1407,1,59.2372768847,-0.0828124605655
2012-09-29 11:30:45,1408,1,59.0709822016,-0.166294683036
2012-09-29 11:30:46,1409,1,58.8124255156,-0.258556686012
2012-09-29 11:30:47,1410,1,58.4959818921,-0.316443623512
2012-09-29 11:30:48,1411,1,58.1887645313,-0.307217360863
2012-09-29 11:30:49,1412,1,57.9203865618,-0.268377969494
2012-09-29 11:30:50,1413,1,57.6473211094,-0.273065452381
2012-09-29 11:30:51,1414,1,57.2985859226,-0.348735186756
2012-09-29 11:30:52,1415,1,56.8418149688,-0.456770953869
2012-09-29 11:30:53,1416,1,56.3117554301,-0.530059538691
2012-09-29 11:30:54,1417,1,55.7755204494,-0.536234980655
2012-09-29 11:30:55,1418,1,55.2530503676,-0.522470081845
2012-09-29 11:30:56,1419,1,54.6784224487,-0.574627918899
2012-09-29 11:30:57,1420,1,53.9302081496,-0.748214299107
2012-09-29 11:30:58,1421,1,52.8725444405,-1.05766370908
2012-09-29 11:30:59,1422,1,51.3813241615,-1.49122027902
2012-09-29 11:31:00,1423,1,49.361606776,-2.01971738542
2012-09-29 11:31:01,1424,1,46.7619786324,-2.5996281436
2012-09-29 11:31:02,1425,1,43.5910708341,-3.17090779836
2012-09-29 11:31:03,1426,1,39.9156989315,-3.67537190253
2012-09-29 11:31:04,1427,1,35.840550314,-4.07514861756
2012-09-29 11:31:05,1428,1,31.5270087418,-4.31354157217
2012-09-29 11:31:06,1429,1,27.2530503504,-4.27395839137
2012-09-29 11:31:07,1430,1,23.4181543951,-3.83489595536
2012-09-29 11:31:08,1431,1,20.4842257574,-2.93392863765
2012-09-29 11:31:09,1432,1,18.9047614874,-1.57946427009
2012-09-29 11:31:10,1433,1,18.9700144955,0.0652530081845
2012-09-29 11:31:11,1434,1,20.613615683,1.6436011875
2012-09-29 11:31:12,1435,1,23.4108627091,2.79724702604
2012-09-29 11:31:13,1436,1,26.7709818624,3.36011915327
2012-09-29 11:31:14,1437,1,30.1655505632,3.39456870089
2012-09-29 11:31:15,1438,1,33.3127978854,3.14724732217
2012-09-29 11:31:16,1439,1,36.1920391339,2.87924124851
2012-09-29 11:31:17,1440,1,38.8720986161,2.68005948214
2012-09-29 11:31:18,1441,1,41.3604913088,2.48839269271
2012-09-29 11:31:19,1442,1,43.5805061019,2.22001479315
2012-09-29 11:31:20,1443,1,45.4233633244,1.84285722247
2012-09-29 11:31:21,1444,1,46.8354914911,1.41212816667
2012-09-29 11:31:22,1445,1,47.8851940692,1.04970257813
2012-09-29 11:31:23,1446,1,48.7239590372,0.838764968006
2012-09-29 11:31:24,1447,1,49.4538696228,0.729910585565
2012-09-29 11:31:25,1448,1,50.0495537999,0.595684177083
2012-09-29 11:31:26,1449,1,50.4377974345,0.388243634673
2012-09-29 11:31:27,1450,1,50.6293894159,0.191591981399
2012-09-29 11:31:28,1451,1,50.7421869725,0.112797556548
2012-09-29 11:31:29,1452,1,50.9107138579,0.168526885417
2012-09-29 11:31:30,1453,1,51.19605625,0.285342392113
2012-09-29 11:31:31,1454,1,51.5883926086,0.392336358631
2012-09-29 11:31:32,1455,1,52.0774550997,0.489062491071
2012-09-29 11:31:33,1456,1,52.6766366905,0.599181590774
2012-09-29 11:31:34,1457,1,53.3645832455,0.687946555059
2012-09-29 11:31:35,1458,1,54.0384673385,0.673884093006
2012-09-29 11:31:36,1459,1,54.5579615417,0.519494203125
2012-09-29 11:31:37,1460,1,54.8475449628,0.289583421131
2012-09-29 11:31:38,1461,1,54.9599705394,0.112425576637
2012-09-29 11:31:39,1462,1,55.0316966287,0.0717260892857
2012-09-29 11:31:40,1463,1,55.1600446912,0.1283480625
2012-09-29 11:31:41,1464,1,55.3216516265,0.161606935268
2012-09-29 11:31:42,1465,1,55.4188239888,0.0971723623512
2012-09-29 11:31:43,1466,1,55.3976927999,-0.0211311889881
2012-09-29 11:31:44,1467,1,55.3058771786,-0.0918156212798
2012-09-29 11:31:45,1468,1,55.2342997336,-0.0715774449405
2012-09-29 11:31:46,1469,1,55.2113830298,-0.022916703869
2012-09-29 11:31:47,1470,1,55.1662937381,-0.0450892916667
2012-09-29 11:31:48,1471,1,55.0053563557,-0.16093738244
2012-09-29 11:31:49,1472,1,54.7178566749,-0.287499680804
2012-09-29 11:31:50,1473,1,54.3981398594,-0.319716815476
2012-09-29 11:31:51,1474,1,54.1662205759,-0.231919283482
2012-09-29 11:31:52,1475,1,54.061607567,-0.104613008929
2012-09-29 11:31:53,1476,1,54.006771067,-0.0548365
2012-09-29 11:31:54,1477,1,53.8871279256,-0.119643141369
2012-09-29 11:31:55,1478,1,53.6847467999,-0.202381125744
2012-09-29 11:31:56,1479,1,53.5287944085,-0.155952391369
2012-09-29 11:31:57,1480,1,53.5964283981,0.0676339895834
2012-09-29 11:31:58,1481,1,53.9530504717,0.356622073661
2012-09-29 11:31:59,1482,1,54.4752231362,0.522172664434
2012-09-29 11:32:00,1483,1,54.9105654509,0.435342314732
2012-09-29 11:32:01,1484,1,55.0261904472,0.11562499628
2012-09-29 11:32:02,1485,1,54.739359965,-0.286830482143
2012-09-29 11:32:03,1486,1,54.1276782173,-0.611681747768
2012-09-29 11:32:04,1487,1,53.3276036763,-0.800074540923
2012-09-29 11:32:05,1488,1,52.4306543177,-0.896949358631
2012-09-29 11:32:06,1489,1,51.44970216,-0.980952157738
2012-09-29 11:32:07,1490,1,50.3619048073,-1.08779735268
2012-09-29 11:32:08,1491,1,49.1939734382,-1.16793136905
2012-09-29 11:32:09,1492,1,48.0595985171,-1.13437492113
2012-09-29 11:32:10,1493,1,47.1008931949,-0.958705322173
2012-09-29 11:32:11,1494,1,46.4130956138,-0.687797581101
2012-09-29 11:32:12,1495,1,46.0334081927,-0.379687421131
2012-09-29 11:32:13,1496,1,45.9680809271,-0.065327265625
2012-09-29 11:32:14,1497,1,46.1956851644,0.227604237351
2012-09-29 11:32:15,1498,1,46.6429321205,0.447246956101
2012-09-29 11:32:16,1499,1,47.1851938036,0.542261683036
2012-09-29 11:32:17,1500,1,47.6991816027,0.513987799107
2012-09-29 11:32:18,1501,1,48.126487907,0.427306304315
2012-09-29 11:32:19,1502,1,48.4848211756,0.358333268601
2012-09-29 11:32:20,1503,1,48.8088540759,0.324032900298
2012-09-29 11:32:21,1504,1,49.0758186302,0.266964554315
2012-09-29 11:32:22,1505,1,49.1953872366,0.119568606399
2012-09-29 11:32:23,1506,1,49.0772323854,-0.11815485119
2012-09-29 11:32:24,1507,1,48.7109374524,-0.366294933036
2012-09-29 11:32:25,1508,1,48.1901038103,-0.520833642113
2012-09-29 11:32:26,1509,1,47.6671126347,-0.522991175595
2012-09-29 11:32:27,1510,1,47.2706098259,-0.39650280878
2012-09-29 11:32:28,1511,1,47.0412946153,-0.229315210565
2012-09-29 11:32:29,1512,1,46.9343006815,-0.10699393378
2012-09-29 11:32:30,1513,1,46.874330276,-0.0599704055059
2012-09-29 11:32:31,1514,1,46.8069935774,-0.0673366986607
2012-09-29 11:32:32,1515,1,46.7215021027,-0.0854914747024
2012-09-29 11:32:33,1516,1,46.6499989501,-0.0715031525298
2012-09-29 11:32:34,1517,1,46.6483622098,-0.0016367403274
2012-09-29 11:32:35,1518,1,46.7656244985,0.11726228869
2012-09-29 11:32:36,1519,1,47.0162200923,0.25059559375
2012-09-29 11:32:37,1520,1,47.3751488385,0.35892874628
2012-09-29 11:32:38,1521,1,47.7991815766,0.424032738095
2012-09-29 11:32:39,1522,1,48.248065433,0.448883856399
2012-09-29 11:32:40,1523,1,48.6878719442,0.439806511161
2012-09-29 11:32:41,1524,1,49.0857886198,0.397916675595
2012-09-29 11:32:42,1525,1,49.4081844427,0.322395822917
2012-09-29 11:32:43,1526,1,49.625074256,0.216889813244
2012-09-29 11:32:44,1527,1,49.7224699576,0.0973957016369
2012-09-29 11:32:45,1528,1,49.7191959561,-0.00327400148809
2012-09-29 11:32:46,1529,1,49.6752969412,-0.043899014881
2012-09-29 11:32:47,1530,1,49.678868253,0.003571311756
2012-09-29 11:32:48,1531,1,49.8092254568,0.130357203869
2012-09-29 11:32:49,1532,1,50.0959816317,0.286756174851
2012-09-29 11:32:50,1533,1,50.509300349,0.413318717262
2012-09-29 11:32:51,1534,1,50.9909969673,0.481696618304
2012-09-29 11:32:52,1535,1,51.4940476429,0.503050675595
2012-09-29 11:32:53,1536,1,51.999255968,0.505208325149
2012-09-29 11:32:54,1537,1,52.5066219509,0.507365982887
2012-09-29 11:32:55,1538,1,53.0146575253,0.508035574405
2012-09-29 11:32:56,1539,1,53.5072913564,0.492633831101
2012-09-29 11:32:57,1540,1,53.9604907731,0.453199416667
2012-09-29 11:32:58,1541,1,54.3585563333,0.398065560268
2012-09-29 11:32:59,1542,1,54.7026784256,0.344122092262
2012-09-29 11:33:00,1543,1,55.0002230565,0.297544630952
2012-09-29 11:33:01,1544,1,55.2403271257,0.240104069197
2012-09-29 11:33:02,1545,1,55.392112718,0.151785592262
2012-09-29 11:33:03,1546,1,55.4424102753,0.0502975572916
2012-09-29 11:33:04,1547,1,55.4309519859,-0.0114582894345
2012-09-29 11:33:05,1548,1,55.4439729598,0.0130209739583
2012-09-29 11:33:06,1549,1,55.568452317,0.124479357143
2012-09-29 11:33:07,1550,1,55.8341518594,0.265699542411
2012-09-29 11:33:08,1551,1,56.1920387247,0.357886865327
2012-09-29 11:33:09,1552,1,56.5566962307,0.364657505952
2012-09-29 11:33:10,1553,1,56.8736602135,0.316963982887
2012-09-29 11:33:11,1554,1,57.1395826019,0.265922388393
2012-09-29 11:33:12,1555,1,57.3469485863,0.207365984375
2012-09-29 11:33:13,1556,1,57.4222462329,0.0752976465774
2012-09-29 11:33:14,1557,1,57.2566956786,-0.165550554316
2012-09-29 11:33:15,1558,1,56.8140617217,-0.442633956845
2012-09-29 11:33:16,1559,1,56.1938235223,-0.620238199405
2012-09-29 11:33:17,1560,1,55.5787192329,-0.615104289435
2012-09-29 11:33:18,1561,1,55.1136150045,-0.465104228423
2012-09-29 11:33:19,1562,1,54.8139870685,-0.299627936012
2012-09-29 11:33:20,1563,1,54.5905496987,-0.223437369792
2012-09-29 11:33:21,1564,1,54.3884665737,-0.202083125
2012-09-29 11:33:22,1565,1,54.2724698378,-0.115996735863
2012-09-29 11:33:23,1566,1,54.3252231376,0.0527532998512
2012-09-29 11:33:24,1567,1,54.502083494,0.176860356399
2012-09-29 11:33:25,1568,1,54.6198662768,0.117782782738
2012-09-29 11:33:26,1569,1,54.4732887865,-0.146577490327
2012-09-29 11:33:27,1570,1,54.0076636533,-0.465625133184
2012-09-29 11:33:28,1571,1,53.3984373698,-0.609226283482
2012-09-29 11:33:29,1572,1,52.9113837247,-0.487053645089
2012-09-29 11:33:30,1573,1,52.688987808,-0.222395916667
2012-09-29 11:33:31,1574,1,52.6901037924,0.00111598437501
2012-09-29 11:33:32,1575,1,52.7999251436,0.10982135119
2012-09-29 11:33:33,1576,1,52.9645827597,0.164657616071
2012-09-29 11:33:34,1577,1,53.2171122946,0.25252953497
2012-09-29 11:33:35,1578,1,53.5971715893,0.380059294643
2012-09-29 11:33:36,1579,1,54.0579602344,0.460788645089
2012-09-29 11:33:37,1580,1,54.4485853847,0.390625150298
2012-09-29 11:33:38,1581,1,54.6109367552,0.162351370536
2012-09-29 11:33:39,1582,1,54.5027523118,-0.108184443452
2012-09-29 11:33:40,1583,1,54.2144338631,-0.288318448661
2012-09-29 11:33:41,1584,1,53.8828118743,-0.331621988839
2012-09-29 11:33:42,1585,1,53.5799101763,-0.302901697917
2012-09-29 11:33:43,1586,1,53.2351185565,-0.344791619792
2012-09-29 11:33:44,1587,1,52.6657733036,-0.569345252976
2012-09-29 11:33:45,1588,1,51.7316215246,-0.934151779018
2012-09-29 11:33:46,1589,1,50.486606689,-1.24501483557
2012-09-29 11:33:47,1590,1,49.1831097001,-1.30349698884
2012-09-29 11:33:48,1591,1,48.1016364948,-1.08147320536
2012-09-29 11:33:49,1592,1,47.3445680372,-0.757068457589
2012-09-29 11:33:50,1593,1,46.8032733966,-0.541294640625
2012-09-29 11:33:51,1594,1,46.3368299479,-0.466443448661
2012-09-29 11:33:52,1595,1,45.9874995439,-0.349330404018
2012-09-29 11:33:53,1596,1,45.9940470751,0.00654753125
2012-09-29 11:33:54,1597,1,46.5440470268,0.549999951637
2012-09-29 11:33:55,1598,1,47.5590767857,1.01502975893
2012-09-29 11:33:56,1599,1,48.7469488073,1.18787202158
2012-09-29 11:33:57,1600,1,49.7933774107,1.04642860342
2012-09-29 11:33:58,1601,1,50.5352674308,0.741890020089
2012-09-29 11:33:59,1602,1,51.0056545923,0.470387161458
2012-09-29 11:34:00,1603,1,51.3201637999,0.314509207589
2012-09-29 11:34:01,1604,1,51.5928573929,0.272693593006
2012-09-29 11:34:02,1605,1,51.9272323296,0.334374936756
2012-09-29 11:34:03,1606,1,52.3511160833,0.42388375372
2012-09-29 11:34:04,1607,1,52.7670385238,0.415922440476
2012-09-29 11:34:05,1608,1,53.0076633876,0.240624863839
2012-09-29 11:34:06,1609,1,52.9169639077,-0.0906994799107
2012-09-29 11:34:07,1610,1,52.4142853095,-0.502678598214
2012-09-29 11:34:08,1611,1,51.5352674122,-0.879017897321
2012-09-29 11:34:09,1612,1,50.4267107091,-1.10855670313
2012-09-29 11:34:10,1613,1,49.3236597902,-1.1030509189
2012-09-29 11:34:11,1614,1,48.4778260923,-0.845833697917
2012-09-29 11:34:12,1615,1,47.9842991369,-0.493526955357
2012-09-29 11:34:13,1616,1,47.6761147351,-0.308184401786
2012-09-29 11:34:14,1617,1,47.2559513341,-0.420163401042
2012-09-29 11:34:15,1618,1,46.537945651,-0.718005683036
2012-09-29 11:34:16,1619,1,45.6011898497,-0.936755801339
2012-09-29 11:34:17,1620,1,44.7375738333,-0.863616016369
2012-09-29 11:34:18,1621,1,44.2092256897,-0.528348143601
2012-09-29 11:34:19,1622,1,44.0741812128,-0.135044476935
2012-09-29 11:34:20,1623,1,44.2417409219,0.167559709077
2012-09-29 11:34:21,1624,1,44.5964284963,0.354687574405
2012-09-29 11:34:22,1625,1,45.0561010714,0.459672575149
2012-09-29 11:34:23,1626,1,45.5681545923,0.512053520833
2012-09-29 11:34:24,1627,1,46.0738094167,0.505654824405
2012-09-29 11:34:25,1628,1,46.5113839948,0.437574578125
2012-09-29 11:34:26,1629,1,46.8544644792,0.343080484375
2012-09-29 11:34:27,1630,1,47.1050596644,0.250595185268
2012-09-29 11:34:28,1631,1,47.258110067,0.15305040253
2012-09-29 11:34:29,1632,1,47.2950890216,0.0369789546131
2012-09-29 11:34:30,1633,1,47.2084816853,-0.0866073363095
2012-09-29 11:34:31,1634,1,47.0290916057,-0.179390079613
2012-09-29 11:34:32,1635,1,46.8224694397,-0.206622165923
2012-09-29 11:34:33,1636,1,46.664061756,-0.15840768378
2012-09-29 11:34:34,1637,1,46.6299846763,-0.0340770796131
2012-09-29 11:34:35,1638,1,46.7880952307,0.158110554315
2012-09-29 11:34:36,1639,1,47.1616818914,0.373586660714
2012-09-29 11:34:37,1640,1,47.6921878966,0.530506005208
2012-09-29 11:34:38,1641,1,48.2476191347,0.555431238095
2012-09-29 11:34:39,1642,1,48.6905501674,0.442931032738
2012-09-29 11:34:40,1643,1,48.960341381,0.269791213542
2012-09-29 11:34:41,1644,1,49.0946417954,0.134300414434
2012-09-29 11:34:42,1645,1,49.1758919412,0.0812501458333
2012-09-29 11:34:43,1646,1,49.2718000186,0.095908077381
2012-09-29 11:34:44,1647,1,49.4359074626,0.164107444048
2012-09-29 11:34:45,1648,1,49.7480950679,0.312187605208
2012-09-29 11:34:46,1649,1,50.3072914063,0.559196338393
2012-09-29 11:34:47,1650,1,51.1552971842,0.848005777976
2012-09-29 11:34:48,1651,1,52.2254458519,1.07014866771
2012-09-29 11:34:49,1652,1,53.3829308979,1.15748504598
2012-09-29 11:34:50,1653,1,54.5169189213,1.13398802336
2012-09-29 11:34:51,1654,1,55.5836895814,1.06677066012
2012-09-29 11:34:52,1655,1,56.5431684774,0.959478895982
2012-09-29 11:34:53,1656,1,57.2989271918,0.755758714434
2012-09-29 11:34:54,1657,1,57.769373617,0.470446425149
2012-09-29 11:34:55,1658,1,58.0012637016,0.231890084673
2012-09-29 11:34:56,1659,1,58.1723056156,0.171041913988
2012-09-29 11:34:57,1660,1,58.466814654,0.294509038393
2012-09-29 11:34:58,1661,1,58.9299544969,0.463139842857
2012-09-29 11:34:59,1662,1,59.4509217353,0.520967238393
2012-09-29 11:35:00,1663,1,59.8937492016,0.442827466369
2012-09-29 11:35:01,1664,1,60.2193445454,0.32559534375
2012-09-29 11:35:02,1665,1,60.4842999256,0.264955380208
2012-09-29 11:35:03,1666,1,60.7466510685,0.262351142857
2012-09-29 11:35:04,1667,1,60.9799099784,0.23325890997
2012-09-29 11:35:05,1668,1,61.0786452217,0.0987352433036
2012-09-29 11:35:06,1669,1,60.9592258579,-0.119419363839
2012-09-29 11:35:07,1670,1,60.6675595193,-0.291666338542
2012-09-29 11:35:08,1671,1,60.3541669442,-0.313392575149
2012-09-29 11:35:09,1672,1,60.1294647478,-0.224702196429
2012-09-29 11:35:10,1673,1,60.007961808,-0.121502939732
2012-09-29 11:35:11,1674,1,59.9742563192,-0.0337054888393
2012-09-29 11:35:12,1675,1,60.0221727128,0.0479163936012
2012-09-29 11:35:13,1676,1,60.1541664055,0.131993692708
2012-09-29 11:35:14,1677,1,60.3502970394,0.196130633929
2012-09-29 11:35:15,1678,1,60.5253713199,0.175074280506
2012-09-29 11:35:16,1679,1,60.5950143095,0.0696429895833
2012-09-29 11:35:17,1680,1,60.5746276577,-0.0203866517857
2012-09-29 11:35:18,1681,1,60.5349700655,-0.0396575922619
2012-09-29 11:35:19,1682,1,60.5065473735,-0.0284226919643
2012-09-29 11:35:20,1683,1,60.469419186,-0.0371281875
2012-09-29 11:35:21,1684,1,60.3906987954,-0.078720390625
2012-09-29 11:35:22,1685,1,60.2561006257,-0.134598169643
2012-09-29 11:35:23,1686,1,60.0795383073,-0.176562318452
2012-09-29 11:35:24,1687,1,59.887871811,-0.19166649628
2012-09-29 11:35:25,1688,1,59.7046129918,-0.183258819196
2012-09-29 11:35:26,1689,1,59.5448660387,-0.159746953125
2012-09-29 11:35:27,1690,1,59.4107142924,-0.13415174628
2012-09-29 11:35:28,1691,1,59.2897321503,-0.120982142113
2012-09-29 11:35:29,1692,1,59.1642856786,-0.125446471726
2012-09-29 11:35:30,1693,1,59.018675503,-0.145610175595
2012-09-29 11:35:31,1694,1,58.829687401,-0.188988101934
2012-09-29 11:35:32,1695,1,58.5534969888,-0.276190412202
2012-09-29 11:35:33,1696,1,58.1299107701,-0.42358621875
2012-09-29 11:35:34,1697,1,57.5103423586,-0.619568411458
2012-09-29 11:35:35,1698,1,56.7344494249,-0.77589293378
2012-09-29 11:35:36,1699,1,55.9997766324,-0.734672792411
2012-09-29 11:35:37,1700,1,55.5450889472,-0.454687685268
2012-09-29 11:35:38,1701,1,55.4247762798,-0.120312667411
2012-09-29 11:35:39,1702,1,55.489731494,0.0649552142857
2012-09-29 11:35:40,1703,1,55.558927846,0.0691963519345
2012-09-29 11:35:41,1704,1,55.5598951094,0.000967263392901
2012-09-29 11:35:42,1705,1,55.5622017321,0.0023066227679
2012-09-29 11:35:43,1706,1,55.6520828393,0.0898811071428
2012-09-29 11:35:44,1707,1,55.7721722969,0.120089457589
2012-09-29 11:35:45,1708,1,55.779464058,0.0072917611607
2012-09-29 11:35:46,1709,1,55.6168896496,-0.162574408482
2012-09-29 11:35:47,1710,1,55.3430800461,-0.273809603423
2012-09-29 11:35:48,1711,1,55.0536453847,-0.289434661458
2012-09-29 11:35:49,1712,1,54.8204606771,-0.233184707589
2012-09-29 11:35:50,1713,1,54.6612342753,-0.159226401786
2012-09-29 11:35:51,1714,1,54.5334811481,-0.127753127232
2012-09-29 11:35:52,1715,1,54.368823433,-0.16465771503
2012-09-29 11:35:53,1716,1,54.1313980007,-0.237425432292
2012-09-29 11:35:54,1717,1,53.8561749256,-0.275223075149
2012-09-29 11:35:55,1718,1,53.6383178281,-0.21785709747
2012-09-29 11:35:56,1719,1,53.5750738341,-0.0632439940476
2012-09-29 11:35:57,1720,1,53.7008180818,0.125744247768
2012-09-29 11:35:58,1721,1,53.9705356942,0.269717612351
2012-09-29 11:35:59,1722,1,54.2987353906,0.328199696429
2012-09-29 11:36:00,1723,1,54.6125002299,0.313764839286
2012-09-29 11:36:01,1724,1,54.8823658757,0.269865645833
2012-09-29 11:36:02,1725,1,55.1190468586,0.236680982887
2012-09-29 11:36:03,1726,1,55.3469482626,0.227901404018
2012-09-29 11:36:04,1727,1,55.5749244092,0.227976146577
2012-09-29 11:36:05,1728,1,55.7691954449,0.194271035714
2012-09-29 11:36:06,1729,1,55.8564724874,0.0872770424107
2012-09-29 11:36:07,1730,1,55.7950143757,-0.0614581116072
2012-09-29 11:36:08,1731,1,55.6308777009,-0.164136674851
2012-09-29 11:36:09,1732,1,55.4453125089,-0.185565191964
2012-09-29 11:36:10,1733,1,55.2793901376,-0.16592237128
2012-09-29 11:36:11,1734,1,55.1241074375,-0.155282700149
2012-09-29 11:36:12,1735,1,54.9544643757,-0.169643061756
2012-09-29 11:36:13,1736,1,54.786681346,-0.167783029762
2012-09-29 11:36:14,1737,1,54.6895829397,-0.09709840625
2012-09-29 11:36:15,1738,1,54.7061751763,0.0165922366072
2012-09-29 11:36:16,1739,1,54.8027525692,0.0965773928571
2012-09-29 11:36:17,1740,1,54.9161452917,0.11339272247
2012-09-29 11:36:18,1741,1,55.0101926473,0.0940473556547
2012-09-29 11:36:19,1742,1,55.0784216235,0.0682289761905
2012-09-29 11:36:20,1743,1,55.119716314,0.0412946904762
2012-09-29 11:36:21,1744,1,55.1281243237,0.0084080096726
2012-09-29 11:36:22,1745,1,55.1085561563,-0.0195681674107
2012-09-29 11:36:23,1746,1,55.0939729048,-0.0145832514881
2012-09-29 11:36:24,1747,1,55.132737689,0.0387647842262
2012-09-29 11:36:25,1748,1,55.248288192,0.115550502976
2012-09-29 11:36:26,1749,1,55.4111602039,0.162872011905
2012-09-29 11:36:27,1750,1,55.5542405699,0.143080366071
2012-09-29 11:36:28,1751,1,55.6128715037,0.0586309337797
2012-09-29 11:36:29,1752,1,55.5532732887,-0.0595982150297
2012-09-29 11:36:30,1753,1,55.3764132939,-0.176859994792
2012-09-29 11:36:31,1754,1,55.1022320283,-0.274181265625
2012-09-29 11:36:32,1755,1,54.7511906622,-0.351041366071
2012-09-29 11:36:33,1756,1,54.3438991213,-0.407291540923
2012-09-29 11:36:34,1757,1,53.9195686838,-0.4243304375
2012-09-29 11:36:35,1758,1,53.5529763013,-0.366592382441
2012-09-29 11:36:36,1759,1,53.3291667887,-0.223809512649
2012-09-29 11:36:37,1760,1,53.2645091942,-0.0646575944941
2012-09-29 11:36:38,1761,1,53.2632444241,-0.0012647700893
2012-09-29 11:36:39,1762,1,53.1830359717,-0.0802084523809
2012-09-29 11:36:40,1763,1,52.94278259,-0.240253381696
2012-09-29 11:36:41,1764,1,52.5767850275,-0.3659975625
2012-09-29 11:36:42,1765,1,52.1982875655,-0.378497462054
2012-09-29 11:36:43,1766,1,51.8869778624,-0.311309703125
2012-09-29 11:36:44,1767,1,51.5912190372,-0.295758825149
2012-09-29 11:36:45,1768,1,51.1394335766,-0.451785460566
2012-09-29 11:36:46,1769,1,50.350668878,-0.788764698661
2012-09-29 11:36:47,1770,1,49.1620527656,-1.18861611235
2012-09-29 11:36:48,1771,1,47.6933025283,-1.46875023735
2012-09-29 11:36:49,1772,1,46.2029005,-1.49040202827
2012-09-29 11:36:50,1773,1,44.9574391503,-1.2454613497
2012-09-29 11:36:51,1774,1,44.1120524479,-0.845386702381
2012-09-29 11:36:52,1775,1,43.6901033601,-0.421949087798
2012-09-29 11:36:53,1776,1,43.6423358177,-0.0477675424107
2012-09-29 11:36:54,1777,1,43.903050401,0.260714583333
2012-09-29 11:36:55,1778,1,44.4053572217,0.502306820684
2012-09-29 11:36:56,1779,1,45.0738097671,0.668452545387
2012-09-29 11:36:57,1780,1,45.8204615082,0.746651741071
2012-09-29 11:36:58,1781,1,46.5537201994,0.73325869122
2012-09-29 11:36:59,1782,1,47.1966515037,0.642931304315
2012-09-29 11:37:00,1783,1,47.704091942,0.507440438244
2012-09-29 11:37:01,1784,1,48.0670385558,0.362946613839
2012-09-29 11:37:02,1785,1,48.3072917626,0.240253206845
2012-09-29 11:37:03,1786,1,48.4715031808,0.164211418155
2012-09-29 11:37:04,1787,1,48.6150299189,0.143526738095
2012-09-29 11:37:05,1788,1,48.770535692,0.155505773065
2012-09-29 11:37:06,1789,1,48.9273062321,0.156770540179
2012-09-29 11:37:07,1790,1,49.0412195871,0.113913354911
2012-09-29 11:37:08,1791,1,49.0665169554,0.0252973683035
2012-09-29 11:37:09,1792,1,48.9922609137,-0.0742560416666
2012-09-29 11:37:10,1793,1,48.8582579874,-0.134002926339
2012-09-29 11:37:11,1794,1,48.7275289278,-0.130729059524
2012-09-29 11:37:12,1795,1,48.6422611741,-0.0852677537203
2012-09-29 11:37:13,1796,1,48.6178565327,-0.024404641369
2012-09-29 11:37:14,1797,1,48.6629459844,0.0450894516369
2012-09-29 11:37:15,1798,1,48.7714282507,0.108482266369
2012-09-29 11:37:16,1799,1,48.8984371369,0.127008886161
2012-09-29 11:37:17,1800,1,48.9685262716,0.0700891346726
2012-09-29 11:37:18,1801,1,48.9224696815,-0.0460565900298
2012-09-29 11:37:19,1802,1,48.7716513981,-0.150818283482
2012-09-29 11:37:20,1803,1,48.6025296198,-0.169121778274
2012-09-29 11:37:21,1804,1,48.5013392455,-0.101190374256
2012-09-29 11:37:22,1805,1,48.4752230186,-0.0261162269345
2012-09-29 11:37:23,1806,1,48.4677078185,-0.0075152001488
2012-09-29 11:37:24,1807,1,48.4421867522,-0.0255210662203
2012-09-29 11:37:25,1808,1,48.4259665499,-0.0162202023809
2012-09-29 11:37:26,1809,1,48.4723953943,0.046428844494
2012-09-29 11:37:27,1810,1,48.5942707634,0.121875369048
2012-09-29 11:37:28,1811,1,48.74010441,0.145833646577
2012-09-29 11:37:29,1812,1,48.8324408207,0.0923364107143
2012-09-29 11:37:30,1813,1,48.8257442344,-0.0066965863095
2012-09-29 11:37:31,1814,1,48.7289433594,-0.096800875
2012-09-29 11:37:32,1815,1,48.5802080313,-0.148735328125
2012-09-29 11:37:33,1816,1,48.4119044368,-0.168303594494
2012-09-29 11:37:34,1817,1,48.2450890856,-0.16681535119
2012-09-29 11:37:35,1818,1,48.0968004978,-0.148288587798
2012-09-29 11:37:36,1819,1,47.9558034308,-0.140997066964
2012-09-29 11:37:37,1820,1,47.7511157351,-0.204687695685
2012-09-29 11:37:38,1821,1,47.3766362403,-0.374479494792
2012-09-29 11:37:39,1822,1,46.7469483356,-0.629687904762
2012-09-29 11:37:40,1823,1,45.8337783504,-0.913169985119
2012-09-29 11:37:41,1824,1,44.7024538363,-1.13132451414
2012-09-29 11:37:42,1825,1,43.5252218958,-1.17723194048
2012-09-29 11:37:43,1826,1,42.518377035,-1.00684486086
2012-09-29 11:37:44,1827,1,41.849850506,-0.668526529018
2012-09-29 11:37:45,1828,1,41.5768593921,-0.272991113839
2012-09-29 11:37:46,1829,1,41.6287937098,0.0519343177083
2012-09-29 11:37:47,1830,1,41.8652519836,0.23645827381
2012-09-29 11:37:48,1831,1,42.1780498318,0.312797848214
2012-09-29 11:37:49,1832,1,42.5366811421,0.358631310268
2012-09-29 11:37:50,1833,1,42.9608629204,0.424181778274
2012-09-29 11:37:51,1834,1,43.4827379152,0.521874994792
2012-09-29 11:37:52,1835,1,44.1149550238,0.632217108631
2012-09-29 11:37:53,1836,1,44.8194191778,0.704464154018
2012-09-29 11:37:54,1837,1,45.5152525052,0.695833327381
2012-09-29 11:37:55,1838,1,46.1374252254,0.622172720238
2012-09-29 11:37:56,1839,1,46.6813985379,0.5439733125
2012-09-29 11:37:57,1840,1,47.1824401637,0.501041625744
2012-09-29 11:37:58,1841,1,47.662053032,0.479612868303
2012-09-29 11:37:59,1842,1,48.1085557336,0.446502701637
2012-09-29 11:38:00,1843,1,48.5169633698,0.408407636161
2012-09-29 11:38:01,1844,1,48.9435260052,0.426562635417
2012-09-29 11:38:02,1845,1,49.4899548185,0.546428813244
2012-09-29 11:38:03,1846,1,50.1997764561,0.709821637649
2012-09-29 11:38:04,1847,1,50.9809521875,0.781175731399
2012-09-29 11:38:05,1848,1,51.656919529,0.675967341518
2012-09-29 11:38:06,1849,1,52.0906993304,0.433779801339
2012-09-29 11:38:07,1850,1,52.2632439673,0.172544636905
2012-09-29 11:38:08,1851,1,52.2550594182,-0.0081845491071
2012-09-29 11:38:09,1852,1,52.1561011391,-0.0989582790179
2012-09-29 11:38:10,1853,1,51.989657875,-0.166443264137
2012-09-29 11:38:11,1854,1,51.7239586838,-0.26569919122
2012-09-29 11:38:12,1855,1,51.3375748207,-0.386383863095
2012-09-29 11:38:13,1856,1,50.8589288445,-0.47864597619
2012-09-29 11:38:14,1857,1,50.3595982158,-0.49933062872
2012-09-29 11:38:15,1858,1,49.9189729464,-0.440625269345
2012-09-29 11:38:16,1859,1,49.5828120818,-0.336160864583
2012-09-29 11:38:17,1860,1,49.3486603251,-0.234151756696
2012-09-29 11:38:18,1861,1,49.1869045469,-0.161755778274
2012-09-29 11:38:19,1862,1,49.0683035528,-0.118600994048
2012-09-29 11:38:20,1863,1,48.9765625476,-0.0917410052083
2012-09-29 11:38:21,1864,1,48.9058778676,-0.0706846800596
2012-09-29 11:38:22,1865,1,48.8494787225,-0.0563991450893
2012-09-29 11:38:23,1866,1,48.7918146897,-0.0576640327381
2012-09-29 11:38:24,1867,1,48.7069930975,-0.0848215922619
2012-09-29 11:38:25,1868,1,48.5553562537,-0.15163684375
2012-09-29 11:38:26,1869,1,48.2884665283,-0.266889725446
2012-09-29 11:38:27,1870,1,47.8696422121,-0.41882431622
2012-09-29 11:38:28,1871,1,47.2903267507,-0.57931546131
2012-09-29 11:38:29,1872,1,46.5718000164,-0.718526734375
2012-09-29 11:38:30,1873,1,45.7581840446,-0.813615971726
2012-09-29 11:38:31,1874,1,44.8991066935,-0.85907735119
2012-09-29 11:38:32,1875,1,44.0248506198,-0.874256073661
2012-09-29 11:38:33,1876,1,43.1299843467,-0.894866273066
2012-09-29 11:38:34,1877,1,42.1754455692,-0.95453877753
2012-09-29 11:38:35,1878,1,41.098362378,-1.07708319122
2012-09-29 11:38:36,1879,1,39.8227673728,-1.27559500521
2012-09-29 11:38:37,1880,1,38.3045383065,-1.51822906622
2012-09-29 11:38:38,1881,1,36.6149548772,-1.68958342932
2012-09-29 11:38:39,1882,1,34.9677076317,-1.64724724554
2012-09-29 11:38:40,1883,1,33.6153264405,-1.35238119122
2012-09-29 11:38:41,1884,1,32.6722459464,-0.943080494048
2012-09-29 11:38:42,1885,1,31.9924840818,-0.679761864583
2012-09-29 11:38:43,1886,1,31.2070676324,-0.785416449405
2012-09-29 11:38:44,1887,1,29.910044151,-1.2970234814
2012-09-29 11:38:45,1888,1,27.8655504144,-2.04449373661
2012-09-29 11:38:46,1889,1,25.1271577292,-2.73839268527
2012-09-29 11:38:47,1890,1,22.0136160595,-3.11354166964
2012-09-29 11:38:48,1891,1,18.9148808013,-3.09873525818
2012-09-29 11:38:49,1892,1,16.0287198936,-2.88616090774
2012-09-29 11:38:50,1893,1,13.2645828504,-2.76413704315
2012-09-29 11:38:51,1894,1,10.4584072552,-2.80617559524
2012-09-29 11:38:52,1895,1,7.72983596354,-2.72857129167
2012-09-29 11:38:53,1896,1,5.61041650744,-2.1194194561
2012-09-29 11:38:54,1897,1,4.75714283259,-0.853273674851
2012-09-29 11:38:55,1898,1,5.49270835045,0.735565517857
2012-09-29 11:38:56,1899,1,7.60260414732,2.10989579688
2012-09-29 11:38:57,1900,1,10.5228421496,2.92023800223
2012-09-29 11:38:58,1901,1,13.6531247493,3.1302825997
2012-09-29 11:38:59,1902,1,16.5195680365,2.8664432872
2012-09-29 11:39:00,1903,1,18.7824399137,2.26287187723
2012-09-29 11:39:01,1904,1,20.2369785231,1.45453860937
2012-09-29 11:39:02,1905,1,20.8745529293,0.63757440625
2012-09-29 11:39:03,1906,1,20.9151780156,0.0406250863095
2012-09-29 11:39:04,1907,1,20.7046870885,-0.210490927083
2012-09-29 11:39:05,1908,1,20.5244788802,-0.180208208333
2012-09-29 11:39:06,1909,1,20.4532735722,-0.0712053080357
2012-09-29 11:39:07,1910,1,20.3462795201,-0.106994052083
2012-09-29 11:39:08,1911,1,19.9433777247,-0.402901795387
2012-09-29 11:39:09,1912,1,19.0736604643,-0.869717260417
2012-09-29 11:39:10,1913,1,17.796725942,-1.27693452232
2012-09-29 11:39:11,1914,1,16.3411455766,-1.45558036533
2012-09-29 11:39:12,1915,1,14.9084818869,-1.43266368973
2012-09-29 11:39:13,1916,1,13.5295384844,-1.37894340253
2012-09-29 11:39:14,1917,1,12.1040921496,-1.42544633482
2012-09-29 11:39:15,1918,1,10.5711308854,-1.53296126414
2012-09-29 11:39:16,1919,1,9.00788674851,-1.5632441369
2012-09-29 11:39:17,1920,1,7.56383894643,-1.44404780208
2012-09-29 11:39:18,1921,1,6.33050547098,-1.23333347545
2012-09-29 11:39:19,1922,1,5.26391320908,-1.0665922619
2012-09-29 11:39:20,1923,1,4.20468716295,-1.05922604613
2012-09-29 11:39:21,1924,1,3.01458319494,-1.19010396801
2012-09-29 11:39:22,1925,1,1.80342260938,-1.21116058557
2012-09-29 11:39:23,1926,1,0.0,-1.80342260938
2012-09-29 11:39:42,1945,19,0.0,0.0
2012-09-29 11:39:43,1946,1,2.44598173735,2.44598173735
2012-09-29 11:39:44,1947,1,4.14694884226,1.70096710491
2012-09-29 11:39:45,1948,1,5.75907678497,1.61212794271
2012-09-29 11:39:46,1949,1,7.03779707292,1.27872028795
2012-09-29 11:39:47,1950,1,8.03824358259,1.00044650967
2012-09-29 11:39:48,1951,1,8.89799070833,0.859747125744
2012-09-29 11:39:49,1952,1,9.73511877604,0.837128067708
2012-09-29 11:39:50,1953,1,10.6685265186,0.93340774256
2012-09-29 11:39:51,1954,1,11.8168894829,1.14836296429
2012-09-29 11:39:52,1955,1,13.187350564,1.3704610811
2012-09-29 11:39:53,1956,1,14.5170378371,1.32968727307
2012-09-29 11:39:54,1957,1,15.2575882976,0.740550460565
2012-09-29 11:39:55,1958,1,14.8247757961,-0.432812501488
2012-09-29 11:39:56,1959,1,12.9617550937,-1.86302070238
2012-09-29 11:39:57,1960,1,9.93385354167,-3.02790155208
2012-09-29 11:39:58,1961,1,6.44605619196,-3.4877973497
2012-09-29 11:39:59,1962,1,3.38303556399,-3.06302062798
2012-09-29 11:40:00,1963,1,0.0,-3.38303556399
2012-09-29 11:40:19,1982,19,0.0,0.0
2012-09-29 11:40:20,1983,1,2.14040140848,2.14040140848
2012-09-29 11:40:21,1984,1,4.02492515997,1.88452375149
2012-09-29 11:40:22,1985,1,6.37336276042,2.34843760045
2012-09-29 11:40:23,1986,1,8.96078849554,2.58742573512
2012-09-29 11:40:24,1987,1,11.6833331838,2.72254468824
2012-09-29 11:40:25,1988,1,14.4511158676,2.76778268378
2012-09-29 11:40:26,1989,1,17.157589003,2.70647313542
2012-09-29 11:40:27,1990,1,19.6924847805,2.53489577753
2012-09-29 11:40:28,1991,1,21.9607883155,2.26830353497
2012-09-29 11:40:29,1992,1,23.8965025595,1.93571424405
2012-09-29 11:40:30,1993,1,25.4494787016,1.55297614211
2012-09-29 11:40:31,1994,1,26.5589280789,1.10944937723
2012-09-29 11:40:32,1995,1,27.1682286659,0.609300587054
2012-09-29 11:40:33,1996,1,27.2845232708,0.116294604911
2012-09-29 11:40:34,1997,1,27.0226928222,-0.261830448661
2012-09-29 11:40:35,1998,1,26.5828117798,-0.439881042411
2012-09-29 11:40:36,1999,1,26.162052843,-0.420758936756
2012-09-29 11:40:37,2000,1,25.8658475766,-0.296205266369
2012-09-29 11:40:38,2001,1,25.6930798586,-0.172767718006
2012-09-29 11:40:39,2002,1,25.5843002262,-0.10877963244
2012-09-29 11:40:40,2003,1,25.4684521004,-0.115848125744
2012-09-29 11:40:41,2004,1,25.2932289308,-0.175223169643
2012-09-29 11:40:42,2005,1,25.0556545312,-0.237574399554
2012-09-29 11:40:43,2006,1,24.8136901897,-0.241964341518
2012-09-29 11:40:44,2007,1,24.6483626786,-0.165327511161
2012-09-29 11:40:45,2008,1,24.597618494,-0.0507441845238
2012-09-29 11:40:46,2009,1,24.6287940409,0.031175546875
2012-09-29 11:40:47,2010,1,24.678645279,0.0498512380953
2012-09-29 11:40:48,2011,1,24.7078864397,0.0292411607142
2012-09-29 11:40:49,2012,1,24.7117555856,0.0038691458334
2012-09-29 11:40:50,2013,1,24.6943449576,-0.0174106279762
2012-09-29 11:40:51,2014,1,24.6508182113,-0.0435267462798
2012-09-29 11:40:52,2015,1,24.5815473415,-0.0692708697916
2012-09-29 11:40:53,2016,1,24.5072168832,-0.0743304583334
2012-09-29 11:40:54,2017,1,24.4447911949,-0.062425688244
2012-09-29 11:40:55,2018,1,24.3899548854,-0.0548363095238
2012-09-29 11:40:56,2019,1,24.3503716451,-0.0395832403274
2012-09-29 11:40:57,2020,1,24.3545384129,0.0041667678571
2012-09-29 11:40:58,2021,1,24.4046128542,0.0500744412203
2012-09-29 11:40:59,2022,1,24.4628717433,0.0582588891369
2012-09-29 11:41:00,2023,1,24.4854907061,0.0226189627976
2012-09-29 11:41:01,2024,1,24.4436007336,-0.0418899724702
2012-09-29 11:41:02,2025,1,24.3268595774,-0.11674115625
2012-09-29 11:41:03,2026,1,24.1286452068,-0.198214370536
2012-09-29 11:41:04,2027,1,23.8243296488,-0.304315558036
2012-09-29 11:41:05,2028,1,23.396353375,-0.427976273809
2012-09-29 11:41:06,2029,1,22.8816211324,-0.51473224256
2012-09-29 11:41:07,2030,1,22.3614573564,-0.520163776042
2012-09-29 11:41:08,2031,1,21.9085555729,-0.452901783482
2012-09-29 11:41:09,2032,1,21.5613086696,-0.347246903274
2012-09-29 11:41:10,2033,1,21.335564808,-0.225743861607
2012-09-29 11:41:11,2034,1,21.2344489122,-0.101115895833
2012-09-29 11:41:12,2035,1,21.2429311853,0.0084822730655
2012-09-29 11:41:13,2036,1,21.3279015052,0.0849703199404
2012-09-29 11:41:14,2037,1,21.4511902336,0.123288728423
2012-09-29 11:41:15,2038,1,21.5908479792,0.139657745536
2012-09-29 11:41:16,2039,1,21.7612348698,0.170386890625
2012-09-29 11:41:17,2040,1,21.9918895945,0.230654724702
2012-09-29 11:41:18,2041,1,22.2426335937,0.250743999256
2012-09-29 11:41:19,2042,1,22.3349698579,0.0923362641369
2012-09-29 11:41:20,2043,1,22.0252971979,-0.30967265997
2012-09-29 11:41:21,2044,1,21.2049846882,-0.820312509673
2012-09-29 11:41:22,2045,1,20.0453865305,-1.15959815774
2012-09-29 11:41:23,2046,1,18.9503717396,-1.09501479092
2012-09-29 11:41:24,2047,1,18.3345235685,-0.615848171131
2012-09-29 11:41:25,2048,1,18.3616812619,0.0271576934524
2012-09-29 11:41:26,2049,1,18.8531990238,0.491517761905
2012-09-29 11:41:27,2050,1,19.4543150409,0.601116017113
2012-09-29 11:41:28,2051,1,19.8880204494,0.433705408482
2012-09-29 11:41:29,2052,1,20.0915920119,0.2035715625
2012-09-29 11:41:30,2053,1,20.1874254807,0.09583346875
2012-09-29 11:41:31,2054,1,20.3441219673,0.156696486607
2012-09-29 11:41:32,2055,1,20.6374254888,0.293303521577
2012-09-29 11:41:33,2056,1,20.9934521421,0.356026653274
2012-09-29 11:41:34,2057,1,21.2111602976,0.217708155506
2012-09-29 11:41:35,2058,1,21.0642107068,-0.146949590774
2012-09-29 11:41:36,2059,1,20.4657730766,-0.598437630208
2012-09-29 11:41:37,2060,1,19.5622016414,-0.903571435268
2012-09-29 11:41:38,2061,1,18.6407732076,-0.92142843378
2012-09-29 11:41:39,2062,1,17.9363835603,-0.704389647321
2012-09-29 11:41:40,2063,1,17.5223212783,-0.414062281994
2012-09-29 11:41:41,2064,1,17.3498511317,-0.172470146577
2012-09-29 11:41:42,2065,1,17.3517856101,0.0019344784226
2012-09-29 11:41:43,2066,1,17.5034224189,0.15163680878
2012-09-29 11:41:44,2067,1,17.7975443579,0.294121938988
2012-09-29 11:41:45,2068,1,18.2043895052,0.406845147321
2012-09-29 11:41:46,2069,1,18.7146572381,0.510267732887
2012-09-29 11:41:47,2070,1,19.3756690052,0.661011767113
2012-09-29 11:41:48,2071,1,20.1678564144,0.792187409226
2012-09-29 11:41:49,2072,1,20.8302076116,0.662351197173
2012-09-29 11:41:50,2073,1,20.891889244,0.0616816324405
2012-09-29 11:41:51,2074,1,19.9619786235,-0.929910620536
2012-09-29 11:41:52,2075,1,18.0436751302,-1.9183034933
2012-09-29 11:41:53,2076,1,15.5729907039,-2.47068442634
2012-09-29 11:41:54,2077,1,13.1166664226,-2.45632428125
2012-09-29 11:41:55,2078,1,10.9886903214,-2.12797610119
2012-09-29 11:41:56,2079,1,9.12968734598,-1.85900297545
2012-09-29 11:41:57,2080,1,7.31644323735,-1.81324410863
2012-09-29 11:41:58,2081,1,5.42633902902,-1.89010420833
2012-09-29 11:41:59,2082,1,3.53415155729,-1.89218747173
2012-09-29 11:42:00,2083,1,1.91822901935,-1.61592253795
2012-09-29 11:42:01,2084,1,0.0,-1.91822901935
2012-09-29 11:42:20,2103,19,0.0,0.0
2012-09-29 11:42:21,2104,1,3.06912202604,3.06912202604
2012-09-29 11:42:22,2105,1,5.7386160372,2.66949401116
2012-09-29 11:42:23,2106,1,8.78444928795,3.04583325074
2012-09-29 11:42:24,2107,1,11.7148063378,2.93035704985
2012-09-29 11:42:25,2108,1,14.3334818512,2.61867551339
2012-09-29 11:42:26,2109,1,16.6319192693,2.29843741815
2012-09-29 11:42:27,2110,1,18.520535256,1.88861598661
2012-09-29 11:42:28,2111,1,19.743079814,1.22254455804
2012-09-29 11:42:29,2112,1,20.1080350796,0.364955265625
2012-09-29 11:42:30,2113,1,19.7424099933,-0.365625086309
2012-09-29 11:42:31,2114,1,19.0710557805,-0.671354212798
2012-09-29 11:42:32,2115,1,18.5116808125,-0.559374968006
2012-09-29 11:42:33,2116,1,18.1546869048,-0.356993907738
2012-09-29 11:42:34,2117,1,17.7592258237,-0.395461081101
2012-09-29 11:42:35,2118,1,17.0265623497,-0.732663473958
2012-09-29 11:42:36,2119,1,15.8156249412,-1.21093740848
2012-09-29 11:42:37,2120,1,14.1623510863,-1.65327385491
2012-09-29 11:42:38,2121,1,12.195535514,-1.96681557234
2012-09-29 11:42:39,2122,1,10.0543151916,-2.14122032234
2012-09-29 11:42:40,2123,1,7.87492522371,-2.17938996792
2012-09-29 11:42:41,2124,1,5.8344489108,-2.04047631291
2012-09-29 11:42:42,2125,1,4.16190411177,-1.67254479902
2012-09-29 11:42:43,2126,1,3.06495456721,-1.09694954456
2012-09-29 11:42:44,2127,1,2.61532653836,-0.449628028853
2012-09-29 11:42:45,2128,1,2.69084742543,0.0755208870701
2012-09-29 11:42:46,2129,1,3.04828801314,0.357440587715
2012-09-29 11:42:47,2130,1,3.47328813401,0.425000120866
2012-09-29 11:42:48,2131,1,3.86130908697,0.38802095296
2012-09-29 11:42:49,2132,1,4.22440443552,0.363095348545
2012-09-29 11:42:50,2133,1,4.73169617055,0.507291735036
2012-09-29 11:42:51,2134,1,5.69546105837,0.963764887814
2012-09-29 11:42:52,2135,1,7.36540151389,1.66994045552
2012-09-29 11:42:53,2136,1,9.6967259165,2.33132440261
2012-09-29 11:42:54,2137,1,12.3406247432,2.64389882672
2012-09-29 11:42:55,2138,1,14.8653271334,2.52470239021
2012-09-29 11:42:56,2139,1,17.0143598634,2.14903272999
2012-09-29 11:42:57,2140,1,18.7593747427,1.7450148793
2012-09-29 11:42:58,2141,1,20.1237349063,1.36436016353
2012-09-29 11:42:59,2142,1,21.0504463132,0.926711406994
2012-09-29 11:43:00,2143,1,21.4694196198,0.418973306548
2012-09-29 11:43:01,2144,1,21.3958333132,-0.0735863065477
2012-09-29 11:43:02,2145,1,20.9149552076,-0.480878105655
2012-09-29 11:43:03,2146,1,20.1292406912,-0.785714516369
2012-09-29 11:43:04,2147,1,19.1566214174,-0.972619273809
2012-09-29 11:43:05,2148,1,18.143377279,-1.01324413839
2012-09-29 11:43:06,2149,1,17.2370529695,-0.906324309524
2012-09-29 11:43:07,2150,1,16.523511494,-0.713541475446
2012-09-29 11:43:08,2151,1,15.9467259137,-0.576785580357
2012-09-29 11:43:09,2152,1,15.2757437679,-0.670982145833
2012-09-29 11:43:10,2153,1,14.233258561,-1.04248520685
2012-09-29 11:43:11,2154,1,12.7391364754,-1.49412208557
2012-09-29 11:43:12,2155,1,11.0384668408,-1.70066963467
2012-09-29 11:43:13,2156,1,9.59635378646,-1.44211305432
2012-09-29 11:43:14,2157,1,8.82775264286,-0.768601143601
2012-09-29 11:43:15,2158,1,8.83496995982,0.00721731696429
2012-09-29 11:43:16,2159,1,9.39293130952,0.557961349702
2012-09-29 11:43:17,2160,1,10.1954610417,0.802529732143
2012-09-29 11:43:18,2161,1,11.0509668504,0.85550580878
2012-09-29 11:43:19,2162,1,11.8578118609,0.806845010417
2012-09-29 11:43:20,2163,1,12.5133176302,0.655505769345
2012-09-29 11:43:21,2164,1,12.9031241741,0.389806543899
2012-09-29 11:43:22,2165,1,12.9647315074,0.0616073333334
2012-09-29 11:43:23,2166,1,12.7450889211,-0.21964258631
2012-09-29 11:43:24,2167,1,12.3639135164,-0.381175404762
2012-09-29 11:43:25,2168,1,11.9009670826,-0.46294643378
2012-09-29 11:43:26,2169,1,11.3291662991,-0.571800783482
2012-09-29 11:43:27,2170,1,10.5445678609,-0.784598438244
2012-09-29 11:43:28,2171,1,9.45205784201,-1.09251001885
2012-09-29 11:43:29,2172,1,8.05820869444,-1.39384914757
2012-09-29 11:43:30,2173,1,6.50974649405,-1.5484622004
2012-09-29 11:43:31,2174,1,5.04818895883,-1.46155753522
2012-09-29 11:43:32,2175,1,3.9154259318,-1.13276302703
2012-09-29 11:43:33,2176,1,3.25007356548,-0.665352366319
2012-09-29 11:43:34,2177,1,3.02698315675,-0.22309040873
2012-09-29 11:43:35,2178,1,3.09131842659,0.0643352698413
2012-09-29 11:43:36,2179,1,3.29464184301,0.203323416419
2012-09-29 11:43:37,2180,1,3.67690874826,0.382266905258
2012-09-29 11:43:38,2181,1,4.50872927108,0.831820522817
2012-09-29 11:43:39,2182,1,6.06361531548,1.55488604439
2012-09-29 11:43:40,2183,1,8.31798056225,2.25436524678
2012-09-29 11:43:41,2184,1,10.8824648745,2.56448431225
2012-09-29 11:43:42,2185,1,13.2423360699,2.35987119544
2012-09-29 11:43:43,2186,1,15.1134423123,1.87110624231
2012-09-29 11:43:44,2187,1,16.569741911,1.45629959871
2012-09-29 11:43:45,2188,1,17.8200146659,1.25027275496
2012-09-29 11:43:46,2189,1,18.9114580796,1.09144341369
2012-09-29 11:43:47,2190,1,19.665996811,0.754538731399
2012-09-29 11:43:48,2191,1,19.8715028571,0.205506046131
2012-09-29 11:43:49,2192,1,19.5148808876,-0.356621969494
2012-09-29 11:43:50,2193,1,18.8331844092,-0.681696478423
2012-09-29 11:43:51,2194,1,18.1650295186,-0.668154890625
2012-09-29 11:43:52,2195,1,17.7504460476,-0.414583470982
2012-09-29 11:43:53,2196,1,17.6236602366,-0.126785811012
2012-09-29 11:43:54,2197,1,17.6363090134,0.0126487767858
2012-09-29 11:43:55,2198,1,17.5198656004,-0.116443412946
2012-09-29 11:43:56,2199,1,16.9415918839,-0.578273716518
2012-09-29 11:43:57,2200,1,15.6300592396,-1.31153264435
2012-09-29 11:43:58,2201,1,13.5424104769,-2.08764876265
2012-09-29 11:43:59,2202,1,10.9218003497,-2.62061012723
2012-09-29 11:44:00,2203,1,8.194791375,-2.7270089747
2012-09-29 11:44:01,2204,1,5.79129430506,-2.40349706994
2012-09-29 11:44:02,2205,1,4.01837763988,-1.77291666518
2012-09-29 11:44:03,2206,1,3.06063959449,-0.957738045387
2012-09-29 11:44:04,2207,1,3.00870510938,-0.051934485119
2012-09-29 11:44:05,2208,1,3.81711281622,0.808407706845
2012-09-29 11:44:06,2209,1,5.28102640551,1.46391358929
2012-09-29 11:44:07,2210,1,7.09196380878,1.81093740327
2012-09-29 11:44:08,2211,1,8.89226143527,1.80029762649
2012-09-29 11:44:09,2212,1,10.3291663266,1.43690489137
2012-09-29 11:44:10,2213,1,11.1613093289,0.832143002232
2012-09-29 11:44:11,2214,1,11.3538688981,0.192559569196
2012-09-29 11:44:12,2215,1,11.0788688423,-0.275000055804
2012-09-29 11:44:13,2216,1,10.6072169725,-0.471651869792
2012-09-29 11:44:14,2217,1,10.1399550126,-0.467261959821
2012-09-29 11:44:15,2218,1,9.71227644122,-0.427678571429
2012-09-29 11:44:16,2219,1,9.27492530432,-0.437351136905
2012-09-29 11:44:17,2220,1,8.86130931176,-0.41361599256
2012-09-29 11:44:18,2221,1,8.64873496503,-0.212574346726
2012-09-29 11:44:19,2222,1,8.84300579315,0.194270828125
2012-09-29 11:44:20,2223,1,9.4948658564,0.651860063244
2012-09-29 11:44:21,2224,1,10.431249753,0.936383896577
2012-09-29 11:44:22,2225,1,11.3862349107,0.954985157738
2012-09-29 11:44:23,2226,1,12.2174849628,0.831250052083
2012-09-29 11:44:24,2227,1,12.988913494,0.77142853125
2012-09-29 11:44:25,2228,1,13.8180800156,0.829166521577
2012-09-29 11:44:26,2229,1,14.6515620238,0.833482008185
2012-09-29 11:44:27,2230,1,15.2397316629,0.588169639137
2012-09-29 11:44:28,2231,1,15.350520494,0.110788831101
2012-09-29 11:44:29,2232,1,14.9930802009,-0.357440293155
2012-09-29 11:44:30,2233,1,14.4538689821,-0.53921121875
2012-09-29 11:44:31,2234,1,14.1578867976,-0.295982184524
2012-09-29 11:44:32,2235,1,14.4577378869,0.299851089286
2012-09-29 11:44:33,2236,1,15.4288687515,0.971130864583
2012-09-29 11:44:34,2237,1,16.815773465,1.38690471354
2012-09-29 11:44:35,2238,1,18.2350443036,1.41927083854
2012-09-29 11:44:36,2239,1,19.4471723274,1.21212802381
2012-09-29 11:44:37,2240,1,20.4488092798,1.00163695238
2012-09-29 11:44:38,2241,1,21.3752973884,0.926488108631
2012-09-29 11:44:39,2242,1,22.3101187693,0.934821380952
2012-09-29 11:44:40,2243,1,23.1552823326,0.845163563244
2012-09-29 11:44:41,2244,1,23.7036452485,0.548362915923
2012-09-29 11:44:42,2245,1,23.8020081659,0.0983629174107
2012-09-29 11:44:43,2246,1,23.4086300536,-0.393378112351
2012-09-29 11:44:44,2247,1,22.556174654,-0.852455399553
2012-09-29 11:44:45,2248,1,21.3264872485,-1.22968740551
2012-09-29 11:44:46,2249,1,19.8637642121,-1.46272303646
2012-09-29 11:44:47,2250,1,18.3842256607,-1.47953855134
2012-09-29 11:44:48,2251,1,17.1418893951,-1.24233626562
2012-09-29 11:44:49,2252,1,16.3471721243,-0.794717270833
2012-09-29 11:44:50,2253,1,16.0771572366,-0.270014887649
2012-09-29 11:44:51,2254,1,16.2504459315,0.17328869494
2012-09-29 11:44:52,2255,1,16.6972465253,0.44680059375
2012-09-29 11:44:53,2256,1,17.2547613951,0.557514869792
2012-09-29 11:44:54,2257,1,17.802678064,0.547916668899
2012-09-29 11:44:55,2258,1,18.2357882277,0.433110163691
2012-09-29 11:44:56,2259,1,18.4459073579,0.210119130208
2012-09-29 11:44:57,2260,1,18.3745532783,-0.0713540796131
2012-09-29 11:44:58,2261,1,18.1027527664,-0.271800511905
2012-09-29 11:44:59,2262,1,17.8830355975,-0.219717168899
2012-09-29 11:45:00,2263,1,18.0400297292,0.156994131697
2012-09-29 11:45:01,2264,1,18.756919654,0.716889924851
2012-09-29 11:45:02,2265,1,19.9227678683,1.16584821429
2012-09-29 11:45:03,2266,1,21.212574372,1.28980650372
2012-09-29 11:45:04,2267,1,22.3274552388,1.11488086682
2012-09-29 11:45:05,2268,1,23.1766366897,0.849181450893
2012-09-29 11:45:06,2269,1,23.8551336376,0.678496947917
2012-09-29 11:45:07,2270,1,24.4522318028,0.597098165179
2012-09-29 11:45:08,2271,1,24.9130948631,0.460863060268
2012-09-29 11:45:09,2272,1,25.1059519628,0.192857099702
2012-09-29 11:45:10,2273,1,24.9720977411,-0.133854221726
2012-09-29 11:45:11,2274,1,24.5753715201,-0.396726220982
2012-09-29 11:45:12,2275,1,24.0758179829,-0.499553537202
2012-09-29 11:45:13,2276,1,23.7444192664,-0.331398716518
2012-09-29 11:45:14,2277,1,23.8962050781,0.151785811756
2012-09-29 11:45:15,2278,1,24.564806308,0.668601229911
2012-09-29 11:45:16,2279,1,25.2249253095,0.660119001488
2012-09-29 11:45:17,2280,1,25.0044639048,-0.220461404762
2012-09-29 11:45:18,2281,1,23.2589281362,-1.7455357686
2012-09-29 11:45:19,2282,1,20.0216514003,-3.23727673586
2012-09-29 11:45:20,2283,1,15.9363836719,-4.08526772842
2012-09-29 11:45:21,2284,1,11.7025296414,-4.23385403051
2012-09-29 11:45:22,2285,1,7.69858628051,-4.00394336086
2012-09-29 11:45:23,2286,1,4.25584077753,-3.44274550298
2012-09-29 11:45:24,2287,1,0.0,-4.25584077753
2012-09-29 11:45:50,2313,26,0.0,0.0
2012-09-29 11:45:51,2314,1,2.92053557143,2.92053557143
2012-09-29 11:45:52,2315,1,5.54121997396,2.62068440253
2012-09-29 11:45:53,2316,1,8.53035676265,2.98913678869
2012-09-29 11:45:54,2317,1,11.1392852835,2.60892852083
2012-09-29 11:45:55,2318,1,12.9808031533,1.84151786979
2012-09-29 11:45:56,2319,1,14.080021904,1.09921875074
2012-09-29 11:45:57,2320,1,14.7235114382,0.643489534226
2012-09-29 11:45:58,2321,1,15.1822167515,0.458705313244
2012-09-29 11:45:59,2322,1,15.5380203631,0.355803611607
2012-09-29 11:46:00,2323,1,15.7909222857,0.252901922619
2012-09-29 11:46:01,2324,1,16.0488837418,0.257961456101
2012-09-29 11:46:02,2325,1,16.5075891421,0.458705400298
2012-09-29 11:46:03,2326,1,17.2741069085,0.766517766369
2012-09-29 11:46:04,2327,1,18.2800591153,1.00595220685
2012-09-29 11:46:05,2328,1,19.3793892865,1.09933017113
2012-09-29 11:46:06,2329,1,20.4951629635,1.11577367708
2012-09-29 11:46:07,2330,1,21.6162194695,1.12105650595
2012-09-29 11:46:08,2331,1,22.6660707061,1.04985123661
2012-09-29 11:46:09,2332,1,23.4776035417,0.811532835566
2012-09-29 11:46:10,2333,1,23.9258179152,0.448214373512
2012-09-29 11:46:11,2334,1,24.0324399754,0.106622060268
2012-09-29 11:46:12,2335,1,23.9555054598,-0.076934515625
2012-09-29 11:46:13,2336,1,23.8731394174,-0.0823660424107
2012-09-29 11:46:14,2337,1,23.83906209,-0.0340773273809
2012-09-29 11:46:15,2338,1,23.8117555818,-0.0273065081846
2012-09-29 11:46:16,2339,1,23.8023805766,-0.0093750052083
2012-09-29 11:46:17,2340,1,23.885341846,0.0829612693452
2012-09-29 11:46:18,2341,1,24.1027525417,0.217410695685
2012-09-29 11:46:19,2342,1,24.3966514137,0.293898872024
2012-09-29 11:46:20,2343,1,24.6191217798,0.222470366071
2012-09-29 11:46:21,2344,1,24.659746872,0.0406250922619
2012-09-29 11:46:22,2345,1,24.5558033832,-0.103943488839
2012-09-29 11:46:23,2346,1,24.4309520491,-0.124851334077
2012-09-29 11:46:24,2347,1,24.3440471555,-0.0869048936011
2012-09-29 11:46:25,2348,1,24.2244786607,-0.119568494792
2012-09-29 11:46:26,2349,1,23.9761155707,-0.24836309003
2012-09-29 11:46:27,2350,1,23.6209072024,-0.355208368304
2012-09-29 11:46:28,2351,1,23.2926332939,-0.328273908482
2012-09-29 11:46:29,2352,1,23.1210558192,-0.171577474702
2012-09-29 11:46:30,2353,1,23.1482879673,0.0272321480655
2012-09-29 11:46:31,2354,1,23.3108625007,0.162574533482
2012-09-29 11:46:32,2355,1,23.4866067292,0.175744228423
2012-09-29 11:46:33,2356,1,23.5732884107,0.0866816815476
2012-09-29 11:46:34,2357,1,23.5076634598,-0.0656249508929
2012-09-29 11:46:35,2358,1,23.2107884464,-0.296875013393
2012-09-29 11:46:36,2359,1,22.5520830432,-0.658705403274
2012-09-29 11:46:37,2360,1,21.4088538356,-1.14322920759
2012-09-29 11:46:38,2361,1,19.7942705,-1.61458333557
2012-09-29 11:46:39,2362,1,17.9350443155,-1.85922618452
2012-09-29 11:46:40,2363,1,16.2172615342,-1.71778278125
2012-09-29 11:46:41,2364,1,15.0187495402,-1.19851199405
2012-09-29 11:46:42,2365,1,14.5187494472,-0.500000093006
2012-09-29 11:46:43,2366,1,14.6427077299,0.123958282738
2012-09-29 11:46:44,2367,1,15.1773059888,0.534598258929
2012-09-29 11:46:45,2368,1,15.8918150618,0.714509072917
2012-09-29 11:46:46,2369,1,16.6102676109,0.718452549107
2012-09-29 11:46:47,2370,1,17.2750742634,0.66480665253
2012-09-29 11:46:48,2371,1,17.9258183125,0.650744049107
2012-09-29 11:46:49,2372,1,18.6020830938,0.67626478125
2012-09-29 11:46:50,2373,1,19.2991811362,0.697098042411
2012-09-29 11:46:51,2374,1,19.979463686,0.680282549851
2012-09-29 11:46:52,2375,1,20.58400225,0.604538563988
2012-09-29 11:46:53,2376,1,21.0616808125,0.4776785625
2012-09-29 11:46:54,2377,1,21.4136898385,0.352009026042
2012-09-29 11:46:55,2378,1,21.6849697448,0.27127990625
2012-09-29 11:46:56,2379,1,21.8862347493,0.201265004464
2012-09-29 11:46:57,2380,1,21.9468746845,0.0606399352678
2012-09-29 11:46:58,2381,1,21.7680056235,-0.178869061012
2012-09-29 11:46:59,2382,1,21.3319192693,-0.436086354167
2012-09-29 11:47:00,2383,1,20.782142436,-0.549776833333
2012-09-29 11:47:01,2384,1,20.3806543244,-0.401488111607
2012-09-29 11:47:02,2385,1,20.3520085484,-0.0286457760417
2012-09-29 11:47:03,2386,1,20.7702378415,0.418229293155
2012-09-29 11:47:04,2387,1,21.5703867924,0.800148950893
2012-09-29 11:47:05,2388,1,22.608333317,1.03794652455
2012-09-29 11:47:06,2389,1,23.7015624814,1.09322916443
2012-09-29 11:47:07,2390,1,24.65528259,0.953720108631
2012-09-29 11:47:08,2391,1,25.2915918884,0.636309298363
2012-09-29 11:47:09,2392,1,25.5023803504,0.210788462054
2012-09-29 11:47:10,2393,1,25.3270081972,-0.175372153274
2012-09-29 11:47:11,2394,1,24.9866808259,-0.34032737128
2012-09-29 11:47:12,2395,1,24.8018594866,-0.184821339286
2012-09-29 11:47:13,2396,1,25.0184518088,0.216592322173
2012-09-29 11:47:14,2397,1,25.6633178653,0.644866056548
2012-09-29 11:47:15,2398,1,26.554538061,0.891220195685
2012-09-29 11:47:16,2399,1,27.4530499665,0.898511905506
2012-09-29 11:47:17,2400,1,28.2015619435,0.748511976935
2012-09-29 11:47:18,2401,1,28.7662941912,0.564732247768
2012-09-29 11:47:19,2402,1,29.2075145052,0.441220313988
2012-09-29 11:47:20,2403,1,29.6098210952,0.40230659003
2012-09-29 11:47:21,2404,1,30.0226187664,0.412797671131
2012-09-29 11:47:22,2405,1,30.43675575,0.414136983631
2012-09-29 11:47:23,2406,1,30.7728421205,0.336086370536
2012-09-29 11:47:24,2407,1,30.9194194591,0.146577338542
2012-09-29 11:47:25,2408,1,30.8392109368,-0.0802085223214
2012-09-29 11:47:26,2409,1,30.6208326964,-0.218378240327
2012-09-29 11:47:27,2410,1,30.413466436,-0.207366260417
2012-09-29 11:47:28,2411,1,30.3426331064,-0.0708333296131
2012-09-29 11:47:29,2412,1,30.4623505513,0.11971744494
2012-09-29 11:47:30,2413,1,30.7284966109,0.266146059524
2012-09-29 11:47:31,2414,1,31.0082586525,0.279762041667
2012-09-29 11:47:32,2415,1,31.1366812984,0.128422645833
2012-09-29 11:47:33,2416,1,31.0308777307,-0.105803567708
2012-09-29 11:47:34,2417,1,30.7877230499,-0.243154680804
2012-09-29 11:47:35,2418,1,30.5990327165,-0.188690333333
2012-09-29 11:47:36,2419,1,30.5587053929,-0.0403273236608
2012-09-29 11:47:37,2420,1,30.5905504859,0.031845093006
2012-09-29 11:47:38,2421,1,30.5162942336,-0.0742562522321
2012-09-29 11:47:39,2422,1,30.1962046607,-0.320089572917
2012-09-29 11:47:40,2423,1,29.6391360826,-0.557068578125
2012-09-29 11:47:41,2424,1,28.9640617314,-0.67507435119
2012-09-29 11:47:42,2425,1,28.3257434085,-0.638318322917
2012-09-29 11:47:43,2426,1,27.895535183,-0.430208225446
2012-09-29 11:47:44,2427,1,27.7614578743,-0.13407730878
2012-09-29 11:47:45,2428,1,27.7923359062,0.030878031994
2012-09-29 11:47:46,2429,1,27.697023442,-0.0953124642857
2012-09-29 11:47:47,2430,1,27.2749996324,-0.422023809524
2012-09-29 11:47:48,2431,1,26.6116067381,-0.663392894345
2012-09-29 11:47:49,2432,1,25.9997019152,-0.611904822917
2012-09-29 11:47:50,2433,1,25.6331095863,-0.366592328869
2012-09-29 11:47:51,2434,1,25.4313238147,-0.201785771577
2012-09-29 11:47:52,2435,1,25.2497761525,-0.181547662202
2012-09-29 11:47:53,2436,1,25.177529096,-0.0722470565477
2012-09-29 11:47:54,2437,1,25.4833326518,0.305803555804
2012-09-29 11:47:55,2438,1,26.3086302798,0.825297627976
2012-09-29 11:47:56,2439,1,27.4786451957,1.17001491592
2012-09-29 11:47:57,2440,1,28.5819934918,1.10334829613
2012-09-29 11:47:58,2441,1,29.2780501808,0.696056688988
2012-09-29 11:47:59,2442,1,29.5395086793,0.261458498512
2012-09-29 11:48:00,2443,1,29.5453123929,0.0058037135416
2012-09-29 11:48:01,2444,1,29.4546874769,-0.0906249159226
2012-09-29 11:48:02,2445,1,29.343973186,-0.110714290923
2012-09-29 11:48:03,2446,1,29.2035713185,-0.14040186756
2012-09-29 11:48:04,2447,1,28.9531247932,-0.250446525298
2012-09-29 11:48:05,2448,1,28.5335562612,-0.419568531994
2012-09-29 11:48:06,2449,1,27.9896573609,-0.543898900298
2012-09-29 11:48:07,2450,1,27.4866066362,-0.503050724702
2012-09-29 11:48:08,2451,1,27.2681541183,-0.218452517857
2012-09-29 11:48:09,2452,1,27.5182284673,0.250074348958
2012-09-29 11:48:10,2453,1,28.1417404717,0.623512004464
2012-09-29 11:48:11,2454,1,28.6350442708,0.493303799107
2012-09-29 11:48:12,2455,1,28.2819194993,-0.353124771577
2012-09-29 11:48:13,2456,1,26.6731398318,-1.60877966741
2012-09-29 11:48:14,2457,1,24.1390623564,-2.53407747545
2012-09-29 11:48:15,2458,1,21.6651037932,-2.47395856324
2012-09-29 11:48:16,2459,1,20.3043892746,-1.3607145186
2012-09-29 11:48:17,2460,1,20.5172612009,0.212871926339
2012-09-29 11:48:18,2461,1,21.9566958222,1.43943462128
2012-09-29 11:48:19,2462,1,23.8336305774,1.87693475521
2012-09-29 11:48:20,2463,1,25.4494046101,1.61577403274
2012-09-29 11:48:21,2464,1,26.4831100603,1.03370545015
2012-09-29 11:48:22,2465,1,26.9849701324,0.501860072173
2012-09-29 11:48:23,2466,1,27.186458125,0.20148799256
2012-09-29 11:48:24,2467,1,27.2892854196,0.102827294643
2012-09-29 11:48:25,2468,1,27.3701633527,0.0808779330357
2012-09-29 11:48:26,2469,1,27.4020829985,0.0319196458333
2012-09-29 11:48:27,2470,1,27.3412199092,-0.0608630892857
2012-09-29 11:48:28,2471,1,27.2052079561,-0.136011953125
2012-09-29 11:48:29,2472,1,27.0601185848,-0.14508937128
2012-09-29 11:48:30,2473,1,26.9320679435,-0.128050641369
2012-09-29 11:48:31,2474,1,26.7162197708,-0.215848172619
2012-09-29 11:48:32,2475,1,26.1557287976,-0.560490973214
2012-09-29 11:48:33,2476,1,24.9474699249,-1.20825887277
2012-09-29 11:48:34,2477,1,22.9162198653,-2.03125005952
2012-09-29 11:48:35,2478,1,20.1208434554,-2.79537640997
2012-09-29 11:48:36,2479,1,16.8233943847,-3.29744907068
2012-09-29 11:48:37,2480,1,13.3686112574,-3.45478312723
2012-09-29 11:48:38,2481,1,10.0982457507,-3.2703655067
2012-09-29 11:48:39,2482,1,7.32944275372,-2.76880299702
2012-09-29 11:48:40,2483,1,5.29317583259,-2.03626692113
2012-09-29 11:48:41,2484,1,4.03331188318,-1.2598639494
2012-09-29 11:48:42,2485,1,3.38320550074,-0.65010638244
2012-09-29 11:48:43,2486,1,3.06009736235,-0.323108138393
2012-09-29 11:48:44,2487,1,2.82829449182,-0.231802870536
2012-09-29 11:48:45,2488,1,2.61694234747,-0.211352144345
2012-09-29 11:48:46,2489,1,2.48543720759,-0.131505139881
2012-09-29 11:48:47,2490,1,2.49841553051,0.0129783229167
2012-09-29 11:48:48,2491,1,2.66646402158,0.168048491071
2012-09-29 11:48:49,2492,1,2.98828589955,0.321821877976
2012-09-29 11:48:50,2493,1,3.51144707664,0.523161177083
2012-09-29 11:48:51,2494,1,4.33940208482,0.827955008185
2012-09-29 11:48:52,2495,1,5.57216153943,1.23275945461
2012-09-29 11:48:53,2496,1,7.22046093527,1.64829939583
2012-09-29 11:48:54,2497,1,9.16621991146,1.94575897619
2012-09-29 11:48:55,2498,1,11.2056544836,2.03943457217
2012-09-29 11:48:56,2499,1,13.1128717775,1.9072172939
2012-09-29 11:48:57,2500,1,14.6533479353,1.54047615774
2012-09-29 11:48:58,2501,1,15.5991067641,0.945758828869
2012-09-29 11:48:59,2502,1,15.8109370283,0.211830264137
2012-09-29 11:49:00,2503,1,15.3200144092,-0.490922619048
2012-09-29 11:49:01,2504,1,14.3353418817,-0.98467252753
2012-09-29 11:49:02,2505,1,13.1970235238,-1.13831835789
2012-09-29 11:49:03,2506,1,12.3098955826,-0.88712794122
2012-09-29 11:49:04,2507,1,12.0909967798,-0.218898802827
2012-09-29 11:49:05,2508,1,12.9242557455,0.833258965774
2012-09-29 11:49:06,2509,1,15.0273808013,2.1031250558
2012-09-29 11:49:07,2510,1,18.2354165171,3.20803571577
2012-09-29 11:49:08,2511,1,21.9311753475,3.69575883036
2012-09-29 11:49:09,2512,1,25.2989579174,3.36778256994
2012-09-29 11:49:10,2513,1,27.7467256265,2.44776770908
2012-09-29 11:49:11,2514,1,29.1686005893,1.4218749628
2012-09-29 11:49:12,2515,1,29.871353654,0.702753064732
2012-09-29 11:49:13,2516,1,30.2648805848,0.393526930804
2012-09-29 11:49:14,2517,1,30.5975443817,0.332663796875
2012-09-29 11:49:15,2518,1,30.9322913876,0.334747005952
2012-09-29 11:49:16,2519,1,31.2747019286,0.342410540923
2012-09-29 11:49:17,2520,1,31.6446421741,0.369940245536
2012-09-29 11:49:18,2521,1,32.044567657,0.399925482887
2012-09-29 11:49:19,2522,1,32.4212046562,0.376636999256
2012-09-29 11:49:20,2523,1,32.685118619,0.263913962798
2012-09-29 11:49:21,2524,1,32.7750743333,0.0899557142857
2012-09-29 11:49:22,2525,1,32.7093008058,-0.0657735275297
2012-09-29 11:49:23,2526,1,32.5660717106,-0.143229095238
2012-09-29 11:49:24,2527,1,32.4113096771,-0.154762033482
2012-09-29 11:49:25,2528,1,32.2563243348,-0.154985342262
2012-09-29 11:49:26,2529,1,32.0818449658,-0.174479369048
2012-09-29 11:49:27,2530,1,31.879315096,-0.202529869792
2012-09-29 11:49:28,2531,1,31.658928151,-0.22038694494
2012-09-29 11:49:29,2532,1,31.4322911979,-0.226636953125
2012-09-29 11:49:30,2533,1,31.1994042195,-0.232886978423
2012-09-29 11:49:31,2534,1,30.9524547597,-0.246949459821
2012-09-29 11:49:32,2535,1,30.6912940469,-0.261160712798
2012-09-29 11:49:33,2536,1,30.4290173125,-0.262276734375
2012-09-29 11:49:34,2537,1,30.1777525097,-0.251264802827
2012-09-29 11:49:35,2538,1,29.9366811778,-0.241071331845
2012-09-29 11:49:36,2539,1,29.6972467463,-0.239434431548
2012-09-29 11:49:37,2540,1,29.4528271414,-0.244419604911
2012-09-29 11:49:38,2541,1,29.1997765015,-0.253050639881
2012-09-29 11:49:39,2542,1,28.9341514129,-0.265625088542
2012-09-29 11:49:40,2543,1,28.6537198155,-0.28043159747
2012-09-29 11:49:41,2544,1,28.3590025677,-0.294717247768
2012-09-29 11:49:42,2545,1,28.0420382842,-0.316964283482
2012-09-29 11:49:43,2546,1,27.6718745022,-0.370163781994
2012-09-29 11:49:44,2547,1,27.1966511131,-0.475223389137
2012-09-29 11:49:45,2548,1,26.5732134643,-0.623437648809
2012-09-29 11:49:46,2549,1,25.8129456146,-0.760267849702
2012-09-29 11:49:47,2550,1,25.0008178229,-0.812127791667
2012-09-29 11:49:48,2551,1,24.2555799554,-0.74523786756
2012-09-29 11:49:49,2552,1,23.6644342195,-0.591145735863
2012-09-29 11:49:50,2553,1,23.2526781749,-0.411756044643
2012-09-29 11:49:51,2554,1,23.0048357254,-0.247842449405
2012-09-29 11:49:52,2555,1,22.9052076064,-0.0996281190476
2012-09-29 11:49:53,2556,1,22.9526778043,0.0474701979167
2012-09-29 11:49:54,2557,1,23.135713558,0.18303575372
2012-09-29 11:49:55,2558,1,23.4014130528,0.265699494792
2012-09-29 11:49:56,2559,1,23.6576631912,0.256250138393
2012-09-29 11:49:57,2560,1,23.8133181302,0.155654938988
2012-09-29 11:49:58,2561,1,23.8276039829,0.0142858526786
2012-09-29 11:49:59,2562,1,23.726711119,-0.100892863839
2012-09-29 11:50:00,2563,1,23.5731395461,-0.153571572917
2012-09-29 11:50:01,2564,1,23.4191959539,-0.153943592262
2012-09-29 11:50:02,2565,1,23.2851929725,-0.134002981399
2012-09-29 11:50:03,2566,1,23.1718746607,-0.113318311756
2012-09-29 11:50:04,2567,1,23.0847468676,-0.0871277931548
2012-09-29 11:50:05,2568,1,23.0444939807,-0.0402528869047
2012-09-29 11:50:06,2569,1,23.0752231004,0.0307291197916
2012-09-29 11:50:07,2570,1,23.1808777634,0.105654662946
2012-09-29 11:50:08,2571,1,23.3330354539,0.152157690476
2012-09-29 11:50:09,2572,1,23.4830354933,0.150000039435
2012-09-29 11:50:10,2573,1,23.5863838051,0.103348311756
2012-09-29 11:50:11,2574,1,23.6258928296,0.0395090245536
2012-09-29 11:50:12,2575,1,23.62254466,-0.0033481696429
2012-09-29 11:50:13,2576,1,23.6194940312,-0.0030506287202
2012-09-29 11:50:14,2577,1,23.6488093757,0.029315344494
2012-09-29 11:50:15,2578,1,23.7061008132,0.0572914375
2012-09-29 11:50:16,2579,1,23.7494041183,0.0433033050596
2012-09-29 11:50:17,2580,1,23.7401033393,-0.0093007790179
2012-09-29 11:50:18,2581,1,23.7019337016,-0.0381696376488
2012-09-29 11:50:19,2582,1,23.7199398371,0.0180061354167
2012-09-29 11:50:20,2583,1,23.863764468,0.143824630952
2012-09-29 11:50:21,2584,1,24.1004461555,0.2366816875
2012-09-29 11:50:22,2585,1,24.2453866689,0.144940513393
2012-09-29 11:50:23,2586,1,23.9982884524,-0.247098216518
2012-09-29 11:50:24,2587,1,23.084672375,-0.913616077381
2012-09-29 11:50:25,2588,1,21.396502692,-1.68816968304
2012-09-29 11:50:26,2589,1,19.0251484293,-2.37135426265
2012-09-29 11:50:27,2590,1,16.2098209568,-2.81532747247
2012-09-29 11:50:28,2591,1,13.2314727426,-2.97834821429
2012-09-29 11:50:29,2592,1,10.2847466436,-2.94672609896
2012-09-29 11:50:30,2593,1,7.44627948065,-2.83846716295
2012-09-29 11:50:31,2594,1,4.79531227679,-2.65096720387
2012-09-29 11:50:32,2595,1,2.59761887277,-2.19769340402
2012-09-29 11:50:33,2596,1,0.0,-2.59761887277
2012-09-29 11:51:04,2627,31,0.0,0.0
2012-09-29 11:51:05,2628,1,3.43697900074,3.43697900074
2012-09-29 11:51:06,2629,1,6.12008902902,2.68311002827
2012-09-29 11:51:07,2630,1,8.81078836012,2.6906993311
2012-09-29 11:51:08,2631,1,10.8541662865,2.04337792634
2012-09-29 11:51:09,2632,1,12.0316216012,1.17745531473
2012-09-29 11:51:10,2633,1,12.4783477783,0.446726177083
2012-09-29 11:51:11,2634,1,12.4566960551,-0.0216517232143
2012-09-29 11:51:12,2635,1,12.1642854635,-0.292410591518
2012-09-29 11:51:13,2636,1,11.6984373452,-0.465848118304
2012-09-29 11:51:14,2637,1,11.1413689018,-0.557068443452
2012-09-29 11:51:15,2638,1,10.6281247961,-0.513244105655
2012-09-29 11:51:16,2639,1,10.307663404,-0.320461392113
2012-09-29 11:51:17,2640,1,10.2553567641,-0.052306639881
2012-09-29 11:51:18,2641,1,10.4572167976,0.201860033482
2012-09-29 11:51:19,2642,1,10.8782732954,0.421056497768
2012-09-29 11:51:20,2643,1,11.5120530588,0.633779763393
2012-09-29 11:51:21,2644,1,12.3363090662,0.82425600744
2012-09-29 11:51:22,2645,1,13.2158478385,0.879538772321
2012-09-29 11:51:23,2646,1,13.872544314,0.656696475446
2012-09-29 11:51:24,2647,1,13.9941960952,0.12165178125
2012-09-29 11:51:25,2648,1,13.3958330022,-0.598363093006
2012-09-29 11:51:26,2649,1,12.0907628888,-1.30507011341
2012-09-29 11:51:27,2650,1,10.2546553614,-1.83610752742
2012-09-29 11:51:28,2651,1,8.15832246397,-2.09633289743
2012-09-29 11:51:29,2652,1,6.11217023788,-2.04615222608
2012-09-29 11:51:30,2653,1,4.41140490838,-1.70076532951
2012-09-29 11:51:31,2654,1,3.25518678656,-1.15621812181
2012-09-29 11:51:32,2655,1,2.66691085183,-0.588275934736
2012-09-29 11:51:33,2656,1,2.49454687064,-0.172363981186
2012-09-29 11:51:34,2657,1,2.51244642474,0.0178995541029
2012-09-29 11:51:35,2658,1,2.56746328805,0.0550168633078
2012-09-29 11:51:36,2659,1,2.68618128784,0.118717999787
2012-09-29 11:51:37,2660,1,3.05607920844,0.369897920599
2012-09-29 11:51:38,2661,1,3.87680629082,0.820727082377
2012-09-29 11:51:39,2662,1,5.20771626796,1.33090997715
2012-09-29 11:51:40,2663,1,6.92718921599,1.71947294802
2012-09-29 11:51:41,2664,1,8.80871573916,1.88152652317
2012-09-29 11:51:42,2665,1,10.6505526088,1.84183686969
2012-09-29 11:51:43,2666,1,12.3532100145,1.70265740561
2012-09-29 11:51:44,2667,1,13.8738839457,1.52067393123
2012-09-29 11:51:45,2668,1,15.1411458088,1.2672618631
2012-09-29 11:51:46,2669,1,16.0622766265,0.921130817708
2012-09-29 11:51:47,2670,1,16.6091514397,0.546874813244
2012-09-29 11:51:48,2671,1,16.8771572552,0.268005815476
2012-09-29 11:51:49,2672,1,17.0651036853,0.18794643006
2012-09-29 11:51:50,2673,1,17.3800591845,0.314955499256
2012-09-29 11:51:51,2674,1,17.9189730595,0.538913875
2012-09-29 11:51:52,2675,1,18.6186755365,0.699702476935
2012-09-29 11:51:53,2676,1,19.3127975164,0.694121979911
2012-09-29 11:51:54,2677,1,19.8404015417,0.527604025298
2012-09-29 11:51:55,2678,1,20.1039430313,0.263541489583
2012-09-29 11:51:56,2679,1,20.0148803854,-0.0890626458333
2012-09-29 11:51:57,2680,1,19.4013386778,-0.613541707589
2012-09-29 11:51:58,2681,1,18.0079607909,-1.3933778869
2012-09-29 11:51:59,2682,1,15.6161454933,-2.39181529762
2012-09-29 11:52:00,2683,1,12.2303569978,-3.38578849554
2012-09-29 11:52:01,2684,1,8.25267856399,-3.97767843378
2012-09-29 11:52:02,2685,1,4.54575895908,-3.70691960491
2012-09-29 11:52:03,2686,1,0.0,-4.54575895908
2012-09-29 11:52:43,2726,40,0.0,0.0
2012-09-29 11:52:44,2727,1,3.79345182812,3.79345182812
2012-09-29 11:52:45,2728,1,6.48429980952,2.6908479814
2012-09-29 11:52:46,2729,1,9.10870450223,2.62440469271
2012-09-29 11:52:47,2730,1,11.2212045543,2.11250005208
2012-09-29 11:52:48,2731,1,12.8742552374,1.65305068304
2012-09-29 11:52:49,2732,1,14.3002969993,1.4260417619
2012-09-29 11:52:50,2733,1,15.656398279,1.35610127976
2012-09-29 11:52:51,2734,1,16.9021572485,1.24575896949
2012-09-29 11:52:52,2735,1,17.807588753,0.905431504464
2012-09-29 11:52:53,2736,1,18.0916660357,0.284077282738
2012-09-29 11:52:54,2737,1,17.6357880022,-0.455878033482
2012-09-29 11:52:55,2738,1,16.6091511503,-1.02663685193
2012-09-29 11:52:56,2739,1,15.3801334249,-1.22901772545
2012-09-29 11:52:57,2740,1,14.2900293914,-1.09010403348
2012-09-29 11:52:58,2741,1,13.4613836466,-0.828645744792
2012-09-29 11:52:59,2742,1,12.7595979717,-0.701785674851
2012-09-29 11:53:00,2743,1,11.9424104807,-0.817187491071
2012-09-29 11:53:01,2744,1,10.875148567,-1.06726191369
2012-09-29 11:53:02,2745,1,9.61495507515,-1.26019349182
2012-09-29 11:53:03,2746,1,8.32127939137,-1.29367568378
2012-09-29 11:53:04,2747,1,7.10357092336,-1.21770846801
2012-09-29 11:53:05,2748,1,5.9525291183,-1.15104180506
2012-09-29 11:53:06,2749,1,4.82953799107,-1.12299112723
2012-09-29 11:53:07,2750,1,3.79367499405,-1.03586299702
2012-09-29 11:53:08,2751,1,2.99196390551,-0.801711088542
2012-09-29 11:53:09,2752,1,2.53526770089,-0.456696204613
2012-09-29 11:53:10,2753,1,2.39955354687,-0.135714154018
2012-09-29 11:53:11,2754,1,2.43869048884,0.0391369419643
2012-09-29 11:53:12,2755,1,2.52291667634,0.0842261875
2012-09-29 11:53:13,2756,1,2.70468750818,0.181770831845
2012-09-29 11:53:14,2757,1,3.23541667113,0.530729162946
2012-09-29 11:53:15,2758,1,4.38653270387,1.15111603274
2012-09-29 11:53:16,2759,1,6.22440464509,1.83787194122
2012-09-29 11:53:17,2760,1,8.53965752976,2.31525288467
2012-09-29 11:53:18,2761,1,11.0141366198,2.47447909003
2012-09-29 11:53:19,2762,1,13.4508180818,2.43668146205
2012-09-29 11:53:20,2763,1,15.7999994993,2.34918141741
2012-09-29 11:53:21,2764,1,18.0075142083,2.20751470908
2012-09-29 11:53:22,2765,1,19.9255944182,1.91808020982
2012-09-29 11:53:23,2766,1,21.3821420007,1.45654758259
2012-09-29 11:53:24,2767,1,22.3112343601,0.929092359375
2012-09-29 11:53:25,2768,1,22.7890619129,0.477827552827
2012-09-29 11:53:26,2769,1,22.941963843,0.152901930059
2012-09-29 11:53:27,2770,1,22.881472811,-0.060491031994
2012-09-29 11:53:28,2771,1,22.7407733594,-0.140699451637
2012-09-29 11:53:29,2772,1,22.6779012865,-0.0628720729167
2012-09-29 11:53:30,2773,1,22.7848953251,0.10699403869
2012-09-29 11:53:31,2774,1,23.0223953333,0.237500008185
2012-09-29 11:53:32,2775,1,23.2392852106,0.216889877232
2012-09-29 11:53:33,2776,1,23.2277524702,-0.0115327403274
2012-09-29 11:53:34,2777,1,22.809523349,-0.41822912128
2012-09-29 11:53:35,2778,1,21.9447912976,-0.864732051339
2012-09-29 11:53:36,2779,1,20.7830353943,-1.16175590327
2012-09-29 11:53:37,2780,1,19.6161454561,-1.16688993824
2012-09-29 11:53:38,2781,1,18.7508923869,-0.865253069196
2012-09-29 11:53:39,2782,1,18.3474697716,-0.403422615327
2012-09-29 11:53:40,2783,1,18.3491812158,0.0017114441964
2012-09-29 11:53:41,2784,1,18.5762646972,0.227083481399
2012-09-29 11:53:42,2785,1,18.8728420811,0.296577383929
2012-09-29 11:53:43,2786,1,19.177306183,0.304464101934
2012-09-29 11:53:44,2787,1,19.5079606808,0.330654497768
2012-09-29 11:53:45,2788,1,19.9091509643,0.401190283482
2012-09-29 11:53:46,2789,1,20.4058027135,0.496651749256
2012-09-29 11:53:47,2790,1,21.0042403088,0.598437595238
2012-09-29 11:53:48,2791,1,21.711011279,0.706770970238
2012-09-29 11:53:49,2792,1,22.4616810223,0.750669743304
2012-09-29 11:53:50,2793,1,22.9348953371,0.473214314732
2012-09-29 11:53:51,2794,1,22.4870158341,-0.447879502976
2012-09-29 11:53:52,2795,1,20.4643595246,-2.02265630952
2012-09-29 11:53:53,2796,1,16.7253714219,-3.73898810268
2012-09-29 11:53:54,2797,1,11.8899548437,-4.83541657813
2012-09-29 11:53:55,2798,1,7.08199369866,-4.80796114509
2012-09-29 11:53:56,2799,1,3.39568434747,-3.68630935119
2012-09-29 11:53:57,2800,1,0.0,-3.39568434747
2012-09-29 11:54:39,2842,42,0.0,0.0
2012-09-29 11:54:40,2843,1,3.35531994568,3.35531994568
2012-09-29 11:54:41,2844,1,6.33110116295,2.97578121726
2012-09-29 11:54:42,2845,1,9.84680048289,3.51569931994
2012-09-29 11:54:43,2846,1,13.2783479687,3.43154748586
2012-09-29 11:54:44,2847,1,16.1049102976,2.82656232887
2012-09-29 11:54:45,2848,1,18.0151035707,1.91019327307
2012-09-29 11:54:46,2849,1,19.0148058192,0.999702248512
2012-09-29 11:54:47,2850,1,19.3903266057,0.375520786458
2012-09-29 11:54:48,2851,1,19.5092254635,0.118898857887
2012-09-29 11:54:49,2852,1,19.6339279836,0.124702520089
2012-09-29 11:54:50,2853,1,19.8891364993,0.255208515625
2012-09-29 11:54:51,2854,1,20.3142854375,0.425148938244
2012-09-29 11:54:52,2855,1,20.8812497284,0.566964290923
2012-09-29 11:54:53,2856,1,21.4915918966,0.610342168155
2012-09-29 11:54:54,2857,1,22.0140620357,0.522470139137
2012-09-29 11:54:55,2858,1,22.3535709278,0.339508892113
2012-09-29 11:54:56,2859,1,22.5010411659,0.147470238095
2012-09-29 11:54:57,2860,1,22.5189726734,0.0179315074405
2012-09-29 11:54:58,2861,1,22.4754457961,-0.0435268772322
2012-09-29 11:54:59,2862,1,22.403347526,-0.0720982700892
2012-09-29 11:55:00,2863,1,22.3128713884,-0.0904761376488
2012-09-29 11:55:01,2864,1,22.2007435424,-0.112127845982
2012-09-29 11:55:02,2865,1,22.0336305766,-0.167112965774
2012-09-29 11:55:03,2866,1,21.7512646012,-0.282365975446
2012-09-29 11:55:04,2867,1,21.2954611057,-0.455803495536
2012-09-29 11:55:05,2868,1,20.6155504427,-0.679910662947
2012-09-29 11:55:06,2869,1,19.6459075789,-0.969642863839
2012-09-29 11:55:07,2870,1,18.3085563326,-1.33735124628
2012-09-29 11:55:08,2871,1,16.5818449896,-1.72671134301
2012-09-29 11:55:09,2872,1,14.5982140707,-1.9836309189
2012-09-29 11:55:10,2873,1,12.6437498393,-1.9544642314
2012-09-29 11:55:11,2874,1,10.9912200789,-1.65252976042
2012-09-29 11:55:12,2875,1,9.69575871875,-1.29546136012
2012-09-29 11:55:13,2876,1,8.5596723683,-1.13608635045
2012-09-29 11:55:14,2877,1,7.30081819717,-1.25885417113
2012-09-29 11:55:15,2878,1,5.74873487351,-1.55208332366
2012-09-29 11:55:16,2879,1,3.95014858185,-1.79858629167
2012-09-29 11:55:17,2880,1,2.21889863244,-1.7312499494
2012-09-29 11:55:18,2881,1,0.0,-2.21889863244
2012-09-29 11:55:49,2912,31,0.0,0.0
2012-09-29 11:55:50,2913,1,0.696056594494,0.696056594494
2012-09-29 11:55:51,2914,1,0.689738390191,-0.00631820430308
2012-09-29 11:55:52,2915,1,0.0,-0.689738390191
2012-09-29 11:56:18,2941,26,0.0,0.0
2012-09-29 11:56:19,2942,1,1.25363323673,1.25363323673
2012-09-29 11:56:20,2943,1,1.89516345461,0.641530217882
2012-09-29 11:56:21,2944,1,2.29086039869,0.395696944072
2012-09-29 11:56:22,2945,1,2.40683883526,0.11597843657
2012-09-29 11:56:23,2946,1,2.39527505394,-0.011563781312
2012-09-29 11:56:24,2947,1,2.37098801742,-0.0242870365203
2012-09-29 11:56:25,2948,1,2.3584941286,-0.0124938888269
2012-09-29 11:56:26,2949,1,2.3499995,-0.00849462859623
2012-09-29 11:56:27,2950,1,2.3421001095,-0.00789939050099
2012-09-29 11:56:28,2951,1,2.33545230762,-0.00664780187961
2012-09-29 11:56:29,2952,1,2.32694970318,-0.00850260444125
2012-09-29 11:56:30,2953,1,2.30592588339,-0.0210238197899
2012-09-29 11:56:31,2954,1,2.26528056466,-0.040645318727
2012-09-29 11:56:32,2955,1,2.21911080676,-0.0461697579011
2012-09-29 11:56:33,2956,1,2.20072951864,-0.0183812881236
2012-09-29 11:56:34,2957,1,2.24136447076,0.0406349521241
2012-09-29 11:56:35,2958,1,2.3497182999,0.108353829144
2012-09-29 11:56:36,2959,1,2.5065839475,0.156865647596
2012-09-29 11:56:37,2960,1,2.68158837257,0.175004425073
2012-09-29 11:56:38,2961,1,2.85644132802,0.174852955446
2012-09-29 11:56:39,2962,1,3.02857142857,0.172130100553
2012-09-29 11:56:40,2963,1,3.2,0.171428571429
2012-09-29 11:56:41,2964,1,3.37142857143,0.171428571429
2012-09-29 11:56:42,2965,1,3.54266581781,0.171237246386
2012-09-29 11:56:43,2966,1,3.71393495568,0.171269137861
2012-09-29 11:56:44,2967,1,3.89043367793,0.176498722258
2012-09-29 11:56:45,2968,1,4.0804527719,0.190019093963
2012-09-29 11:56:46,2969,1,4.25916229666,0.178709524766
2012-09-29 11:56:47,2970,1,4.32789094143,0.0687286447704
2012-09-29 11:56:48,2971,1,4.18066510172,-0.147225839711
2012-09-29 11:56:49,2972,1,3.87650901892,-0.304156082802
2012-09-29 11:56:50,2973,1,3.70233805963,-0.17417095929
2012-09-29 11:56:51,2974,1,3.98350295121,0.281164891582
2012-09-29 11:56:52,2975,1,4.80754621886,0.824043267645
2012-09-29 11:56:53,2976,1,5.94746961384,1.13992339498
2012-09-29 11:56:54,2977,1,7.0676332619,1.12016364807
2012-09-29 11:56:55,2978,1,7.99218678125,0.924553519345
2012-09-29 11:56:56,2979,1,8.74724622619,0.75505944494
2012-09-29 11:56:57,2980,1,9.37172533185,0.624479105655
2012-09-29 11:56:58,2981,1,9.77552001711,0.403794685268
2012-09-29 11:56:59,2982,1,9.81822853795,0.0427085208333
2012-09-29 11:57:00,2983,1,9.46688950967,-0.351339028274
2012-09-29 11:57:01,2984,1,8.83430040997,-0.632589099702
2012-09-29 11:57:02,2985,1,8.10662187723,-0.727678532738
2012-09-29 11:57:03,2986,1,7.46822896503,-0.638392912202
2012-09-29 11:57:04,2987,1,7.0520086808,-0.416220284226
2012-09-29 11:57:05,2988,1,6.89709796726,-0.154910713542
2012-09-29 11:57:06,2989,1,6.92872000074,0.0316220334821
2012-09-29 11:57:07,2990,1,6.99598186161,0.0672618608631
2012-09-29 11:57:08,2991,1,6.96421089583,-0.0317709657738
2012-09-29 11:57:09,2992,1,6.76949345164,-0.194717444196
2012-09-29 11:57:10,2993,1,6.34776712574,-0.421726325893
2012-09-29 11:57:11,2994,1,5.54255878497,-0.805208340774
2012-09-29 11:57:12,2995,1,4.22150237574,-1.32105640923
2012-09-29 11:57:13,2996,1,2.63630915104,-1.5851932247
2012-09-29 11:57:14,2997,1,0.0,-2.63630915104
2012-09-29 17:08:48,21691,18694,0.0,0.0
2012-09-29 17:08:49,21692,1,5.38645833259,5.38645833259
2012-09-29 17:08:50,21693,1,9.88459818006,4.49813984747
2012-09-29 17:08:51,21694,1,14.5476189308,4.66302075074
2012-09-29 17:08:52,21695,1,18.077231933,3.52961300223
2012-09-29 17:08:53,21696,1,19.7188985179,1.64166658482
2012-09-29 17:08:54,21697,1,19.3240770071,-0.394821510714
2012-09-29 17:08:55,21698,1,17.1871572778,-2.13691972932
2012-09-29 17:08:56,21699,1,13.8607881443,-3.32636913348
2012-09-29 17:08:57,21700,1,10.0770231832,-3.78376496116
2012-09-29 17:08:58,21701,1,6.66264813095,-3.41437505223
2012-09-29 17:08:59,21702,1,4.27355586131,-2.38909226964
2012-09-29 17:09:00,21703,1,3.10062435,-1.17293151131
2012-09-29 17:09:01,21704,1,2.87319885179,-0.227425498214
2012-09-29 17:09:02,21705,1,3.18431507827,0.311116226488
2012-09-29 17:09:03,21706,1,3.81366044464,0.629345366369
2012-09-29 17:09:04,21707,1,4.7536009244,0.939940479762
2012-09-29 17:09:05,21708,1,5.98310974479,1.22950882039
2012-09-29 17:09:06,21709,1,7.26047571562,1.27736597083
2012-09-29 17:09:07,21710,1,8.1467257247,0.886250009077
2012-09-29 17:09:08,21711,1,8.2806246314,0.133898906696
2012-09-29 17:09:09,21712,1,7.68068420863,-0.599940422768
2012-09-29 17:09:10,21713,1,6.7924847128,-0.888199495833
2012-09-29 17:09:11,21714,1,6.24843690923,-0.544047803571
2012-09-29 17:09:12,21715,1,6.51004391815,0.261607008929
2012-09-29 17:09:13,21716,1,7.62179986979,1.11175595164
2012-09-29 17:09:14,21717,1,9.26644282217,1.64464295238
2012-09-29 17:09:15,21718,1,11.041889349,1.77544652679
2012-09-29 17:09:16,21719,1,12.6761155737,1.6342262247
2012-09-29 17:09:17,21720,1,14.0510411317,1.37492555804
2012-09-29 17:09:18,21721,1,15.1093744055,1.05833327381
2012-09-29 17:09:19,21722,1,15.7555053504,0.64613094494
2012-09-29 17:09:20,21723,1,15.8235432806,0.0680379301658
2012-09-29 17:09:21,21724,1,15.1082054423,-0.715337838329
2012-09-29 17:09:22,21725,1,13.4614156623,-1.64678977997
2012-09-29 17:09:23,21726,1,10.9884884906,-2.47292717166
2012-09-29 17:09:24,21727,1,8.17322492613,-2.81526356452
2012-09-29 17:09:25,21728,1,5.69306973608,-2.48015519005
2012-09-29 17:09:26,21729,1,4.04770408312,-1.64536565295
2012-09-29 17:09:27,21730,1,3.31159651361,-0.736107569515
2012-09-29 17:09:28,21731,1,3.16831420068,-0.143282312925
2012-09-29 17:09:29,21732,1,3.22640306271,0.0580888620323
2012-09-29 17:09:30,21733,1,3.35201956601,0.125616503295
2012-09-29 17:09:31,21734,1,3.6728316453,0.320812079294
2012-09-29 17:09:32,21735,1,4.34152846333,0.668696818027
2012-09-29 17:09:33,21736,1,5.40683445929,1.06530599596
2012-09-29 17:09:34,21737,1,6.85838610236,1.45155164307
2012-09-29 17:09:35,21738,1,8.69364306388,1.83525696152
2012-09-29 17:09:36,21739,1,10.9209600555,2.2273169916
2012-09-29 17:09:37,21740,1,13.4820357372,2.56107568176
2012-09-29 17:09:38,21741,1,16.1523059122,2.67027017496
2012-09-29 17:09:39,21742,1,18.5592258259,2.40691991369
2012-09-29 17:09:40,21743,1,20.347916494,1.78869066815
2012-09-29 17:09:41,21744,1,21.3488093527,1.00089285863
2012-09-29 17:09:42,21745,1,21.6253716659,0.276562313244
2012-09-29 17:09:43,21746,1,21.4070678229,-0.218303843006
2012-09-29 17:09:44,21747,1,20.960490215,-0.446577607887
2012-09-29 17:09:45,21748,1,20.4383919077,-0.522098307292
2012-09-29 17:09:46,21749,1,19.7660705283,-0.672321379464
2012-09-29 17:09:47,21750,1,18.6584069741,-1.10766355413
2012-09-29 17:09:48,21751,1,16.7972092311,-1.86119774302
2012-09-29 17:09:49,21752,1,14.0873507833,-2.70985844782
2012-09-29 17:09:50,21753,1,10.8449030297,-3.24244775363
2012-09-29 17:09:51,21754,1,7.7299849881,-3.11491804157
2012-09-29 17:09:52,21755,1,5.39017847917,-2.33980650893
2012-09-29 17:09:53,21756,1,4.10066950521,-1.28950897396
2012-09-29 17:09:54,21757,1,3.69319172089,-0.407477784319
2012-09-29 17:09:55,21758,1,3.76071391481,0.0675221939174
2012-09-29 17:09:56,21759,1,3.94203819048,0.18132427567
2012-09-29 17:09:57,21760,1,4.10171068192,0.159672491443
2012-09-29 17:09:58,21761,1,4.33247692866,0.230766246745
2012-09-29 17:09:59,21762,1,4.82008842783,0.487611499163
2012-09-29 17:10:00,21763,1,5.67306453274,0.852976104911
2012-09-29 17:10:01,21764,1,6.85684424405,1.18377971131
2012-09-29 17:10:02,21765,1,8.27458979846,1.41774555441
2012-09-29 17:10:03,21766,1,9.89293070108,1.61834090262
2012-09-29 17:10:04,21767,1,11.7940842019,1.90115350084
2012-09-29 17:10:05,21768,1,14.0746275839,2.28054338198
2012-09-29 17:10:06,21769,1,16.6652526786,2.59062509468
2012-09-29 17:10:07,21770,1,19.3011156726,2.63586299405
2012-09-29 17:10:08,21771,1,21.6804309249,2.37931525223
2012-09-29 17:10:09,21772,1,23.5983622857,1.91793136086
2012-09-29 17:10:10,21773,1,24.9458324762,1.34747019048
2012-09-29 17:10:11,21774,1,25.6361599167,0.690327440476
2012-09-29 17:10:12,21775,1,25.5348207098,-0.101339206845
2012-09-29 17:10:13,21776,1,24.4671124271,-1.06770828274
2012-09-29 17:10:14,21777,1,22.3211196922,-2.14599273491
2012-09-29 17:10:15,21778,1,19.1429735103,-3.17814618187
2012-09-29 17:10:16,21779,1,15.187265742,-3.95570776828
2012-09-29 17:10:17,21780,1,10.9621702425,-4.22509549957
2012-09-29 17:10:18,21781,1,7.15024435895,-3.8119258835
2012-09-29 17:10:19,21782,1,4.33026145206,-2.81998290689
2012-09-29 17:10:20,21783,1,2.71683674065,-1.61342471142
2012-09-29 17:10:21,21784,1,2.10637755772,-0.610459182929
2012-09-29 17:10:22,21785,1,2.03216411862,-0.0742134390944
2012-09-29 17:10:23,21786,1,2.0931335101,0.0609693914753
2012-09-29 17:10:24,21787,1,2.26825043112,0.175116921025
2012-09-29 17:10:25,21788,1,2.93174954581,0.66349911469
2012-09-29 17:10:26,21789,1,4.55381578082,1.62206623501
2012-09-29 17:10:27,21790,1,7.31069277051,2.75687698969
2012-09-29 17:10:28,21791,1,10.823096977,3.51240420653
2012-09-29 17:10:29,21792,1,14.2570042349,3.43390725787
2012-09-29 17:10:30,21793,1,16.8489154294,2.59191119452
2012-09-29 17:10:31,21794,1,18.4291026359,1.58018720653
2012-09-29 17:10:32,21795,1,19.4302826243,1.00117998831
2012-09-29 17:10:33,21796,1,20.4159225945,0.985639970238
2012-09-29 17:10:34,21797,1,21.603199375,1.18727678051
2012-09-29 17:10:35,21798,1,22.7805058356,1.17730646057
2012-09-29 17:10:36,21799,1,23.5900295506,0.80952371503
2012-09-29 17:10:37,21800,1,23.793824154,0.203794603423
2012-09-29 17:10:38,21801,1,23.2877229621,-0.506101191964
2012-09-29 17:10:39,21802,1,22.0032735238,-1.28444943824
2012-09-29 17:10:40,21803,1,19.9053567626,-2.09791676116
2012-09-29 17:10:41,21804,1,17.0818447664,-2.82351199628
2012-09-29 17:10:42,21805,1,13.7825144107,-3.29933035565
2012-09-29 17:10:43,21806,1,10.3681543884,-3.41436002232
2012-09-29 17:10:44,21807,1,7.26071400446,-3.10744038393
2012-09-29 17:10:45,21808,1,4.90602649777,-2.3546875067
2012-09-29 17:10:46,21809,1,3.6912942686,-1.21473222917
2012-09-29 17:10:47,21810,1,3.84211266964,0.150818401042
2012-09-29 17:10:48,21811,1,5.34605617485,1.50394350521
2012-09-29 17:10:49,21812,1,7.9200145997,2.57395842485
2012-09-29 17:10:50,21813,1,11.0530503199,3.13303572024
2012-09-29 17:10:51,21814,1,14.1322168579,3.07916653795
2012-09-29 17:10:52,21815,1,16.6238089263,2.49159206845
2012-09-29 17:10:53,21816,1,18.2552076004,1.63139867411
2012-09-29 17:10:54,21817,1,19.0770826034,0.821875002976
2012-09-29 17:10:55,21818,1,19.3339279754,0.256845372024
2012-09-29 17:10:56,21819,1,19.2654013735,-0.0685266019345
2012-09-29 17:10:57,21820,1,19.0169640112,-0.248437362351
2012-09-29 17:10:58,21821,1,18.6716515543,-0.345312456845
2012-09-29 17:10:59,21822,1,18.2943449606,-0.37730659375
2012-09-29 17:11:00,21823,1,17.9380948631,-0.35625009747
2012-09-29 17:11:01,21824,1,17.6353417976,-0.302753065476
2012-09-29 17:11:02,21825,1,17.3827375893,-0.252604208333
2012-09-29 17:11:03,21826,1,17.1118298438,-0.270907745536
2012-09-29 17:11:04,21827,1,16.6573655655,-0.454464278274
2012-09-29 17:11:05,21828,1,15.7532733467,-0.90409221875
2012-09-29 17:11:06,21829,1,14.1132436793,-1.64002966741
2012-09-29 17:11:07,21830,1,11.6456842493,-2.46755943006
2012-09-29 17:11:08,21831,1,8.7025294881,-2.94315476116
2012-09-29 17:11:09,21832,1,6.07842221503,-2.62410727307
2012-09-29 17:11:10,21833,1,4.6238833311,-1.45453888393
2012-09-29 17:11:11,21834,1,4.7761897433,0.152306412202
2012-09-29 17:11:12,21835,1,6.40089212574,1.62470238244
2012-09-29 17:11:13,21836,1,8.95974642113,2.55885429539
2012-09-29 17:11:14,21837,1,11.793377558,2.8336311369
2012-09-29 17:11:15,21838,1,14.3398807068,2.54650314881
2012-09-29 17:11:16,21839,1,16.2115326272,1.87165192039
2012-09-29 17:11:17,21840,1,17.2218749807,1.01034235342
2012-09-29 17:11:18,21841,1,17.4122023981,0.190327417411
2012-09-29 17:11:19,21842,1,16.9566219993,-0.455580398809
2012-09-29 17:11:20,21843,1,15.9957587693,-0.960863229911
2012-09-29 17:11:21,21844,1,14.6117556064,-1.38400316295
2012-09-29 17:11:22,21845,1,12.918154279,-1.69360132738
2012-09-29 17:11:23,21846,1,11.0705352329,-1.84761904613
2012-09-29 17:11:24,21847,1,9.20089251935,-1.86964271354
2012-09-29 17:11:25,21848,1,7.43377961235,-1.76711290699
2012-09-29 17:11:26,21849,1,5.96235112822,-1.47142848413
2012-09-29 17:11:27,21850,1,4.98348199492,-0.978869133309
2012-09-29 17:11:28,21851,1,4.49620502307,-0.48727697185
2012-09-29 17:11:29,21852,1,4.24493999467,-0.251265028398
2012-09-29 17:11:30,21853,1,3.93281199231,-0.312128002356
2012-09-29 17:11:31,21854,1,3.47916623438,-0.453645757937
2012-09-29 17:11:32,21855,1,3.05617524132,-0.422990993056
2012-09-29 17:11:33,21856,1,2.8757436746,-0.180431566716
2012-09-29 17:11:34,21857,1,2.96435962426,0.0886159496528
2012-09-29 17:11:35,21858,1,3.18355591989,0.219196295635
2012-09-29 17:11:36,21859,1,3.40275228993,0.21919637004
2012-09-29 17:11:37,21860,1,3.56465707961,0.161904789683
2012-09-29 17:11:38,21861,1,3.67239523834,0.10773815873
2012-09-29 17:11:39,21862,1,3.83117503286,0.158779794519
2012-09-29 17:11:40,21863,1,4.24858572842,0.417410695561
2012-09-29 17:11:41,21864,1,5.08921068812,0.840624959697
2012-09-29 17:11:42,21865,1,6.29397254737,1.20476185925
2012-09-29 17:11:43,21866,1,7.50907665923,1.21510411186
2012-09-29 17:11:44,21867,1,8.17001412054,0.66093746131
2012-09-29 17:11:45,21868,1,7.74880879985,-0.421205320685
2012-09-29 17:11:46,21869,1,6.10855597619,-1.64025282366
2012-09-29 17:11:47,21870,1,3.79464250372,-2.31391347247
2012-09-29 17:11:48,21871,1,0.0,-3.79464250372
2012-09-29 17:36:03,23326,1455,0.0,0.0
2012-09-29 17:36:04,23327,1,2.31398756473,2.31398756473
2012-09-29 17:36:05,23328,1,3.78385349628,1.46986593155
2012-09-29 17:36:06,23329,1,5.11502916592,1.33117566964
2012-09-29 17:36:07,23330,1,6.07388355134,0.958854385417
2012-09-29 17:36:08,23331,1,6.7320682619,0.658184710565
2012-09-29 17:36:09,23332,1,7.1869790253,0.454910763393
2012-09-29 17:36:10,23333,1,7.50223194717,0.315252921875
2012-09-29 17:36:11,23334,1,7.7379461503,0.235714203125
2012-09-29 17:36:12,23335,1,7.93184486235,0.193898712054
2012-09-29 17:36:13,23336,1,8.08682985045,0.154984988095
2012-09-29 17:36:14,23337,1,8.20580292932,0.118973078869
2012-09-29 17:36:15,23338,1,8.31956775967,0.113764830357
2012-09-29 17:36:16,23339,1,8.46272261905,0.143154859375
2012-09-29 17:36:17,23340,1,8.60996983036,0.14724721131
2012-09-29 17:36:18,23341,1,8.6386902061,0.028720375744
2012-09-29 17:36:19,23342,1,8.37589258036,-0.262797625744
2012-09-29 17:36:20,23343,1,7.70349661384,-0.672395966518
2012-09-29 17:36:21,23344,1,6.61569884747,-1.08779776637
2012-09-29 17:36:22,23345,1,5.1808029747,-1.43489587277
2012-09-29 17:36:23,23346,1,3.53266319717,-1.64813977753
2012-09-29 17:36:24,23347,1,2.00275266295,-1.52991053423
2012-09-29 17:36:25,23348,1,0.0,-2.00275266295
2012-09-29 17:37:07,23390,42,0.0,0.0
2012-09-29 17:37:08,23391,1,3.29538668899,3.29538668899
2012-09-29 17:37:09,23392,1,5.25260386235,1.95721717336
2012-09-29 17:37:10,23393,1,6.79813951637,1.54553565402
2012-09-29 17:37:11,23394,1,7.87239538616,1.07425586979
2012-09-29 17:37:12,23395,1,8.93169583482,1.05930044866
2012-09-29 17:37:13,23396,1,10.4166659048,1.48497006994
2012-09-29 17:37:14,23397,1,12.4278265179,2.0111606131
2012-09-29 17:37:15,23398,1,14.7525289375,2.32470241964
2012-09-29 17:37:16,23399,1,17.1007434107,2.34821447321
2012-09-29 17:37:17,23400,1,19.3190472463,2.21830383557
2012-09-29 17:37:18,23401,1,21.4296873624,2.11064011607
2012-09-29 17:37:19,23402,1,23.527529744,2.0978423817
2012-09-29 17:37:20,23403,1,25.6722469769,2.14471723289
2012-09-29 17:37:21,23404,1,27.8501486257,2.17790164881
2012-09-29 17:37:22,23405,1,29.9910710491,2.14092242336
2012-09-29 17:37:23,23406,1,31.9947166339,2.00364558482
2012-09-29 17:37:24,23407,1,33.7287937827,1.73407714881
2012-09-29 17:37:25,23408,1,35.0278264442,1.29903266146
2012-09-29 17:37:26,23409,1,35.7474693884,0.719642944197
2012-09-29 17:37:27,23410,1,35.8270825856,0.0796131971726
2012-09-29 17:37:28,23411,1,35.2712046146,-0.555877970982
2012-09-29 17:37:29,23412,1,34.0728414524,-1.1983631622
2012-09-29 17:37:30,23413,1,32.1787194263,-1.89412202604
2012-09-29 17:37:31,23414,1,29.5473952061,-2.63132422024
2012-09-29 17:37:32,23415,1,26.2494044144,-3.29799079167
2012-09-29 17:37:33,23416,1,22.4959819174,-3.75342249702
2012-09-29 17:37:34,23417,1,18.5606395201,-3.93534239732
2012-09-29 17:37:35,23418,1,14.6911452418,-3.86949427827
2012-09-29 17:37:36,23419,1,11.0705350134,-3.62061022842
2012-09-29 17:37:37,23420,1,7.79568391443,-3.27485109896
2012-09-29 17:37:38,23421,1,4.92127937128,-2.87440454315
2012-09-29 17:37:39,23422,1,2.62715755878,-2.2941218125
2012-09-29 17:37:40,23423,1,0.0,-2.62715755878
2012-09-29 17:38:11,23454,31,0.0,0.0
2012-09-29 17:38:12,23455,1,3.26927065104,3.26927065104
2012-09-29 17:38:13,23456,1,6.24843715179,2.97916650074
2012-09-29 17:38:14,23457,1,9.79538642634,3.54694927455
2012-09-29 17:38:15,23458,1,13.2421125833,3.44672615699
2012-09-29 17:38:16,23459,1,16.0788685826,2.83675599926
2012-09-29 17:38:17,23460,1,18.1043894702,2.02552088765
2012-09-29 17:38:18,23461,1,19.4861603021,1.38177083185
2012-09-29 17:38:19,23462,1,20.6301334687,1.14397316667
2012-09-29 17:38:20,23463,1,21.9293149784,1.29918150967
2012-09-29 17:38:21,23464,1,23.5578119948,1.62849701637
2012-09-29 17:38:22,23465,1,25.4240322366,1.86622024182
2012-09-29 17:38:23,23466,1,27.2741810476,1.85014881101
2012-09-29 17:38:24,23467,1,28.8359369985,1.56175595089
2012-09-29 17:38:25,23468,1,29.9186006853,1.08266368676
2012-09-29 17:38:26,23469,1,30.4714280737,0.552827388393
2012-09-29 17:38:27,23470,1,30.5935263259,0.122098252232
2012-09-29 17:38:28,23471,1,30.4691216116,-0.124404714286
2012-09-29 17:38:29,23472,1,30.271353756,-0.197767855655
2012-09-29 17:38:30,23473,1,30.1070679874,-0.164285768601
2012-09-29 17:38:31,23474,1,30.0156244896,-0.0914434977679
2012-09-29 17:38:32,23475,1,29.9938983393,-0.0217261502976
2012-09-29 17:38:33,23476,1,30.0122020461,0.0183037068453
2012-09-29 17:38:34,23477,1,30.0170384955,0.0048364494047
2012-09-29 17:38:35,23478,1,29.9627230595,-0.0543154360119
2012-09-29 17:38:36,23479,1,29.8566218207,-0.106101238839
2012-09-29 17:38:37,23480,1,29.7494045126,-0.107217308036
2012-09-29 17:38:38,23481,1,29.6832586749,-0.0661458377976
2012-09-29 17:38:39,23482,1,29.6430801153,-0.0401785595238
2012-09-29 17:38:40,23483,1,29.522172375,-0.120907740327
2012-09-29 17:38:41,23484,1,29.1539431704,-0.368229204613
2012-09-29 17:38:42,23485,1,28.4299103437,-0.724032826637
2012-09-29 17:38:43,23486,1,27.4082584249,-1.0216519189
2012-09-29 17:38:44,23487,1,26.3136898408,-1.09456858408
2012-09-29 17:38:45,23488,1,25.406026099,-0.907663741816
2012-09-29 17:38:46,23489,1,24.7889130647,-0.617113034226
2012-09-29 17:38:47,23490,1,24.3061006555,-0.482812409226
2012-09-29 17:38:48,23491,1,23.6069935164,-0.699107139137
2012-09-29 17:38:49,23492,1,22.3247761577,-1.28221735863
2012-09-29 17:38:50,23493,1,20.238764154,-2.08601200372
2012-09-29 17:38:51,23494,1,17.3335558244,-2.90520832961
2012-09-29 17:38:52,23495,1,13.824999407,-3.50855641741
2012-09-29 17:38:53,23496,1,10.2218745945,-3.6031248125
2012-09-29 17:38:54,23497,1,7.26785687277,-2.95401772173
2012-09-29 17:38:55,23498,1,5.64322889955,-1.62462797321
2012-09-29 17:38:56,23499,1,5.59866031176,-0.0445685877976
2012-09-29 17:38:57,23500,1,6.78601130878,1.18735099702
2012-09-29 17:38:58,23501,1,8.43251415476,1.64650284598
2012-09-29 17:38:59,23502,1,9.77261832217,1.34010416741
2012-09-29 17:39:00,23503,1,10.4095231778,0.636904855655
2012-09-29 17:39:01,23504,1,10.3464280327,-0.0630951450893
2012-09-29 17:39:02,23505,1,9.75684473735,-0.589583295387
2012-09-29 17:39:03,23506,1,8.76986557887,-0.986979158482
2012-09-29 17:39:04,23507,1,7.4620531064,-1.30781247247
2012-09-29 17:39:05,23508,1,5.98377934524,-1.47827376116
2012-09-29 17:39:06,23509,1,4.60089248214,-1.3828868631
2012-09-29 17:39:07,23510,1,3.54330323214,-1.05758925
2012-09-29 17:39:08,23511,1,2.79077352158,-0.752529710565
2012-09-29 17:39:09,23512,1,2.09479145387,-0.695982067708
2012-09-29 17:39:10,23513,1,1.35591504725,-0.738876406622
2012-09-29 17:39:11,23514,1,0.0,-1.35591504725
2012-09-30 00:19:36,47539,24025,0.0,0.0
2012-09-30 00:19:37,47540,1,3.20736574628,3.20736574628
2012-09-30 00:19:38,47541,1,5.39330310045,2.18593735417
2012-09-30 00:19:39,47542,1,7.29389830952,1.90059520908
2012-09-30 00:19:40,47543,1,8.43973173958,1.14583343006
2012-09-30 00:19:41,47544,1,8.76398784896,0.324256109375
2012-09-30 00:19:42,47545,1,8.40427816778,-0.359709681176
2012-09-30 00:19:43,47546,1,7.5645832753,-0.839694892485
2012-09-30 00:19:44,47547,1,6.47700878199,-1.0875744933
2012-09-30 00:19:45,47548,1,5.36212764955,-1.11488113244
2012-09-30 00:19:46,47549,1,4.39940425744,-0.962723392113
2012-09-30 00:19:47,47550,1,3.71971662946,-0.679687627976
2012-09-30 00:19:48,47551,1,3.38601118155,-0.333705447917
2012-09-30 00:19:49,47552,1,3.40810931622,0.0220981346726
2012-09-30 00:19:50,47553,1,3.80059438616,0.39248506994
2012-09-30 00:19:51,47554,1,4.62447836012,0.823883973958
2012-09-30 00:19:52,47555,1,5.98608564286,1.36160728274
2012-09-30 00:19:53,47556,1,7.94717208408,1.96108644122
2012-09-30 00:19:54,47557,1,10.3616810588,2.4145089747
2012-09-30 00:19:55,47558,1,12.8117554524,2.4500743936
2012-09-30 00:19:56,47559,1,14.7566959308,1.94494047842
2012-09-30 00:19:57,47560,1,15.7984370499,1.04174111905
2012-09-30 00:19:58,47561,1,15.8752228095,0.0767857596726
2012-09-30 00:19:59,47562,1,15.2492555045,-0.62596730506
2012-09-30 00:20:00,47563,1,14.3101184628,-0.939137041667
2012-09-30 00:20:01,47564,1,13.3651034464,-0.945015016369
2012-09-30 00:20:02,47565,1,12.567856369,-0.797247077381
2012-09-30 00:20:03,47566,1,11.9733623668,-0.594494002232
2012-09-30 00:20:04,47567,1,11.5908476183,-0.382514748512
2012-09-30 00:20:05,47568,1,11.3450888698,-0.245758748512
2012-09-30 00:20:06,47569,1,11.001339045,-0.343749824777
2012-09-30 00:20:07,47570,1,10.2158481109,-0.785490934152
2012-09-30 00:20:08,47571,1,8.76547615104,-1.45037195982
2012-09-30 00:20:09,47572,1,6.78980646354,-1.9756696875
2012-09-30 00:20:10,47573,1,4.847767641,-1.94203882254
2012-09-30 00:20:11,47574,1,3.70014843601,-1.14761920499
2012-09-30 00:20:12,47575,1,3.90944888281,0.209300446801
2012-09-30 00:20:13,47576,1,5.5757433869,1.66629450409
2012-09-30 00:20:14,47577,1,8.40967183259,2.83392844568
2012-09-30 00:20:15,47578,1,11.9758919948,3.5662201622
2012-09-30 00:20:16,47579,1,15.8874247742,3.91153277939
2012-09-30 00:20:17,47580,1,19.8725440067,3.98511923251
2012-09-30 00:20:18,47581,1,23.7304311749,3.85788716815
2012-09-30 00:20:19,47582,1,27.2951635558,3.56473238095
2012-09-30 00:20:20,47583,1,30.456249994,3.16108643824
2012-09-30 00:20:21,47584,1,33.1417410238,2.68549102976
2012-09-30 00:20:22,47585,1,35.2642110365,2.12247001265
2012-09-30 00:20:23,47586,1,36.723362497,1.45915146057
2012-09-30 00:20:24,47587,1,37.4726181897,0.749255692708
2012-09-30 00:20:25,47588,1,37.5895080089,0.116889819196
2012-09-30 00:20:26,47589,1,37.2761896808,-0.313318328125
2012-09-30 00:20:27,47590,1,36.7559517567,-0.520237924107
2012-09-30 00:20:28,47591,1,36.1597464769,-0.596205279762
2012-09-30 00:20:29,47592,1,35.5240321629,-0.635714313988
2012-09-30 00:20:30,47593,1,34.8640619278,-0.659970235119
2012-09-30 00:20:31,47594,1,34.1773805327,-0.686681395089
2012-09-30 00:20:32,47595,1,33.3453867403,-0.831993792411
2012-09-30 00:20:33,47596,1,32.0931548251,-1.25223191518
2012-09-30 00:20:34,47597,1,30.1279763549,-1.96517847024
2012-09-30 00:20:35,47598,1,27.3377977217,-2.79017863318
2012-09-30 00:20:36,47599,1,23.8720981481,-3.46569957366
2012-09-30 00:20:37,47600,1,20.0715771272,-3.80052102083
2012-09-30 00:20:38,47601,1,16.2962049278,-3.7753721994
2012-09-30 00:20:39,47602,1,12.7480649077,-3.54814002009
2012-09-30 00:20:40,47603,1,9.42879403571,-3.31927087202
2012-09-30 00:20:41,47604,1,6.29493996057,-3.13385407515
2012-09-30 00:20:42,47605,1,3.54739549182,-2.74754446875
2012-09-30 00:20:43,47606,1,0.0,-3.54739549182
2012-09-30 00:20:57,47620,14,0.0,0.0
2012-09-30 00:20:58,47621,1,3.63898794122,3.63898794122
2012-09-30 00:20:59,47622,1,6.99724679539,3.35825885417
2012-09-30 00:21:00,47623,1,11.0625741496,4.06532735417
2012-09-30 00:21:01,47624,1,15.197246814,4.13467266443
2012-09-30 00:21:02,47625,1,19.0776040104,3.88035719643
2012-09-30 00:21:03,47626,1,22.6397319479,3.5621279375
2012-09-30 00:21:04,47627,1,25.9168151429,3.27708319494
2012-09-30 00:21:05,47628,1,28.925445965,3.00863082217
2012-09-30 00:21:06,47629,1,31.6649548542,2.73950888914
2012-09-30 00:21:07,47630,1,34.1627971317,2.49784227753
2012-09-30 00:21:08,47631,1,36.4807286429,2.31793151116
2012-09-30 00:21:09,47632,1,38.6701630007,2.18943435789
2012-09-30 00:21:10,47633,1,40.7297609487,2.05959794792
2012-09-30 00:21:11,47634,1,42.6154005565,1.88563960789
2012-09-30 00:21:12,47635,1,44.285489628,1.67008907143
2012-09-30 00:21:13,47636,1,45.727602628,1.442113
2012-09-30 00:21:14,47637,1,46.9537187872,1.22611615923
2012-09-30 00:21:15,47638,1,47.9843737857,1.03065499851
2012-09-30 00:21:16,47639,1,48.8397311868,0.855357401042
2012-09-30 00:21:17,47640,1,49.5497015997,0.709970412947
2012-09-30 00:21:18,47641,1,50.1697165521,0.620014952381
2012-09-30 00:21:19,47642,1,50.7668892321,0.59717268006
2012-09-30 00:21:20,47643,1,51.3663685915,0.599479359375
2012-09-30 00:21:21,47644,1,51.912946311,0.546577719494
2012-09-30 00:21:22,47645,1,52.3237353207,0.410789009673
2012-09-30 00:21:23,47646,1,52.5974705528,0.273735232143
2012-09-30 00:21:24,47647,1,52.8518602775,0.254389724702
2012-09-30 00:21:25,47648,1,53.245833128,0.393972850446
2012-09-30 00:21:26,47649,1,53.8621273616,0.616294233631
2012-09-30 00:21:27,47650,1,54.648734282,0.786606920387
2012-09-30 00:21:28,47651,1,55.4699397277,0.821205445684
2012-09-30 00:21:29,47652,1,56.2051334546,0.735193726934
2012-09-30 00:21:30,47653,1,56.7885414435,0.583407988839
2012-09-30 00:21:31,47654,1,57.1907737173,0.402232273809
2012-09-30 00:21:32,47655,1,57.4087796637,0.218005946429
2012-09-30 00:21:33,47656,1,57.4709075022,0.0621278385416
2012-09-30 00:21:34,47657,1,57.4166662091,-0.0542412931547
2012-09-30 00:21:35,47658,1,57.2404011042,-0.176265104911
2012-09-30 00:21:36,47659,1,56.8635408646,-0.376860239583
2012-09-30 00:21:37,47660,1,56.207142125,-0.656398739583
2012-09-30 00:21:38,47661,1,55.3101185461,-0.897023578869
2012-09-30 00:21:39,47662,1,54.3617556972,-0.948362848958
2012-09-30 00:21:40,47663,1,53.6053570313,-0.756398665923
2012-09-30 00:21:41,47664,1,53.1858630469,-0.419493984375
2012-09-30 00:21:42,47665,1,53.0625744457,-0.123288601191
2012-09-30 00:21:43,47666,1,53.0550597292,-0.0075147165178
2012-09-30 00:21:44,47667,1,52.9632444591,-0.0918152700893
2012-09-30 00:21:45,47668,1,52.6638398899,-0.299404569196
2012-09-30 00:21:46,47669,1,52.1374263266,-0.526413563244
2012-09-30 00:21:47,47670,1,51.4386168385,-0.698809488095
2012-09-30 00:21:48,47671,1,50.6956108482,-0.743005990327
2012-09-30 00:21:49,47672,1,50.1514143348,-0.544196513393
2012-09-30 00:21:50,47673,1,50.1084082433,-0.0430060915178
2012-09-30 00:21:51,47674,1,50.7446431503,0.636234906994
2012-09-30 00:21:52,47675,1,51.9182292304,1.17358608011
2012-09-30 00:21:53,47676,1,53.1183035084,1.20007427803
2012-09-30 00:21:54,47677,1,53.7478422173,0.629538708829
2012-09-30 00:21:55,47678,1,53.5774553896,-0.170386827629
2012-09-30 00:21:56,47679,1,52.8791667116,-0.698288678075
2012-09-30 00:21:57,47680,1,52.1460564643,-0.733110247272
2012-09-30 00:21:58,47681,1,51.7282734648,-0.417782999504
2012-09-30 00:21:59,47682,1,51.6578862272,-0.0703872375992
2012-09-30 00:22:00,47683,1,51.7744781406,0.116591913442
2012-09-30 00:22:01,47684,1,51.9573647505,0.182886609871
2012-09-30 00:22:02,47685,1,52.1327366513,0.175371900794
2012-09-30 00:22:03,47686,1,52.1560254821,0.0232888308532
2012-09-30 00:22:04,47687,1,51.8721716746,-0.28385380754
2012-09-30 00:22:05,47688,1,51.2813982622,-0.59077341245
2012-09-30 00:22:06,47689,1,50.5834074308,-0.697990831349
2012-09-30 00:22:07,47690,1,50.0619044804,-0.521502950397
2012-09-30 00:22:08,47691,1,49.8972466885,-0.164657791915
2012-09-30 00:22:09,47692,1,50.0674104457,0.170163757192
2012-09-30 00:22:10,47693,1,50.4319940246,0.364583578869
2012-09-30 00:22:11,47694,1,50.867187747,0.43519372247
2012-09-30 00:22:12,47695,1,51.2934526726,0.426264925595
2012-09-30 00:22:13,47696,1,51.6298362969,0.336383624256
2012-09-30 00:22:14,47697,1,51.7883179702,0.158481673363
2012-09-30 00:22:15,47698,1,51.7301331637,-0.0581848065476
2012-09-30 00:22:16,47699,1,51.5130945357,-0.217038627976
2012-09-30 00:22:17,47700,1,51.2707585134,-0.242336022321
2012-09-30 00:22:18,47701,1,51.1337796302,-0.136978883185
2012-09-30 00:22:19,47702,1,51.1540921935,0.0203125632441
2012-09-30 00:22:20,47703,1,51.2999252842,0.145833090774
2012-09-30 00:22:21,47704,1,51.5211302024,0.221204918155
2012-09-30 00:22:22,47705,1,51.8020077604,0.280877558036
2012-09-30 00:22:23,47706,1,52.1499242671,0.347916506696
2012-09-30 00:22:24,47707,1,52.555579253,0.405654985863
2012-09-30 00:22:25,47708,1,52.9774547046,0.421875451637
2012-09-30 00:22:26,47709,1,53.3645086004,0.387053895833
2012-09-30 00:22:27,47710,1,53.6915918914,0.327083290923
2012-09-30 00:22:28,47711,1,53.9629457284,0.271353837054
2012-09-30 00:22:29,47712,1,54.1670376704,0.204091941964
2012-09-30 00:22:30,47713,1,54.226859003,0.0598213325893
2012-09-30 00:22:31,47714,1,54.0093739844,-0.217485018601
2012-09-30 00:22:32,47715,1,53.3996270982,-0.609746886161
2012-09-30 00:22:33,47716,1,52.3773057254,-1.02232137277
2012-09-30 00:22:34,47717,1,51.0333324918,-1.34397323363
2012-09-30 00:22:35,47718,1,49.5216509457,-1.51168154613
2012-09-30 00:22:36,47719,1,48.0001480484,-1.52150289732
2012-09-30 00:22:37,47720,1,46.6156243616,-1.38452368676
2012-09-30 00:22:38,47721,1,45.5141364003,-1.10148796131
2012-09-30 00:22:39,47722,1,44.8122764546,-0.701859945685
2012-09-30 00:22:40,47723,1,44.5345981071,-0.27767834747
2012-09-30 00:22:41,47724,1,44.5902530469,0.0556549397321
2012-09-30 00:22:42,47725,1,44.8173363735,0.227083326637
2012-09-30 00:22:43,47726,1,45.0566962984,0.239359924851
2012-09-30 00:22:44,47727,1,45.2057288467,0.149032548363
2012-09-30 00:22:45,47728,1,45.2226187626,0.0168899159226
2012-09-30 00:22:46,47729,1,45.0840029702,-0.138615792411
2012-09-30 00:22:47,47730,1,44.7283485231,-0.355654447173
2012-09-30 00:22:48,47731,1,44.0327385439,-0.695609979167
2012-09-30 00:22:49,47732,1,42.8613843363,-1.17135420759
2012-09-30 00:22:50,47733,1,41.1639884062,-1.69739593006
2012-09-30 00:22:51,47734,1,39.0341519807,-2.1298364256
2012-09-30 00:22:52,47735,1,36.6678571205,-2.36629486012
2012-09-30 00:22:53,47736,1,34.2818448609,-2.38601225967
2012-09-30 00:22:54,47737,1,32.1031242292,-2.1787206317
2012-09-30 00:22:55,47738,1,30.4277519308,-1.67537229836
2012-09-30 00:22:56,47739,1,29.6063976935,-0.821354237351
2012-09-30 00:22:57,47740,1,29.8767102909,0.27031259747
2012-09-30 00:22:58,47741,1,31.1812491503,1.30453885938
2012-09-30 00:22:59,47742,1,33.1669635833,1.98571443304
2012-09-30 00:23:00,47743,1,35.3753714085,2.20840782515
2012-09-30 00:23:01,47744,1,37.4510411168,2.07566970833
2012-09-30 00:23:02,47745,1,39.2088537091,1.75781259226
2012-09-30 00:23:03,47746,1,40.574255622,1.36540191295
2012-09-30 00:23:04,47747,1,41.5348956473,0.960640025298
2012-09-30 00:23:05,47748,1,42.1505207381,0.615625090774
2012-09-30 00:23:06,47749,1,42.5342260365,0.383705298363
2012-09-30 00:23:07,47750,1,42.7785710685,0.244345031994
2012-09-30 00:23:08,47751,1,42.9119041644,0.133333095982
2012-09-30 00:23:09,47752,1,42.9293891399,0.0174849754465
2012-09-30 00:23:10,47753,1,42.8535707009,-0.0758184389881
2012-09-30 00:23:11,47754,1,42.7597464323,-0.0938242686012
2012-09-30 00:23:12,47755,1,42.7390620402,-0.0206843921131
2012-09-30 00:23:13,47756,1,42.8415918423,0.102529802083
2012-09-30 00:23:14,47757,1,43.0569192478,0.215327405506
2012-09-30 00:23:15,47758,1,43.3316961719,0.274776924107
2012-09-30 00:23:16,47759,1,43.5959821429,0.264285970982
2012-09-30 00:23:17,47760,1,43.7839288311,0.187946688244
2012-09-30 00:23:18,47761,1,43.8497771942,0.0658483630952
2012-09-30 00:23:19,47762,1,43.7959825714,-0.0537946227678
2012-09-30 00:23:20,47763,1,43.706994436,-0.0889881354167
2012-09-30 00:23:21,47764,1,43.7365330841,0.0295386480655
2012-09-30 00:23:22,47765,1,44.0300598266,0.29352674256
2012-09-30 00:23:23,47766,1,44.6401043869,0.610044560268
2012-09-30 00:23:24,47767,1,45.4909970796,0.850892692708
2012-09-30 00:23:25,47768,1,46.4127230417,0.921725962054
2012-09-30 00:23:26,47769,1,47.2341513876,0.821428345982
2012-09-30 00:23:27,47770,1,47.8695678951,0.63541650744
2012-09-30 00:23:28,47771,1,48.3336303705,0.464062475446
2012-09-30 00:23:29,47772,1,48.7005947812,0.366964410714
2012-09-30 00:23:30,47773,1,49.0490324501,0.348437668899
2012-09-30 00:23:31,47774,1,49.4112349189,0.36220246875
2012-09-30 00:23:32,47775,1,49.7538688177,0.34263389881
2012-09-30 00:23:33,47776,1,50.0069193244,0.253050506696
2012-09-30 00:23:34,47777,1,50.1226187039,0.115699379464
2012-09-30 00:23:35,47778,1,50.1220979933,-0.000520710565503
2012-09-30 00:23:36,47779,1,50.0828869092,-0.0392110840774
2012-09-30 00:23:37,47780,1,50.0758930536,-0.0069938556548
2012-09-30 00:23:38,47781,1,50.119791907,0.0438988534226
2012-09-30 00:23:39,47782,1,50.1851191629,0.0653272559524
2012-09-30 00:23:40,47783,1,50.2321427366,0.0470235736607
2012-09-30 00:23:41,47784,1,50.251041279,0.0188985424107
2012-09-30 00:23:42,47785,1,50.2613089204,0.0102676413691
2012-09-30 00:23:43,47786,1,50.2784219249,0.0171130044643
2012-09-30 00:23:44,47787,1,50.300148154,0.0217262291667
2012-09-30 00:23:45,47788,1,50.3182286138,0.0180804598214
2012-09-30 00:23:46,47789,1,50.3297614821,0.0115328683036
2012-09-30 00:23:47,47790,1,50.3380205737,0.0082590915178
2012-09-30 00:23:48,47791,1,50.3462796786,0.0082591049107
2012-09-30 00:23:49,47792,1,50.3558036629,0.009523984375
2012-09-30 00:23:50,47793,1,50.365030029,0.0092263660715
2012-09-30 00:23:51,47794,1,50.3654021875,0.000372158482101
2012-09-30 00:23:52,47795,1,50.3481403259,-0.0172618616071
2012-09-30 00:23:53,47796,1,50.3169646585,-0.0311756674108
2012-09-30 00:23:54,47797,1,50.2858632411,-0.0311014174107
2012-09-30 00:23:55,47798,1,50.2674104978,-0.0184527433035
2012-09-30 00:23:56,47799,1,50.2648059888,-0.0026045089286
2012-09-30 00:23:57,47800,1,50.2703117634,0.0055057745536
2012-09-30 00:23:58,47801,1,50.2738087567,0.0034969933035
2012-09-30 00:23:59,47802,1,50.2739575647,0.000148808035703
2012-09-30 00:24:00,47803,1,50.2773057366,0.003348171875
2012-09-30 00:24:01,47804,1,50.2894337031,0.0121279665179
2012-09-30 00:24:02,47805,1,50.3116064955,0.0221727924107
2012-09-30 00:24:03,47806,1,50.3420384107,0.0304319151786
2012-09-30 00:24:04,47807,1,50.3731399487,0.0311015379464
2012-09-30 00:24:05,47808,1,50.391071593,0.0179316443453
2012-09-30 00:24:06,47809,1,50.3879464487,-0.0031251443453
2012-09-30 00:24:07,47810,1,50.3741813996,-0.0137650491071
2012-09-30 00:24:08,47811,1,50.3721724375,-0.0020089620536
2012-09-30 00:24:09,47812,1,50.3941219241,0.0219494866071
2012-09-30 00:24:10,47813,1,50.4276785915,0.0335566674108
2012-09-30 00:24:11,47814,1,50.448586468,0.0209078764881
2012-09-30 00:24:12,47815,1,50.4451640513,-0.0034224166667
2012-09-30 00:24:13,47816,1,50.4258190938,-0.0193449575893
2012-09-30 00:24:14,47817,1,50.4071437545,-0.0186753392857
2012-09-30 00:24:15,47818,1,50.3982897121,-0.0088540424107
2012-09-30 00:24:16,47819,1,50.3973968661,-0.0008928459822
2012-09-30 00:24:17,47820,1,50.40200991,0.0046130438988
2012-09-30 00:24:18,47821,1,50.4149562076,0.0129462976191
2012-09-30 00:24:19,47822,1,50.437575029,0.0226188214286
2012-09-30 00:24:20,47823,1,50.4635420313,0.0259670022321
2012-09-30 00:24:21,47824,1,50.4816222076,0.0180801763393
2012-09-30 00:24:22,47825,1,50.4851936004,0.0035713928571
2012-09-30 00:24:23,47826,1,50.479166875,-0.0060267254464
2012-09-30 00:24:24,47827,1,50.4746282299,-0.0045386450893
2012-09-30 00:24:25,47828,1,50.4780508147,0.0034225848214
2012-09-30 00:24:26,47829,1,50.487500125,0.0094493102679
2012-09-30 00:24:27,47830,1,50.4964286071,0.00892848214291
2012-09-30 00:24:28,47831,1,50.5019345193,0.0055059122023
2012-09-30 00:24:29,47832,1,50.5054315424,0.0034970230655
2012-09-30 00:24:30,47833,1,50.4960565513,-0.0093749910714
2012-09-30 00:24:31,47834,1,50.4593005915,-0.0367559598214
2012-09-30 00:24:32,47835,1,50.4228422165,-0.036458375
2012-09-30 00:24:33,47836,1,50.4398808638,0.0170386473214
2012-09-30 00:24:34,47837,1,50.5111606533,0.0712797894345
2012-09-30 00:24:35,47838,1,50.5798363616,0.0686757083333
2012-09-30 00:24:36,47839,1,50.5879466138,0.0081102522322
2012-09-30 00:24:37,47840,1,50.5170389263,-0.0709076875
2012-09-30 00:24:38,47841,1,50.411532846,-0.105506080357
2012-09-30 00:24:39,47842,1,50.3400295871,-0.0715032589285
2012-09-30 00:24:40,47843,1,50.3191215818,-0.0209080052084
2012-09-30 00:24:41,47844,1,50.3205351696,0.0014135877977
2012-09-30 00:24:42,47845,1,50.328124558,0.00758938839279
2012-09-30 00:24:43,47846,1,50.3426337567,0.0145091986607
2012-09-30 00:24:44,47847,1,50.3579614308,0.0153276741072
2012-09-30 00:24:45,47848,1,50.3589288192,0.000967388392802
2012-09-30 00:24:46,47849,1,50.334449532,-0.0244792872024
2012-09-30 00:24:47,47850,1,50.285937314,-0.0485122180059
2012-09-30 00:24:48,47851,1,50.2233625342,-0.0625747797619
2012-09-30 00:24:49,47852,1,50.1612342656,-0.0621282686012
2012-09-30 00:24:50,47853,1,50.1287936421,-0.0324406235119
2012-09-30 00:24:51,47854,1,50.1776775439,0.0488839017857
2012-09-30 00:24:52,47855,1,50.3629454784,0.185267934524
2012-09-30 00:24:53,47856,1,50.7055051875,0.342559709077
2012-09-30 00:24:54,47857,1,51.1577375885,0.452232401042
2012-09-30 00:24:55,47858,1,51.6004461845,0.442708595982
2012-09-30 00:24:56,47859,1,51.8954612835,0.295015098958
2012-09-30 00:24:57,47860,1,51.9610864554,0.065625171875
2012-09-30 00:24:58,47861,1,51.8101937329,-0.15089272247
2012-09-30 00:24:59,47862,1,51.5409229442,-0.26927078869
2012-09-30 00:25:00,47863,1,51.294345436,-0.246577508185
2012-09-30 00:25:01,47864,1,51.1869046808,-0.107440755208
2012-09-30 00:25:02,47865,1,51.2559520052,0.0690473244047
2012-09-30 00:25:03,47866,1,51.4627970432,0.206845037947
2012-09-30 00:25:04,47867,1,51.7390618147,0.276264771577
2012-09-30 00:25:05,47868,1,52.0283474725,0.289285657738
2012-09-30 00:25:06,47869,1,52.3017105952,0.273363122768
2012-09-30 00:25:07,47870,1,52.5600441183,0.258333523066
2012-09-30 00:25:08,47871,1,52.8409968757,0.28095275744
2012-09-30 00:25:09,47872,1,53.2185271049,0.377530229167
2012-09-30 00:25:10,47873,1,53.7678578445,0.549330739583
2012-09-30 00:25:11,47874,1,54.5032002783,0.73534243378
2012-09-30 00:25:12,47875,1,55.3397329777,0.836532699405
2012-09-30 00:25:13,47876,1,56.126265558,0.786532580357
2012-09-30 00:25:14,47877,1,56.7266374122,0.600371854167
2012-09-30 00:25:15,47878,1,57.0787950208,0.352157608631
2012-09-30 00:25:16,47879,1,57.1991074085,0.120312387649
2012-09-30 00:25:17,47880,1,57.1522322485,-0.0468751599702
2012-09-30 00:25:18,47881,1,57.0159968571,-0.136235391369
2012-09-30 00:25:19,47882,1,56.8601184985,-0.155878358631
2012-09-30 00:25:20,47883,1,56.7359365826,-0.124181915923
2012-09-30 00:25:21,47884,1,56.6675584263,-0.06837815625
2012-09-30 00:25:22,47885,1,56.6516359018,-0.0159225245536
2012-09-30 00:25:23,47886,1,56.6677820521,0.0161461502976
2012-09-30 00:25:24,47887,1,56.6857139777,0.0179319255953
2012-09-30 00:25:25,47888,1,56.6675594702,-0.0181545074405
2012-09-30 00:25:26,47889,1,56.5779761905,-0.0895832797619
2012-09-30 00:25:27,47890,1,56.404166567,-0.173809623512
2012-09-30 00:25:28,47891,1,56.163615785,-0.240550781994
2012-09-30 00:25:29,47892,1,55.8808030729,-0.282812712053
2012-09-30 00:25:30,47893,1,55.5664427984,-0.314360274554
2012-09-30 00:25:31,47894,1,55.2395826161,-0.326860182292
2012-09-30 00:25:32,47895,1,54.9610855952,-0.278497020833
2012-09-30 00:25:33,47896,1,54.8260409911,-0.135044604167
2012-09-30 00:25:34,47897,1,54.9101928073,0.0841518162203
2012-09-30 00:25:35,47898,1,55.2077374323,0.297544625
2012-09-30 00:25:36,47899,1,55.6223950997,0.414657667411
2012-09-30 00:25:37,47900,1,56.0296122225,0.407217122768
2012-09-30 00:25:38,47901,1,56.3466507247,0.317038502232
2012-09-30 00:25:39,47902,1,56.5572160818,0.210565357143
2012-09-30 00:25:40,47903,1,56.6921863467,0.134970264881
2012-09-30 00:25:41,47904,1,56.7863084866,0.0941221398809
2012-09-30 00:25:42,47905,1,56.8470972961,0.0607888095238
2012-09-30 00:25:43,47906,1,56.8622015253,0.0151042291667
2012-09-30 00:25:44,47907,1,56.8253711503,-0.036830375
2012-09-30 00:25:45,47908,1,56.7517847872,-0.0735863630952
2012-09-30 00:25:46,47909,1,56.6759663185,-0.07581846875
2012-09-30 00:25:47,47910,1,56.6372014888,-0.0387648296131
2012-09-30 00:25:48,47911,1,56.6612342991,0.0240328102678
2012-09-30 00:25:49,47912,1,56.747618221,0.086383921875
2012-09-30 00:25:50,47913,1,56.8683026317,0.120684410714
2012-09-30 00:25:51,47914,1,56.9770822984,0.108779666667
2012-09-30 00:25:52,47915,1,57.0313978869,0.0543155885417
2012-09-30 00:25:53,47916,1,57.022544125,-0.0088537619048
2012-09-30 00:25:54,47917,1,56.9845238371,-0.0380202879464
2012-09-30 00:25:55,47918,1,56.9630212552,-0.0215025818453
2012-09-30 00:25:56,47919,1,56.9770838438,0.0140625885417
2012-09-30 00:25:57,47920,1,57.0101938155,0.0331099717262
2012-09-30 00:25:58,47921,1,57.0284971607,0.0183033452381
2012-09-30 00:25:59,47922,1,57.0104166176,-0.0180805431548
2012-09-30 00:26:00,47923,1,56.974032561,-0.0363840565476
2012-09-30 00:26:01,47924,1,56.9675592344,-0.0064733266369
2012-09-30 00:26:02,47925,1,56.9962049754,0.0286457410714
2012-09-30 00:26:03,47926,1,56.9733964769,-0.0228084985119
2012-09-30 00:26:04,47927,1,56.8142446034,-0.159151873512
2012-09-30 00:26:05,47928,1,56.5604024055,-0.253842197917
2012-09-30 00:26:06,47929,1,56.3507632708,-0.209639134673
2012-09-30 00:26:07,47930,1,56.2981790268,-0.0525842440476
2012-09-30 00:26:08,47931,1,56.404077058,0.10589803125
2012-09-30 00:26:09,47932,1,56.5596033051,0.155526247024
2012-09-30 00:26:10,47933,1,56.6576892716,0.0980859665179
2012-09-30 00:26:11,47934,1,56.6923689323,0.0346796607143
2012-09-30 00:26:12,47935,1,56.7115047686,0.0191358363095
2012-09-30 00:26:13,47936,1,56.7363224152,0.0248176465774
2012-09-30 00:26:14,47937,1,56.7645694449,0.0282470297619
2012-09-30 00:26:15,47938,1,56.792958529,0.0283890840774
2012-09-30 00:26:16,47939,1,56.8114247098,0.0184661808035
2012-09-30 00:26:17,47940,1,56.8170120216,0.005587311756
2012-09-30 00:26:18,47941,1,56.8456038162,0.0285917946428
2012-09-30 00:26:19,47942,1,56.938109218,0.0925054017857
2012-09-30 00:26:20,47943,1,57.0740669085,0.135957690476
2012-09-30 00:26:21,47944,1,57.1885958676,0.114528959077
2012-09-30 00:26:22,47945,1,57.2334953661,0.0448994985119
2012-09-30 00:26:23,47946,1,57.2091172984,-0.0243780677083
2012-09-30 00:26:24,47947,1,57.1669296488,-0.0421876495536
2012-09-30 00:26:25,47948,1,57.1527523095,-0.0141773392857
2012-09-30 00:26:26,47949,1,57.1482883906,-0.0044639188988
2012-09-30 00:26:27,47950,1,57.1111608073,-0.0371275833333
2012-09-30 00:26:28,47951,1,57.0343753817,-0.0767854255953
2012-09-30 00:26:29,47952,1,56.9386909896,-0.0956843921131
2012-09-30 00:26:30,47953,1,56.8488843408,-0.0898066488095
2012-09-30 00:26:31,47954,1,56.778050651,-0.0708336897321
2012-09-30 00:26:32,47955,1,56.7040174881,-0.0740331629465
2012-09-30 00:26:33,47956,1,56.573808942,-0.130208546131
2012-09-30 00:26:34,47957,1,56.3519340342,-0.221874907738
2012-09-30 00:26:35,47958,1,56.0538687976,-0.298065236607
2012-09-30 00:26:36,47959,1,55.7313243147,-0.322544482887
2012-09-30 00:26:37,47960,1,55.4440474985,-0.28727681622
2012-09-30 00:26:38,47961,1,55.2526782902,-0.191369208333
2012-09-30 00:26:39,47962,1,55.2403269673,-0.0123513229167
2012-09-30 00:26:40,47963,1,55.4993299338,0.259002966518
2012-09-30 00:26:41,47964,1,55.9980650789,0.498735145089
2012-09-30 00:26:42,47965,1,56.5104161659,0.512351087054
2012-09-30 00:26:43,47966,1,56.8403266183,0.329910452381
2012-09-30 00:26:44,47967,1,57.0343739903,0.194047372024
2012-09-30 00:26:45,47968,1,57.2615317589,0.227157768601
2012-09-30 00:26:46,47969,1,57.6221720618,0.360640302827
2012-09-30 00:26:47,47970,1,58.0720982455,0.44992618378
2012-09-30 00:26:48,47971,1,58.4502980097,0.378199764137
2012-09-30 00:26:49,47972,1,58.6758932054,0.225595195684
2012-09-30 00:26:50,47973,1,58.8427828051,0.166889599702
2012-09-30 00:26:51,47974,1,59.0350444249,0.192261619792
2012-09-30 00:26:52,47975,1,59.235267433,0.200223008185
2012-09-30 00:26:53,47976,1,59.4247762165,0.189508783482
2012-09-30 00:26:54,47977,1,59.6134666071,0.188690390625
2012-09-30 00:26:55,47978,1,59.8030499487,0.189583341518
2012-09-30 00:26:56,47979,1,59.9849697329,0.181919784226
2012-09-30 00:26:57,47980,1,60.1484372217,0.163467488839
2012-09-30 00:26:58,47981,1,60.2838540342,0.1354168125
2012-09-30 00:26:59,47982,1,60.3914432619,0.107589227678
2012-09-30 00:27:00,47983,1,60.4876483988,0.0962051369048
2012-09-30 00:27:01,47984,1,60.592782099,0.105133700149
2012-09-30 00:27:02,47985,1,60.7127969144,0.120014815476
2012-09-30 00:27:03,47986,1,60.8433030045,0.13050609003
2012-09-30 00:27:04,47987,1,60.9762644792,0.132961474702
2012-09-30 00:27:05,47988,1,61.0910709926,0.114806513393
2012-09-30 00:27:06,47989,1,61.1543891726,0.0633181800595
2012-09-30 00:27:07,47990,1,61.1335555409,-0.0208336316964
2012-09-30 00:27:08,47991,1,61.0148799063,-0.118675634673
2012-09-30 00:27:09,47992,1,60.8215766376,-0.193303268601
2012-09-30 00:27:10,47993,1,60.6004461443,-0.221130493304
2012-09-30 00:27:11,47994,1,60.3777530461,-0.222693098214
2012-09-30 00:27:12,47995,1,60.1412204345,-0.236532611607
2012-09-30 00:27:13,47996,1,59.8686013638,-0.272619070684
2012-09-30 00:27:14,47997,1,59.5605656421,-0.308035721726
2012-09-30 00:27:15,47998,1,59.2426341808,-0.317931461309
2012-09-30 00:27:16,47999,1,58.9431551354,-0.299479045387
2012-09-30 00:27:17,48000,1,58.675000439,-0.268154696429
2012-09-30 00:27:18,48001,1,58.4368307932,-0.238169645833
2012-09-30 00:27:19,48002,1,58.2251492001,-0.211681593006
2012-09-30 00:27:20,48003,1,58.0396580097,-0.185491190476
2012-09-30 00:27:21,48004,1,57.8774554048,-0.162202604911
2012-09-30 00:27:22,48005,1,57.7287200171,-0.148735387649
2012-09-30 00:27:23,48006,1,57.5856394479,-0.143080569196
2012-09-30 00:27:24,48007,1,57.4536453132,-0.131994134673
2012-09-30 00:27:25,48008,1,57.348585811,-0.105059502232
2012-09-30 00:27:26,48009,1,57.284672131,-0.0639136800595
2012-09-30 00:27:27,48010,1,57.2633922716,-0.021279859375
2012-09-30 00:27:28,48011,1,57.2697165074,0.0063242358631
2012-09-30 00:27:29,48012,1,57.2832580432,0.0135415357143
2012-09-30 00:27:30,48013,1,57.2965764926,0.0133184494047
2012-09-30 00:27:31,48014,1,57.3201629085,0.0235864159226
2012-09-30 00:27:32,48015,1,57.3680052232,0.0478423147322
2012-09-30 00:27:33,48016,1,57.4384663884,0.0704611651786
2012-09-30 00:27:34,48017,1,57.5101923028,0.0717259144345
2012-09-30 00:27:35,48018,1,57.556174285,0.0459819821428
2012-09-30 00:27:36,48019,1,57.5601179189,0.0039436339286
2012-09-30 00:27:37,48020,1,57.5216511674,-0.0384667514881
2012-09-30 00:27:38,48021,1,57.4513392143,-0.070311953125
2012-09-30 00:27:39,48022,1,57.3632442098,-0.0880950044643
2012-09-30 00:27:40,48023,1,57.2717261243,-0.0915180855654
2012-09-30 00:27:41,48024,1,57.1927821176,-0.0789440066965
2012-09-30 00:27:42,48025,1,57.141739901,-0.0510422165178
2012-09-30 00:27:43,48026,1,57.1256682366,-0.0160716644346
2012-09-30 00:27:44,48027,1,57.1403261295,0.0146578928572
2012-09-30 00:27:45,48028,1,57.1732878036,0.0329616741071
2012-09-30 00:27:46,48029,1,57.2085559732,0.0352681696429
2012-09-30 00:27:47,48030,1,57.2343745647,0.0258185915179
2012-09-30 00:27:48,48031,1,57.2505204487,0.0161458839285
2012-09-30 00:27:49,48032,1,57.2655503013,0.0150298526786
2012-09-30 00:27:50,48033,1,57.2871278415,0.0215775401786
2012-09-30 00:27:51,48034,1,57.3158482872,0.0287204456845
2012-09-30 00:27:52,48035,1,57.3454616332,0.0296133459821
2012-09-30 00:27:53,48036,1,57.3701642693,0.0247026361607
2012-09-30 00:27:54,48037,1,57.394122721,0.0239584516369
2012-09-30 00:27:55,48038,1,57.4284975,0.0343747790179
2012-09-30 00:27:56,48039,1,57.4767855871,0.0482880870536
2012-09-30 00:27:57,48040,1,57.5266360751,0.0498504880952
2012-09-30 00:27:58,48041,1,57.5546862917,0.0280502165179
2012-09-30 00:27:59,48042,1,57.5413679568,-0.0133183348215
2012-09-30 00:28:00,48043,1,57.4877225112,-0.0536454456845
2012-09-30 00:28:01,48044,1,57.4164430246,-0.0712794866071
2012-09-30 00:28:02,48045,1,57.3543150156,-0.0621280089286
2012-09-30 00:28:03,48046,1,57.3159963207,-0.0383186949405
2012-09-30 00:28:04,48047,1,57.3010407336,-0.0149555870535
2012-09-30 00:28:05,48048,1,57.2990317113,-0.0020090223215
2012-09-30 00:28:06,48049,1,57.2967251987,-0.0023065126488
2012-09-30 00:28:07,48050,1,57.2848949799,-0.01183021875
2012-09-30 00:28:08,48051,1,57.2621273504,-0.0227676294643
2012-09-30 00:28:09,48052,1,57.2346722478,-0.0274551026785
2012-09-30 00:28:10,48053,1,57.2150295737,-0.0196426741072
2012-09-30 00:28:11,48054,1,57.218005843,0.0029762693452
2012-09-30 00:28:12,48055,1,57.2519344568,0.0339286138393
2012-09-30 00:28:13,48056,1,57.3128720134,0.0609375565477
2012-09-30 00:28:14,48057,1,57.3881696228,0.075297609375
2012-09-30 00:28:15,48058,1,57.462202154,0.07403253125
2012-09-30 00:28:16,48059,1,57.5195678415,0.0573656875
2012-09-30 00:28:17,48060,1,57.5494782314,0.0299103898809
2012-09-30 00:28:18,48061,1,57.549031814,-0.0004464174107
2012-09-30 00:28:19,48062,1,57.5220232857,-0.0270085282738
2012-09-30 00:28:20,48063,1,57.4770089286,-0.0450143571429
2012-09-30 00:28:21,48064,1,57.4253722946,-0.0516366339285
2012-09-30 00:28:22,48065,1,57.3776042946,-0.047768
2012-09-30 00:28:23,48066,1,57.3396574568,-0.0379468377977
2012-09-30 00:28:24,48067,1,57.3109368363,-0.0287206205357
2012-09-30 00:28:25,48068,1,57.2860111138,-0.0249257224702
2012-09-30 00:28:26,48069,1,57.2607880402,-0.0252230736607
2012-09-30 00:28:27,48070,1,57.2379460074,-0.0228420327381
2012-09-30 00:28:28,48071,1,57.2274550811,-0.0104909263393
2012-09-30 00:28:29,48072,1,57.2373509464,0.0098958653274
2012-09-30 00:28:30,48073,1,57.256175346,0.0188243995535
2012-09-30 00:28:31,48074,1,57.2554313348,-0.000744011160698
2012-09-30 00:28:32,48075,1,57.2215772589,-0.0338540758928
2012-09-30 00:28:33,48076,1,57.1723213981,-0.0492558608631
2012-09-30 00:28:34,48077,1,57.1386904784,-0.0336309196429
2012-09-30 00:28:35,48078,1,57.1439731793,0.0052827008929
2012-09-30 00:28:36,48079,1,57.1883183579,0.0443451785714
2012-09-30 00:28:37,48080,1,57.2416665692,0.0533482113095
2012-09-30 00:28:38,48081,1,57.2636160811,0.0219495119048
2012-09-30 00:28:39,48082,1,57.235937683,-0.0276783980655
2012-09-30 00:28:40,48083,1,57.1711312076,-0.0648064754464
2012-09-30 00:28:41,48084,1,57.089136968,-0.0819942395834
2012-09-30 00:28:42,48085,1,56.9914431064,-0.0976938616071
2012-09-30 00:28:43,48086,1,56.8671123869,-0.124330719494
2012-09-30 00:28:44,48087,1,56.723883151,-0.143229235863
2012-09-30 00:28:45,48088,1,56.6037941138,-0.120089037202
2012-09-30 00:28:46,48089,1,56.5601933214,-0.0436007924107
2012-09-30 00:28:47,48090,1,56.6115329665,0.0513396450893
2012-09-30 00:28:48,48091,1,56.7207593817,0.109226415179
2012-09-30 00:28:49,48092,1,56.8308041042,0.11004472247
2012-09-30 00:28:50,48093,1,56.9110123943,0.0802082901785
2012-09-30 00:28:51,48094,1,56.9598217812,0.0488093869048
2012-09-30 00:28:52,48095,1,56.9843007567,0.0244789754464
2012-09-30 00:28:53,48096,1,56.9970237649,0.0127230081845
2012-09-30 00:28:54,48097,1,57.0235116793,0.0264879144346
2012-09-30 00:28:55,48098,1,57.0915919368,0.0680802574404
2012-09-30 00:28:56,48099,1,57.195833032,0.104241095238
2012-09-30 00:28:57,48100,1,57.2801337619,0.0843007299108
2012-09-30 00:28:58,48101,1,57.2847470052,0.0046132433035
2012-09-30 00:28:59,48102,1,57.2097470141,-0.0749999910714
2012-09-30 00:29:00,48103,1,57.1160712344,-0.0936757797619
2012-09-30 00:29:01,48104,1,57.0746275119,-0.0414437224702
2012-09-30 00:29:02,48105,1,57.1105647879,0.0359372760416
2012-09-30 00:29:03,48106,1,57.1838533772,0.0732885892857
2012-09-30 00:29:04,48107,1,57.2366064129,0.0527530357143
2012-09-30 00:29:05,48108,1,57.2496274353,0.0130210223215
2012-09-30 00:29:06,48109,1,57.23653241,-0.0130950252977
2012-09-30 00:29:07,48110,1,57.2130206161,-0.0235117938988
2012-09-30 00:29:08,48111,1,57.1899550871,-0.0230655290178
2012-09-30 00:29:09,48112,1,57.1752227946,-0.0147322924107
2012-09-30 00:29:10,48113,1,57.1736601674,-0.0015626272322
2012-09-30 00:29:11,48114,1,57.1895827336,0.0159225662202
2012-09-30 00:29:12,48115,1,57.2264130997,0.0368303660715
2012-09-30 00:29:13,48116,1,57.284820872,0.0584077723214
2012-09-30 00:29:14,48117,1,57.3674846049,0.0826637328869
2012-09-30 00:29:15,48118,1,57.4784966034,0.111011998512
2012-09-30 00:29:16,48119,1,57.6029015372,0.12440493378
2012-09-30 00:29:17,48120,1,57.6894344494,0.0865329122024
2012-09-30 00:29:18,48121,1,57.6685267976,-0.0209076517857
2012-09-30 00:29:19,48122,1,57.4994791815,-0.169047616072
2012-09-30 00:29:20,48123,1,57.2116815439,-0.287797637649
2012-09-30 00:29:21,48124,1,56.8988095313,-0.312872012649
2012-09-30 00:29:22,48125,1,56.6563988624,-0.242410668899
2012-09-30 00:29:23,48126,1,56.5180060082,-0.138392854167
2012-09-30 00:29:24,48127,1,56.4517112485,-0.0662947596726
2012-09-30 00:29:25,48128,1,56.4103420141,-0.041369234375
2012-09-30 00:29:26,48129,1,56.3831841042,-0.0271579099702
2012-09-30 00:29:27,48130,1,56.4045380952,0.0213539910714
2012-09-30 00:29:28,48131,1,56.5130200513,0.108481956101
2012-09-30 00:29:29,48132,1,56.7091509189,0.196130867559
2012-09-30 00:29:30,48133,1,56.9563236711,0.247172752232
2012-09-30 00:29:31,48134,1,57.2054311324,0.249107461309
2012-09-30 00:29:32,48135,1,57.4112349918,0.205803859375
2012-09-30 00:29:33,48136,1,57.5456844286,0.134449436756
2012-09-30 00:29:34,48137,1,57.6087050692,0.063020640625
2012-09-30 00:29:35,48138,1,57.6255203743,0.0168153050596
2012-09-30 00:29:36,48139,1,57.6334072716,0.0078868973214
2012-09-30 00:29:37,48140,1,57.661160311,0.0277530394345
2012-09-30 00:29:38,48141,1,57.7105650394,0.0494047284226
2012-09-30 00:29:39,48142,1,57.7597463981,0.049181358631
2012-09-30 00:29:40,48143,1,57.7835556592,0.0238092611607
2012-09-30 00:29:41,48144,1,57.7680792731,-0.0154763861607
2012-09-30 00:29:42,48145,1,57.7140614033,-0.0540178697917
2012-09-30 00:29:43,48146,1,57.6344485379,-0.0796128653274
2012-09-30 00:29:44,48147,1,57.5494787507,-0.0849697872024
2012-09-30 00:29:45,48148,1,57.4817709204,-0.0677078303571
2012-09-30 00:29:46,48149,1,57.4501491629,-0.0316217574405
2012-09-30 00:29:47,48150,1,57.4653276071,0.0151784441965
2012-09-30 00:29:48,48151,1,57.5304313996,0.0651037924107
2012-09-30 00:29:49,48152,1,57.6398804353,0.109449035714
2012-09-30 00:29:50,48153,1,57.7764873289,0.136606893601
2012-09-30 00:29:51,48154,1,57.9121270699,0.135639741072
2012-09-30 00:29:52,48155,1,58.0135406897,0.101413619792
2012-09-30 00:29:53,48156,1,58.0565466362,0.0430059464286
2012-09-30 00:29:54,48157,1,58.0400288713,-0.0165177648809
2012-09-30 00:29:55,48158,1,57.9838534293,-0.0561754419643
2012-09-30 00:29:56,48159,1,57.9130946101,-0.0707588191964
2012-09-30 00:29:57,48160,1,57.839359535,-0.0737350751489
2012-09-30 00:29:58,48161,1,57.7537941012,-0.0855654337797
2012-09-30 00:29:59,48162,1,57.6412941882,-0.112499912947
2012-09-30 00:30:00,48163,1,57.4942705015,-0.147023686756
2012-09-30 00:30:01,48164,1,57.3142854695,-0.179985031994
2012-09-30 00:30:02,48165,1,57.1191961853,-0.195089284226
2012-09-30 00:30:03,48166,1,56.9399550945,-0.179241090774
2012-09-30 00:30:04,48167,1,56.7956843065,-0.144270787946
2012-09-30 00:30:05,48168,1,56.6909225298,-0.104761776786
2012-09-30 00:30:06,48169,1,56.6331846213,-0.0577379084821
2012-09-30 00:30:07,48170,1,56.6283484635,-0.0048361577381
2012-09-30 00:30:08,48171,1,56.674404994,0.0460565305059
2012-09-30 00:30:09,48172,1,56.7648065662,0.0904015721727
2012-09-30 00:30:10,48173,1,56.8789431667,0.114136600446
2012-09-30 00:30:11,48174,1,56.988243506,0.109300339286
2012-09-30 00:30:12,48175,1,57.0803564874,0.0921129813988
2012-09-30 00:30:13,48176,1,57.1554309412,0.075074453869
2012-09-30 00:30:14,48177,1,57.2120531302,0.0566221889881
2012-09-30 00:30:15,48178,1,57.2525295119,0.0404763816965
2012-09-30 00:30:16,48179,1,57.2852677753,0.0327382633928
2012-09-30 00:30:17,48180,1,57.3177828333,0.0325150580357
2012-09-30 00:30:18,48181,1,57.3520836049,0.0343007715774
2012-09-30 00:30:19,48182,1,57.3825896451,0.0305060401786
2012-09-30 00:30:20,48183,1,57.3999259174,0.0173362723214
2012-09-30 00:30:21,48184,1,57.3983632768,-0.001562640625
2012-09-30 00:30:22,48185,1,57.380952346,-0.0174109308036
2012-09-30 00:30:23,48186,1,57.3611604554,-0.019791890625
2012-09-30 00:30:24,48187,1,57.3521573036,-0.0090031517857
2012-09-30 00:30:25,48188,1,57.3530500268,0.000892723214299
2012-09-30 00:30:26,48189,1,57.356174971,0.0031249441964
2012-09-30 00:30:27,48190,1,57.3608625774,0.0046876063988
2012-09-30 00:30:28,48191,1,57.371800346,0.0109377686012
2012-09-30 00:30:29,48192,1,57.3940476786,0.0222473325893
2012-09-30 00:30:30,48193,1,57.4293156942,0.035268015625
2012-09-30 00:30:31,48194,1,57.4703126071,0.0409969129465
2012-09-30 00:30:32,48195,1,57.5026039955,0.0322913883928
2012-09-30 00:30:33,48196,1,57.5093746198,0.006770624256
2012-09-30 00:30:34,48197,1,57.4748507946,-0.0345238251489
2012-09-30 00:30:35,48198,1,57.3983627723,-0.0764880223214
2012-09-30 00:30:36,48199,1,57.3057288013,-0.0926339709821
2012-09-30 00:30:37,48200,1,57.2330351496,-0.0726936517857
2012-09-30 00:30:38,48201,1,57.2005945089,-0.032440640625
2012-09-30 00:30:39,48202,1,57.2068445774,0.0062500684523
2012-09-30 00:30:40,48203,1,57.2360115231,0.0291669456846
2012-09-30 00:30:41,48204,1,57.2665177567,0.0305062336309
2012-09-30 00:30:42,48205,1,57.2795387076,0.0130209508929
2012-09-30 00:30:43,48206,1,57.2642857076,-0.015253
2012-09-30 00:30:44,48207,1,57.2228422009,-0.0414435066964
2012-09-30 00:30:45,48208,1,57.172842125,-0.0500000758929
2012-09-30 00:30:46,48209,1,57.1346722664,-0.0381698586309
2012-09-30 00:30:47,48210,1,57.1156986406,-0.0189736257441
2012-09-30 00:30:48,48211,1,57.1125732009,-0.0031254397321
2012-09-30 00:30:49,48212,1,57.1218735982,0.0093003973214
2012-09-30 00:30:50,48213,1,57.1436743437,0.0218007455357
2012-09-30 00:30:51,48214,1,57.1756687545,0.0319944107143
2012-09-30 00:30:52,48215,1,57.2067702999,0.0311015453869
2012-09-30 00:30:53,48216,1,57.223586,0.0168157001488
2012-09-30 00:30:54,48217,1,57.2226932634,-0.000892736607099
2012-09-30 00:30:55,48218,1,57.2125742991,-0.0101189642858
2012-09-30 00:30:56,48219,1,57.2056546853,-0.00691961383919
2012-09-30 00:30:57,48220,1,57.2095236763,0.0038689910714
2012-09-30 00:30:58,48221,1,57.2257438609,0.0162201845238
2012-09-30 00:30:59,48222,1,57.2543153839,0.0285715230655
2012-09-30 00:31:00,48223,1,57.2950150424,0.0406996584821
2012-09-30 00:31:01,48224,1,57.347917067,0.0529020245536
2012-09-30 00:31:02,48225,1,57.4074409256,0.0595238586309
2012-09-30 00:31:03,48226,1,57.439881282,0.0324403563988
2012-09-30 00:31:04,48227,1,57.3951638943,-0.0447173876488
2012-09-30 00:31:05,48228,1,57.2895835275,-0.105580366815
2012-09-30 00:31:06,48229,1,57.2312502932,-0.058333234375
2012-09-30 00:31:07,48230,1,57.2985866994,0.06733640625
2012-09-30 00:31:08,48231,1,57.4382444464,0.139657747024
2012-09-30 00:31:09,48232,1,57.5090777113,0.0708332648809
2012-09-30 00:31:10,48233,1,57.3989585,-0.11011921131
2012-09-30 00:31:11,48234,1,57.1307289844,-0.268229515625
2012-09-30 00:31:12,48235,1,56.8515617812,-0.279167203125
2012-09-30 00:31:13,48236,1,56.6796118103,-0.171949970982
2012-09-30 00:31:14,48237,1,56.6094477433,-0.0701640669642
2012-09-30 00:31:15,48238,1,56.5786441317,-0.0308036116072
2012-09-30 00:31:16,48239,1,56.5449390595,-0.0337050721726
2012-09-30 00:31:17,48240,1,56.4831091793,-0.0618298802083
2012-09-30 00:31:18,48241,1,56.3671126577,-0.115996521577
2012-09-30 00:31:19,48242,1,56.1837053028,-0.183407354911
2012-09-30 00:31:20,48243,1,55.9439733653,-0.2397319375
2012-09-30 00:31:21,48244,1,55.6739585662,-0.270014799107
2012-09-30 00:31:22,48245,1,55.410044936,-0.263913630208
2012-09-30 00:31:23,48246,1,55.1987355074,-0.211309428571
2012-09-30 00:31:24,48247,1,55.0909975037,-0.10773800372
2012-09-30 00:31:25,48248,1,55.1371284524,0.0461309486608
2012-09-30 00:31:26,48249,1,55.3617562984,0.224627845982
2012-09-30 00:31:27,48250,1,55.7223959993,0.360639700893
2012-09-30 00:31:28,48251,1,56.1131696719,0.390773672619
2012-09-30 00:31:29,48252,1,56.4301338772,0.316964205357
2012-09-30 00:31:30,48253,1,56.6365326406,0.206398763393
2012-09-30 00:31:31,48254,1,56.7691219263,0.132589285714
2012-09-30 00:31:32,48255,1,56.8831844829,0.114062556548
2012-09-30 00:31:33,48256,1,56.9991071868,0.115922703869
2012-09-30 00:31:34,48257,1,57.1078126094,0.108705422619
2012-09-30 00:31:35,48258,1,57.2090030774,0.101190468006
2012-09-30 00:31:36,48259,1,57.3319940298,0.122990952381
2012-09-30 00:31:37,48260,1,57.5197914293,0.187797399554
2012-09-30 00:31:38,48261,1,57.7835560342,0.263764604911
2012-09-30 00:31:39,48262,1,58.0819188638,0.298362829613
2012-09-30 00:31:40,48263,1,58.3512639531,0.269345089286
2012-09-30 00:31:41,48264,1,58.5360854554,0.184821502232
2012-09-30 00:31:42,48265,1,58.6120530082,0.0759675528274
2012-09-30 00:31:43,48266,1,58.6195682292,0.0075152209822
2012-09-30 00:31:44,48267,1,58.6500743564,0.0305061272321
2012-09-30 00:31:45,48268,1,58.7701635781,0.120089221726
2012-09-30 00:31:46,48269,1,58.9702378043,0.200074226191
2012-09-30 00:31:47,48270,1,59.1827377217,0.212499917411
2012-09-30 00:31:48,48271,1,59.3433777351,0.160640013393
2012-09-30 00:31:49,48272,1,59.4538690655,0.110491330357
2012-09-30 00:31:50,48273,1,59.5822918274,0.128422761905
2012-09-30 00:31:51,48274,1,59.7859375074,0.20364568006
2012-09-30 00:31:52,48275,1,60.0520829539,0.266145446429
2012-09-30 00:31:53,48276,1,60.322841497,0.270758543155
2012-09-30 00:31:54,48277,1,60.549031776,0.226190279018
2012-09-30 00:31:55,48278,1,60.7163680975,0.167336321429
2012-09-30 00:31:56,48279,1,60.8467997604,0.130431662946
2012-09-30 00:31:57,48280,1,60.9773058274,0.130506066964
2012-09-30 00:31:58,48281,1,61.1217999695,0.144494142113
2012-09-30 00:31:59,48282,1,61.2517107723,0.129910802827
2012-09-30 00:32:00,48283,1,61.3162941875,0.0645834151786
2012-09-30 00:32:01,48284,1,61.2787942679,-0.0374999196429
2012-09-30 00:32:02,48285,1,61.1392854293,-0.139508838542
2012-09-30 00:32:03,48286,1,60.9365325491,-0.202752880208
2012-09-30 00:32:04,48287,1,60.7221724769,-0.214360072173
2012-09-30 00:32:05,48288,1,60.5168896436,-0.205282833333
2012-09-30 00:32:06,48289,1,60.2884668043,-0.228422839286
2012-09-30 00:32:07,48290,1,59.9688237671,-0.319643037202
2012-09-30 00:32:08,48291,1,59.4988088408,-0.470014926339
2012-09-30 00:32:09,48292,1,58.8837790967,-0.615029744048
2012-09-30 00:32:10,48293,1,58.2159963601,-0.667782736607
2012-09-30 00:32:11,48294,1,57.63519275,-0.580803610119
2012-09-30 00:32:12,48295,1,57.2555795692,-0.379613180804
2012-09-30 00:32:13,48296,1,57.1046122083,-0.150967360863
2012-09-30 00:32:14,48297,1,57.1171865461,0.0125743377976
2012-09-30 00:32:15,48298,1,57.1907728296,0.0735862834822
2012-09-30 00:32:16,48299,1,57.2431538043,0.0523809747024
2012-09-30 00:32:17,48300,1,57.2348205335,-0.0083332708334
2012-09-30 00:32:18,48301,1,57.1740318668,-0.0607886666666
2012-09-30 00:32:19,48302,1,57.1200139092,-0.0540179575893
2012-09-30 00:32:20,48303,1,57.1741059591,0.0540920498512
2012-09-30 00:32:21,48304,1,57.4396563318,0.265550372768
2012-09-30 00:32:22,48305,1,57.9639865893,0.524330257441
2012-09-30 00:32:23,48306,1,58.7119778088,0.747991219494
2012-09-30 00:32:24,48307,1,59.5906984658,0.878720656994
2012-09-30 00:32:25,48308,1,60.4946424829,0.903944017113
2012-09-30 00:32:26,48309,1,61.3333334911,0.838691008184
2012-09-30 00:32:27,48310,1,62.0322921778,0.698958686756
2012-09-30 00:32:28,48311,1,62.5340780082,0.501785830357
2012-09-30 00:32:29,48312,1,62.8224708036,0.288392795387
2012-09-30 00:32:30,48313,1,62.9527534003,0.130282596726
2012-09-30 00:32:31,48314,1,63.0392116004,0.0864582001488
2012-09-30 00:32:32,48315,1,63.181027035,0.141815434524
2012-09-30 00:32:33,48316,1,63.3919645528,0.210937517857
2012-09-30 00:32:34,48317,1,63.6043156585,0.212351105655
2012-09-30 00:32:35,48318,1,63.7321427768,0.127827118304
2012-09-30 00:32:36,48319,1,63.7395085223,0.0073657455357
2012-09-30 00:32:37,48320,1,63.6635410692,-0.075967453125
2012-09-30 00:32:38,48321,1,63.5713536659,-0.0921874032738
2012-09-30 00:32:39,48322,1,63.503645692,-0.0677079739583
2012-09-30 00:32:40,48323,1,63.4646580074,-0.0389876845238
2012-09-30 00:32:41,48324,1,63.4442713824,-0.020386625
2012-09-30 00:32:42,48325,1,63.4366821927,-0.0075891897322
2012-09-30 00:32:43,48326,1,63.4452386042,0.0085564114584
2012-09-30 00:32:44,48327,1,63.4741072537,0.0288686495535
2012-09-30 00:32:45,48328,1,63.5173358906,0.0432286369048
2012-09-30 00:32:46,48329,1,63.5566955632,0.039359672619
2012-09-30 00:32:47,48330,1,63.5686000677,0.0119045044643
2012-09-30 00:32:48,48331,1,63.5398797284,-0.0287203392857
2012-09-30 00:32:49,48332,1,63.4863826689,-0.0534970595238
2012-09-30 00:32:50,48333,1,63.448659401,-0.0377232678571
2012-09-30 00:32:51,48334,1,63.4577367054,0.0090773043154
2012-09-30 00:32:52,48335,1,63.5092247902,0.0514880848215
2012-09-30 00:32:53,48336,1,63.5696415937,0.0604168035714
2012-09-30 00:32:54,48337,1,63.6025287656,0.032887171875
2012-09-30 00:32:55,48338,1,63.5979903542,-0.00453841145831
2012-09-30 00:32:56,48339,1,63.5775291443,-0.0204612098215
2012-09-30 00:32:57,48340,1,63.5654009658,-0.0121281785714
2012-09-30 00:32:58,48341,1,63.5654006071,-3.586308992e-07
2012-09-30 00:32:59,48342,1,63.5660700558,0.000669448660702
2012-09-30 00:33:00,48343,1,63.5607130223,-0.0053570334822
2012-09-30 00:33:01,48344,1,63.5596715923,-0.0010414300595
2012-09-30 00:33:02,48345,1,63.5767103676,0.0170387752976
2012-09-30 00:33:03,48346,1,63.6084810275,0.0317706599703
2012-09-30 00:33:04,48347,1,63.6386147009,0.0301336733631
2012-09-30 00:33:05,48348,1,63.6557277478,0.017113046875
2012-09-30 00:33:06,48349,1,63.662647657,0.0069199092261
2012-09-30 00:33:07,48350,1,63.6723951176,0.00974746056551
2012-09-30 00:33:08,48351,1,63.6906246525,0.0182295349703
2012-09-30 00:33:09,48352,1,63.7015623125,0.0109376599702
2012-09-30 00:33:10,48353,1,63.6857885312,-0.01577378125
2012-09-30 00:33:11,48354,1,63.6527528958,-0.0330356354167
2012-09-30 00:33:12,48355,1,63.6365328304,-0.0162200654762
2012-09-30 00:33:13,48356,1,63.6549853549,0.0184525245536
2012-09-30 00:33:14,48357,1,63.6813246429,0.0263392879464
2012-09-30 00:33:15,48358,1,63.6536459241,-0.02767871875
2012-09-30 00:33:16,48359,1,63.5172617768,-0.136384147321
2012-09-30 00:33:17,48360,1,63.2703122031,-0.246949573661
2012-09-30 00:33:18,48361,1,62.9669639412,-0.303348261905
2012-09-30 00:33:19,48362,1,62.6820681257,-0.284895815476
2012-09-30 00:33:20,48363,1,62.4830353475,-0.199032778274
2012-09-30 00:33:21,48364,1,62.4073655402,-0.0756698072916
2012-09-30 00:33:22,48365,1,62.4261897173,0.0188241770833
2012-09-30 00:33:23,48366,1,62.4334812455,0.0072915282738
2012-09-30 00:33:24,48367,1,62.2978413891,-0.135639856399
2012-09-30 00:33:25,48368,1,61.9404753795,-0.357366009673
2012-09-30 00:33:26,48369,1,61.3802818408,-0.560193538691
2012-09-30 00:33:27,48370,1,60.7208321696,-0.659449671131
2012-09-30 00:33:28,48371,1,60.0955342463,-0.625297923363
2012-09-30 00:33:29,48372,1,59.611382279,-0.484151967262
2012-09-30 00:33:30,48373,1,59.3168881868,-0.294494092262
2012-09-30 00:33:31,48374,1,59.19151616,-0.125372026786
2012-09-30 00:33:32,48375,1,59.1482126213,-0.0433035386904
2012-09-30 00:33:33,48376,1,59.0621264896,-0.0860861316965
2012-09-30 00:33:34,48377,1,58.835415558,-0.226710931548
2012-09-30 00:33:35,48378,1,58.4436005781,-0.391814979911
2012-09-30 00:33:36,48379,1,57.9174105484,-0.526190029762
2012-09-30 00:33:37,48380,1,57.309895904,-0.607514644345
2012-09-30 00:33:38,48381,1,56.6763393601,-0.633556543899
2012-09-30 00:33:39,48382,1,56.0476934494,-0.628645910714
2012-09-30 00:33:40,48383,1,55.4377976168,-0.609895832589
2012-09-30 00:33:41,48384,1,54.8754465149,-0.562351101935
2012-09-30 00:33:42,48385,1,54.3831102976,-0.492336217262
2012-09-30 00:33:43,48386,1,53.9439734144,-0.439136883184
2012-09-30 00:33:44,48387,1,53.5273810588,-0.416592355655
2012-09-30 00:33:45,48388,1,53.1244790588,-0.402902
2012-09-30 00:33:46,48389,1,52.7564728073,-0.368006251488
2012-09-30 00:33:47,48390,1,52.4609367679,-0.295536039435
2012-09-30 00:33:48,48391,1,52.2469484018,-0.213988366071
2012-09-30 00:33:49,48392,1,52.065623881,-0.181324520833
2012-09-30 00:33:50,48393,1,51.8534216079,-0.212202273066
2012-09-30 00:33:51,48394,1,51.5889129702,-0.264508637649
2012-09-30 00:33:52,48395,1,51.2809520104,-0.307960959821
2012-09-30 00:33:53,48396,1,50.9200892188,-0.360862791667
2012-09-30 00:33:54,48397,1,50.4572917887,-0.46279743006
2012-09-30 00:33:55,48398,1,49.8146579107,-0.642633877976
2012-09-30 00:33:56,48399,1,48.9175596711,-0.897098239583
2012-09-30 00:33:57,48400,1,47.7343007262,-1.18325894494
2012-09-30 00:33:58,48401,1,46.2956846629,-1.43861606324
2012-09-30 00:33:59,48402,1,44.688616189,-1.60706847396
2012-09-30 00:34:00,48403,1,43.0361606808,-1.65245550818
2012-09-30 00:34:01,48404,1,41.4764877269,-1.55967295387
2012-09-30 00:34:02,48405,1,40.1432284174,-1.33325930952
2012-09-30 00:34:03,48406,1,39.1227669405,-1.02046147693
2012-09-30 00:34:04,48407,1,38.3857879144,-0.736979026042
2012-09-30 00:34:05,48408,1,37.7546869963,-0.631100918155
2012-09-30 00:34:06,48409,1,36.9700145372,-0.784672459077
2012-09-30 00:34:07,48410,1,35.8485859382,-1.12142859896
2012-09-30 00:34:08,48411,1,34.4209072768,-1.42767866146
2012-09-30 00:34:09,48412,1,32.9026037024,-1.5183035744
2012-09-30 00:34:10,48413,1,31.5215026057,-1.38110109673
2012-09-30 00:34:11,48414,1,30.3826634077,-1.13883919792
2012-09-30 00:34:12,48415,1,29.4784223363,-0.904241071429
2012-09-30 00:34:13,48416,1,28.8079609494,-0.670461386905
2012-09-30 00:34:14,48417,1,28.4796870432,-0.32827390625
2012-09-30 00:34:15,48418,1,28.6617554025,0.182068359375
2012-09-30 00:34:16,48419,1,29.425892221,0.764136818452
2012-09-30 00:34:17,48420,1,30.6626481391,1.23675591815
2012-09-30 00:34:18,48421,1,32.1315469926,1.46889885342
2012-09-30 00:34:19,48422,1,33.5931541793,1.46160718676
2012-09-30 00:34:20,48423,1,34.9383178266,1.34516364732
2012-09-30 00:34:21,48424,1,36.1842254747,1.24590764807
2012-09-30 00:34:22,48425,1,37.2821421295,1.09791665476
2012-09-30 00:34:23,48426,1,37.9227672597,0.640625130208
2012-09-30 00:34:24,48427,1,37.6046127009,-0.31815455878
2012-09-30 00:34:25,48428,1,35.9488836622,-1.65572903869
2012-09-30 00:34:26,48429,1,32.9639133772,-2.98497028497
2012-09-30 00:34:27,48430,1,29.0338536704,-3.93005970685
2012-09-30 00:34:28,48431,1,24.6680796763,-4.36577399405
2012-09-30 00:34:29,48432,1,20.2411924184,-4.42688725791
2012-09-30 00:34:30,48433,1,15.9386626907,-4.30252972768
2012-09-30 00:34:31,48434,1,11.8952036536,-4.04345903713
2012-09-30 00:34:32,48435,1,8.32449217323,-3.57071148038
2012-09-30 00:34:33,48436,1,5.48908903247,-2.83540314076
2012-09-30 00:34:34,48437,1,3.55881969081,-1.93026934165
2012-09-30 00:34:35,48438,1,2.50927946374,-1.04954022707
2012-09-30 00:34:36,48439,1,2.12395060051,-0.385328863231
2012-09-30 00:34:37,48440,1,2.08873681351,-0.0352137869995
2012-09-30 00:34:38,48441,1,2.14569027969,0.0569534661797
2012-09-30 00:34:39,48442,1,2.186863176,0.0411728963068
2012-09-30 00:34:40,48443,1,2.20450386864,0.0176406926407
2012-09-30 00:34:41,48444,1,2.1959743706,-0.00852949803842
2012-09-30 00:34:42,48445,1,2.16684152131,-0.0291328492965
2012-09-30 00:34:43,48446,1,2.24442543669,0.0775839153815
2012-09-30 00:34:44,48447,1,2.75039147004,0.505966033347
2012-09-30 00:34:45,48448,1,4.071089708,1.32069823796
2012-09-30 00:34:46,48449,1,6.39215995414,2.32107024614
2012-09-30 00:34:47,48450,1,9.53800690043,3.14584694629
2012-09-30 00:34:48,48451,1,13.0569530532,3.5189461528
2012-09-30 00:34:49,48452,1,16.4806069841,3.42365393087
2012-09-30 00:34:50,48453,1,19.5461576314,3.06555064732
2012-09-30 00:34:51,48454,1,22.2132438006,2.66708616917
2012-09-30 00:34:52,48455,1,24.527083224,2.31383942336
2012-09-30 00:34:53,48456,1,26.5236606555,1.99657743155
2012-09-30 00:34:54,48457,1,28.2543153281,1.73065467262
2012-09-30 00:34:55,48458,1,29.8208329985,1.56651767039
2012-09-30 00:34:56,48459,1,31.3285709129,1.50773791443
2012-09-30 00:34:57,48460,1,32.8014874955,1.47291658259
2012-09-30 00:34:58,48461,1,34.1444934948,1.34300599926
2012-09-30 00:34:59,48462,1,35.1980650342,1.05357153943
2012-09-30 00:35:00,48463,1,35.8627228036,0.664657769345
2012-09-30 00:35:01,48464,1,36.188689942,0.325967138393
2012-09-30 00:35:02,48465,1,36.3384665439,0.149776601934
2012-09-30 00:35:03,48466,1,36.4613087359,0.122842191964
2012-09-30 00:35:04,48467,1,36.6073654018,0.146056665923
2012-09-30 00:35:05,48468,1,36.7492555007,0.141890098958
2012-09-30 00:35:06,48469,1,36.8609371942,0.111681693452
2012-09-30 00:35:07,48470,1,36.9723210766,0.11138388244
2012-09-30 00:35:08,48471,1,37.1578863646,0.185565287946
2012-09-30 00:35:09,48472,1,37.4731391778,0.315252813244
2012-09-30 00:35:10,48473,1,37.9230647128,0.44992553497
2012-09-30 00:35:11,48474,1,38.5010408698,0.577976156994
2012-09-30 00:35:12,48475,1,39.2035705469,0.702529677083
2012-09-30 00:35:13,48476,1,39.9769335387,0.773362991816
2012-09-30 00:35:14,48477,1,40.6872013824,0.71026784375
2012-09-30 00:35:15,48478,1,41.1731390551,0.485937672619
2012-09-30 00:35:16,48479,1,41.3502971585,0.177158103423
2012-09-30 00:35:17,48480,1,41.2793898557,-0.0709073028273
2012-09-30 00:35:18,48481,1,41.1104169583,-0.168972897321
2012-09-30 00:35:19,48482,1,40.9537206205,-0.156696337798
2012-09-30 00:35:20,48483,1,40.8326639598,-0.121056660714
2012-09-30 00:35:21,48484,1,40.736681593,-0.0959823668155
2012-09-30 00:35:22,48485,1,40.6594492552,-0.0772323377976
2012-09-30 00:35:23,48486,1,40.5894343326,-0.070014922619
2012-09-30 00:35:24,48487,1,40.5103421674,-0.0790921651786
2012-09-30 00:35:25,48488,1,40.4259672932,-0.0843748742559
2012-09-30 00:35:26,48489,1,40.3767114382,-0.0492558549108
2012-09-30 00:35:27,48490,1,40.4158484204,0.0391369821429
2012-09-30 00:35:28,48491,1,40.5519348229,0.13608640253
2012-09-30 00:35:29,48492,1,40.7244795945,0.172544771577
2012-09-30 00:35:30,48493,1,40.8537951607,0.12931556622
2012-09-30 00:35:31,48494,1,40.9074409449,0.0536457842262
2012-09-30 00:35:32,48495,1,40.9104169874,0.0029760424107
2012-09-30 00:35:33,48496,1,40.9033484449,-0.0070685424107
2012-09-30 00:35:34,48497,1,40.9050598423,0.0017113973214
2012-09-30 00:35:35,48498,1,40.9101940134,0.005134171131
2012-09-30 00:35:36,48499,1,40.9064739732,-0.00372004017861
2012-09-30 00:35:37,48500,1,40.8893607946,-0.0171131785714
2012-09-30 00:35:38,48501,1,40.8644347954,-0.024925999256
2012-09-30 00:35:39,48502,1,40.8394342574,-0.0250005379464
2012-09-30 00:35:40,48503,1,40.8158475298,-0.0235867276786
2012-09-30 00:35:41,48504,1,40.7843741964,-0.0314733333333
2012-09-30 00:35:42,48505,1,40.7279011696,-0.0564730267857
2012-09-30 00:35:43,48506,1,40.6401038705,-0.0877972991072
2012-09-30 00:35:44,48507,1,40.5458332798,-0.0942705907738
2012-09-30 00:35:45,48508,1,40.490327407,-0.0555058727679
2012-09-30 00:35:46,48509,1,40.5015624829,0.0112350758929
2012-09-30 00:35:47,48510,1,40.5692707143,0.0677082313988
2012-09-30 00:35:48,48511,1,40.656100942,0.0868302276786
2012-09-30 00:35:49,48512,1,40.7229906853,0.0668897433036
2012-09-30 00:35:50,48513,1,40.7525292798,0.029538594494
2012-09-30 00:35:51,48514,1,40.7517852485,-0.000744031250001
2012-09-30 00:35:52,48515,1,40.7338538244,-0.0179314241071
2012-09-30 00:35:53,48516,1,40.7093003571,-0.0245534672619
2012-09-30 00:35:54,48517,1,40.695237846,-0.0140625111608
2012-09-30 00:35:55,48518,1,40.713169349,0.0179315029762
2012-09-30 00:35:56,48519,1,40.7673360729,0.0541667239584
2012-09-30 00:35:57,48520,1,40.8261159583,0.0587798854166
2012-09-30 00:35:58,48521,1,40.828422503,0.00230654464291
2012-09-30 00:35:59,48522,1,40.7246276101,-0.103794892857
2012-09-30 00:36:00,48523,1,40.5270825699,-0.197545040179
2012-09-30 00:36:01,48524,1,40.3134661912,-0.21361637872
2012-09-30 00:36:02,48525,1,40.1700881555,-0.143378035714
2012-09-30 00:36:03,48526,1,40.1331835253,-0.0369046302084
2012-09-30 00:36:04,48527,1,40.1813979613,0.0482144360119
2012-09-30 00:36:05,48528,1,40.2724694546,0.0910714933036
2012-09-30 00:36:06,48529,1,40.3754456391,0.102976184524
2012-09-30 00:36:07,48530,1,40.4691956458,0.0937500066964
2012-09-30 00:36:08,48531,1,40.5351927753,0.0659971294643
2012-09-30 00:36:09,48532,1,40.5740322984,0.0388395230655
2012-09-30 00:36:10,48533,1,40.6195683393,0.0455360409226
2012-09-30 00:36:11,48534,1,40.7208335246,0.101265185268
2012-09-30 00:36:12,48535,1,40.9066967887,0.185863264137
2012-09-30 00:36:13,48536,1,41.1619051414,0.255208352678
2012-09-30 00:36:14,48537,1,41.4348961376,0.27299099628
2012-09-30 00:36:15,48538,1,41.6720983653,0.237202227679
2012-09-30 00:36:16,48539,1,41.8433778921,0.171279526786
2012-09-30 00:36:17,48540,1,41.9545383393,0.111160447173
2012-09-30 00:36:18,48541,1,42.0638387254,0.109300386161
2012-09-30 00:36:19,48542,1,42.2715767493,0.207738023809
2012-09-30 00:36:20,48543,1,42.66316909,0.391592340774
2012-09-30 00:36:21,48544,1,43.2500740097,0.586904919643
2012-09-30 00:36:22,48545,1,43.95275275,0.702678740327
2012-09-30 00:36:23,48546,1,44.6389880565,0.686235306548
2012-09-30 00:36:24,48547,1,45.1942710365,0.555282979911
2012-09-30 00:36:25,48548,1,45.5686016696,0.374330633185
2012-09-30 00:36:26,48549,1,45.779167369,0.210565699405
2012-09-30 00:36:27,48550,1,45.8942716228,0.11510425372
2012-09-30 00:36:28,48551,1,46.0084828415,0.11421121875
2012-09-30 00:36:29,48552,1,46.1982147247,0.189731883184
2012-09-30 00:36:30,48553,1,46.4651786838,0.266963959077
2012-09-30 00:36:31,48554,1,46.7137647426,0.24858605878
2012-09-30 00:36:32,48555,1,46.8037943862,0.0900296436012
2012-09-30 00:36:33,48556,1,46.6485116034,-0.155282782738
2012-09-30 00:36:34,48557,1,46.285416276,-0.363095327381
2012-09-30 00:36:35,48558,1,45.8659964278,-0.419419848214
2012-09-30 00:36:36,48559,1,45.5566955766,-0.30930085119
2012-09-30 00:36:37,48560,1,45.435192439,-0.121503137649
2012-09-30 00:36:38,48561,1,45.4833323326,0.0481398936012
2012-09-30 00:36:39,48562,1,45.651487221,0.168154888393
2012-09-30 00:36:40,48563,1,45.9082581808,0.256770959822
2012-09-30 00:36:41,48564,1,46.2451630335,0.336904852679
2012-09-30 00:36:42,48565,1,46.6446422567,0.399479223214
2012-09-30 00:36:43,48566,1,47.0554309241,0.410788667411
2012-09-30 00:36:44,48567,1,47.4286450863,0.373214162202
2012-09-30 00:36:45,48568,1,47.7866062545,0.357961168155
2012-09-30 00:36:46,48569,1,48.2347461116,0.448139857143
2012-09-30 00:36:47,48570,1,48.8881688824,0.653422770833
2012-09-30 00:36:48,48571,1,49.7807286421,0.892559759673
2012-09-30 00:36:49,48572,1,50.8313240469,1.05059540476
2012-09-30 00:36:50,48573,1,51.8880204926,1.05669644568
2012-09-30 00:36:51,48574,1,52.8220233601,0.93400286756
2012-09-30 00:36:52,48575,1,53.6006690193,0.778645659226
2012-09-30 00:36:53,48576,1,54.2833325193,0.6826635
2012-09-30 00:36:54,48577,1,54.9628710967,0.679538577381
2012-09-30 00:36:55,48578,1,55.7113831064,0.748512009673
2012-09-30 00:36:56,48579,1,56.5604905967,0.849107490327
2012-09-30 00:36:57,48580,1,57.5048362478,0.944345651042
2012-09-30 00:36:58,48581,1,58.5011906741,0.996354426339
2012-09-30 00:36:59,48582,1,59.4688246518,0.967633977679
2012-09-30 00:37:00,48583,1,60.320312686,0.851488034226
2012-09-30 00:37:01,48584,1,61.0116072418,0.691294555804
2012-09-30 00:37:02,48585,1,61.5654017567,0.553794514881
2012-09-30 00:37:03,48586,1,62.0449402552,0.479538498512
2012-09-30 00:37:04,48587,1,62.4970233854,0.452083130208
2012-09-30 00:37:05,48588,1,62.905579817,0.408556431548
2012-09-30 00:37:06,48589,1,63.1898060298,0.284226212798
2012-09-30 00:37:07,48590,1,63.2557287738,0.0659227440476
2012-09-30 00:37:08,48591,1,63.077901564,-0.177827209821
2012-09-30 00:37:09,48592,1,62.749107122,-0.328794441964
2012-09-30 00:37:10,48593,1,62.4430061354,-0.306100986607
2012-09-30 00:37:11,48594,1,62.3079615952,-0.135044540179
2012-09-30 00:37:12,48595,1,62.3727680461,0.0648064508929
2012-09-30 00:37:13,48596,1,62.546428532,0.173660485863
2012-09-30 00:37:14,48597,1,62.7175593095,0.17113077753
2012-09-30 00:37:15,48598,1,62.8459074732,0.12834816369
2012-09-30 00:37:16,48599,1,62.9493300647,0.103422591518
2012-09-30 00:37:17,48600,1,63.0348210387,0.0854909739584
2012-09-30 00:37:18,48601,1,63.0735858118,0.0387647730655
2012-09-30 00:37:19,48602,1,63.0261156257,-0.047470186012
2012-09-30 00:37:20,48603,1,62.8710564055,-0.155059220238
2012-09-30 00:37:21,48604,1,62.621354436,-0.249701969494
2012-09-30 00:37:22,48605,1,62.3255957716,-0.295758664435
2012-09-30 00:37:23,48606,1,62.0544648475,-0.271130924107
2012-09-30 00:37:24,48607,1,61.879762375,-0.17470247247
2012-09-30 00:37:25,48608,1,61.8490331473,-0.0307292276786
2012-09-30 00:37:26,48609,1,61.9673367619,0.118303614583
2012-09-30 00:37:27,48610,1,62.2040184129,0.236681651042
2012-09-30 00:37:28,48611,1,62.5135422649,0.309523851935
2012-09-30 00:37:29,48612,1,62.8430064658,0.329464200893
2012-09-30 00:37:30,48613,1,63.1261164249,0.283109959077
2012-09-30 00:37:31,48614,1,63.2912204501,0.165104025298
2012-09-30 00:37:32,48615,1,63.2958334256,0.0046129754464
2012-09-30 00:37:33,48616,1,63.1579612009,-0.137872224702
2012-09-30 00:37:34,48617,1,62.9481394561,-0.209821744792
2012-09-30 00:37:35,48618,1,62.7479159308,-0.200223525298
2012-09-30 00:37:36,48619,1,62.6111598073,-0.136756123512
2012-09-30 00:37:37,48620,1,62.5526032567,-0.0585565505953
2012-09-30 00:37:38,48621,1,62.560713471,0.0081102142857
2012-09-30 00:37:39,48622,1,62.615847526,0.0551340550596
2012-09-30 00:37:40,48623,1,62.6976929643,0.081845438244
2012-09-30 00:37:41,48624,1,62.7848212746,0.0871283102679
2012-09-30 00:37:42,48625,1,62.8583335625,0.0735122879464
2012-09-30 00:37:43,48626,1,62.9093754918,0.0510419293155
2012-09-30 00:37:44,48627,1,62.9410719717,0.0316964799107
2012-09-30 00:37:45,48628,1,62.9619051853,0.0208332135417
2012-09-30 00:37:46,48629,1,62.9771579911,0.0152528058035
2012-09-30 00:37:47,48630,1,62.9861608571,0.0090028660714
2012-09-30 00:37:48,48631,1,62.9858632366,-0.000297620535697
2012-09-30 00:37:49,48632,1,62.9753722701,-0.0104909665178
2012-09-30 00:37:50,48633,1,62.958408154,-0.0169641160714
2012-09-30 00:37:51,48634,1,62.9434529464,-0.0149552075893
2012-09-30 00:37:52,48635,1,62.9392119174,-0.0042410290179
2012-09-30 00:37:53,48636,1,62.9481403996,0.0089284821429
2012-09-30 00:37:54,48637,1,62.9658485558,0.01770815625
2012-09-30 00:37:55,48638,1,62.9845983683,0.0187498125
2012-09-30 00:37:56,48639,1,62.9971726473,0.0125742790178
2012-09-30 00:37:57,48640,1,63.0019345045,0.0047618571429
2012-09-30 00:37:58,48641,1,63.0019345045,0.0
2012-09-30 00:37:59,48642,1,62.9971726473,-0.0047618571429
2012-09-30 00:38:00,48643,1,62.9847471763,-0.0124254709821
2012-09-30 00:38:01,48644,1,62.966667,-0.0180801763393
2012-09-30 00:38:02,48645,1,62.9492564598,-0.0174105401786
2012-09-30 00:38:03,48646,1,62.9360869487,-0.0131695111607
2012-09-30 00:38:04,48647,1,62.9272328705,-0.008854078125
2012-09-30 00:38:05,48648,1,62.9232894576,-0.0039434129464
2012-09-30 00:38:06,48649,1,62.9274560871,0.0041666294643
2012-09-30 00:38:07,48650,1,62.9424113147,0.0149552276785
2012-09-30 00:38:08,48651,1,62.9619051853,0.0194938705358
2012-09-30 00:38:09,48652,1,62.9693454985,0.007440313244
2012-09-30 00:38:10,48653,1,62.9502977061,-0.0190477924107
2012-09-30 00:38:11,48654,1,62.9011158988,-0.0491818072917
2012-09-30 00:38:12,48655,1,62.8218745141,-0.0792413846726
2012-09-30 00:38:13,48656,1,62.7083326503,-0.113541863839
2012-09-30 00:38:14,48657,1,62.5609368824,-0.147395767857
2012-09-30 00:38:15,48658,1,62.4054312396,-0.155505642857
2012-09-30 00:38:16,48659,1,62.2926339963,-0.112797243304
2012-09-30 00:38:17,48660,1,62.265178872,-0.027455124256
2012-09-30 00:38:18,48661,1,62.326488378,0.0613095059524
2012-09-30 00:38:19,48662,1,62.440848253,0.114359875
2012-09-30 00:38:20,48663,1,62.5607883891,0.119940136161
2012-09-30 00:38:21,48664,1,62.6584071704,0.09761878125
2012-09-30 00:38:22,48665,1,62.7287939665,0.070386796131
2012-09-30 00:38:23,48666,1,62.7732880082,0.0444940416666
2012-09-30 00:38:24,48667,1,62.8003713185,0.0270833102679
2012-09-30 00:38:25,48668,1,62.8311747917,0.0308034732143
2012-09-30 00:38:26,48669,1,62.8717997046,0.0406249129464
2012-09-30 00:38:27,48670,1,62.8831092656,0.0113095610119
2012-09-30 00:38:28,48671,1,62.8092998698,-0.0738093958333
2012-09-30 00:38:29,48672,1,62.6485857173,-0.16071415253
2012-09-30 00:38:30,48673,1,62.4840769449,-0.164508772321
2012-09-30 00:38:31,48674,1,62.4231396771,-0.0609372678572
2012-09-30 00:38:32,48675,1,62.4933036704,0.0701639933036
2012-09-30 00:38:33,48676,1,62.6170390729,0.12373540253
2012-09-30 00:38:34,48677,1,62.6974707016,0.0804316287202
2012-09-30 00:38:35,48678,1,62.7113841622,0.0139134605655
2012-09-30 00:38:36,48679,1,62.7203867485,0.0090025863095
2012-09-30 00:38:37,48680,1,62.7872763311,0.0668895825893
2012-09-30 00:38:38,48681,1,62.8874250223,0.10014869122
2012-09-30 00:38:39,48682,1,62.9324399204,0.0450148980655
2012-09-30 00:38:40,48683,1,62.8485858482,-0.0838540721726
2012-09-30 00:38:41,48684,1,62.6165918862,-0.231993962054
2012-09-30 00:38:42,48685,1,62.2993299851,-0.317261901042
2012-09-30 00:38:43,48686,1,62.0242555327,-0.275074452381
2012-09-30 00:38:44,48687,1,61.8947912321,-0.129464300595
2012-09-30 00:38:45,48688,1,61.9273062083,0.0325149761904
2012-09-30 00:38:46,48689,1,62.0517112009,0.12440499256
2012-09-30 00:38:47,48690,1,62.1633185446,0.11160734375
2012-09-30 00:38:48,48691,1,62.2145089204,0.051190375744
2012-09-30 00:38:49,48692,1,62.2455352917,0.0310263712798
2012-09-30 00:38:50,48693,1,62.3119783281,0.0664430364583
2012-09-30 00:38:51,48694,1,62.4216508408,0.109672512649
2012-09-30 00:38:52,48695,1,62.545088619,0.123437778274
2012-09-30 00:38:53,48696,1,62.6517111421,0.106622523066
2012-09-30 00:38:54,48697,1,62.7286461183,0.0769349761905
2012-09-30 00:38:55,48698,1,62.77410766,0.0454615416666
2012-09-30 00:38:56,48699,1,62.7874260967,0.013318436756
2012-09-30 00:38:57,48700,1,62.7811758683,-0.0062502284226
2012-09-30 00:38:58,48701,1,62.7868303036,0.0056544352678
2012-09-30 00:38:59,48702,1,62.8268598333,0.0400295297619
2012-09-30 00:39:00,48703,1,62.8911455193,0.0642856860119
2012-09-30 00:39:01,48704,1,62.9499998103,0.0588542909227
2012-09-30 00:39:02,48705,1,62.98415175,0.0341519397321
2012-09-30 00:39:03,48706,1,62.9975446972,0.0133929471726
2012-09-30 00:39:04,48707,1,63.0002232924,0.0026785952381
2012-09-30 00:39:05,48708,1,62.9852679509,-0.0149553415178
2012-09-30 00:39:06,48709,1,62.9349703646,-0.0502975863096
2012-09-30 00:39:07,48710,1,62.8520090893,-0.0829612752976
2012-09-30 00:39:08,48711,1,62.7631698304,-0.0888392589285
2012-09-30 00:39:09,48712,1,62.6834823467,-0.079687483631
2012-09-30 00:39:10,48713,1,62.6112353013,-0.0722470453869
2012-09-30 00:39:11,48714,1,62.5586310536,-0.0526042477679
2012-09-30 00:39:12,48715,1,62.5472470201,-0.0113840334821
2012-09-30 00:39:13,48716,1,62.5845981094,0.0373510892857
2012-09-30 00:39:14,48717,1,62.65364559,0.0690474806548
2012-09-30 00:39:15,48718,1,62.7064727574,0.0528271674107
2012-09-30 00:39:16,48719,1,62.6991064152,-0.0073663422619
2012-09-30 00:39:17,48720,1,62.6424841555,-0.0566222596726
2012-09-30 00:39:18,48721,1,62.5864573274,-0.0560268281251
2012-09-30 00:39:19,48722,1,62.5741063653,-0.0123509620535
2012-09-30 00:39:20,48723,1,62.6313984241,0.0572920587797
2012-09-30 00:39:21,48724,1,62.764880939,0.133482514881
2012-09-30 00:39:22,48725,1,62.9473960417,0.182515102679
2012-09-30 00:39:23,48726,1,63.1212800097,0.173883968006
2012-09-30 00:39:24,48727,1,63.2310269412,0.109746931548
2012-09-30 00:39:25,48728,1,63.2587053356,0.0276783943453
2012-09-30 00:39:26,48729,1,63.2331098333,-0.0255955022322
2012-09-30 00:39:27,48730,1,63.2031987969,-0.0299110364583
2012-09-30 00:39:28,48731,1,63.2011152083,-0.0020835885417
2012-09-30 00:39:29,48732,1,63.2391359896,0.03802078125
2012-09-30 00:39:30,48733,1,63.3206837545,0.081547764881
2012-09-30 00:39:31,48734,1,63.4210559717,0.100372217262
2012-09-30 00:39:32,48735,1,63.4827376376,0.0616816659226
2012-09-30 00:39:33,48736,1,63.46049066,-0.0222469776786
2012-09-30 00:39:34,48737,1,63.3595234397,-0.100967220238
2012-09-30 00:39:35,48738,1,63.2331842418,-0.126339197917
2012-09-30 00:39:36,48739,1,63.1476188646,-0.0855653772322
2012-09-30 00:39:37,48740,1,63.1288688586,-0.0187500059523
2012-09-30 00:39:38,48741,1,63.1476930848,0.0188242261904
2012-09-30 00:39:39,48742,1,63.1578118542,0.0101187693453
2012-09-30 00:39:40,48743,1,63.1308027321,-0.0270091220238
2012-09-30 00:39:41,48744,1,63.0675587679,-0.0632439642858
2012-09-30 00:39:42,48745,1,62.9992555789,-0.0683031889881
2012-09-30 00:39:43,48746,1,62.9737351897,-0.0255203891369
2012-09-30 00:39:44,48747,1,63.0267115811,0.0529763913691
2012-09-30 00:39:45,48748,1,63.1421876362,0.115476055059
2012-09-30 00:39:46,48749,1,63.2431545558,0.100966919643
2012-09-30 00:39:47,48750,1,63.2602672686,0.0171127127976
2012-09-30 00:39:48,48751,1,63.2072163876,-0.0530508809524
2012-09-30 00:39:49,48752,1,63.1628710603,-0.0443453273809
2012-09-30 00:39:50,48753,1,63.191293785,0.0284227247023
2012-09-30 00:39:51,48754,1,63.2763386525,0.0850448675596
2012-09-30 00:39:52,48755,1,63.3243299673,0.0479913147321
2012-09-30 00:39:53,48756,1,63.2545384263,-0.0697915409226
2012-09-30 00:39:54,48757,1,63.083853843,-0.170684583333
2012-09-30 00:39:55,48758,1,62.9018596436,-0.181994199405
2012-09-30 00:39:56,48759,1,62.7800589234,-0.121800720238
2012-09-30 00:39:57,48760,1,62.7215023006,-0.0585566227679
2012-09-30 00:39:58,48761,1,62.6872016682,-0.0343006324404
2012-09-30 00:39:59,48762,1,62.6517849993,-0.0354166688988
2012-09-30 00:40:00,48763,1,62.628496311,-0.0232886882441
2012-09-30 00:40:01,48764,1,62.6508177225,0.0223214114583
2012-09-30 00:40:02,48765,1,62.7226183281,0.0718006056548
2012-09-30 00:40:03,48766,1,62.7863833162,0.0637649880952
2012-09-30 00:40:04,48767,1,62.7773061607,-0.0090771555059
2012-09-30 00:40:05,48768,1,62.7107142202,-0.0665919404762
2012-09-30 00:40:06,48769,1,62.6674853765,-0.04322884375
2012-09-30 00:40:07,48770,1,62.6863843162,0.0188989397321
2012-09-30 00:40:08,48771,1,62.7154019673,0.0290176510417
2012-09-30 00:40:09,48772,1,62.6795384085,-0.0358635587797
2012-09-30 00:40:10,48773,1,62.5690468326,-0.110491575893
2012-09-30 00:40:11,48774,1,62.4531982664,-0.11584856622
2012-09-30 00:40:12,48775,1,62.3984362991,-0.054761967262
2012-09-30 00:40:13,48776,1,62.3684514293,-0.0299848697916
2012-09-30 00:40:14,48777,1,62.2614578155,-0.106993613839
2012-09-30 00:40:15,48778,1,62.0686011265,-0.192856688988
2012-09-30 00:40:16,48779,1,61.9200151667,-0.148585959821
2012-09-30 00:40:17,48780,1,61.9644349487,0.044419781994
2012-09-30 00:40:18,48781,1,62.258854436,0.294419487351
2012-09-30 00:40:19,48782,1,62.7296873266,0.470832890625
2012-09-30 00:40:20,48783,1,63.197097468,0.467410141369
2012-09-30 00:40:21,48784,1,63.4970226034,0.299925135417
2012-09-30 00:40:22,48785,1,63.5988825677,0.101859964286
2012-09-30 00:40:23,48786,1,63.5895077374,-0.0093748303571
2012-09-30 00:40:24,48787,1,63.5722461243,-0.0172616130953
2012-09-30 00:40:25,48788,1,63.5767849643,0.0045388400298
2012-09-30 00:40:26,48789,1,63.5507432344,-0.0260417299107
2012-09-30 00:40:27,48790,1,63.4537937113,-0.0969495230655
2012-09-30 00:40:28,48791,1,63.3300586094,-0.123735101934
2012-09-30 00:40:29,48792,1,63.2613088103,-0.0687497991071
2012-09-30 00:40:30,48793,1,63.2806543527,0.0193455424107
2012-09-30 00:40:31,48794,1,63.3459820104,0.0653276577381
2012-09-30 00:40:32,48795,1,63.387648776,0.041666765625
2012-09-30 00:40:33,48796,1,63.3779016049,-0.009747171131
2012-09-30 00:40:34,48797,1,63.3413685588,-0.0365330461309
2012-09-30 00:40:35,48798,1,63.3067700298,-0.0345985290179
2012-09-30 00:40:36,48799,1,63.2770079412,-0.0297620885417
2012-09-30 00:40:37,48800,1,63.2368293527,-0.0401785885416
2012-09-30 00:40:38,48801,1,63.175296631,-0.0615327217262
2012-09-30 00:40:39,48802,1,63.1126477165,-0.0626489144346
2012-09-30 00:40:40,48803,1,63.0848201235,-0.0278275930059
2012-09-30 00:40:41,48804,1,63.0957574688,0.0109373452381
2012-09-30 00:40:42,48805,1,63.1194926577,0.0237351889881
2012-09-30 00:40:43,48806,1,63.1215763214,0.0020836636905
2012-09-30 00:40:44,48807,1,63.0700143051,-0.0515620163691
2012-09-30 00:40:45,48808,1,62.9793153616,-0.0906989434524
2012-09-30 00:40:46,48809,1,62.9098215417,-0.0694938199404
2012-09-30 00:40:47,48810,1,62.8997023408,-0.0101192008929
2012-09-30 00:40:48,48811,1,62.9489578519,0.0492555111607
2012-09-30 00:40:49,48812,1,63.0360853981,0.087127546131
2012-09-30 00:40:50,48813,1,63.1228411689,0.0867557708333
2012-09-30 00:40:51,48814,1,63.186234096,0.0633929270833
2012-09-30 00:40:52,48815,1,63.2287937917,0.0425596956846
2012-09-30 00:40:53,48816,1,63.2488832277,0.0200894360119
2012-09-30 00:40:54,48817,1,63.2368297686,-0.0120534590774
2012-09-30 00:40:55,48818,1,63.1879459479,-0.0488838206845
2012-09-30 00:40:56,48819,1,63.10543116,-0.0825147879465
2012-09-30 00:40:57,48820,1,63.0002972433,-0.105133916667
2012-09-30 00:40:58,48821,1,62.8810263028,-0.119270940476
2012-09-30 00:40:59,48822,1,62.7491065015,-0.131919801339
2012-09-30 00:41:00,48823,1,62.6229903415,-0.12611615997
2012-09-30 00:41:01,48824,1,62.5465022917,-0.0764880498512
2012-09-30 00:41:02,48825,1,62.5439726964,-0.0025295952381
2012-09-30 00:41:03,48826,1,62.5818449256,0.0378722291666
2012-09-30 00:41:04,48827,1,62.5951634948,0.0133185691965
2012-09-30 00:41:05,48828,1,62.5454611027,-0.0497023921131
2012-09-30 00:41:06,48829,1,62.4587795134,-0.0866815892858
2012-09-30 00:41:07,48830,1,62.4190473929,-0.0397321205357
2012-09-30 00:41:08,48831,1,62.5066218891,0.0875744962798
2012-09-30 00:41:09,48832,1,62.7289434546,0.222321565476
2012-09-30 00:41:10,48833,1,63.0149555268,0.286012072173
2012-09-30 00:41:11,48834,1,63.2610866265,0.246131099702
2012-09-30 00:41:12,48835,1,63.3803575022,0.119270875744
2012-09-30 00:41:13,48836,1,63.3485865714,-0.0317709308035
2012-09-30 00:41:14,48837,1,63.2204613951,-0.128125176339
2012-09-30 00:41:15,48838,1,63.0836309018,-0.136830493304
2012-09-30 00:41:16,48839,1,62.9915177813,-0.0921131205357
2012-09-30 00:41:17,48840,1,62.9401785007,-0.051339280506
2012-09-30 00:41:18,48841,1,62.9058777894,-0.0343007113095
2012-09-30 00:41:19,48842,1,62.8891364509,-0.0167413385416
2012-09-30 00:41:20,48843,1,62.9066212634,0.0174848125
2012-09-30 00:41:21,48844,1,62.9565466332,0.0499253697916
2012-09-30 00:41:22,48845,1,63.0119036845,0.0553570513393
2012-09-30 00:41:23,48846,1,63.0447162158,0.03281253125
2012-09-30 00:41:24,48847,1,63.0502222723,0.0055060565476
2012-09-30 00:41:25,48848,1,63.0437491689,-0.0064731034226
2012-09-30 00:41:26,48849,1,63.0386153147,-0.0051338541667
2012-09-30 00:41:27,48850,1,63.0352671644,-0.0033481502976
2012-09-30 00:41:28,48851,1,63.0267851555,-0.0084820089285
2012-09-30 00:41:29,48852,1,63.006398532,-0.0203866235119
2012-09-30 00:41:30,48853,1,62.9732888475,-0.0331096845239
2012-09-30 00:41:31,48854,1,62.9380958341,-0.0351930133928
2012-09-30 00:41:32,48855,1,62.9209085067,-0.017187327381
2012-09-30 00:41:33,48856,1,62.935417183,0.0145086763393
2012-09-30 00:41:34,48857,1,62.9704613028,0.0350441197917
2012-09-30 00:41:35,48858,1,62.9919638385,0.0215025357143
2012-09-30 00:41:36,48859,1,62.9683774018,-0.023586436756
2012-09-30 00:41:37,48860,1,62.8944191696,-0.0739582321428
2012-09-30 00:41:38,48861,1,62.7920382679,-0.102380901786
2012-09-30 00:41:39,48862,1,62.6916660871,-0.100372180804
2012-09-30 00:41:40,48863,1,62.6134664152,-0.078199671875
2012-09-30 00:41:41,48864,1,62.5650287091,-0.0484377061012
2012-09-30 00:41:42,48865,1,62.5506685238,-0.0143601852679
2012-09-30 00:41:43,48866,1,62.5764126302,0.0257441063988
2012-09-30 00:41:44,48867,1,62.6369038378,0.0604912075893
2012-09-30 00:41:45,48868,1,62.6819933058,0.045089468006
2012-09-30 00:41:46,48869,1,62.5973208378,-0.084672468006
2012-09-30 00:41:47,48870,1,62.2442702254,-0.353050612351
2012-09-30 00:41:48,48871,1,61.5505200372,-0.693750188244
2012-09-30 00:41:49,48872,1,60.5910704546,-0.959449582589
2012-09-30 00:41:50,48873,1,59.5903263891,-1.00074406548
2012-09-30 00:41:51,48874,1,58.8163682009,-0.773958188244
2012-09-30 00:41:52,48875,1,58.4404011585,-0.375967042411
2012-09-30 00:41:53,48876,1,58.4713537188,0.0309525602679
2012-09-30 00:41:54,48877,1,58.7771573728,0.305803654018
2012-09-30 00:41:55,48878,1,59.1437496644,0.366592291667
2012-09-30 00:41:56,48879,1,59.353571151,0.209821486607
2012-09-30 00:41:57,48880,1,59.2630206778,-0.0905504732143
2012-09-30 00:41:58,48881,1,58.8470237634,-0.415996914435
2012-09-30 00:41:59,48882,1,58.1999998862,-0.647023877232
2012-09-30 00:42:00,48883,1,57.4819936086,-0.71800627753
2012-09-30 00:42:01,48884,1,56.8163681235,-0.665625485119
2012-09-30 00:42:02,48885,1,56.2040164821,-0.612351641369
2012-09-30 00:42:03,48886,1,55.5174835164,-0.686532965774
2012-09-30 00:42:04,48887,1,54.5699389397,-0.947544576637
2012-09-30 00:42:05,48888,1,53.2064719345,-1.36346700521
2012-09-30 00:42:06,48889,1,51.3576627001,-1.84880923437
2012-09-30 00:42:07,48890,1,49.0368295893,-2.32083311086
2012-09-30 00:42:08,48891,1,46.3258921964,-2.71093739286
2012-09-30 00:42:09,48892,1,43.3895826845,-2.9363095119
2012-09-30 00:42:10,48893,1,40.4972463832,-2.89233630134
2012-09-30 00:42:11,48894,1,37.9827375231,-2.51450886012
2012-09-30 00:42:12,48895,1,36.1059519219,-1.87678560119
2012-09-30 00:42:13,48896,1,34.918154404,-1.18779751786
2012-09-30 00:42:14,48897,1,34.260937157,-0.657217247024
2012-09-30 00:42:15,48898,1,33.8720977552,-0.388839401786
2012-09-30 00:42:16,48899,1,33.4989576786,-0.373140076637
2012-09-30 00:42:17,48900,1,32.9753712009,-0.523586477678
2012-09-30 00:42:18,48901,1,32.264433628,-0.710937572917
2012-09-30 00:42:19,48902,1,31.4830348519,-0.781398776042
2012-09-30 00:42:20,48903,1,30.8817701064,-0.601264745536
2012-09-30 00:42:21,48904,1,30.734151285,-0.147618821429
2012-09-30 00:42:22,48905,1,31.1799848795,0.445833594494
2012-09-30 00:42:23,48906,1,32.1341517307,0.954166851191
2012-09-30 00:42:24,48907,1,33.3215029435,1.1873512128
2012-09-30 00:42:25,48908,1,34.4015623847,1.08005944122
2012-09-30 00:42:26,48909,1,35.1020087946,0.70044640997
2012-09-30 00:42:27,48910,1,35.321056529,0.219047734375
2012-09-30 00:42:28,48911,1,35.1718750863,-0.149181442708
2012-09-30 00:42:29,48912,1,34.9063987686,-0.265476317708
2012-09-30 00:42:30,48913,1,34.7349697515,-0.171429017113
2012-09-30 00:42:31,48914,1,34.6877221302,-0.0472476212798
2012-09-30 00:42:32,48915,1,34.631694942,-0.056027188244
2012-09-30 00:42:33,48916,1,34.4177812902,-0.213913651786
2012-09-30 00:42:34,48917,1,34.0287936079,-0.388987682292
2012-09-30 00:42:35,48918,1,33.5997762604,-0.42901734747
2012-09-30 00:42:36,48919,1,33.3101932842,-0.28958297619
2012-09-30 00:42:37,48920,1,33.2650297091,-0.0451635751488
2012-09-30 00:42:38,48921,1,33.4555802604,0.190550551339
2012-09-30 00:42:39,48922,1,33.8034224606,0.347842200149
2012-09-30 00:42:40,48923,1,34.2313242001,0.427901739583
2012-09-30 00:42:41,48924,1,34.7008181674,0.469493967262
2012-09-30 00:42:42,48925,1,35.2079609234,0.507142755952
2012-09-30 00:42:43,48926,1,35.760044183,0.552083259673
2012-09-30 00:42:44,48927,1,36.3510411659,0.590996982887
2012-09-30 00:42:45,48928,1,36.9530500781,0.602008912202
2012-09-30 00:42:46,48929,1,37.5249250655,0.571874987351
2012-09-30 00:42:47,48930,1,38.0176333772,0.492708311756
2012-09-30 00:42:48,48931,1,38.3697167091,0.352083331845
2012-09-30 00:42:49,48932,1,38.5217256525,0.152008943452
2012-09-30 00:42:50,48933,1,38.4726929286,-0.0490327239584
2012-09-30 00:42:51,48934,1,38.3226185997,-0.150074328869
2012-09-30 00:42:52,48935,1,38.2161455528,-0.106473046875
2012-09-30 00:42:53,48936,1,38.2204611629,0.004315610119
2012-09-30 00:42:54,48937,1,38.2657736057,0.0453124427084
2012-09-30 00:42:55,48938,1,38.2046126272,-0.0611609784227
2012-09-30 00:42:56,48939,1,37.9098950513,-0.294717575893
2012-09-30 00:42:57,48940,1,37.2934514658,-0.616443585565
2012-09-30 00:42:58,48941,1,36.2479903229,-1.04546114286
2012-09-30 00:42:59,48942,1,34.6409966205,-1.60699370238
2012-09-30 00:43:00,48943,1,32.4140623869,-2.22693423363
2012-09-30 00:43:01,48944,1,29.6741815491,-2.7398808378
2012-09-30 00:43:02,48945,1,26.6465773341,-3.02760421503
2012-09-30 00:43:03,48946,1,23.5080355097,-3.1385418244
2012-09-30 00:43:04,48947,1,20.2720234003,-3.23601210938
2012-09-30 00:43:05,48948,1,16.8648803534,-3.40714304687
2012-09-30 00:43:06,48949,1,13.313726952,-3.55115340141
2012-09-30 00:43:07,48950,1,9.83906172693,-3.47466522507
2012-09-30 00:43:08,48951,1,6.77499925372,-3.06406247321
2012-09-30 00:43:09,48952,1,4.43199338914,-2.34300586458
2012-09-30 00:43:10,48953,1,3.04959024665,-1.38240314249
2012-09-30 00:43:11,48954,1,2.84486569643,-0.204724550223
2012-09-30 00:43:12,48955,1,4.01186734338,1.16700164695
2012-09-30 00:43:13,48956,1,6.58779753497,2.57593019159
2012-09-30 00:43:14,48957,1,10.3092261496,3.72142861458
2012-09-30 00:43:15,48958,1,14.6472469137,4.33802076414
2012-09-30 00:43:16,48959,1,19.0390994572,4.39185254353
2012-09-30 00:43:17,48960,1,23.116517474,4.07741801674
2012-09-30 00:43:18,48961,1,26.7473953475,3.63087787351
2012-09-30 00:43:19,48962,1,29.9351185231,3.1877231756
2012-09-30 00:43:20,48963,1,32.7235114516,2.78839292857
2012-09-30 00:43:21,48964,1,35.1613837024,2.43787225074
2012-09-30 00:43:22,48965,1,37.2964287046,2.13504500223
2012-09-30 00:43:23,48966,1,39.1665183557,1.87008965104
2012-09-30 00:43:24,48967,1,40.7919649769,1.62544662128
2012-09-30 00:43:25,48968,1,42.1869797455,1.3950147686
2012-09-30 00:43:26,48969,1,43.3786460126,1.19166626711
2012-09-30 00:43:27,48970,1,44.4034223289,1.02477631622
2012-09-30 00:43:28,48971,1,45.2798357783,0.876413449405
2012-09-30 00:43:29,48972,1,45.9920383036,0.712202525298
2012-09-30 00:43:30,48973,1,46.5049851815,0.512946877976
2012-09-30 00:43:31,48974,1,46.7883934263,0.283408244792
2012-09-30 00:43:32,48975,1,46.8291675424,0.0407741160714
2012-09-30 00:43:33,48976,1,46.6327390067,-0.196428535714
2012-09-30 00:43:34,48977,1,46.2140633177,-0.418675688988
2012-09-30 00:43:35,48978,1,45.5997031138,-0.614360203869
2012-09-30 00:43:36,48979,1,44.8436018304,-0.756101283482
2012-09-30 00:43:37,48980,1,43.9837801979,-0.85982163244
2012-09-30 00:43:38,48981,1,42.9219494963,-1.06183070164
2012-09-30 00:43:39,48982,1,41.3763390074,-1.54561048884
2012-09-30 00:43:40,48983,1,39.0279756667,-2.34836334077
2012-09-30 00:43:41,48984,1,35.7383178452,-3.28965782143
2012-09-30 00:43:42,48985,1,31.6226184479,-4.11569939732
2012-09-30 00:43:43,48986,1,26.9279160751,-4.69470237277
2012-09-30 00:43:44,48987,1,21.8721199368,-5.05579613839
2012-09-30 00:43:45,48988,1,16.6620530179,-5.2100669189
2012-09-30 00:43:46,48989,1,11.6789355923,-4.9831174256
2012-09-30 00:43:47,48990,1,7.51011879539,-4.16881679687
2012-09-30 00:43:48,48991,1,4.65955345759,-2.8505653378
2012-09-30 00:43:49,48992,1,3.21968747247,-1.43986598512
2012-09-30 00:43:50,48993,1,2.83601935119,-0.38366812128
2012-09-30 00:43:51,48994,1,2.97074405432,0.134724703125
2012-09-30 00:43:52,48995,1,3.22244791815,0.251703863839
2012-09-30 00:43:53,48996,1,3.43883928571,0.21639136756
2012-09-30 00:43:54,48997,1,3.60247768006,0.163638394345
2012-09-30 00:43:55,48998,1,3.74465774628,0.14218006622
2012-09-30 00:43:56,48999,1,4.02796876265,0.283311016369
2012-09-30 00:43:57,49000,1,4.7954166436,0.767447880952
2012-09-30 00:43:58,49001,1,6.40361592187,1.60819927827
2012-09-30 00:43:59,49002,1,8.98020795759,2.57659203571
2012-09-30 00:44:00,49003,1,12.3263460908,3.34613813318
2012-09-30 00:44:01,49004,1,16.0284217999,3.70207570908
2012-09-30 00:44:02,49005,1,19.700200026,3.67177822619
2012-09-30 00:44:03,49006,1,23.1531093088,3.45290928274
2012-09-30 00:44:04,49007,1,26.360415971,3.2073066622
2012-09-30 00:44:05,49008,1,29.3418893638,2.98147339286
2012-09-30 00:44:06,49009,1,32.1290176131,2.78712824926
2012-09-30 00:44:07,49010,1,34.7757441577,2.64672654464
2012-09-30 00:44:08,49011,1,37.3404021868,2.56465802902
2012-09-30 00:44:09,49012,1,39.8581105097,2.51770832292
2012-09-30 00:44:10,49013,1,42.3250743921,2.46696388244
2012-09-30 00:44:11,49014,1,44.6912196354,2.3661452433
2012-09-30 00:44:12,49015,1,46.878570404,2.1873507686
2012-09-30 00:44:13,49016,1,48.8171864449,1.93861604092
2012-09-30 00:44:14,49017,1,50.4644337545,1.64724730952
2012-09-30 00:44:15,49018,1,51.8172614524,1.35282769792
2012-09-30 00:44:16,49019,1,52.9291663467,1.11190489435
2012-09-30 00:44:17,49020,1,53.9037199055,0.97455355878
2012-09-30 00:44:18,49021,1,54.8590770826,0.955357177083
2012-09-30 00:44:19,49022,1,55.8834076153,1.02433053274
2012-09-30 00:44:20,49023,1,56.9944197359,1.11101212054
2012-09-30 00:44:21,49024,1,58.132887096,1.13846736012
2012-09-30 00:44:22,49025,1,59.2043900186,1.07150292262
2012-09-30 00:44:23,49026,1,60.1261905134,0.921800494792
2012-09-30 00:44:24,49027,1,60.8460565536,0.719866040179
2012-09-30 00:44:25,49028,1,61.3499256481,0.503869094494
2012-09-30 00:44:26,49029,1,61.6683780365,0.318452388393
2012-09-30 00:44:27,49030,1,61.8626487135,0.194270677083
2012-09-30 00:44:28,49031,1,61.985118654,0.122469940476
2012-09-30 00:44:29,49032,1,62.0460558616,0.0609372075892
2012-09-30 00:44:30,49033,1,62.0259664353,-0.0200894263393
2012-09-30 00:44:31,49034,1,61.9275290119,-0.098437423363
2012-09-30 00:44:32,49035,1,61.7881691086,-0.139359903274
2012-09-30 00:44:33,49036,1,61.5866812121,-0.201487896577
2012-09-30 00:44:34,49037,1,61.1273063207,-0.459374891369
2012-09-30 00:44:35,49038,1,60.0657736138,-1.06153270685
2012-09-30 00:44:36,49039,1,58.098362878,-1.96741073586
2012-09-30 00:44:37,49040,1,55.1631693958,-2.93519348214
2012-09-30 00:44:38,49041,1,51.49486584,-3.6683035558
2012-09-30 00:44:39,49042,1,47.4939730759,-4.00089276414
2012-09-30 00:44:40,49043,1,43.5203869472,-3.97358612872
2012-09-30 00:44:41,49044,1,39.7651788363,-3.75520811086
2012-09-30 00:44:42,49045,1,36.2406998177,-3.5244790186
2012-09-30 00:44:43,49046,1,32.8193456354,-3.42135418229
2012-09-30 00:44:44,49047,1,29.2949407121,-3.52440492336
2012-09-30 00:44:45,49048,1,25.5154761987,-3.77946451339
2012-09-30 00:44:46,49049,1,21.5345979926,-3.9808782061
2012-09-30 00:44:47,49050,1,17.6215025558,-3.91309543676
2012-09-30 00:44:48,49051,1,14.1316958676,-3.48980668824
2012-09-30 00:44:49,49052,1,11.4040172247,-2.72767864286
2012-09-30 00:44:50,49053,1,9.7434517128,-1.6605655119
2012-09-30 00:44:51,49054,1,9.41592190179,-0.327529811012
2012-09-30 00:44:52,49055,1,10.5632432582,1.1473213564
2012-09-30 00:44:53,49056,1,13.0410705826,2.4778273244
2012-09-30 00:44:54,49057,1,16.3646568943,3.32358631176
2012-09-30 00:44:55,49058,1,19.9070676555,3.54241076116
2012-09-30 00:44:56,49059,1,23.2021569814,3.29508932589
2012-09-30 00:44:57,49060,1,26.0963534412,2.89419645982
2012-09-30 00:44:58,49061,1,28.6729904226,2.5766369814
2012-09-30 00:44:59,49062,1,31.0757435826,2.40275315997
2012-09-30 00:45:00,49063,1,33.3934522225,2.31770863988
2012-09-30 00:45:01,49064,1,35.6391370625,2.24568484003
2012-09-30 00:45:02,49065,1,37.7680806399,2.12894357738
2012-09-30 00:45:03,49066,1,39.7194197879,1.95133914807
2012-09-30 00:45:04,49067,1,41.4697915685,1.75037178051
2012-09-30 00:45:05,49068,1,43.050818244,1.5810266756
2012-09-30 00:45:06,49069,1,44.5213541094,1.47053586533
2012-09-30 00:45:07,49070,1,45.9337800268,1.41242591741
2012-09-30 00:45:08,49071,1,47.3162951406,1.38251511384
2012-09-30 00:45:09,49072,1,48.6651790201,1.34888387946
2012-09-30 00:45:10,49073,1,49.936086494,1.27090747396
2012-09-30 00:45:11,49074,1,51.0345981362,1.09851164211
2012-09-30 00:45:12,49075,1,51.8296128668,0.795014730655
2012-09-30 00:45:13,49076,1,52.2087050305,0.37909216369
2012-09-30 00:45:14,49077,1,52.1427078743,-0.0659971562499
2012-09-30 00:45:15,49078,1,51.7012642448,-0.441443629464
2012-09-30 00:45:16,49079,1,51.0057283519,-0.695535892857
2012-09-30 00:45:17,49080,1,50.1634663467,-0.842262005208
2012-09-30 00:45:18,49081,1,49.2423354628,-0.921130883929
2012-09-30 00:45:19,49082,1,48.2965023728,-0.94583309003
2012-09-30 00:45:20,49083,1,47.3969490975,-0.899553275298
2012-09-30 00:45:21,49084,1,46.6381695097,-0.758779587798
2012-09-30 00:45:22,49085,1,46.129538497,-0.508631012649
2012-09-30 00:45:23,49086,1,45.9617555379,-0.167782959077
2012-09-30 00:45:24,49087,1,46.1502970737,0.188541535714
2012-09-30 00:45:25,49088,1,46.6079608884,0.457663814732
2012-09-30 00:45:26,49089,1,47.1874998482,0.579538959821
2012-09-30 00:45:27,49090,1,47.7782738341,0.590773985863
2012-09-30 00:45:28,49091,1,48.3831844903,0.60491065625
2012-09-30 00:45:29,49092,1,49.0879461391,0.70476164881
2012-09-30 00:45:30,49093,1,49.9392107158,0.851264576637
2012-09-30 00:45:31,49094,1,50.860415849,0.921205133185
2012-09-30 00:45:32,49095,1,51.688540782,0.828124933036
2012-09-30 00:45:33,49096,1,52.2814724606,0.592931678572
2012-09-30 00:45:34,49097,1,52.5793893847,0.297916924107
2012-09-30 00:45:35,49098,1,52.5987348125,0.0193454278274
2012-09-30 00:45:36,49099,1,52.4408478802,-0.157886932292
2012-09-30 00:45:37,49100,1,52.1970232738,-0.243824606399
2012-09-30 00:45:38,49101,1,51.622023058,-0.575000215774
2012-09-30 00:45:39,49102,1,50.1367550625,-1.48526799554
2012-09-30 00:45:40,49103,1,47.6367549881,-2.5000000744
2012-09-30 00:45:41,49104,1,45.1437489836,-2.49300600446
2012-09-30 00:45:42,49105,1,44.2031983393,-0.940550644345
2012-09-30 00:45:43,49106,1,45.5934513147,1.39025297545
2012-09-30 00:45:44,49107,1,48.6258919234,3.03244060863
2012-09-30 00:45:45,49108,1,51.6845231473,3.05863122396
2012-09-30 00:45:46,49109,1,53.595758558,1.91123541071
2012-09-30 00:45:47,49110,1,54.38935991,0.793601351935
2012-09-30 00:45:48,49111,1,54.6895087016,0.300148791667
2012-09-30 00:45:49,49112,1,54.8201633557,0.130654654018
2012-09-30 00:45:50,49113,1,54.7141364963,-0.106026859375
2012-09-30 00:45:51,49114,1,54.2970977969,-0.417038699405
2012-09-30 00:45:52,49115,1,53.6677822835,-0.629315513393
2012-09-30 00:45:53,49116,1,53.0066958266,-0.661086456845
2012-09-30 00:45:54,49117,1,52.4457581875,-0.560937639137
2012-09-30 00:45:55,49118,1,52.0100439926,-0.43571419494
2012-09-30 00:45:56,49119,1,51.6321425365,-0.377901456101
2012-09-30 00:45:57,49120,1,51.2183035759,-0.413838960565
2012-09-30 00:45:58,49121,1,50.7078869695,-0.510416606399
2012-09-30 00:45:59,49122,1,50.0831098743,-0.624777095238
2012-09-30 00:46:00,49123,1,49.3547611012,-0.728348773065
2012-09-30 00:46:01,49124,1,48.5383915365,-0.816369564732
2012-09-30 00:46:02,49125,1,47.6165907046,-0.921800831845
2012-09-30 00:46:03,49126,1,46.5424092046,-1.0741815
2012-09-30 00:46:04,49127,1,45.3257427046,-1.2166665
2012-09-30 00:46:05,49128,1,44.1238083475,-1.20193435714
2012-09-30 00:46:06,49129,1,43.2263382731,-0.897470074405
2012-09-30 00:46:07,49130,1,42.9212789293,-0.30505934375
2012-09-30 00:46:08,49131,1,43.3193446094,0.39806568006
2012-09-30 00:46:09,49132,1,44.2758180454,0.956473436012
2012-09-30 00:46:10,49133,1,45.4988837262,1.2230656808
2012-09-30 00:46:11,49134,1,46.7352678333,1.23638410714
2012-09-30 00:46:12,49135,1,47.8537947664,1.11852693304
2012-09-30 00:46:13,49136,1,48.8204614568,0.966666690476
2012-09-30 00:46:14,49137,1,49.6616071295,0.841145672619
2012-09-30 00:46:15,49138,1,50.4432289085,0.781621779018
2012-09-30 00:46:16,49139,1,51.2482882262,0.805059317708
2012-09-30 00:46:17,49140,1,52.134002381,0.885714154762
2012-09-30 00:46:18,49141,1,53.0677820915,0.933779710565
2012-09-30 00:46:19,49142,1,53.9078862552,0.84010416369
2012-09-30 00:46:20,49143,1,54.4895082656,0.581622010417
2012-09-30 00:46:21,49144,1,54.7466510565,0.257142790923
2012-09-30 00:46:22,49145,1,54.7538681458,0.0072170892857
2012-09-30 00:46:23,49146,1,54.6622011994,-0.0916669464285
2012-09-30 00:46:24,49147,1,54.5901771347,-0.0720240647322
2012-09-30 00:46:25,49148,1,54.568376436,-0.0218006986607
2012-09-30 00:46:26,49149,1,54.5771562604,0.0087798244048
2012-09-30 00:46:27,49150,1,54.6005939382,0.0234376778273
2012-09-30 00:46:28,49151,1,54.6327369821,0.0321430438988
2012-09-30 00:46:29,49152,1,54.6665912329,0.0338542507441
2012-09-30 00:46:30,49153,1,54.6957578795,0.0291666465774
2012-09-30 00:46:31,49154,1,54.7212042768,0.0254463973214
2012-09-30 00:46:32,49155,1,54.7517102924,0.030506015625
2012-09-30 00:46:33,49156,1,54.7882432262,0.0365329337798
2012-09-30 00:46:34,49157,1,54.8109368772,0.0226936510416
2012-09-30 00:46:35,49158,1,54.7971719777,-0.0137648995535
2012-09-30 00:46:36,49159,1,54.7476925134,-0.0494794642857
2012-09-30 00:46:37,49160,1,54.6876474888,-0.0600450245536
2012-09-30 00:46:38,49161,1,54.6504449196,-0.0372025691964
2012-09-30 00:46:39,49162,1,54.6568438371,0.0063989174107
2012-09-30 00:46:40,49163,1,54.6988827991,0.0420389620535
2012-09-30 00:46:41,49164,1,54.7453116071,0.0464288080358
2012-09-30 00:46:42,49165,1,54.7646569241,0.0193453169643
2012-09-30 00:46:43,49166,1,54.7458324308,-0.0188244933036
2012-09-30 00:46:44,49167,1,54.703421567,-0.0424108638393
2012-09-30 00:46:45,49168,1,54.6654006629,-0.0380209040179
2012-09-30 00:46:46,49169,1,54.6552072946,-0.0101933683035
2012-09-30 00:46:47,49170,1,54.6812492187,0.0260419241071
2012-09-30 00:46:48,49171,1,54.7349698549,0.0537206361607
2012-09-30 00:46:49,49172,1,54.7976935134,0.0627236584822
2012-09-30 00:46:50,49173,1,54.8519349717,0.0542414583333
2012-09-30 00:46:51,49174,1,54.885119724,0.0331847522321
2012-09-30 00:46:52,49175,1,54.8856405409,0.000520816964304
2012-09-30 00:46:53,49176,1,54.8427831949,-0.0428573459821
2012-09-30 00:46:54,49177,1,54.7556550379,-0.0871281569941
2012-09-30 00:46:55,49178,1,54.6422621763,-0.113392861607
2012-09-30 00:46:56,49179,1,54.5365331548,-0.105729021577
2012-09-30 00:46:57,49180,1,54.4743309182,-0.0622022366071
2012-09-30 00:46:58,49181,1,54.4743309271,8.92850238188e-09
2012-09-30 00:46:59,49182,1,54.5250004353,0.0506695081846
2012-09-30 00:47:00,49183,1,54.5985865424,0.0735861071428
2012-09-30 00:47:01,49184,1,54.6794642902,0.0808777477679
2012-09-30 00:47:02,49185,1,54.7662199807,0.0867556904762
2012-09-30 00:47:03,49186,1,54.8498506503,0.0836306696428
2012-09-30 00:47:04,49187,1,54.9038682619,0.0540176116072
2012-09-30 00:47:05,49188,1,54.9000734621,-0.0037947998512
2012-09-30 00:47:06,49189,1,54.8393591295,-0.0607143325893
2012-09-30 00:47:07,49190,1,54.7671865915,-0.0721725379464
2012-09-30 00:47:08,49191,1,54.7428564323,-0.0243301592262
2012-09-30 00:47:09,49192,1,54.7877227589,0.0448663266369
2012-09-30 00:47:10,49193,1,54.8734372701,0.0857145111607
2012-09-30 00:47:11,49194,1,54.9549105751,0.0814733050595
2012-09-30 00:47:12,49195,1,55.003571221,0.0486606458333
2012-09-30 00:47:13,49196,1,55.0177824464,0.0142112254465
2012-09-30 00:47:14,49197,1,55.0080354725,-0.0097469739584
2012-09-30 00:47:15,49198,1,54.9741070253,-0.0339284471726
2012-09-30 00:47:16,49199,1,54.9094492753,-0.06465775
2012-09-30 00:47:17,49200,1,54.8222466458,-0.0872026294643
2012-09-30 00:47:18,49201,1,54.7323653646,-0.08988128125
2012-09-30 00:47:19,49202,1,54.6540914286,-0.0782739360119
2012-09-30 00:47:20,49203,1,54.5909220082,-0.0631694203869
2012-09-30 00:47:21,49204,1,54.5396575432,-0.0512644650297
2012-09-30 00:47:22,49205,1,54.5020090007,-0.0376485424108
2012-09-30 00:47:23,49206,1,54.4939732374,-0.0080357633928
2012-09-30 00:47:24,49207,1,54.5334819762,0.0395087388393
2012-09-30 00:47:25,49208,1,54.6178569152,0.0843749389881
2012-09-30 00:47:26,49209,1,54.7180058728,0.100148957589
2012-09-30 00:47:27,49210,1,54.793675724,0.0756698511904
2012-09-30 00:47:28,49211,1,54.815848349,0.022172625
2012-09-30 00:47:29,49212,1,54.7818450186,-0.0340033303571
2012-09-30 00:47:30,49213,1,54.7160706235,-0.0657743950893
2012-09-30 00:47:31,49214,1,54.6561742879,-0.0598963355655
2012-09-30 00:47:32,49215,1,54.6331086339,-0.0230656540178
2012-09-30 00:47:33,49216,1,54.6572903757,0.0241817418155
2012-09-30 00:47:34,49217,1,54.7136151905,0.0563248147321
2012-09-30 00:47:35,49218,1,54.7659220737,0.0523068831845
2012-09-30 00:47:36,49219,1,54.7758923929,0.00997031919641
2012-09-30 00:47:37,49220,1,54.7292405045,-0.0466518883928
2012-09-30 00:47:38,49221,1,54.6494784635,-0.0797620409226
2012-09-30 00:47:39,49222,1,54.5872759896,-0.0622024739584
2012-09-30 00:47:40,49223,1,54.5899545141,0.0026785245536
2012-09-30 00:47:41,49224,1,54.6703116049,0.0803570907738
2012-09-30 00:47:42,49225,1,54.7978413177,0.127529712798
2012-09-30 00:47:43,49226,1,54.9171122329,0.119270915179
2012-09-30 00:47:44,49227,1,54.9760410774,0.0589288444941
2012-09-30 00:47:45,49228,1,54.9488836972,-0.0271573802084
2012-09-30 00:47:46,49229,1,54.8490327932,-0.0998509040178
2012-09-30 00:47:47,49230,1,54.7224703482,-0.12656244494
2012-09-30 00:47:48,49231,1,54.6195682753,-0.102902072917
2012-09-30 00:47:49,49232,1,54.5679308333,-0.0516374419643
2012-09-30 00:47:50,49233,1,54.5665166399,-0.0014141934523
2012-09-30 00:47:51,49234,1,54.5955343013,0.0290176614583
2012-09-30 00:47:52,49235,1,54.6316952165,0.0361609151786
2012-09-30 00:47:53,49236,1,54.6621272121,0.0304319955357
2012-09-30 00:47:54,49237,1,54.6880204874,0.0258932752976
2012-09-30 00:47:55,49238,1,54.7170385565,0.0290180691964
2012-09-30 00:47:56,49239,1,54.7519344174,0.0348958608631
2012-09-30 00:47:57,49240,1,54.7837052076,0.0317707901786
2012-09-30 00:47:58,49241,1,54.7967260134,0.0130208058036
2012-09-30 00:47:59,49242,1,54.7830355513,-0.0136904620536
2012-09-30 00:48:00,49243,1,54.7514879799,-0.0315475714286
2012-09-30 00:48:01,49244,1,54.7206100565,-0.0308779233631
2012-09-30 00:48:02,49245,1,54.7003719308,-0.020238125744
2012-09-30 00:48:03,49246,1,54.6837050513,-0.0166668794643
2012-09-30 00:48:04,49247,1,54.6585558862,-0.0251491651786
2012-09-30 00:48:05,49248,1,54.624254942,-0.0343009441964
2012-09-30 00:48:06,49249,1,54.5927070714,-0.0315478705357
2012-09-30 00:48:07,49250,1,54.5761146414,-0.0165924300595
2012-09-30 00:48:08,49251,1,54.5766353214,0.000520680059495
2012-09-30 00:48:09,49252,1,54.5869773958,0.0103420744047
2012-09-30 00:48:10,49253,1,54.5980635231,0.0110861272322
2012-09-30 00:48:11,49254,1,54.6040902329,0.0060267098214
2012-09-30 00:48:12,49255,1,54.5991052292,-0.00498500372019
2012-09-30 00:48:13,49256,1,54.5715757723,-0.0275294568453
2012-09-30 00:48:14,49257,1,54.5080344769,-0.0635412953869
2012-09-30 00:48:15,49258,1,54.4049841719,-0.103050305059
2012-09-30 00:48:16,49259,1,54.2776033876,-0.127380784226
2012-09-30 00:48:17,49260,1,54.154538026,-0.123065361607
2012-09-30 00:48:18,49261,1,54.0624995037,-0.0920385223215
2012-09-30 00:48:19,49262,1,54.0169640283,-0.0455354754464
2012-09-30 00:48:20,49263,1,54.0240326369,0.007068608631
2012-09-30 00:48:21,49264,1,54.0867557805,0.0627231436011
2012-09-30 00:48:22,49265,1,54.2090025699,0.122246789435
2012-09-30 00:48:23,49266,1,54.3894338772,0.180431307292
2012-09-30 00:48:24,49267,1,54.6120527708,0.222618893601
2012-09-30 00:48:25,49268,1,54.849403936,0.237351165179
2012-09-30 00:48:26,49269,1,55.0740319888,0.224628052827
2012-09-30 00:48:27,49270,1,55.2624249249,0.188392936012
2012-09-30 00:48:28,49271,1,55.3927076964,0.130282771577
2012-09-30 00:48:29,49272,1,55.446874381,0.0541666845238
2012-09-30 00:48:30,49273,1,55.4184518162,-0.0284225647322
2012-09-30 00:48:31,49274,1,55.3196424457,-0.0988093705357
2012-09-30 00:48:32,49275,1,55.1815474338,-0.138095011905
2012-09-30 00:48:33,49276,1,55.0420386421,-0.139508791667
2012-09-30 00:48:34,49277,1,54.9288689167,-0.113169725446
2012-09-30 00:48:35,49278,1,54.853273407,-0.0755955096727
2012-09-30 00:48:36,49279,1,54.8134665417,-0.0398068653273
2012-09-30 00:48:37,49280,1,54.7992550126,-0.0142115290179
2012-09-30 00:48:38,49281,1,54.7977668385,-0.0014881741071
2012-09-30 00:48:39,49282,1,54.7998501674,0.00208332886901
2012-09-30 00:48:40,49283,1,54.8009662478,0.0011160803572
2012-09-30 00:48:41,49284,1,54.7970228393,-0.0039434084822
2012-09-30 00:48:42,49285,1,54.7847461763,-0.0122766629464
2012-09-30 00:48:43,49286,1,54.7668148125,-0.0179313638393
2012-09-30 00:48:44,49287,1,54.7500739241,-0.0167408883929
2012-09-30 00:48:45,49288,1,54.7373508304,-0.01272309375
2012-09-30 00:48:46,49289,1,54.7250740513,-0.0122767790178
2012-09-30 00:48:47,49290,1,54.7090025313,-0.0160715200893
2012-09-30 00:48:48,49291,1,54.6900292121,-0.0189733191964
2012-09-30 00:48:49,49292,1,54.6738088973,-0.0162203147322
2012-09-30 00:48:50,49293,1,54.6657731384,-0.0080357589285
2012-09-30 00:48:51,49294,1,54.6658475513,7.44129463968e-05
2012-09-30 00:48:52,49295,1,54.6669636295,0.001116078125
2012-09-30 00:48:53,49296,1,54.6625736503,-0.0043899791667
2012-09-30 00:48:54,49297,1,54.6555050253,-0.007068625
2012-09-30 00:48:55,49298,1,54.6526031391,-0.0029018861607
2012-09-30 00:48:56,49299,1,54.6510407173,-0.001562421875
2012-09-30 00:48:57,49300,1,54.6343743006,-0.0166664166667
2012-09-30 00:48:58,49301,1,54.5822168341,-0.0521574665178
2012-09-30 00:48:59,49302,1,54.4845234621,-0.0976933720238
2012-09-30 00:49:00,49303,1,54.3482881771,-0.13623528497
2012-09-30 00:49:01,49304,1,54.1916659003,-0.156622276786
2012-09-30 00:49:02,49305,1,54.0313978787,-0.160268021577
2012-09-30 00:49:03,49306,1,53.8729157165,-0.158482162202
2012-09-30 00:49:04,49307,1,53.7104902188,-0.162425497768
2012-09-30 00:49:05,49308,1,53.5356391815,-0.174851037202
2012-09-30 00:49:06,49309,1,53.3457583839,-0.189880797619
2012-09-30 00:49:07,49310,1,53.1502227857,-0.195535598214
2012-09-30 00:49:08,49311,1,52.968898407,-0.18132437872
2012-09-30 00:49:09,49312,1,52.8157733192,-0.153125087798
2012-09-30 00:49:10,49313,1,52.6852672225,-0.130506096726
2012-09-30 00:49:11,49314,1,52.572767131,-0.112500091518
2012-09-30 00:49:12,49315,1,52.5135409784,-0.0592261525298
2012-09-30 00:49:13,49316,1,52.5781244449,0.0645834665179
2012-09-30 00:49:14,49317,1,52.808630532,0.230506087053
2012-09-30 00:49:15,49318,1,53.1613836376,0.352753105655
2012-09-30 00:49:16,49319,1,53.522172503,0.360788865327
2012-09-30 00:49:17,49320,1,53.7866071972,0.264434694196
2012-09-30 00:49:18,49321,1,53.932217372,0.145610174851
2012-09-30 00:49:19,49322,1,54.0157738519,0.0835564799107
2012-09-30 00:49:20,49323,1,54.1058035231,0.090029671131
2012-09-30 00:49:21,49324,1,54.2233630417,0.117559518601
2012-09-30 00:49:22,49325,1,54.3433036146,0.119940572917
2012-09-30 00:49:23,49326,1,54.4340775156,0.0907739010417
2012-09-30 00:49:24,49327,1,54.4831102567,0.0490327410714
2012-09-30 00:49:25,49328,1,54.4962054643,0.0130952075893
2012-09-30 00:49:26,49329,1,54.4909226868,-0.0052827775297
2012-09-30 00:49:27,49330,1,54.4893600164,-0.001562670387
2012-09-30 00:49:28,49331,1,54.511011436,0.0216514196429
2012-09-30 00:49:29,49332,1,54.5707580551,0.0597466190476
2012-09-30 00:49:30,49333,1,54.6762638296,0.105505774554
2012-09-30 00:49:31,49334,1,54.8241806823,0.147916852679
2012-09-30 00:49:32,49335,1,55.0039429702,0.179762287946
2012-09-30 00:49:33,49336,1,55.2020086726,0.198065702381
2012-09-30 00:49:34,49337,1,55.3978418981,0.195833225446
2012-09-30 00:49:35,49338,1,55.564954718,0.16711281994
2012-09-30 00:49:36,49339,1,55.6855647158,0.120609997768
2012-09-30 00:49:37,49340,1,55.7627970774,0.0772323616072
2012-09-30 00:49:38,49341,1,55.8160713482,0.0532742708333
2012-09-30 00:49:39,49342,1,55.8640628601,0.0479915119047
2012-09-30 00:49:40,49343,1,55.9085571362,0.0444942760417
2012-09-30 00:49:41,49344,1,55.9238101049,0.01525296875
2012-09-30 00:49:42,49345,1,55.8380212641,-0.0857888407738
2012-09-30 00:49:43,49346,1,55.5193454918,-0.318675772321
2012-09-30 00:49:44,49347,1,54.8136161868,-0.705729305059
2012-09-30 00:49:45,49348,1,53.6188988467,-1.19471734003
2012-09-30 00:49:46,49349,1,51.9266369167,-1.69226193006
2012-09-30 00:49:47,49350,1,49.8085565156,-2.11808040104
2012-09-30 00:49:48,49351,1,47.3564730231,-2.45208349256
2012-09-30 00:49:49,49352,1,44.6023060811,-2.75416694196
2012-09-30 00:49:50,49353,1,41.5180052128,-3.0843008683
2012-09-30 00:49:51,49354,1,38.1350437731,-3.38296143973
2012-09-30 00:49:52,49355,1,34.6273057597,-3.50773801339
2012-09-30 00:49:53,49356,1,31.2046869539,-3.4226188058
2012-09-30 00:49:54,49357,1,27.9329610283,-3.2717259256
2012-09-30 00:49:55,49358,1,24.7267856094,-3.2061754189
2012-09-30 00:49:56,49359,1,21.5482142307,-3.17857137872
2012-09-30 00:49:57,49360,1,18.5930058415,-2.95520838914
2012-09-30 00:49:58,49361,1,16.2516366949,-2.34136914658
2012-09-30 00:49:59,49362,1,14.8631693467,-1.38846734821
2012-09-30 00:50:00,49363,1,14.5205353698,-0.342633976935
2012-09-30 00:50:01,49364,1,15.1185264464,0.597991076637
2012-09-30 00:50:02,49365,1,16.5056544687,1.38712802232
2012-09-30 00:50:03,49366,1,18.5123509397,2.00669647098
2012-09-30 00:50:04,49367,1,20.8847467872,2.37239584747
2012-09-30 00:50:05,49368,1,23.3007437969,2.41599700967
2012-09-30 00:50:06,49369,1,25.4958330432,2.19508924628
2012-09-30 00:50:07,49370,1,27.3604163423,1.86458329911
2012-09-30 00:50:08,49371,1,28.920981814,1.56056547173
2012-09-30 00:50:09,49372,1,30.2600442798,1.33906246577
2012-09-30 00:50:10,49373,1,31.4465768854,1.18653260565
2012-09-30 00:50:11,49374,1,32.4935261049,1.04694921949
2012-09-30 00:50:12,49375,1,33.3498503743,0.856324269345
2012-09-30 00:50:13,49376,1,33.9283473832,0.578497008929
2012-09-30 00:50:14,49377,1,34.1561749055,0.227827522321
2012-09-30 00:50:15,49378,1,34.0265620789,-0.129612826637
2012-09-30 00:50:16,49379,1,33.6131695201,-0.41339255878
2012-09-30 00:50:17,49380,1,33.0336310662,-0.579538453869
2012-09-30 00:50:18,49381,1,32.4023067835,-0.631324282738
2012-09-30 00:50:19,49382,1,31.8064734427,-0.595833340774
2012-09-30 00:50:20,49383,1,31.294196567,-0.512276875744
2012-09-30 00:50:21,49384,1,30.850520875,-0.443675691964
2012-09-30 00:50:22,49385,1,30.3768600804,-0.473660794643
2012-09-30 00:50:23,49386,1,29.7063242813,-0.670535799107
2012-09-30 00:50:24,49387,1,28.6363093125,-1.07001496875
2012-09-30 00:50:25,49388,1,26.9485860179,-1.68772329464
2012-09-30 00:50:26,49389,1,24.4708329598,-2.47775305804
2012-09-30 00:50:27,49390,1,21.2458328735,-3.22500008631
2012-09-30 00:50:28,49391,1,17.7156988549,-3.5301340186
2012-09-30 00:50:29,49392,1,14.688094599,-3.02760425595
2012-09-30 00:50:30,49393,1,12.9889874115,-1.6991071875
2012-09-30 00:50:31,49394,1,13.0298356741,0.0408482626488
2012-09-30 00:50:32,49395,1,14.6344488951,1.60461322098
2012-09-30 00:50:33,49396,1,17.237648439,2.6031995439
2012-09-30 00:50:34,49397,1,20.2425592463,3.00491080729
2012-09-30 00:50:35,49398,1,23.2371277254,2.99456847917
2012-09-30 00:50:36,49399,1,25.9857140379,2.7485863125
2012-09-30 00:50:37,49400,1,28.3374998006,2.35178576265
2012-09-30 00:50:38,49401,1,30.1849701235,1.84747032292
2012-09-30 00:50:39,49402,1,31.4767112039,1.29174108036
2012-09-30 00:50:40,49403,1,32.2344491689,0.75773796503
2012-09-30 00:50:41,49404,1,32.5531245826,0.31867541369
2012-09-30 00:50:42,49405,1,32.5816214777,0.0284968950893
2012-09-30 00:50:43,49406,1,32.4749249702,-0.106696507441
2012-09-30 00:50:44,49407,1,32.3400290528,-0.134895917411
2012-09-30 00:50:45,49408,1,32.2243295238,-0.115699529018
2012-09-30 00:50:46,49409,1,32.1412936674,-0.0830358563988
2012-09-30 00:50:47,49410,1,32.0885406064,-0.0527530610119
2012-09-30 00:50:48,49411,1,32.0516358527,-0.0369047537202
2012-09-30 00:50:49,49412,1,32.0097460387,-0.0418898139881
2012-09-30 00:50:50,49413,1,31.9416657902,-0.0680802485119
2012-09-30 00:50:51,49414,1,31.8289427374,-0.112723052827
2012-09-30 00:50:52,49415,1,31.6537941071,-0.175148630208
2012-09-30 00:50:53,49416,1,31.3882436436,-0.265550463542
2012-09-30 00:50:54,49417,1,31.0167407359,-0.371502907738
2012-09-30 00:50:55,49418,1,30.6264878058,-0.390252930059
2012-09-30 00:50:56,49419,1,30.4546128839,-0.171874921875
2012-09-30 00:50:57,49420,1,30.7675594442,0.312946560268
2012-09-30 00:50:58,49421,1,31.663244099,0.895684654762
2012-09-30 00:50:59,49422,1,32.9837798743,1.3205357753
2012-09-30 00:51:00,49423,1,34.4070685595,1.42328868527
2012-09-30 00:51:01,49424,1,35.6341518155,1.22708325595
2012-09-30 00:51:02,49425,1,36.5100444539,0.875892638393
2012-09-30 00:51:03,49426,1,37.012127433,0.502082979167
2012-09-30 00:51:04,49427,1,37.2032729048,0.191145471726
2012-09-30 00:51:05,49428,1,37.217037564,0.0137646592262
2012-09-30 00:51:06,49429,1,37.219120907,0.002083343006
2012-09-30 00:51:07,49430,1,37.311383003,0.0922620959821
2012-09-30 00:51:08,49431,1,37.4582581927,0.146875189732
2012-09-30 00:51:09,49432,1,37.532439808,0.0741816153274
2012-09-30 00:51:10,49433,1,37.4488088311,-0.0836309769345
2012-09-30 00:51:11,49434,1,37.246799869,-0.202008962054
2012-09-30 00:51:12,49435,1,37.048585619,-0.19821425
2012-09-30 00:51:13,49436,1,36.9549101808,-0.093675438244
2012-09-30 00:51:14,49437,1,36.9798360268,0.0249258459821
2012-09-30 00:51:15,49438,1,37.0745534866,0.0947174598214
2012-09-30 00:51:16,49439,1,37.1931546429,0.11860115625
2012-09-30 00:51:17,49440,1,37.3152525751,0.122097932292
2012-09-30 00:51:18,49441,1,37.4209813795,0.105728804316
2012-09-30 00:51:19,49442,1,37.4607876562,0.0398062767857
2012-09-30 00:51:20,49443,1,37.3441209033,-0.116666752976
2012-09-30 00:51:21,49444,1,36.9714275476,-0.372693355655
2012-09-30 00:51:22,49445,1,36.2909961823,-0.680431365327
2012-09-30 00:51:23,49446,1,35.3252225543,-0.965773627976
2012-09-30 00:51:24,49447,1,34.1578863832,-1.16733617113
2012-09-30 00:51:25,49448,1,32.8985858229,-1.25930056027
2012-09-30 00:51:26,49449,1,31.6404756391,-1.25811018378
2012-09-30 00:51:27,49450,1,30.4412196451,-1.19925599405
2012-09-30 00:51:28,49451,1,29.3348209129,-1.10639873214
2012-09-30 00:51:29,49452,1,28.3658478728,-0.968973040179
2012-09-30 00:51:30,49453,1,27.6252230603,-0.7406248125
2012-09-30 00:51:31,49454,1,27.2359374687,-0.389285591518
2012-09-30 00:51:32,49455,1,27.2891369092,0.0531994404762
2012-09-30 00:51:33,49456,1,27.8011160781,0.511979168899
2012-09-30 00:51:34,49457,1,28.7171131458,0.915997067708
2012-09-30 00:51:35,49458,1,29.9368304926,1.21971734673
2012-09-30 00:51:36,49459,1,31.3412203943,1.40438990179
2012-09-30 00:51:37,49460,1,32.8032738289,1.46205343452
2012-09-30 00:51:38,49461,1,34.1950890439,1.39181521503
2012-09-30 00:51:39,49462,1,35.4157733013,1.22068425744
2012-09-30 00:51:40,49463,1,36.4113832344,0.995609933036
2012-09-30 00:51:41,49464,1,37.1555795565,0.744196322173
2012-09-30 00:51:42,49465,1,37.6250735454,0.469493988839
2012-09-30 00:51:43,49466,1,37.8099693802,0.184895834821
2012-09-30 00:51:44,49467,1,37.7422611458,-0.067708234375
2012-09-30 00:51:45,49468,1,37.4983625201,-0.243898625744
2012-09-30 00:51:46,49469,1,37.1656245967,-0.332737923363
2012-09-30 00:51:47,49470,1,36.8121276109,-0.353496985863
2012-09-30 00:51:48,49471,1,36.4904757329,-0.321651877976
2012-09-30 00:51:49,49472,1,36.2546125722,-0.235863160714
2012-09-30 00:51:50,49473,1,36.1570680156,-0.0975445565476
2012-09-30 00:51:51,49474,1,36.2255206287,0.0684526130952
2012-09-30 00:51:52,49475,1,36.4423363891,0.216815760417
2012-09-30 00:51:53,49476,1,36.7473960588,0.305059669643
2012-09-30 00:51:54,49477,1,37.0617559896,0.314359930803
2012-09-30 00:51:55,49478,1,37.3204608609,0.25870487128
2012-09-30 00:51:56,49479,1,37.5002966696,0.17983580878
2012-09-30 00:51:57,49480,1,37.6177815409,0.11748487128
2012-09-30 00:51:58,49481,1,37.6976923274,0.0799107864584
2012-09-30 00:51:59,49482,1,37.7497759442,0.0520836168154
2012-09-30 00:52:00,49483,1,37.7750738735,0.0252979293155
2012-09-30 00:52:01,49484,1,37.7906990506,0.0156251770833
2012-09-30 00:52:02,49485,1,37.8483627545,0.0576637038691
2012-09-30 00:52:03,49486,1,38.0189728051,0.170610050595
2012-09-30 00:52:04,49487,1,38.3495530692,0.330580264137
2012-09-30 00:52:05,49488,1,38.8363833423,0.486830273065
2012-09-30 00:52:06,49489,1,39.4324398713,0.596056529018
2012-09-30 00:52:07,49490,1,40.0614577552,0.629017883929
2012-09-30 00:52:08,49491,1,40.6178565796,0.556398824405
2012-09-30 00:52:09,49492,1,40.9729905662,0.355133986607
2012-09-30 00:52:10,49493,1,41.0119788155,0.038988249256
2012-09-30 00:52:11,49494,1,40.6863093207,-0.325669494792
2012-09-30 00:52:12,49495,1,40.0491813341,-0.637127986607
2012-09-30 00:52:13,49496,1,39.2505204189,-0.798660915179
2012-09-30 00:52:14,49497,1,38.4837791012,-0.766741317708
2012-09-30 00:52:15,49498,1,37.9047611622,-0.579017938988
2012-09-30 00:52:16,49499,1,37.5672613311,-0.337499831101
2012-09-30 00:52:17,49500,1,37.4099699963,-0.157291334821
2012-09-30 00:52:18,49501,1,37.2935268616,-0.116443134673
2012-09-30 00:52:19,49502,1,37.0691222321,-0.224404629464
2012-09-30 00:52:20,49503,1,36.6545387656,-0.414583466518
2012-09-30 00:52:21,49504,1,36.0712795171,-0.583259248512
2012-09-30 00:52:22,49505,1,35.416963747,-0.654315770089
2012-09-30 00:52:23,49506,1,34.8079606897,-0.609003057292
2012-09-30 00:52:24,49507,1,34.329240596,-0.47872009375
2012-09-30 00:52:25,49508,1,34.0078866533,-0.321353942708
2012-09-30 00:52:26,49509,1,33.8297617954,-0.178124857887
2012-09-30 00:52:27,49510,1,33.7839284911,-0.0458333043155
2012-09-30 00:52:28,49511,1,33.888615997,0.104687505952
2012-09-30 00:52:29,49512,1,34.1843005565,0.295684559524
2012-09-30 00:52:30,49513,1,34.699404753,0.515104196429
2012-09-30 00:52:31,49514,1,35.3936011927,0.694196439732
2012-09-30 00:52:32,49515,1,36.1248512359,0.731250043155
2012-09-30 00:52:33,49516,1,36.697544779,0.572693543155
2012-09-30 00:52:34,49517,1,36.9688989993,0.271354220238
2012-09-30 00:52:35,49518,1,36.9325149851,-0.0363840141369
2012-09-30 00:52:36,49519,1,36.7229165536,-0.209598431548
2012-09-30 00:52:37,49520,1,36.5357883363,-0.187128217262
2012-09-30 00:52:38,49521,1,36.5191959152,-0.0165924211309
2012-09-30 00:52:39,49522,1,36.7119042135,0.192708298363
2012-09-30 00:52:40,49523,1,37.046130436,0.33422622247
2012-09-30 00:52:41,49524,1,37.3912941161,0.345163680059
2012-09-30 00:52:42,49525,1,37.6227672708,0.231473154762
2012-09-30 00:52:43,49526,1,37.684374372,0.0616071011905
2012-09-30 00:52:44,49527,1,37.6020826615,-0.0822917105655
2012-09-30 00:52:45,49528,1,37.4439724784,-0.158110183036
2012-09-30 00:52:46,49529,1,37.2701629665,-0.173809511905
2012-09-30 00:52:47,49530,1,37.1239577693,-0.146205197173
2012-09-30 00:52:48,49531,1,37.0649550677,-0.0590027016369
2012-09-30 00:52:49,49532,1,37.1876487991,0.122693731399
2012-09-30 00:52:50,49533,1,37.5827382031,0.395089404018
2012-09-30 00:52:51,49534,1,38.2700892984,0.687351095238
2012-09-30 00:52:52,49535,1,39.1725445231,0.902455224702
2012-09-30 00:52:53,49536,1,40.1578123757,0.985267852679
2012-09-30 00:52:54,49537,1,41.0950148006,0.937202424851
2012-09-30 00:52:55,49538,1,41.8642111548,0.769196354167
2012-09-30 00:52:56,49539,1,42.3401782254,0.475967070685
2012-09-30 00:52:57,49540,1,42.4084816555,0.0683034300596
2012-09-30 00:52:58,49541,1,42.0185263586,-0.389955296875
2012-09-30 00:52:59,49542,1,41.2293152716,-0.789211087054
2012-09-30 00:53:00,49543,1,40.198660657,-1.03065461458
2012-09-30 00:53:01,49544,1,39.1199403348,-1.07872032217
2012-09-30 00:53:02,49545,1,38.1680800253,-0.951860309524
2012-09-30 00:53:03,49546,1,37.4720977545,-0.695982270833
2012-09-30 00:53:04,49547,1,37.0814726741,-0.390625080357
2012-09-30 00:53:05,49548,1,36.9455350722,-0.135937601934
2012-09-30 00:53:06,49549,1,36.9510409063,0.0055058340774
2012-09-30 00:53:07,49550,1,37.0015616823,0.0505207760417
2012-09-30 00:53:08,49551,1,37.0805052321,0.0789435498512
2012-09-30 00:53:09,49552,1,37.2503715045,0.169866272321
2012-09-30 00:53:10,49553,1,37.5744787567,0.324107252232
2012-09-30 00:53:11,49554,1,38.0108626183,0.436383861607
2012-09-30 00:53:12,49555,1,38.3781243802,0.367261761905
2012-09-30 00:53:13,49556,1,38.4466510618,0.0685266815477
2012-09-30 00:53:14,49557,1,38.0940468564,-0.352604205357
2012-09-30 00:53:15,49558,1,37.3937492403,-0.700297616071
2012-09-30 00:53:16,49559,1,36.5520826124,-0.841666627976
2012-09-30 00:53:17,49560,1,35.7502969948,-0.80178561756
2012-09-30 00:53:18,49561,1,35.0487346369,-0.701562357887
2012-09-30 00:53:19,49562,1,34.4407734152,-0.607961221726
2012-09-30 00:53:20,49563,1,33.9639876161,-0.476785799107
2012-09-30 00:53:21,49564,1,33.7045379829,-0.259449633185
2012-09-30 00:53:22,49565,1,33.6837788661,-0.0207591168155
2012-09-30 00:53:23,49566,1,33.7774544249,0.0936755587798
2012-09-30 00:53:24,49567,1,33.757290785,-0.020163639881
2012-09-30 00:53:25,49568,1,33.413838442,-0.343452343006
2012-09-30 00:53:26,49569,1,32.678644994,-0.735193447917
2012-09-30 00:53:27,49570,1,31.656695625,-1.02194936905
2012-09-30 00:53:28,49571,1,30.5475439784,-1.10915164658
2012-09-30 00:53:29,49572,1,29.5432286868,-1.00431529167
2012-09-30 00:53:30,49573,1,28.7716513817,-0.771577305059
2012-09-30 00:53:31,49574,1,28.2828120126,-0.488839369048
2012-09-30 00:53:32,49575,1,28.0687493728,-0.214062639881
2012-09-30 00:53:33,49576,1,28.093600497,0.0248511242559
2012-09-30 00:53:34,49577,1,28.3027523408,0.20915184375
2012-09-30 00:53:35,49578,1,28.6250739077,0.322321566964
2012-09-30 00:53:36,49579,1,28.9938240387,0.368750130952
2012-09-30 00:53:37,49580,1,29.3651782552,0.371354216518
2012-09-30 00:53:38,49581,1,29.710193093,0.345014837798
2012-09-30 00:53:39,49582,1,30.0090025313,0.298809438244
2012-09-30 00:53:40,49583,1,30.2712048132,0.262202281994
2012-09-30 00:53:41,49584,1,30.5511153951,0.279910581845
2012-09-30 00:53:42,49585,1,30.9308027574,0.379687362351
2012-09-30 00:53:43,49586,1,31.4811003363,0.550297578869
2012-09-30 00:53:44,49587,1,32.2156986749,0.734598338542
2012-09-30 00:53:45,49588,1,33.0568447426,0.841146067708
2012-09-30 00:53:46,49589,1,33.8465770774,0.789732334822
2012-09-30 00:53:47,49590,1,34.4162199516,0.569642874256
2012-09-30 00:53:48,49591,1,34.6613091138,0.245089162202
2012-09-30 00:53:49,49592,1,34.5508923757,-0.110416738095
2012-09-30 00:53:50,49593,1,34.073065099,-0.477827276786
2012-09-30 00:53:51,49594,1,33.1856396845,-0.887425414435
2012-09-30 00:53:52,49595,1,31.8264135729,-1.35922611161
2012-09-30 00:53:53,49596,1,29.9663688594,-1.86004471354
2012-09-30 00:53:54,49597,1,27.6453866019,-2.32098225744
2012-09-30 00:53:55,49598,1,24.9723954933,-2.67299110863
2012-09-30 00:53:56,49599,1,22.1238836332,-2.84851186012
2012-09-30 00:53:57,49600,1,19.346651535,-2.77723209821
2012-09-30 00:53:58,49601,1,16.9179313043,-2.42872023065
2012-09-30 00:53:59,49602,1,15.0442705885,-1.87366071577
2012-09-30 00:54:00,49603,1,13.7736604688,-1.27061011979
2012-09-30 00:54:01,49604,1,13.0145830491,-0.759077419643
2012-09-30 00:54:02,49605,1,12.6601186659,-0.354464383185
2012-09-30 00:54:03,49606,1,12.714880474,0.0547618080357
2012-09-30 00:54:04,49607,1,13.2957584539,0.580877979911
2012-09-30 00:54:05,49608,1,14.4704609717,1.17470251786
2012-09-30 00:54:06,49609,1,16.0819194866,1.61145851488
2012-09-30 00:54:07,49610,1,17.7561011235,1.6741816369
2012-09-30 00:54:08,49611,1,19.1015623876,1.34546126414
2012-09-30 00:54:09,49612,1,19.9262646749,0.824702287202
2012-09-30 00:54:10,49613,1,20.3040920074,0.377827332589
2012-09-30 00:54:11,49614,1,20.4541664182,0.150074410714
2012-09-30 00:54:12,49615,1,20.5590771421,0.104910723958
2012-09-30 00:54:13,49616,1,20.6941961406,0.135118998512
2012-09-30 00:54:14,49617,1,20.884002558,0.189806417411
2012-09-30 00:54:15,49618,1,21.1668149174,0.282812359375
2012-09-30 00:54:16,49619,1,21.6034964256,0.436681508184
2012-09-30 00:54:17,49620,1,22.2514875893,0.64799116369
2012-09-30 00:54:18,49621,1,23.1200145164,0.868526927083
2012-09-30 00:54:19,49622,1,24.117484817,0.997470300595
2012-09-30 00:54:20,49623,1,25.0498507917,0.932365974702
2012-09-30 00:54:21,49624,1,25.7005946183,0.650743826637
2012-09-30 00:54:22,49625,1,25.9229158214,0.222321203125
2012-09-30 00:54:23,49626,1,25.6978412798,-0.225074541667
2012-09-30 00:54:24,49627,1,25.1602668385,-0.53757444122
2012-09-30 00:54:25,49628,1,24.5331091399,-0.627157698661
2012-09-30 00:54:26,49629,1,23.9884663795,-0.544642760417
2012-09-30 00:54:27,49630,1,23.5952373438,-0.393229035714
2012-09-30 00:54:28,49631,1,23.3680053266,-0.227232017113
2012-09-30 00:54:29,49632,1,23.2943447031,-0.0736606235119
2012-09-30 00:54:30,49633,1,23.3350441778,0.0406994747024
2012-09-30 00:54:31,49634,1,23.4282734353,0.0932292574405
2012-09-30 00:54:32,49635,1,23.4854908229,0.0572173876488
2012-09-30 00:54:33,49636,1,23.4264879762,-0.0590028467262
2012-09-30 00:54:34,49637,1,23.2583333043,-0.168154671875
2012-09-30 00:54:35,49638,1,23.0880952455,-0.17023805878
2012-09-30 00:54:36,49639,1,23.0328125149,-0.0552827306547
2012-09-30 00:54:37,49640,1,23.1234375126,0.0906249977678
2012-09-30 00:54:38,49641,1,23.2793154464,0.15587793378
2012-09-30 00:54:39,49642,1,23.3517855603,0.0724701138393
2012-09-30 00:54:40,49643,1,23.2169639457,-0.134821614583
2012-09-30 00:54:41,49644,1,22.8841512753,-0.332812670387
2012-09-30 00:54:42,49645,1,22.5473952381,-0.336756037202
2012-09-30 00:54:43,49646,1,22.5087791719,-0.0386160662202
2012-09-30 00:54:44,49647,1,22.9945678802,0.485788708333
2012-09-30 00:54:45,49648,1,23.999701753,1.00513387277
2012-09-30 00:54:46,49649,1,25.2790915112,1.27938975818
2012-09-30 00:54:47,49650,1,26.4906241496,1.21153263839
2012-09-30 00:54:48,49651,1,27.4074396243,0.916815474702
2012-09-30 00:54:49,49652,1,28.042037933,0.63459830878
2012-09-30 00:54:50,49653,1,28.558927939,0.516890005952
2012-09-30 00:54:51,49654,1,29.0587048207,0.499776881696
2012-09-30 00:54:52,49655,1,29.4427822731,0.384077452381
2012-09-30 00:54:53,49656,1,29.4623508177,0.0195685446428
2012-09-30 00:54:54,49657,1,28.8912199963,-0.571130821429
2012-09-30 00:54:55,49658,1,27.7034969092,-1.18772308705
2012-09-30 00:54:56,49659,1,26.1430802939,-1.56041661533
2012-09-30 00:54:57,49660,1,24.613020721,-1.53005957292
2012-09-30 00:54:58,49661,1,23.4500741949,-1.16294652604
2012-09-30 00:54:59,49662,1,22.7621276801,-0.687946514881
2012-09-30 00:55:00,49663,1,22.4300591793,-0.332068500744
2012-09-30 00:55:01,49664,1,22.2203865655,-0.209672613839
2012-09-30 00:55:02,49665,1,21.8890622068,-0.331324358631
2012-09-30 00:55:03,49666,1,21.2098955811,-0.679166625744
2012-09-30 00:55:04,49667,1,19.9780503519,-1.23184522917
2012-09-30 00:55:05,49668,1,18.0857884353,-1.89226191667
2012-09-30 00:55:06,49669,1,15.6364580763,-2.449330359
2012-09-30 00:55:07,49670,1,12.9274551453,-2.70900293099
2012-09-30 00:55:08,49671,1,10.2846725011,-2.64278264416
2012-09-30 00:55:09,49672,1,7.94717258315,-2.33749991797
2012-09-30 00:55:10,49673,1,6.07403270499,-1.87313987816
2012-09-30 00:55:11,49674,1,4.76331832719,-1.31071437779
2012-09-30 00:55:12,49675,1,4.06287173103,-0.700446596168
2012-09-30 00:55:13,49676,1,4.01138342039,-0.0514883106399
2012-09-30 00:55:14,49677,1,4.67098142299,0.659598002604
2012-09-30 00:55:15,49678,1,6.11354082161,1.44255939862
2012-09-30 00:55:16,49679,1,8.3485110904,2.23497026879
2012-09-30 00:55:17,49680,1,11.2126481788,2.86413708836
2012-09-30 00:55:18,49681,1,14.3575145078,3.14486632906
2012-09-30 00:55:19,49682,1,17.4165921181,3.05907761031
2012-09-30 00:55:20,49683,1,20.1685267682,2.75193465011
2012-09-30 00:55:21,49684,1,22.5264880804,2.35796131213
2012-09-30 00:55:22,49685,1,24.4617558467,1.93526776637
2012-09-30 00:55:23,49686,1,25.9839283222,1.52217247545
2012-09-30 00:55:24,49687,1,27.1466513713,1.16272304911
2012-09-30 00:55:25,49688,1,28.04397266,0.89732128869
2012-09-30 00:55:26,49689,1,28.787350558,0.743377898065
2012-09-30 00:55:27,49690,1,29.4645826615,0.677232103423
2012-09-30 00:55:28,49691,1,30.1140617932,0.649479131696
2012-09-30 00:55:29,49692,1,30.7247760491,0.610714255952
2012-09-30 00:55:30,49693,1,31.2524545759,0.527678526786
2012-09-30 00:55:31,49694,1,31.6521568356,0.399702259673
2012-09-30 00:55:32,49695,1,31.9072161295,0.255059293899
2012-09-30 00:55:33,49696,1,32.0324390699,0.125222940476
2012-09-30 00:55:34,49697,1,32.0626472522,0.0302081822916
2012-09-30 00:55:35,49698,1,32.0428557187,-0.0197915334821
2012-09-30 00:55:36,49699,1,32.0189722001,-0.0238835186012
2012-09-30 00:55:37,49700,1,32.0247018638,0.0057296636905
2012-09-30 00:55:38,49701,1,32.0679313891,0.0432295252976
2012-09-30 00:55:39,49702,1,32.1254463527,0.0575149635417
2012-09-30 00:55:40,49703,1,32.152752718,0.0273063653274
2012-09-30 00:55:41,49704,1,32.1076631391,-0.0450895788691
2012-09-30 00:55:42,49705,1,31.9778266086,-0.129836530506
2012-09-30 00:55:43,49706,1,31.7965765551,-0.181250053571
2012-09-30 00:55:44,49707,1,31.6360111719,-0.160565383184
2012-09-30 00:55:45,49708,1,31.5759666808,-0.0600444910714
2012-09-30 00:55:46,49709,1,31.6571424286,0.0811757477678
2012-09-30 00:55:47,49710,1,31.848809244,0.191666815476
2012-09-30 00:55:48,49711,1,32.0644343743,0.215625130208
2012-09-30 00:55:49,49712,1,32.2118302872,0.147395912946
2012-09-30 00:55:50,49713,1,32.2341517269,0.0223214397321
2012-09-30 00:55:51,49714,1,32.1220980945,-0.11205363244
2012-09-30 00:55:52,49715,1,31.9029015491,-0.219196545387
2012-09-30 00:55:53,49716,1,31.6188984293,-0.284003119792
2012-09-30 00:55:54,49717,1,31.3054310268,-0.31346740253
2012-09-30 00:55:55,49718,1,30.9690470179,-0.336384008929
2012-09-30 00:55:56,49719,1,30.5761155126,-0.392931505208
2012-09-30 00:55:57,49720,1,30.0662198199,-0.509895692708
2012-09-30 00:55:58,49721,1,29.3757437612,-0.69047605878
2012-09-30 00:55:59,49722,1,28.4363836979,-0.939360063244
2012-09-30 00:56:00,49723,1,27.1511158356,-1.28526786235
2012-09-30 00:56:01,49724,1,25.4165175766,-1.73459825893
2012-09-30 00:56:02,49725,1,23.2246276057,-2.19188997098
2012-09-30 00:56:03,49726,1,20.7517852091,-2.47284239658
2012-09-30 00:56:04,49727,1,18.3331838802,-2.41860132887
2012-09-30 00:56:05,49728,1,16.3397314449,-1.99345243527
2012-09-30 00:56:06,49729,1,15.0518595246,-1.28787192039
2012-09-30 00:56:07,49730,1,14.6062496257,-0.44560989881
2012-09-30 00:56:08,49731,1,15.0086307671,0.402381141369
2012-09-30 00:56:09,49732,1,16.1574403311,1.14880956399
2012-09-30 00:56:10,49733,1,17.8666664226,1.70922609152
2012-09-30 00:56:11,49734,1,19.9152525975,2.04858617485
2012-09-30 00:56:12,49735,1,22.11078825,2.19553565253
2012-09-30 00:56:13,49736,1,24.3098954449,2.19910719494
2012-09-30 00:56:14,49737,1,26.3851187857,2.07522334077
2012-09-30 00:56:15,49738,1,28.2107141689,1.82559538318
2012-09-30 00:56:16,49739,1,29.7114583497,1.5007441808
2012-09-30 00:56:17,49740,1,30.913913782,1.20245543229
2012-09-30 00:56:18,49741,1,31.9258185082,1.01190472619
2012-09-30 00:56:19,49742,1,32.8595981659,0.933779657738
2012-09-30 00:56:20,49743,1,33.7716516994,0.912053533482
2012-09-30 00:56:21,49744,1,34.6568452448,0.885193545387
2012-09-30 00:56:22,49745,1,35.4869048839,0.830059639137
2012-09-30 00:56:23,49746,1,36.2524554115,0.76555052753
2012-09-30 00:56:24,49747,1,36.9706097991,0.718154387649
2012-09-30 00:56:25,49748,1,37.6636895885,0.693079789435
2012-09-30 00:56:26,49749,1,38.3398796086,0.676190020089
2012-09-30 00:56:27,49750,1,38.9794628132,0.639583204613
2012-09-30 00:56:28,49751,1,39.5302814033,0.55081859003
2012-09-30 00:56:29,49752,1,39.936234006,0.405952602679
2012-09-30 00:56:30,49753,1,40.1806538817,0.244419875744
2012-09-30 00:56:31,49754,1,40.297023215,0.116369333333
2012-09-30 00:56:32,49755,1,40.346130721,0.0491075059523
2012-09-30 00:56:33,49756,1,40.3862352411,0.0401045200893
2012-09-30 00:56:34,49757,1,40.4514139859,0.0651787447917
2012-09-30 00:56:35,49758,1,40.5505210365,0.0991070505952
2012-09-30 00:56:36,49759,1,40.6799850789,0.129464042411
2012-09-30 00:56:37,49760,1,40.8295384487,0.149553369792
2012-09-30 00:56:38,49761,1,40.9888389524,0.15930050372
2012-09-30 00:56:39,49762,1,41.1658477991,0.177008846726
2012-09-30 00:56:40,49763,1,41.39255891,0.226711110863
2012-09-30 00:56:41,49764,1,41.7056538579,0.313094947917
2012-09-30 00:56:42,49765,1,42.1249244754,0.419270617559
2012-09-30 00:56:43,49766,1,42.6435256622,0.518601186756
2012-09-30 00:56:44,49767,1,43.2286449345,0.585119272321
2012-09-30 00:56:45,49768,1,43.8299101555,0.601265220982
2012-09-30 00:56:46,49769,1,44.3807288579,0.550818702381
2012-09-30 00:56:47,49770,1,44.7903270818,0.409598223958
2012-09-30 00:56:48,49771,1,44.9667405796,0.176413497768
2012-09-30 00:56:49,49772,1,44.8849695379,-0.0817710416667
2012-09-30 00:56:50,49773,1,44.6302820089,-0.254687529018
2012-09-30 00:56:51,49774,1,44.3579607917,-0.272321217262
2012-09-30 00:56:52,49775,1,44.2059521652,-0.152008626488
2012-09-30 00:56:53,49776,1,44.2326636168,0.0267114516369
2012-09-30 00:56:54,49777,1,44.4200890573,0.187425440476
2012-09-30 00:56:55,49778,1,44.7253714107,0.305282353423
2012-09-30 00:56:56,49779,1,45.117781744,0.392410333333
2012-09-30 00:56:57,49780,1,45.5702369732,0.452455229167
2012-09-30 00:56:58,49781,1,46.0394335446,0.469196571429
2012-09-30 00:56:59,49782,1,46.4637640938,0.424330549107
2012-09-30 00:57:00,49783,1,46.7680796295,0.304315535714
2012-09-30 00:57:01,49784,1,46.8717997932,0.10372016369
2012-09-30 00:57:02,49785,1,46.7216508914,-0.150148901786
2012-09-30 00:57:03,49786,1,46.3400289077,-0.381621983631
2012-09-30 00:57:04,49787,1,45.8366065015,-0.50342240625
2012-09-30 00:57:05,49788,1,45.3560264085,-0.480580093006
2012-09-30 00:57:06,49789,1,44.9977677031,-0.358258705357
2012-09-30 00:57:07,49790,1,44.7733631362,-0.224404566964
2012-09-30 00:57:08,49791,1,44.6319197991,-0.141443337054
2012-09-30 00:57:09,49792,1,44.516517933,-0.115401866071
2012-09-30 00:57:10,49793,1,44.3964283743,-0.12008955878
2012-09-30 00:57:11,49794,1,44.2648804219,-0.131547952381
2012-09-30 00:57:12,49795,1,44.1235111503,-0.141369271577
2012-09-30 00:57:13,49796,1,43.9731391719,-0.150371978423
2012-09-30 00:57:14,49797,1,43.8149549665,-0.158184205357
2012-09-30 00:57:15,49798,1,43.6502231815,-0.16473178497
2012-09-30 00:57:16,49799,1,43.4779019323,-0.172321249256
2012-09-30 00:57:17,49800,1,43.3020835082,-0.175818424107
2012-09-30 00:57:18,49801,1,43.139881157,-0.16220235119
2012-09-30 00:57:19,49802,1,43.0133931845,-0.12648797247
2012-09-30 00:57:20,49803,1,42.9357148013,-0.0776783831845
2012-09-30 00:57:21,49804,1,42.9129470729,-0.0227677284226
2012-09-30 00:57:22,49805,1,42.9647327753,0.0517857023809
2012-09-30 00:57:23,49806,1,43.1365332902,0.171800514881
2012-09-30 00:57:24,49807,1,43.4795392024,0.343005912202
2012-09-30 00:57:25,49808,1,44.0116820513,0.532142848958
2012-09-30 00:57:26,49809,1,44.6869796004,0.675297549107
2012-09-30 00:57:27,49810,1,45.3924109702,0.705431369792
2012-09-30 00:57:28,49811,1,45.9906994368,0.598288466518
2012-09-30 00:57:29,49812,1,46.3933034405,0.40260400372
2012-09-30 00:57:30,49813,1,46.6044640975,0.211160656994
2012-09-30 00:57:31,49814,1,46.7051337269,0.100669629464
2012-09-30 00:57:32,49815,1,46.7998509301,0.094717203125
2012-09-30 00:57:33,49816,1,46.9584073757,0.158556445685
2012-09-30 00:57:34,49817,1,47.1840025811,0.225595205357
2012-09-30 00:57:35,49818,1,47.4309521443,0.246949563244
2012-09-30 00:57:36,49819,1,47.645535811,0.214583666667
2012-09-30 00:57:37,49820,1,47.7926343385,0.14709852753
2012-09-30 00:57:38,49821,1,47.873214782,0.0805804434524
2012-09-30 00:57:39,49822,1,47.9279021057,0.0546873236607
2012-09-30 00:57:40,49823,1,48.0055059821,0.0776038764881
2012-09-30 00:57:41,49824,1,48.1235861488,0.118080166667
2012-09-30 00:57:42,49825,1,48.2605653385,0.136979189732
2012-09-30 00:57:43,49826,1,48.3776041994,0.117038860863
2012-09-30 00:57:44,49827,1,48.4465775625,0.0689733630952
2012-09-30 00:57:45,49828,1,48.4509674524,0.004389889881
2012-09-30 00:57:46,49829,1,48.3543155618,-0.0966518906251
2012-09-30 00:57:47,49830,1,48.0884672381,-0.265848323661
2012-09-30 00:57:48,49831,1,47.5965772954,-0.491889942708
2012-09-30 00:57:49,49832,1,46.8944194881,-0.702157807292
2012-09-30 00:57:50,49833,1,46.0891365923,-0.805282895833
2012-09-30 00:57:51,49834,1,45.331175035,-0.757961557292
2012-09-30 00:57:52,49835,1,44.741070619,-0.590104415923
2012-09-30 00:57:53,49836,1,44.3750734621,-0.365997156994
2012-09-30 00:57:54,49837,1,44.2380199382,-0.13705352381
2012-09-30 00:57:55,49838,1,44.3097462768,0.0717263385417
2012-09-30 00:57:56,49839,1,44.5653267173,0.255580440476
2012-09-30 00:57:57,49840,1,44.9831094211,0.417782703869
2012-09-30 00:57:58,49841,1,45.5404754226,0.557366001488
2012-09-30 00:57:59,49842,1,46.2013385126,0.66086309003
2012-09-30 00:58:00,49843,1,46.8993297195,0.697991206845
2012-09-30 00:58:01,49844,1,47.542038308,0.642708588542
2012-09-30 00:58:02,49845,1,48.0461308006,0.50409249256
2012-09-30 00:58:03,49846,1,48.3531993795,0.307068578869
2012-09-30 00:58:04,49847,1,48.416666721,0.0634673415178
2012-09-30 00:58:05,49848,1,48.2145090387,-0.202157682292
2012-09-30 00:58:06,49849,1,47.7773810565,-0.437127982143
2012-09-30 00:58:07,49850,1,47.1863839397,-0.590997116815
2012-09-30 00:58:08,49851,1,46.5395831429,-0.646800796875
2012-09-30 00:58:09,49852,1,45.8947168214,-0.644866321428
2012-09-30 00:58:10,49853,1,45.2383922574,-0.656324563988
2012-09-30 00:58:11,49854,1,44.5388386548,-0.699553602679
2012-09-30 00:58:12,49855,1,43.8042404762,-0.734598178571
2012-09-30 00:58:13,49856,1,43.0514131332,-0.752827343006
2012-09-30 00:58:14,49857,1,42.2426333214,-0.808779811756
2012-09-30 00:58:15,49858,1,41.268153968,-0.974479353423
2012-09-30 00:58:16,49859,1,39.9604156176,-1.30773835045
2012-09-30 00:58:17,49860,1,38.1210553051,-1.8393603125
2012-09-30 00:58:18,49861,1,35.5635404167,-2.55751488839
2012-09-30 00:58:19,49862,1,32.183109067,-3.3804313497
2012-09-30 00:58:20,49863,1,28.0775289769,-4.10558009003
2012-09-30 00:58:21,49864,1,23.6479160618,-4.42961291518
2012-09-30 00:58:22,49865,1,19.5234369353,-4.12447912649
2012-09-30 00:58:23,49866,1,16.3113833103,-3.212053625
2012-09-30 00:58:24,49867,1,14.3546124241,-1.95677088616
2012-09-30 00:58:25,49868,1,13.622915997,-0.731696427083
2012-09-30 00:58:26,49869,1,13.7538684129,0.130952415923
2012-09-30 00:58:27,49870,1,14.2180797656,0.464211352679
2012-09-30 00:58:28,49871,1,14.5489577939,0.330878028274
2012-09-30 00:58:29,49872,1,14.5479161964,-0.0010415974702
2012-09-30 00:58:30,49873,1,14.3465026071,-0.201413589286
2012-09-30 00:58:31,49874,1,14.245312256,-0.10119035119
2012-09-30 00:58:32,49875,1,14.4276784182,0.182366162202
2012-09-30 00:58:33,49876,1,14.7801337827,0.352455364583
2012-09-30 00:58:34,49877,1,14.9655503914,0.185416608631
2012-09-30 00:58:35,49878,1,14.6738836421,-0.291666749256
2012-09-30 00:58:36,49879,1,13.8253716436,-0.848511998512
2012-09-30 00:58:37,49880,1,12.5730650052,-1.25230663839
2012-09-30 00:58:38,49881,1,11.1587792433,-1.4142857619
2012-09-30 00:58:39,49882,1,9.78102630878,-1.37775293452
2012-09-30 00:58:40,49883,1,8.57425562128,-1.2067706875
2012-09-30 00:58:41,49884,1,7.67090759003,-0.90334803125
2012-09-30 00:58:42,49885,1,7.19771819147,-0.473189398562
2012-09-30 00:58:43,49886,1,7.10875481076,-0.0889633807044
2012-09-30 00:58:44,49887,1,7.0609371622,-0.0478176485615
2012-09-30 00:58:45,49888,1,6.62425547098,-0.43668169122
2012-09-30 00:58:46,49889,1,5.67135368378,-0.952901787202
2012-09-30 00:58:47,49890,1,4.51242525074,-1.15892843304
2012-09-30 00:58:48,49891,1,3.64794131424,-0.864483936508
2012-09-30 00:58:49,49892,1,3.35778767163,-0.290153642609
2012-09-30 00:58:50,49893,1,3.49858628497,0.140798613343
2012-09-30 00:58:51,49894,1,3.72194928943,0.223363004464
2012-09-30 00:58:52,49895,1,3.81175573958,0.0898064501488
2012-09-30 00:58:53,49896,1,3.75282712351,-0.0589286160714
2012-09-30 00:58:54,49897,1,3.57747990203,-0.175347221478
2012-09-30 00:58:55,49898,1,3.21292138145,-0.364558520585
2012-09-30 00:58:56,49899,1,2.52395810565,-0.688963275794
2012-09-30 00:58:57,49900,1,1.60691946503,-0.917038640625
2012-09-30 00:58:58,49901,1,0.0,-1.60691946503
