timestamp,cycle_sec,timestep,speed_mph,accel_meters_ps
2012-06-23 15:58:02,0,1,0.0,0.0
2012-06-23 15:58:03,1,1,0.0,0.0
2012-06-23 15:58:04,2,1,0.0,0.0
2012-06-23 15:58:05,3,1,0.0,0.0
2012-06-23 15:58:06,4,1,0.0,0.0
2012-06-23 15:58:07,5,1,0.0,0.0
2012-06-23 15:58:08,6,1,1.17135416667,1.17135416667
2012-06-23 15:58:09,7,1,2.09523809524,0.923883928571
2012-06-23 15:58:10,8,1,3.178125,1.08288690476
2012-06-23 15:58:11,9,1,4.32291666667,1.14479166667
2012-06-23 15:58:12,10,1,5.33727678571,1.01436011905
2012-06-23 15:58:13,11,1,5.99821428571,0.6609375
2012-06-23 15:58:14,12,1,6.29296875,0.294754464286
2012-06-23 15:58:15,13,1,6.48802083333,0.195052083333
2012-06-23 15:58:16,14,1,6.90848214286,0.420461309524
2012-06-23 15:58:17,15,1,7.72388392857,0.815401785714
2012-06-23 15:58:18,16,1,8.95081845238,1.22693452381
2012-06-23 15:58:19,17,1,10.5639880952,1.61316964286
2012-06-23 15:58:20,18,1,12.5348214286,1.97083333333
2012-06-23 15:58:21,19,1,14.7650297619,2.23020833333
2012-06-23 15:58:22,20,1,17.0350446429,2.27001488095
2012-06-23 15:58:23,21,1,19.0773809524,2.04233630952
2012-06-23 15:58:24,22,1,20.7220238095,1.64464285714
2012-06-23 15:58:25,23,1,21.9646577381,1.24263392857
2012-06-23 15:58:26,24,1,22.912797619,0.948139880952
2012-06-23 15:58:27,25,1,23.6905505952,0.777752976191
2012-06-23 15:58:28,26,1,24.3735119048,0.682961309524
2012-06-23 15:58:29,27,1,24.9740327381,0.600520833333
2012-06-23 15:58:30,28,1,25.4549107143,0.48087797619
2012-06-23 15:58:31,29,1,25.734375,0.279464285714
2012-06-23 15:58:32,30,1,25.7016369048,-0.0327380952381
2012-06-23 15:58:33,31,1,25.2789434524,-0.422693452381
2012-06-23 15:58:34,32,1,24.4935267857,-0.785416666667
2012-06-23 15:58:35,33,1,23.4905505952,-1.00297619048
2012-06-23 15:58:36,34,1,22.455952381,-1.03459821429
2012-06-23 15:58:37,35,1,21.490625,-0.965327380952
2012-06-23 15:58:38,36,1,20.5461309524,-0.944494047619
2012-06-23 15:58:39,37,1,19.477827381,-1.06830357143
2012-06-23 15:58:40,38,1,18.1392857143,-1.33854166667
2012-06-23 15:58:41,39,1,16.4312003968,-1.70808531746
2012-06-23 15:58:42,40,1,14.3095734127,-2.12162698413
2012-06-23 15:58:43,41,1,11.8164434524,-2.49312996032
2012-06-23 15:58:44,42,1,9.15344742063,-2.66299603175
2012-06-23 15:58:45,43,1,6.68725198413,-2.46619543651
2012-06-23 15:58:46,44,1,4.78802083333,-1.89923115079
2012-06-23 15:58:47,45,1,3.61790674603,-1.1701140873
2012-06-23 15:58:48,46,1,3.06118551587,-0.556721230159
2012-06-23 15:58:49,47,1,2.83973214286,-0.221453373016
2012-06-23 15:58:50,48,1,2.70367063492,-0.136061507937
2012-06-23 15:58:51,49,1,2.53382936508,-0.169841269841
2012-06-23 15:58:52,50,1,2.3369047619,-0.196924603175
2012-06-23 15:58:53,51,1,2.25436507937,-0.0825396825397
2012-06-23 15:58:54,52,1,2.54496527778,0.290600198413
2012-06-23 15:58:55,53,1,3.4228422619,0.877876984127
2012-06-23 15:58:56,54,1,4.88253968254,1.45969742063
2012-06-23 15:58:57,55,1,6.7089781746,1.82643849206
2012-06-23 15:58:58,56,1,8.64962797619,1.94064980159
2012-06-23 15:58:59,57,1,10.5852926587,1.93566468254
2012-06-23 15:59:00,58,1,12.5345734127,1.94928075397
2012-06-23 15:59:01,59,1,14.4865327381,1.9519593254
2012-06-23 15:59:02,60,1,16.284077381,1.79754464286
2012-06-23 15:59:03,61,1,17.6973214286,1.41324404762
2012-06-23 15:59:04,62,1,18.5374255952,0.840104166667
2012-06-23 15:59:05,63,1,18.6697916667,0.132366071429
2012-06-23 15:59:06,64,1,18.0171130952,-0.652678571429
2012-06-23 15:59:07,65,1,16.6495535714,-1.36755952381
2012-06-23 15:59:08,66,1,14.8683779762,-1.78117559524
2012-06-23 15:59:09,67,1,13.15,-1.71837797619
2012-06-23 15:59:10,68,1,11.9555059524,-1.19449404762
2012-06-23 15:59:11,69,1,11.5271577381,-0.428348214286
2012-06-23 15:59:12,70,1,11.8188244048,0.291666666667
2012-06-23 15:59:13,71,1,12.6066220238,0.787797619048
2012-06-23 15:59:14,72,1,13.6552827381,1.04866071429
2012-06-23 15:59:15,73,1,14.8046130952,1.14933035714
2012-06-23 15:59:16,74,1,15.9725446429,1.16793154762
2012-06-23 15:59:17,75,1,17.1126488095,1.14010416667
2012-06-23 15:59:18,76,1,18.1571428571,1.04449404762
2012-06-23 15:59:19,77,1,19.009672619,0.852529761905
2012-06-23 15:59:20,78,1,19.6037202381,0.594047619048
2012-06-23 15:59:21,79,1,19.9570684524,0.353348214286
2012-06-23 15:59:22,80,1,20.1732142857,0.216145833333
2012-06-23 15:59:23,81,1,20.3898809524,0.216666666667
2012-06-23 15:59:24,82,1,20.7009672619,0.311086309524
2012-06-23 15:59:25,83,1,21.1152529762,0.414285714286
2012-06-23 15:59:26,84,1,21.5808035714,0.465550595238
2012-06-23 15:59:27,85,1,22.0254464286,0.444642857143
2012-06-23 15:59:28,86,1,22.3843005952,0.358854166667
2012-06-23 15:59:29,87,1,22.6258928571,0.241592261905
2012-06-23 15:59:30,88,1,22.7526785714,0.126785714286
2012-06-23 15:59:31,89,1,22.7645833333,0.0119047619047
2012-06-23 15:59:32,90,1,22.640327381,-0.124255952381
2012-06-23 15:59:33,91,1,22.3620535714,-0.278273809524
2012-06-23 15:59:34,92,1,21.9442708333,-0.417782738095
2012-06-23 15:59:35,93,1,21.4357886905,-0.508482142857
2012-06-23 15:59:36,94,1,20.867485119,-0.568303571429
2012-06-23 15:59:37,95,1,20.1496279762,-0.717857142857
2012-06-23 15:59:38,96,1,19.0505952381,-1.0990327381
2012-06-23 15:59:39,97,1,17.3836309524,-1.66696428571
2012-06-23 15:59:40,98,1,15.267485119,-2.11614583333
2012-06-23 15:59:41,99,1,13.173139881,-2.0943452381
2012-06-23 15:59:42,100,1,11.6720238095,-1.50111607143
2012-06-23 15:59:43,101,1,11.087202381,-0.584821428571
2012-06-23 15:59:44,102,1,11.3232142857,0.236011904762
2012-06-23 15:59:45,103,1,11.9975446429,0.674330357143
2012-06-23 15:59:46,104,1,12.7185267857,0.720982142857
2012-06-23 15:59:47,105,1,13.2223214286,0.503794642857
2012-06-23 15:59:48,106,1,13.3169642857,0.0946428571429
2012-06-23 15:59:49,107,1,12.85625,-0.460714285714
2012-06-23 15:59:50,108,1,11.841889881,-1.01436011905
2012-06-23 15:59:51,109,1,10.4772321429,-1.3646577381
2012-06-23 15:59:52,110,1,9.04107142857,-1.43616071429
2012-06-23 15:59:53,111,1,7.70081845238,-1.34025297619
2012-06-23 15:59:54,112,1,6.46495535714,-1.23586309524
2012-06-23 15:59:55,113,1,5.30617559524,-1.1587797619
2012-06-23 15:59:56,114,1,4.28816964286,-1.01800595238
2012-06-23 15:59:57,115,1,3.54947916667,-0.73869047619
2012-06-23 15:59:58,116,1,3.16897321429,-0.380505952381
2012-06-23 15:59:59,117,1,3.03335459184,-0.135618622449
2012-06-23 16:00:00,118,1,2.83978528912,-0.193569302721
2012-06-23 16:00:01,119,1,2.30880102041,-0.530984268707
2012-06-23 16:00:02,120,1,1.52952806122,-0.779272959184
2012-06-23 16:00:03,121,1,0.0,-1.52952806122
