timestamp,cycle_sec,timestep,speed_mph,accel_meters_ps
2012-07-16 10:18:27,0,1,0.0,0.0
2012-07-16 10:18:28,1,1,0.0,0.0
2012-07-16 10:18:29,2,1,0.0,0.0
2012-07-16 10:18:30,3,1,0.0,0.0
2012-07-16 10:18:31,4,1,0.0,0.0
2012-07-16 10:18:32,5,1,0.0,0.0
2012-07-16 10:18:33,6,1,3.70193452381,3.70193452381
2012-07-16 10:18:34,7,1,6.33645833333,2.63452380952
2012-07-16 10:18:35,8,1,8.76220238095,2.42574404762
2012-07-16 10:18:36,9,1,10.5546130952,1.79241071429
2012-07-16 10:18:37,10,1,11.754389881,1.19977678571
2012-07-16 10:18:38,11,1,12.6591517857,0.904761904762
2012-07-16 10:18:39,12,1,13.5197172619,0.86056547619
2012-07-16 10:18:40,13,1,14.372172619,0.852455357143
2012-07-16 10:18:41,14,1,15.1013392857,0.729166666667
2012-07-16 10:18:42,15,1,15.575,0.473660714286
2012-07-16 10:18:43,16,1,15.6701636905,0.0951636904762
2012-07-16 10:18:44,17,1,15.2290922619,-0.441071428571
2012-07-16 10:18:45,18,1,14.0945684524,-1.13452380952
2012-07-16 10:18:46,19,1,12.2720982143,-1.8224702381
2012-07-16 10:18:47,20,1,10.059672619,-2.21242559524
2012-07-16 10:18:48,21,1,7.94226190476,-2.11741071429
2012-07-16 10:18:49,22,1,6.3056547619,-1.63660714286
2012-07-16 10:18:50,23,1,5.22544642857,-1.08020833333
2012-07-16 10:18:51,24,1,4.4703125,-0.755133928571
2012-07-16 10:18:52,25,1,3.68757440476,-0.782738095238
2012-07-16 10:18:53,26,1,2.67351190476,-1.0140625
2012-07-16 10:18:54,27,1,1.59404761905,-1.07946428571
2012-07-16 10:18:55,28,1,0.0,-1.59404761905
2012-07-16 11:09:46,3079,3051,0.0,0.0
2012-07-16 11:09:47,3080,1,2.82269345238,2.82269345238
2012-07-16 11:09:48,3081,1,4.71376488095,1.89107142857
2012-07-16 11:09:49,3082,1,6.53444940476,1.82068452381
2012-07-16 11:09:50,3083,1,8.18102678571,1.64657738095
2012-07-16 11:09:51,3084,1,9.78928571429,1.60825892857
2012-07-16 11:09:52,3085,1,11.3769345238,1.58764880952
2012-07-16 11:09:53,3086,1,12.7735119048,1.39657738095
2012-07-16 11:09:54,3087,1,13.7966517857,1.02313988095
2012-07-16 11:09:55,3088,1,14.4110119048,0.614360119048
2012-07-16 11:09:56,3089,1,14.7311755952,0.320163690476
2012-07-16 11:09:57,3090,1,14.9040922619,0.172916666667
2012-07-16 11:09:58,3091,1,14.9925595238,0.0884672619047
2012-07-16 11:09:59,3092,1,14.9659970238,-0.0265625
2012-07-16 11:10:00,3093,1,14.7911458333,-0.174851190476
2012-07-16 11:10:01,3094,1,14.5125744048,-0.278571428571
2012-07-16 11:10:02,3095,1,14.243452381,-0.269122023809
2012-07-16 11:10:03,3096,1,14.0972470238,-0.146205357143
2012-07-16 11:10:04,3097,1,14.1229910714,0.0257440476191
2012-07-16 11:10:05,3098,1,14.2805803571,0.157589285714
2012-07-16 11:10:06,3099,1,14.4805059524,0.199925595238
2012-07-16 11:10:07,3100,1,14.6625744048,0.182068452381
2012-07-16 11:10:08,3101,1,14.8489583333,0.186383928571
2012-07-16 11:10:09,3102,1,15.1311755952,0.282217261905
2012-07-16 11:10:10,3103,1,15.5892857143,0.458110119048
2012-07-16 11:10:11,3104,1,16.2056547619,0.616369047619
2012-07-16 11:10:12,3105,1,16.8572172619,0.6515625
2012-07-16 11:10:13,3106,1,17.3933779762,0.536160714286
2012-07-16 11:10:14,3107,1,17.7306547619,0.337276785714
2012-07-16 11:10:15,3108,1,17.8591517857,0.12849702381
2012-07-16 11:10:16,3109,1,17.7503720238,-0.108779761905
2012-07-16 11:10:17,3110,1,17.336235119,-0.414136904762
2012-07-16 11:10:18,3111,1,16.6369047619,-0.699330357143
2012-07-16 11:10:19,3112,1,15.8630208333,-0.773883928571
2012-07-16 11:10:20,3113,1,15.3302083333,-0.5328125
2012-07-16 11:10:21,3114,1,15.2226190476,-0.107589285714
2012-07-16 11:10:22,3115,1,15.4323660714,0.20974702381
2012-07-16 11:10:23,3116,1,15.6652529762,0.232886904762
2012-07-16 11:10:24,3117,1,15.665922619,0.000669642857101
2012-07-16 11:10:25,3118,1,15.3358630952,-0.33005952381
2012-07-16 11:10:26,3119,1,14.7479910714,-0.587872023809
2012-07-16 11:10:27,3120,1,14.0759672619,-0.672023809524
2012-07-16 11:10:28,3121,1,13.4795386905,-0.596428571429
2012-07-16 11:10:29,3122,1,13.0712797619,-0.408258928571
2012-07-16 11:10:30,3123,1,12.8976190476,-0.173660714286
2012-07-16 11:10:31,3124,1,12.8603422619,-0.0372767857142
2012-07-16 11:10:32,3125,1,12.7320684524,-0.128273809524
2012-07-16 11:10:33,3126,1,12.2796875,-0.452380952381
2012-07-16 11:10:34,3127,1,11.3648809524,-0.914806547619
2012-07-16 11:10:35,3128,1,10.0456845238,-1.31919642857
2012-07-16 11:10:36,3129,1,8.64828869048,-1.39739583333
2012-07-16 11:10:37,3130,1,7.65714285714,-0.991145833333
2012-07-16 11:10:38,3131,1,7.46696428571,-0.190178571429
2012-07-16 11:10:39,3132,1,8.18630952381,0.719345238095
2012-07-16 11:10:40,3133,1,9.58563988095,1.39933035714
2012-07-16 11:10:41,3134,1,11.1983630952,1.61272321429
2012-07-16 11:10:42,3135,1,12.5477678571,1.3494047619
2012-07-16 11:10:43,3136,1,13.3952380952,0.847470238095
2012-07-16 11:10:44,3137,1,13.8499255952,0.4546875
2012-07-16 11:10:45,3138,1,14.2573660714,0.40744047619
2012-07-16 11:10:46,3139,1,14.9544642857,0.697098214286
2012-07-16 11:10:47,3140,1,16.0677827381,1.11331845238
2012-07-16 11:10:48,3141,1,17.4705357143,1.40275297619
2012-07-16 11:10:49,3142,1,18.8824404762,1.4119047619
2012-07-16 11:10:50,3143,1,20.003125,1.12068452381
2012-07-16 11:10:51,3144,1,20.5976190476,0.594494047619
2012-07-16 11:10:52,3145,1,20.5571428571,-0.0404761904761
2012-07-16 11:10:53,3146,1,19.965327381,-0.591815476191
2012-07-16 11:10:54,3147,1,19.1001488095,-0.865178571429
2012-07-16 11:10:55,3148,1,18.3066964286,-0.793452380952
2012-07-16 11:10:56,3149,1,17.8172619048,-0.489434523809
2012-07-16 11:10:57,3150,1,17.6599702381,-0.157291666667
2012-07-16 11:10:58,3151,1,17.7004464286,0.0404761904762
2012-07-16 11:10:59,3152,1,17.7334077381,0.0329613095238
2012-07-16 11:11:00,3153,1,17.5396577381,-0.19375
2012-07-16 11:11:01,3154,1,16.9352678571,-0.604389880952
2012-07-16 11:11:02,3155,1,15.8662202381,-1.06904761905
2012-07-16 11:11:03,3156,1,14.4993303571,-1.36688988095
2012-07-16 11:11:04,3157,1,13.2073660714,-1.29196428571
2012-07-16 11:11:05,3158,1,12.4121279762,-0.795238095238
2012-07-16 11:11:06,3159,1,12.3726934524,-0.0394345238095
2012-07-16 11:11:07,3160,1,13.0749255952,0.702232142857
2012-07-16 11:11:08,3161,1,14.2686011905,1.19367559524
2012-07-16 11:11:09,3162,1,15.5494047619,1.28080357143
2012-07-16 11:11:10,3163,1,16.4326636905,0.883258928571
2012-07-16 11:11:11,3164,1,16.4761160714,0.0434523809524
2012-07-16 11:11:12,3165,1,15.4485119048,-1.02760416667
2012-07-16 11:11:13,3166,1,13.4493303571,-1.99918154762
2012-07-16 11:11:14,3167,1,10.9258184524,-2.52351190476
2012-07-16 11:11:15,3168,1,8.55691964286,-2.36889880952
2012-07-16 11:11:16,3169,1,6.97157738095,-1.5853422619
2012-07-16 11:11:17,3170,1,6.43474702381,-0.536830357143
2012-07-16 11:11:18,3171,1,6.76577380952,0.331026785714
2012-07-16 11:11:19,3172,1,7.5619047619,0.796130952381
2012-07-16 11:11:20,3173,1,8.5162202381,0.95431547619
2012-07-16 11:11:21,3174,1,9.5681547619,1.05193452381
2012-07-16 11:11:22,3175,1,10.8039434524,1.23578869048
2012-07-16 11:11:23,3176,1,12.2563988095,1.45245535714
2012-07-16 11:11:24,3177,1,13.8180059524,1.56160714286
2012-07-16 11:11:25,3178,1,15.3091517857,1.49114583333
2012-07-16 11:11:26,3179,1,16.5678571429,1.25870535714
2012-07-16 11:11:27,3180,1,17.479389881,0.911532738095
2012-07-16 11:11:28,3181,1,18.0008184524,0.521428571429
2012-07-16 11:11:29,3182,1,18.2011160714,0.200297619048
2012-07-16 11:11:30,3183,1,18.2383184524,0.0372023809524
2012-07-16 11:11:31,3184,1,18.2615327381,0.0232142857142
2012-07-16 11:11:32,3185,1,18.330952381,0.0694196428572
2012-07-16 11:11:33,3186,1,18.4025297619,0.0715773809524
2012-07-16 11:11:34,3187,1,18.3627232143,-0.0398065476191
2012-07-16 11:11:35,3188,1,18.1016369048,-0.261086309524
2012-07-16 11:11:36,3189,1,17.5708333333,-0.530803571429
2012-07-16 11:11:37,3190,1,16.7726934524,-0.798139880952
2012-07-16 11:11:38,3191,1,15.7081845238,-1.06450892857
2012-07-16 11:11:39,3192,1,14.3345982143,-1.37358630952
2012-07-16 11:11:40,3193,1,12.6158482143,-1.71875
2012-07-16 11:11:41,3194,1,10.6933779762,-1.9224702381
2012-07-16 11:11:42,3195,1,8.9615327381,-1.7318452381
2012-07-16 11:11:43,3196,1,7.88266369048,-1.07886904762
2012-07-16 11:11:44,3197,1,7.728125,-0.154538690476
2012-07-16 11:11:45,3198,1,8.44449404762,0.716369047619
2012-07-16 11:11:46,3199,1,9.69188988095,1.24739583333
2012-07-16 11:11:47,3200,1,11.0542410714,1.36235119048
2012-07-16 11:11:48,3201,1,12.248735119,1.19449404762
2012-07-16 11:11:49,3202,1,13.1560267857,0.907291666667
2012-07-16 11:11:50,3203,1,13.7494047619,0.593377976191
2012-07-16 11:11:51,3204,1,14.0377232143,0.288318452381
2012-07-16 11:11:52,3205,1,14.040922619,0.0031994047619
2012-07-16 11:11:53,3206,1,13.8125,-0.228422619048
2012-07-16 11:11:54,3207,1,13.470610119,-0.341889880952
2012-07-16 11:11:55,3208,1,13.1675595238,-0.303050595238
2012-07-16 11:11:56,3209,1,13.0011160714,-0.166443452381
2012-07-16 11:11:57,3210,1,12.9276785714,-0.0734375
2012-07-16 11:11:58,3211,1,12.7508184524,-0.176860119048
2012-07-16 11:11:59,3212,1,12.242485119,-0.508333333333
2012-07-16 11:12:00,3213,1,11.3465029762,-0.895982142857
2012-07-16 11:12:01,3214,1,10.2895089286,-1.05699404762
2012-07-16 11:12:02,3215,1,9.47433035714,-0.815178571429
2012-07-16 11:12:03,3216,1,9.22462797619,-0.249702380952
2012-07-16 11:12:04,3217,1,9.57864583333,0.354017857143
2012-07-16 11:12:05,3218,1,10.2988839286,0.720238095238
2012-07-16 11:12:06,3219,1,11.0784970238,0.779613095238
2012-07-16 11:12:07,3220,1,11.7251488095,0.646651785714
2012-07-16 11:12:08,3221,1,12.1616071429,0.436458333333
2012-07-16 11:12:09,3222,1,12.337202381,0.175595238095
2012-07-16 11:12:10,3223,1,12.2136160714,-0.123586309524
2012-07-16 11:12:11,3224,1,11.8317708333,-0.381845238095
2012-07-16 11:12:12,3225,1,11.3489583333,-0.4828125
2012-07-16 11:12:13,3226,1,10.9651785714,-0.383779761905
2012-07-16 11:12:14,3227,1,10.779985119,-0.185193452381
2012-07-16 11:12:15,3228,1,10.7159970238,-0.0639880952381
2012-07-16 11:12:16,3229,1,10.5980654762,-0.117931547619
2012-07-16 11:12:17,3230,1,10.3107886905,-0.287276785714
2012-07-16 11:12:18,3231,1,9.86398809524,-0.446800595238
2012-07-16 11:12:19,3232,1,9.31220238095,-0.551785714286
2012-07-16 11:12:20,3233,1,8.64114583333,-0.671056547619
2012-07-16 11:12:21,3234,1,7.76227678571,-0.878869047619
2012-07-16 11:12:22,3235,1,6.63794642857,-1.12433035714
2012-07-16 11:12:23,3236,1,5.39337797619,-1.24456845238
2012-07-16 11:12:24,3237,1,4.30803571429,-1.0853422619
2012-07-16 11:12:25,3238,1,3.74330357143,-0.564732142857
2012-07-16 11:12:26,3239,1,4.01599702381,0.272693452381
2012-07-16 11:12:27,3240,1,5.21711309524,1.20111607143
2012-07-16 11:12:28,3241,1,7.11800595238,1.90089285714
2012-07-16 11:12:29,3242,1,9.22849702381,2.11049107143
2012-07-16 11:12:30,3243,1,10.9772321429,1.74873511905
2012-07-16 11:12:31,3244,1,11.9881696429,1.0109375
2012-07-16 11:12:32,3245,1,12.2631696429,0.275
2012-07-16 11:12:33,3246,1,12.1095982143,-0.153571428571
2012-07-16 11:12:34,3247,1,11.9321428571,-0.177455357143
2012-07-16 11:12:35,3248,1,12.0280505952,0.0959077380952
2012-07-16 11:12:36,3249,1,12.4441220238,0.416071428571
2012-07-16 11:12:37,3250,1,12.9857142857,0.541592261905
2012-07-16 11:12:38,3251,1,13.3767857143,0.391071428571
2012-07-16 11:12:39,3252,1,13.4430059524,0.0662202380953
2012-07-16 11:12:40,3253,1,13.204985119,-0.238020833333
2012-07-16 11:12:41,3254,1,12.8363095238,-0.368675595238
2012-07-16 11:12:42,3255,1,12.5300595238,-0.30625
2012-07-16 11:12:43,3256,1,12.3941220238,-0.1359375
2012-07-16 11:12:44,3257,1,12.4400297619,0.0459077380953
2012-07-16 11:12:45,3258,1,12.6040178571,0.163988095238
2012-07-16 11:12:46,3259,1,12.7363095238,0.132291666667
2012-07-16 11:12:47,3260,1,12.6155505952,-0.120758928571
2012-07-16 11:12:48,3261,1,12.0732142857,-0.542336309524
2012-07-16 11:12:49,3262,1,11.1588541667,-0.914360119048
2012-07-16 11:12:50,3263,1,10.1691964286,-0.989657738095
2012-07-16 11:12:51,3264,1,9.47433035714,-0.694866071429
2012-07-16 11:12:52,3265,1,9.26540178571,-0.208928571429
2012-07-16 11:12:53,3266,1,9.44985119048,0.184449404762
2012-07-16 11:12:54,3267,1,9.80989583333,0.360044642857
2012-07-16 11:12:55,3268,1,10.2415922619,0.431696428571
2012-07-16 11:12:56,3269,1,10.8011160714,0.559523809524
2012-07-16 11:12:57,3270,1,11.5668154762,0.765699404762
2012-07-16 11:12:58,3271,1,12.5212053571,0.954389880952
2012-07-16 11:12:59,3272,1,13.544047619,1.0228422619
2012-07-16 11:13:00,3273,1,14.4802827381,0.936235119048
2012-07-16 11:13:01,3274,1,15.2199404762,0.739657738095
2012-07-16 11:13:02,3275,1,15.7265625,0.50662202381
2012-07-16 11:13:03,3276,1,16.0035714286,0.277008928571
2012-07-16 11:13:04,3277,1,16.0494047619,0.0458333333334
2012-07-16 11:13:05,3278,1,15.8428571429,-0.206547619048
2012-07-16 11:13:06,3279,1,15.3610863095,-0.481770833333
2012-07-16 11:13:07,3280,1,14.5986607143,-0.762425595238
2012-07-16 11:13:08,3281,1,13.5536458333,-1.04501488095
2012-07-16 11:13:09,3282,1,12.2239583333,-1.3296875
2012-07-16 11:13:10,3283,1,10.6901041667,-1.53385416667
2012-07-16 11:13:11,3284,1,9.20044642857,-1.4896577381
2012-07-16 11:13:12,3285,1,8.08772321429,-1.11272321429
2012-07-16 11:13:13,3286,1,7.57566964286,-0.512053571429
2012-07-16 11:13:14,3287,1,7.68430059524,0.108630952381
2012-07-16 11:13:15,3288,1,8.27633928571,0.592038690476
2012-07-16 11:13:16,3289,1,9.15796130952,0.88162202381
2012-07-16 11:13:17,3290,1,10.134672619,0.976711309524
2012-07-16 11:13:18,3291,1,10.9802827381,0.845610119048
2012-07-16 11:13:19,3292,1,11.4558035714,0.475520833333
2012-07-16 11:13:20,3293,1,11.4658482143,0.0100446428571
2012-07-16 11:13:21,3294,1,11.1560267857,-0.309821428571
2012-07-16 11:13:22,3295,1,10.8063988095,-0.34962797619
2012-07-16 11:13:23,3296,1,10.6498511905,-0.156547619048
2012-07-16 11:13:24,3297,1,10.7572172619,0.107366071429
2012-07-16 11:13:25,3298,1,11.0252232143,0.268005952381
2012-07-16 11:13:26,3299,1,11.2674107143,0.2421875
2012-07-16 11:13:27,3300,1,11.3429315476,0.0755208333333
2012-07-16 11:13:28,3301,1,11.2296130952,-0.113318452381
2012-07-16 11:13:29,3302,1,11.0116815476,-0.217931547619
2012-07-16 11:13:30,3303,1,10.8046875,-0.206994047619
2012-07-16 11:13:31,3304,1,10.6781994048,-0.126488095238
2012-07-16 11:13:32,3305,1,10.6415178571,-0.036681547619
2012-07-16 11:13:33,3306,1,10.6817708333,0.0402529761904
2012-07-16 11:13:34,3307,1,10.798735119,0.116964285714
2012-07-16 11:13:35,3308,1,11.0013392857,0.202604166667
2012-07-16 11:13:36,3309,1,11.2524553571,0.251116071429
2012-07-16 11:13:37,3310,1,11.4114583333,0.15900297619
2012-07-16 11:13:38,3311,1,11.2664434524,-0.145014880952
2012-07-16 11:13:39,3312,1,10.6524553571,-0.613988095238
2012-07-16 11:13:40,3313,1,9.55108745421,-1.10136790293
2012-07-16 11:13:41,3314,1,8.10052083333,-1.45056662088
2012-07-16 11:13:42,3315,1,6.52955586081,-1.57096497253
2012-07-16 11:13:43,3316,1,5.07133127289,-1.45822458791
2012-07-16 11:13:44,3317,1,3.90226648352,-1.16906478938
2012-07-16 11:13:45,3318,1,3.11137248168,-0.790894001832
2012-07-16 11:13:46,3319,1,2.68600618132,-0.425366300366
2012-07-16 11:13:47,3320,1,2.52266483516,-0.163341346154
2012-07-16 11:13:48,3321,1,2.48308150183,-0.0395833333333
2012-07-16 11:13:49,3322,1,2.46829212454,-0.0147893772894
2012-07-16 11:13:50,3323,1,2.44500915751,-0.023282967033
2012-07-16 11:13:51,3324,1,2.41538461538,-0.0296245421245
2012-07-16 11:13:52,3325,1,2.38461538462,-0.0307692307692
2012-07-16 11:13:53,3326,1,2.35707417582,-0.0275412087912
2012-07-16 11:13:54,3327,1,2.34078525641,-0.0162889194139
2012-07-16 11:13:55,3328,1,2.31435153388,-0.0264337225275
2012-07-16 11:13:56,3329,1,2.16880151099,-0.145550022894
2012-07-16 11:13:57,3330,1,1.76294929029,-0.405852220696
2012-07-16 11:13:58,3331,1,1.17198374542,-0.590965544872
2012-07-16 11:13:59,3332,1,0.0,-1.17198374542
