timestamp,cycle_sec,timestep,speed_mph,accel_meters_ps
2013-01-15 09:55:02,0,70612,0.0,0.0
2013-01-15 09:55:03,1,1,4.09970218378,4.09970218378
2013-01-15 09:55:04,2,1,7.2296872567,3.12998507292
2013-01-15 09:55:05,3,1,10.3951634777,3.16547622098
2013-01-15 09:55:06,4,1,13.057812346,2.6626488683
2013-01-15 09:55:07,5,1,15.1292409167,2.07142857068
2013-01-15 09:55:08,6,1,16.7527527307,1.62351181399
2013-01-15 09:55:09,7,1,18.0401037909,1.28735106027
2013-01-15 09:55:10,8,1,18.9986602381,0.958556447173
2013-01-15 09:55:11,9,1,19.6317703229,0.633110084821
2013-01-15 09:55:12,10,1,20.0110114338,0.379241110863
2013-01-15 09:55:13,11,1,20.2438240268,0.232812593006
2013-01-15 09:55:14,12,1,20.4067705476,0.162946520833
2013-01-15 09:55:15,13,1,20.4931545179,0.0863839702381
2013-01-15 09:55:16,14,1,20.3780503452,-0.115104172619
2013-01-15 09:55:17,15,1,19.8160711741,-0.561979171131
2013-01-15 09:55:18,16,1,18.5064730067,-1.30959816741
2013-01-15 09:55:19,17,1,16.2376486905,-2.26882431622
2013-01-15 09:55:20,18,1,13.0773808824,-3.16026780804
2013-01-15 09:55:21,19,1,9.51912191146,-3.55825897098
2013-01-15 09:55:22,20,1,6.42671110789,-3.09241080357
2013-01-15 09:55:23,21,1,4.68452352455,-1.74218758333
2013-01-15 09:55:24,22,1,4.73772283854,0.0531993139881
2013-01-15 09:55:25,23,1,6.38154711905,1.64382428051
2013-01-15 09:55:26,24,1,8.95736543229,2.57581831324
2013-01-15 09:55:27,25,1,11.7711302173,2.81376478497
2013-01-15 09:55:28,26,1,14.4110111786,2.63988096131
2013-01-15 09:55:29,27,1,16.7772315432,2.36622036458
2013-01-15 09:55:30,28,1,18.9119787552,2.13474721205
2013-01-15 09:55:31,29,1,20.8516366652,1.93965790997
2013-01-15 09:55:32,30,1,22.5865325967,1.73489593155
2013-01-15 09:55:33,31,1,24.0681546153,1.4816220186
2013-01-15 09:55:34,32,1,25.2313241607,1.16316954539
2013-01-15 09:55:35,33,1,26.03258891,0.801264749256
2013-01-15 09:55:36,34,1,26.4829608333,0.450371923363
2013-01-15 09:55:37,35,1,26.6429310372,0.159970203869
2013-01-15 09:55:38,36,1,26.5540173876,-0.0889136495536
2013-01-15 09:55:39,37,1,26.154761535,-0.399255852679
2013-01-15 09:55:40,38,1,25.2986604412,-0.85610109375
2013-01-15 09:55:41,39,1,23.8872021138,-1.41145832738
2013-01-15 09:55:42,40,1,21.9761156734,-1.91108644048
2013-01-15 09:55:43,41,1,19.7341511592,-2.24196451414
2013-01-15 09:55:44,42,1,17.2904753371,-2.44367582217
2013-01-15 09:55:45,43,1,14.6354900833,-2.65498525372
2013-01-15 09:55:46,44,1,11.7437490104,-2.89174107292
2013-01-15 09:55:47,45,1,8.86190390327,-2.88184510714
2013-01-15 09:55:48,46,1,6.58429996949,-2.27760393378
2013-01-15 09:55:49,47,1,5.48883892262,-1.09546104688
2013-01-15 09:55:50,48,1,5.69776768155,0.208928758929
2013-01-15 09:55:51,49,1,6.83363081696,1.13586313542
2013-01-15 09:55:52,50,1,8.3465027433,1.51287192634
2013-01-15 09:55:53,51,1,9.87671089955,1.53020815625
2013-01-15 09:55:54,52,1,11.3259666622,1.44925576265
2013-01-15 09:55:55,53,1,12.5870528467,1.26108618452
2013-01-15 09:55:56,54,1,13.3499248668,0.762872020089
2013-01-15 09:55:57,55,1,13.2822166272,-0.0677082395834
2013-01-15 09:55:58,56,1,12.2978417277,-0.984374899553
2013-01-15 09:55:59,57,1,10.6369786741,-1.66086305357
2013-01-15 09:56:00,58,1,8.79181497991,-1.8451636942
2013-01-15 09:56:01,59,1,7.30104116518,-1.49077381473
2013-01-15 09:56:02,60,1,6.48072866815,-0.820312497024
2013-01-15 09:56:03,61,1,6.27678520908,-0.203943459077
2013-01-15 09:56:04,62,1,6.34077329687,0.0639880877976
2013-01-15 09:56:05,63,1,6.28087751265,-0.0598957842262
2013-01-15 09:56:06,64,1,5.90654729241,-0.374330220238
2013-01-15 09:56:07,65,1,5.28260769643,-0.623939595982
2013-01-15 09:56:08,66,1,4.60220404911,-0.680403647321
2013-01-15 09:56:09,67,1,4.03323999256,-0.568964056548
2013-01-15 09:56:10,68,1,3.65341284375,-0.37982714881
2013-01-15 09:56:11,69,1,3.46220189955,-0.191210944196
2013-01-15 09:56:12,70,1,3.39776751116,-0.0644343883929
2013-01-15 09:56:13,71,1,3.35639864881,-0.0413688623512
2013-01-15 09:56:14,72,1,3.25222281101,-0.104175837798
2013-01-15 09:56:15,73,1,3.0719866183,-0.180236192708
2013-01-15 09:56:16,74,1,2.85476191443,-0.217224703869
2013-01-15 09:56:17,75,1,2.63448661682,-0.220275297619
2013-01-15 09:56:18,76,1,2.42484562277,-0.209640994048
2013-01-15 09:56:19,77,1,2.23967259598,-0.185173026786
2013-01-15 09:56:20,78,1,2.10074389955,-0.138928696429
2013-01-15 09:56:21,79,1,2.02430022619,-0.0764436733631
2013-01-15 09:56:22,80,1,2.00491938393,-0.0193808422619
2013-01-15 09:56:23,81,1,2.01533024777,0.0104108638393
2013-01-15 09:56:24,82,1,2.02303287054,0.00770262276785
2013-01-15 09:56:25,83,1,2.00945954836,-0.0135733221726
2013-01-15 09:56:26,84,1,1.98263295461,-0.02682659375
2013-01-15 09:56:27,85,1,1.97081756771,-0.0118153869048
2013-01-15 09:56:28,86,1,1.99778194643,0.0269643787202
2013-01-15 09:56:29,87,1,2.06912130878,0.0713393623512
2013-01-15 09:56:30,88,1,2.14958270238,0.0804613936012
2013-01-15 09:56:31,89,1,2.11011854018,-0.0394641622024
2013-01-15 09:56:32,90,1,1.78026751488,-0.329851025298
2013-01-15 09:56:33,91,1,1.19431033978,-0.585957175099
2013-01-15 09:56:34,92,1,0.0,-1.19431033978
2013-01-15 14:02:50,14868,14776,0.0,0.0
2013-01-15 14:02:51,14869,1,1.50446411533,1.50446411533
2013-01-15 14:02:52,14870,1,2.20059491295,0.696130797619
2013-01-15 14:02:53,14871,1,2.53913645387,0.338541540923
2013-01-15 14:02:54,14872,1,2.59161660243,0.0524801485615
2013-01-15 14:02:55,14873,1,2.75719211186,0.165575509425
2013-01-15 14:02:56,14874,1,3.40438965848,0.647197546627
2013-01-15 14:02:57,14875,1,4.66264859598,1.2582589375
2013-01-15 14:02:58,14876,1,6.3604163311,1.69776773512
2013-01-15 14:02:59,14877,1,8.03132390588,1.67090757478
2013-01-15 14:03:00,14878,1,9.0764750643,1.04515115842
2013-01-15 14:03:01,14879,1,9.0821917402,0.00571667590526
2013-01-15 14:03:02,14880,1,8.07243224423,-1.00975949597
2013-01-15 14:03:03,14881,1,6.48794558296,-1.58448666127
2013-01-15 14:03:04,14882,1,4.89653934468,-1.59140623828
2013-01-15 14:03:05,14883,1,3.70438917076,-1.19215017392
2013-01-15 14:03:06,14884,1,3.13616021429,-0.568228956473
2013-01-15 14:03:07,14885,1,3.36450864025,0.228348425967
2013-01-15 14:03:08,14886,1,4.50070668583,1.13619804557
2013-01-15 14:03:09,14887,1,6.45461294382,1.953906258
2013-01-15 14:03:10,14888,1,8.88478397526,2.43017103144
2013-01-15 14:03:11,14889,1,11.3710561373,2.48627216202
2013-01-15 14:03:12,14890,1,13.7020455709,2.33098943359
2013-01-15 14:03:13,14891,1,15.9596719773,2.25762640644
2013-01-15 14:03:14,14892,1,18.2880946012,2.32842262388
2013-01-15 14:03:15,14893,1,20.6589280134,2.3708334122
2013-01-15 14:03:16,14894,1,22.8805055007,2.22157748735
2013-01-15 14:03:17,14895,1,24.7332585528,1.85275305208
2013-01-15 14:03:18,14896,1,26.0671871652,1.33392861235
2013-01-15 14:03:19,14897,1,26.8500741168,0.782886951637
2013-01-15 14:03:20,14898,1,27.186309317,0.336235200149
2013-01-15 14:03:21,14899,1,27.287127869,0.100818552083
2013-01-15 14:03:22,14900,1,27.3809523155,0.0938244464286
2013-01-15 14:03:23,14901,1,27.606473058,0.225520742559
2013-01-15 14:03:24,14902,1,27.9680800179,0.361606959821
2013-01-15 14:03:25,14903,1,28.3924846376,0.424404619792
2013-01-15 14:03:26,14904,1,28.8239578519,0.431473214286
2013-01-15 14:03:27,14905,1,29.2580353765,0.434077524554
2013-01-15 14:03:28,14906,1,29.7054313981,0.447396021577
2013-01-15 14:03:29,14907,1,30.1574404152,0.452009017113
2013-01-15 14:03:30,14908,1,30.5828123586,0.425371943452
2013-01-15 14:03:31,14909,1,30.9316961019,0.348883743304
2013-01-15 14:03:32,14910,1,31.1326631793,0.200967077381
2013-01-15 14:03:33,14911,1,31.0871273393,-0.0455358400298
2013-01-15 14:03:34,14912,1,30.6745528854,-0.412574453869
2013-01-15 14:03:35,14913,1,29.7853415908,-0.889211294643
2013-01-15 14:03:36,14914,1,28.3666660402,-1.4186755506
2013-01-15 14:03:37,14915,1,26.4477672783,-1.9188987619
2013-01-15 14:03:38,14916,1,24.135788128,-2.3119791503
2013-01-15 14:03:39,14917,1,21.5842255707,-2.55156255729
2013-01-15 14:03:40,14918,1,18.9630944933,-2.62113107738
2013-01-15 14:03:41,14919,1,16.4814723348,-2.48162215848
2013-01-15 14:03:42,14920,1,14.4180793847,-2.06339295015
2013-01-15 14:03:43,14921,1,13.0509662478,-1.3671131369
2013-01-15 14:03:44,14922,1,12.5076626726,-0.543303575149
2013-01-15 14:03:45,14923,1,12.6816210521,0.173958379464
2013-01-15 14:03:46,14924,1,13.2945676049,0.612946552827
2013-01-15 14:03:47,14925,1,14.0453862381,0.750818633184
2013-01-15 14:03:48,14926,1,14.7235114107,0.678125172619
2013-01-15 14:03:49,14927,1,15.2055799881,0.482068577381
2013-01-15 14:03:50,14928,1,15.3759669769,0.170386988839
2013-01-15 14:03:51,14929,1,15.090848006,-0.285118970982
2013-01-15 14:03:52,14930,1,14.2336308356,-0.857217170387
2013-01-15 14:03:53,14931,1,12.8188987768,-1.41473205878
2013-01-15 14:03:54,14932,1,11.0598214412,-1.75907733557
2013-01-15 14:03:55,14933,1,9.28266370982,-1.7771577314
2013-01-15 14:03:56,14934,1,7.71949402455,-1.56316968527
2013-01-15 14:03:57,14935,1,6.40855639137,-1.31093763318
2013-01-15 14:03:58,14936,1,5.32038652307,-1.0881698683
2013-01-15 14:03:59,14937,1,4.57284165551,-0.74754486756
2013-01-15 14:04:00,14938,1,4.47083263765,-0.102009017857
2013-01-15 14:04:01,14939,1,5.24159166667,0.770759029018
2013-01-15 14:04:02,14940,1,6.74538649851,1.50379483185
2013-01-15 14:04:03,14941,1,8.52001456845,1.77462806994
2013-01-15 14:04:04,14942,1,10.0647317381,1.54471716964
2013-01-15 14:04:05,14943,1,11.0433773891,0.978645651042
2013-01-15 14:04:06,14944,1,11.2963534836,0.252976094494
2013-01-15 14:04:07,14945,1,10.7847463929,-0.511607090774
2013-01-15 14:04:08,14946,1,9.62291612872,-1.16183026414
2013-01-15 14:04:09,14947,1,8.12031196205,-1.50260416667
2013-01-15 14:04:10,14948,1,6.64069877232,-1.47961318973
2013-01-15 14:04:11,14949,1,5.36391300074,-1.27678577158
2013-01-15 14:04:12,14950,1,4.1994785744,-1.16443442634
2013-01-15 14:04:13,14951,1,2.96733594271,-1.2321426317
2013-01-15 14:04:14,14952,1,1.75803556027,-1.20930038244
2013-01-15 14:04:15,14953,1,0.0,-1.75803556027
