timestamp,cycle_sec,timestep,speed_mph,accel_meters_ps
2013-01-14 09:55:45,0,71751,0.0,0.0
2013-01-14 09:55:46,1,1,1.48493269196,1.48493269196
2013-01-14 09:55:47,2,1,2.27051659747,0.785583905506
2013-01-14 09:55:48,3,1,2.78054254762,0.510025950149
2013-01-14 09:55:49,4,1,2.93364898661,0.153106438988
2013-01-14 09:55:50,5,1,2.879649875,-0.0539991116071
2013-01-14 09:55:51,6,1,2.77449751637,-0.105152358631
2013-01-14 09:55:52,7,1,2.77574393862,0.00124642224702
2013-01-14 09:55:53,8,1,3.14188986235,0.366145923735
2013-01-14 09:55:54,9,1,4.17302826786,1.03113840551
2013-01-14 09:55:55,10,1,6.00660333929,1.83357507143
2013-01-14 09:55:56,11,1,8.48459799144,2.47799465216
2013-01-14 09:55:57,12,1,11.1953679204,2.71076992894
2013-01-14 09:55:58,13,1,13.6835560145,2.48818809412
2013-01-14 09:55:59,14,1,15.7127411875,2.02918517299
2013-01-14 09:56:00,15,1,17.3216139658,1.60887277827
2013-01-14 09:56:01,16,1,18.6302822344,1.3086682686
2013-01-14 09:56:02,17,1,19.6796499349,1.04936770052
2013-01-14 09:56:03,18,1,20.4539431429,0.774293207961
2013-01-14 09:56:04,19,1,20.9566960186,0.502752875744
2013-01-14 09:56:05,20,1,21.2080351243,0.251339105655
2013-01-14 09:56:06,21,1,21.1773058564,-0.0307292678572
2013-01-14 09:56:07,22,1,20.7490320975,-0.428273758929
2013-01-14 09:56:08,23,1,19.7708328348,-0.978199262649
2013-01-14 09:56:09,24,1,18.141368683,-1.62946415179
2013-01-14 09:56:10,25,1,15.8772318333,-2.2641368497
2013-01-14 09:56:11,26,1,13.1501484531,-2.72708338021
2013-01-14 09:56:12,27,1,10.3245530841,-2.82559536905
2013-01-14 09:56:13,28,1,7.94211242336,-2.38244066071
2013-01-14 09:56:14,29,1,6.55089200372,-1.39122041964
2013-01-14 09:56:15,30,1,6.4423353683,-0.108556635417
2013-01-14 09:56:16,31,1,7.4966508936,1.0543155253
2013-01-14 09:56:17,32,1,9.2770081689,1.7803572753
2013-01-14 09:56:18,33,1,11.3313237775,2.05431560863
2013-01-14 09:56:19,34,1,13.4362345841,2.10491080655
2013-01-14 09:56:20,35,1,15.562499535,2.12626495089
2013-01-14 09:56:21,36,1,17.6837049844,2.1212054494
2013-01-14 09:56:22,37,1,19.6779759487,1.99427096429
2013-01-14 09:56:23,38,1,21.3947171473,1.71674119866
2013-01-14 09:56:24,39,1,22.7810267225,1.38630957515
2013-01-14 09:56:25,40,1,23.911904651,1.13087792857
2013-01-14 09:56:26,41,1,24.8934521778,0.981547526786
2013-01-14 09:56:27,42,1,25.7619788765,0.868526698661
2013-01-14 09:56:28,43,1,26.474999625,0.713020748512
2013-01-14 09:56:29,44,1,26.9674102493,0.492410624256
2013-01-14 09:56:30,45,1,27.1822167143,0.21480646503
2013-01-14 09:56:31,46,1,27.0356392835,-0.146577430804
2013-01-14 09:56:32,47,1,26.3768595312,-0.658779752232
2013-01-14 09:56:33,48,1,25.007514346,-1.36934518527
2013-01-14 09:56:34,49,1,22.7591512827,-2.24836306324
2013-01-14 09:56:35,50,1,19.609746494,-3.14940478869
2013-01-14 09:56:36,51,1,15.8317702433,-3.77797625074
2013-01-14 09:56:37,52,1,12.088392221,-3.74337802232
2013-01-14 09:56:38,53,1,9.28809460789,-2.8002976131
2013-01-14 09:56:39,54,1,8.14575837202,-1.14233623586
2013-01-14 09:56:40,55,1,8.74843704985,0.602678677827
2013-01-14 09:56:41,56,1,10.5139877262,1.76555067634
2013-01-14 09:56:42,57,1,12.5683776473,2.05438992113
2013-01-14 09:56:43,58,1,14.178124683,1.60974703571
2013-01-14 09:56:44,59,1,14.9220234807,0.743898797619
2013-01-14 09:56:45,60,1,14.642782369,-0.279241111607
2013-01-14 09:56:46,61,1,13.3991810975,-1.24360127158
2013-01-14 09:56:47,62,1,11.4945678943,-1.90461320312
2013-01-14 09:56:48,63,1,9.446279125,-2.04828876935
2013-01-14 09:56:49,64,1,7.77827316815,-1.66800595685
2013-01-14 09:56:50,65,1,6.75758872805,-1.0206844401
2013-01-14 09:56:51,66,1,6.30669602307,-0.450892704985
2013-01-14 09:56:52,67,1,6.14880926637,-0.157886756696
2013-01-14 09:56:53,68,1,6.01607122247,-0.132738043899
2013-01-14 09:56:54,69,1,5.74315447135,-0.272916751116
2013-01-14 09:56:55,70,1,5.26912156548,-0.474032905878
2013-01-14 09:56:56,71,1,4.64360057924,-0.625520986235
2013-01-14 09:56:57,72,1,4.00632370461,-0.637276874628
2013-01-14 09:56:58,73,1,3.47968675446,-0.526636950149
2013-01-14 09:56:59,74,1,3.0225438817,-0.457142872768
2013-01-14 09:57:00,75,1,2.42790108594,-0.594642795759
2013-01-14 09:57:01,76,1,1.61755901042,-0.810342075521
2013-01-14 09:57:02,77,1,0.0,-1.61755901042
2013-01-14 14:05:13,14968,14891,0.0,0.0
2013-01-14 14:05:14,14969,1,1.60982145312,1.60982145312
2013-01-14 14:05:15,14970,1,2.75424109821,1.14441964509
2013-01-14 14:05:16,14971,1,3.94769342708,1.19345232887
2013-01-14 14:05:17,14972,1,4.98869036086,1.04099693378
2013-01-14 14:05:18,14973,1,5.68973193452,0.701041573661
2013-01-14 14:05:19,14974,1,5.81398780878,0.124255874256
2013-01-14 14:05:20,14975,1,5.29345200372,-0.52053580506
2013-01-14 14:05:21,14976,1,4.41368996949,-0.879762034226
2013-01-14 14:05:22,14977,1,3.70193388021,-0.711756089286
2013-01-14 14:05:23,14978,1,3.6150290625,-0.0869048177083
2013-01-14 14:05:24,14979,1,4.29382380357,0.678794741071
2013-01-14 14:05:25,14980,1,5.5626484308,1.26882462723
2013-01-14 14:05:26,14981,1,7.09866056473,1.53601213393
2013-01-14 14:05:27,14982,1,8.5674106942,1.46875012946
2013-01-14 14:05:28,14983,1,9.67827378646,1.11086309226
2013-01-14 14:05:29,14984,1,10.1949403594,0.516666572917
2013-01-14 14:05:30,14985,1,9.92946406771,-0.265476291667
2013-01-14 14:05:31,14986,1,8.85855629241,-1.0709077753
2013-01-14 14:05:32,14987,1,7.33809502158,-1.52046127083
2013-01-14 14:05:33,14988,1,6.07470222173,-1.26339279985
2013-01-14 14:05:34,14989,1,5.73534210789,-0.339360113839
2013-01-14 14:05:35,14990,1,6.52150276414,0.78616065625
2013-01-14 14:05:36,14991,1,8.06555030432,1.54404754018
2013-01-14 14:05:37,14992,1,9.74680025074,1.68124994643
2013-01-14 14:05:38,14993,1,11.1692704888,1.4224702381
2013-01-14 14:05:39,14994,1,12.3513389948,1.18206850595
2013-01-14 14:05:40,14995,1,13.5017110975,1.15037210268
2013-01-14 14:05:41,14996,1,14.6976932984,1.19598220089
2013-01-14 14:05:42,14997,1,15.7599700789,1.06227678051
2013-01-14 14:05:43,14998,1,16.3613837121,0.601413633185
2013-01-14 14:05:44,14999,1,16.2636158177,-0.0977678943453
2013-01-14 14:05:45,15000,1,15.5006694315,-0.762946386161
2013-01-14 14:05:46,15001,1,14.3668153624,-1.1338540692
2013-01-14 14:05:47,15002,1,13.2350445759,-1.13177078646
2013-01-14 14:05:48,15003,1,12.3398807961,-0.895163779762
2013-01-14 14:05:49,15004,1,11.6667407336,-0.6731400625
2013-01-14 14:05:50,15005,1,11.0107882158,-0.655952517857
2013-01-14 14:05:51,15006,1,10.1107882121,-0.90000000372
2013-01-14 14:05:52,15007,1,8.7519341436,-1.35885406845
2013-01-14 14:05:53,15008,1,6.86592234673,-1.88601179687
2013-01-14 14:05:54,15009,1,4.64136884673,-2.2245535
2013-01-14 14:05:55,15010,1,2.55089271205,-2.09047613467
2013-01-14 14:05:56,15011,1,0.0,-2.55089271205
2013-01-14 14:16:09,-70776,613,0.0,0.0
2013-01-14 14:16:10,-70775,1,1.20825876488,1.20825876488
2013-01-14 14:16:11,-70774,1,1.74374973661,0.535490971726
2013-01-14 14:16:12,-70773,1,2.10918860528,0.365438868676
2013-01-14 14:16:13,-70772,1,2.47834770312,0.369159097842
2013-01-14 14:16:14,-70771,1,3.176896734,0.698549030878
2013-01-14 14:16:15,-70770,1,4.2909964933,1.1140997593
2013-01-14 14:16:16,-70769,1,5.61830322173,1.32730672842
2013-01-14 14:16:17,-70768,1,6.85498493601,1.23668171429
2013-01-14 14:16:18,-70767,1,7.78493285305,0.929947917039
2013-01-14 14:16:19,-70766,1,8.3468746369,0.561941783854
2013-01-14 14:16:20,-70765,1,8.56175535863,0.214880721726
2013-01-14 14:16:21,-70764,1,8.46398736384,-0.0977679947917
2013-01-14 14:16:22,-70763,1,8.13013320164,-0.333854162202
2013-01-14 14:16:23,-70762,1,7.70022258259,-0.429910619048
2013-01-14 14:16:24,-70761,1,7.34538636607,-0.354836216518
2013-01-14 14:16:25,-70760,1,7.23913640253,-0.106249963542
2013-01-14 14:16:26,-70759,1,7.53303521503,0.2938988125
2013-01-14 14:16:27,-70758,1,8.3255947686,0.792559553571
2013-01-14 14:16:28,-70757,1,9.63444902381,1.30885425521
2013-01-14 14:16:29,-70756,1,11.375148561,1.7406995372
2013-01-14 14:16:30,-70755,1,13.3677826257,1.99263406473
2013-01-14 14:16:31,-70754,1,15.3800594993,2.01227687351
2013-01-14 14:16:32,-70753,1,17.1825892574,1.80252975818
2013-01-14 14:16:33,-70752,1,18.600595128,1.41800587054
2013-01-14 14:16:34,-70751,1,19.5478420551,0.947246927083
2013-01-14 14:16:35,-70750,1,20.0114580469,0.463615991815
2013-01-14 14:16:36,-70749,1,19.9809520052,-0.0305060416667
2013-01-14 14:16:37,-70748,1,19.3720977158,-0.608854289435
2013-01-14 14:16:38,-70747,1,18.0184145476,-1.35368316815
2013-01-14 14:16:39,-70746,1,15.795162968,-2.22325157961
2013-01-14 14:16:40,-70745,1,12.8524174055,-2.9427455625
2013-01-14 14:16:41,-70744,1,9.70967186979,-3.14274553571
2013-01-14 14:16:42,-70743,1,7.0107506994,-2.69892117039
2013-01-14 14:16:43,-70742,1,5.20215685342,-1.80859384598
2013-01-14 14:16:44,-70741,1,4.47871926116,-0.723437592262
2013-01-14 14:16:45,-70740,1,4.88854068527,0.409821424107
2013-01-14 14:16:46,-70739,1,6.37153931994,1.48299863467
2013-01-14 14:16:47,-70738,1,8.72447853571,2.35293921577
2013-01-14 14:16:48,-70737,1,11.5623136257,2.83783509003
2013-01-14 14:16:49,-70736,1,14.4055058088,2.84319218304
2013-01-14 14:16:50,-70735,1,16.9251859531,2.51968014435
2013-01-14 14:16:51,-70734,1,19.0707588162,2.1455728631
2013-01-14 14:16:52,-70733,1,20.9207587158,1.84999989955
2013-01-14 14:16:53,-70732,1,22.5064729539,1.5857142381
2013-01-14 14:16:54,-70731,1,23.8085563281,1.30208337426
2013-01-14 14:16:55,-70730,1,24.8273808356,1.01882450744
2013-01-14 14:16:56,-70729,1,25.6013392612,0.773958425595
2013-01-14 14:16:57,-70728,1,26.1726934256,0.571354164434
2013-01-14 14:16:58,-70727,1,26.5540921094,0.38139868378
2013-01-14 14:16:59,-70726,1,26.7149550193,0.16086290997
2013-01-14 14:17:00,-70725,1,26.5654013088,-0.149553710565
2013-01-14 14:17:01,-70724,1,25.9526780595,-0.612723249256
2013-01-14 14:17:02,-70723,1,24.7137644159,-1.2389136436
2013-01-14 14:17:03,-70722,1,22.7604906607,-1.95327375521
2013-01-14 14:17:04,-70721,1,20.1254460149,-2.63504464583
2013-01-14 14:17:05,-70720,1,16.9511156049,-3.17433040997
2013-01-14 14:17:06,-70719,1,13.484448901,-3.46666670387
2013-01-14 14:17:07,-70718,1,10.1296870238,-3.35476187723
2013-01-14 14:17:08,-70717,1,7.48221688095,-2.64747014286
2013-01-14 14:17:09,-70716,1,6.17790154241,-1.30431533854
2013-01-14 14:17:10,-70715,1,6.55074393304,0.372842390625
2013-01-14 14:17:11,-70714,1,8.38110112723,1.8303571942
2013-01-14 14:17:12,-70713,1,11.0240326257,2.64293149851
2013-01-14 14:17:13,-70712,1,13.8216515759,2.79761895015
2013-01-14 14:17:14,-70711,1,16.4090770848,2.58742550893
2013-01-14 14:17:15,-70710,1,18.6948657254,2.28578864063
2013-01-14 14:17:16,-70709,1,20.6579609635,1.9630952381
2013-01-14 14:17:17,-70708,1,22.2288687515,1.57090778795
2013-01-14 14:17:18,-70707,1,23.3447170536,1.11584830208
2013-01-14 14:17:19,-70706,1,24.0382439405,0.693526886905
2013-01-14 14:17:20,-70705,1,24.4181546964,0.379910755952
2013-01-14 14:17:21,-70704,1,24.5704611533,0.152306456845
2013-01-14 14:17:22,-70703,1,24.4836306131,-0.0868305401786
2013-01-14 14:17:23,-70702,1,24.04017809,-0.443452523065
2013-01-14 14:17:24,-70701,1,23.0754459457,-0.964732144345
2013-01-14 14:17:25,-70700,1,21.4735859635,-1.60185998214
2013-01-14 14:17:26,-70699,1,19.2220980536,-2.25148790997
2013-01-14 14:17:27,-70698,1,16.3936011592,-2.82849689435
2013-01-14 14:17:28,-70697,1,13.1174851317,-3.27611602753
2013-01-14 14:17:29,-70696,1,9.58861608854,-3.52886904315
2013-01-14 14:17:30,-70695,1,6.12194942857,-3.46666665997
2013-01-14 14:17:31,-70694,1,3.23035716741,-2.89159226116
2013-01-14 14:17:32,-70693,1,0.0,-3.23035716741
2013-01-14 14:17:59,-70666,27,0.0,0.0
2013-01-14 14:18:00,-70665,1,2.2590772061,2.2590772061
2013-01-14 14:18:01,-70664,1,3.23958314732,0.98050594122
2013-01-14 14:18:02,-70663,1,3.65758913616,0.418005988839
2013-01-14 14:18:03,-70662,1,3.55997008185,-0.0976190543155
2013-01-14 14:18:04,-70661,1,3.34159200967,-0.218378072173
2013-01-14 14:18:05,-70660,1,3.23921092932,-0.102381080357
2013-01-14 14:18:06,-70659,1,3.15900253571,-0.0802083936012
2013-01-14 14:18:07,-70658,1,2.84479127827,-0.31421125744
2013-01-14 14:18:08,-70657,1,2.16919616295,-0.675595115327
2013-01-14 14:18:09,-70656,1,1.35066949554,-0.818526667411
2013-01-14 14:18:10,-70655,1,0.0,-1.35066949554
