timestamp,cycle_sec,timestep,speed_mph,accel_meters_ps
2012-11-18 09:25:59,0,48914,0.0,0.0
2012-11-18 09:26:00,1,1,3.59770833333,3.59770833333
2012-11-18 09:26:01,2,1,6.18898809524,2.5912797619
2012-11-18 09:26:02,3,1,8.54694940476,2.35796130952
2012-11-18 09:26:03,4,1,10.0561011905,1.50915178571
2012-11-18 09:26:04,5,1,10.5648065476,0.508705357143
2012-11-18 09:26:05,6,1,10.2462425595,-0.318563988095
2012-11-18 09:26:06,7,1,9.41819196429,-0.828050595238
2012-11-18 09:26:07,8,1,8.38577008929,-1.032421875
2012-11-18 09:26:08,9,1,7.3185639881,-1.06720610119
2012-11-18 09:26:09,10,1,6.24890252976,-1.06966145833
2012-11-18 09:26:10,11,1,5.19252232143,-1.05638020833
2012-11-18 09:26:11,12,1,4.23015252976,-0.962369791667
2012-11-18 09:26:12,13,1,3.47548363095,-0.75466889881
2012-11-18 09:26:13,14,1,2.98988095238,-0.485602678571
2012-11-18 09:26:14,15,1,2.72087053571,-0.269010416667
2012-11-18 09:26:15,16,1,2.55496651786,-0.165904017857
2012-11-18 09:26:16,17,1,2.44661458333,-0.108351934524
2012-11-18 09:26:17,18,1,2.41168774802,-0.0349268353175
2012-11-18 09:26:18,19,1,2.35375744048,-0.0579303075397
2012-11-18 09:26:19,20,1,2.03856026786,-0.315197172619
2012-11-18 09:26:20,21,1,1.43009672619,-0.608463541667
2012-11-18 09:26:21,22,1,0.0,-1.43009672619
2012-11-18 16:25:14,25155,25133,0.0,0.0
2012-11-18 16:25:15,25156,1,3.46014384921,3.46014384921
2012-11-18 16:25:16,25157,1,6.16584821429,2.70570436508
2012-11-18 16:25:17,25158,1,8.90706845238,2.7412202381
2012-11-18 16:25:18,25159,1,11.0622767857,2.15520833333
2012-11-18 16:25:19,25160,1,12.4326636905,1.37038690476
2012-11-18 16:25:20,25161,1,13.2385416667,0.80587797619
2012-11-18 16:25:21,25162,1,13.9434027778,0.704861111111
2012-11-18 16:25:22,25163,1,14.9554811508,1.01207837302
2012-11-18 16:25:23,25164,1,16.3640625,1.40858134921
2012-11-18 16:25:24,25165,1,17.8609375,1.496875
2012-11-18 16:25:25,25166,1,18.8850446429,1.02410714286
2012-11-18 16:25:26,25167,1,18.8849702381,-7.44047619001e-05
2012-11-18 16:25:27,25168,1,17.5360119048,-1.34895833333
2012-11-18 16:25:28,25169,1,14.871577381,-2.66443452381
2012-11-18 16:25:29,25170,1,11.3533482143,-3.51822916667
2012-11-18 16:25:30,25171,1,7.76897321429,-3.584375
2012-11-18 16:25:31,25172,1,4.92991071429,-2.8390625
2012-11-18 16:25:32,25173,1,3.421875,-1.50803571429
2012-11-18 16:25:33,25174,1,3.5234375,0.1015625
2012-11-18 16:25:34,25175,1,5.15476190476,1.63132440476
2012-11-18 16:25:35,25176,1,7.89799107143,2.74322916667
2012-11-18 16:25:36,25177,1,11.209672619,3.31168154762
2012-11-18 16:25:37,25178,1,14.6724702381,3.46279761905
2012-11-18 16:25:38,25179,1,18.0697916667,3.39732142857
2012-11-18 16:25:39,25180,1,21.2688244048,3.1990327381
2012-11-18 16:25:40,25181,1,24.0755208333,2.80669642857
2012-11-18 16:25:41,25182,1,26.277827381,2.20230654762
2012-11-18 16:25:42,25183,1,27.8657738095,1.58794642857
2012-11-18 16:25:43,25184,1,29.1066220238,1.24084821429
2012-11-18 16:25:44,25185,1,30.2969494048,1.19032738095
2012-11-18 16:25:45,25186,1,31.4694196429,1.1724702381
2012-11-18 16:25:46,25187,1,32.3938244048,0.924404761905
2012-11-18 16:25:47,25188,1,32.8239583333,0.430133928571
2012-11-18 16:25:48,25189,1,32.7036458333,-0.1203125
2012-11-18 16:25:49,25190,1,32.1573660714,-0.546279761905
2012-11-18 16:25:50,25191,1,31.2878720238,-0.869494047619
2012-11-18 16:25:51,25192,1,29.9678571429,-1.32001488095
2012-11-18 16:25:52,25193,1,27.869047619,-2.09880952381
2012-11-18 16:25:53,25194,1,24.7739583333,-3.09508928571
2012-11-18 16:25:54,25195,1,20.9098958333,-3.8640625
2012-11-18 16:25:55,25196,1,16.9689732143,-3.94092261905
2012-11-18 16:25:56,25197,1,13.7456845238,-3.22328869048
2012-11-18 16:25:57,25198,1,11.6908482143,-2.05483630952
2012-11-18 16:25:58,25199,1,10.7436755952,-0.947172619048
2012-11-18 16:25:59,25200,1,10.501860119,-0.24181547619
2012-11-18 16:26:00,25201,1,10.5111607143,0.0093005952381
2012-11-18 16:26:01,25202,1,10.4571428571,-0.0540178571428
2012-11-18 16:26:02,25203,1,10.1853422619,-0.271800595238
2012-11-18 16:26:03,25204,1,9.61845238095,-0.566889880952
2012-11-18 16:26:04,25205,1,8.73035714286,-0.888095238095
2012-11-18 16:26:05,25206,1,7.62961309524,-1.10074404762
2012-11-18 16:26:06,25207,1,6.58824404762,-1.04136904762
2012-11-18 16:26:07,25208,1,5.90141369048,-0.686830357143
2012-11-18 16:26:08,25209,1,5.70401785714,-0.197395833333
2012-11-18 16:26:09,25210,1,5.89311755952,0.189099702381
2012-11-18 16:26:10,25211,1,6.16912202381,0.276004464286
2012-11-18 16:26:11,25212,1,6.15639880952,-0.0127232142857
2012-11-18 16:26:12,25213,1,5.54962797619,-0.606770833333
2012-11-18 16:26:13,25214,1,4.26577380952,-1.28385416667
2012-11-18 16:26:14,25215,1,2.634375,-1.63139880952
2012-11-18 16:26:15,25216,1,0.0,-2.634375
2012-11-18 16:40:02,26043,827,0.0,0.0
2012-11-18 16:40:03,26044,1,2.40777529762,2.40777529762
2012-11-18 16:40:04,26045,1,3.91599702381,1.50822172619
2012-11-18 16:40:05,26046,1,5.20133928571,1.2853422619
2012-11-18 16:40:06,26047,1,6.084375,0.883035714286
2012-11-18 16:40:07,26048,1,6.76525297619,0.68087797619
2012-11-18 16:40:08,26049,1,7.46071428571,0.695461309524
2012-11-18 16:40:09,26050,1,8.17023809524,0.709523809524
2012-11-18 16:40:10,26051,1,8.7037202381,0.533482142857
2012-11-18 16:40:11,26052,1,8.87544642857,0.171726190476
2012-11-18 16:40:12,26053,1,8.6662202381,-0.209226190476
2012-11-18 16:40:13,26054,1,8.2287202381,-0.4375
2012-11-18 16:40:14,26055,1,7.76183035714,-0.466889880952
2012-11-18 16:40:15,26056,1,7.38266369048,-0.379166666667
2012-11-18 16:40:16,26057,1,7.10491071429,-0.27775297619
2012-11-18 16:40:17,26058,1,6.90416666667,-0.200744047619
2012-11-18 16:40:18,26059,1,6.7787202381,-0.125446428571
2012-11-18 16:40:19,26060,1,6.77552083333,-0.00319940476191
2012-11-18 16:40:20,26061,1,6.9853422619,0.209821428571
2012-11-18 16:40:21,26062,1,7.49285714286,0.507514880952
2012-11-18 16:40:22,26063,1,8.31450892857,0.821651785714
2012-11-18 16:40:23,26064,1,9.38370535714,1.06919642857
2012-11-18 16:40:24,26065,1,10.5874255952,1.2037202381
2012-11-18 16:40:25,26066,1,11.817485119,1.23005952381
2012-11-18 16:40:26,26067,1,12.9845982143,1.16711309524
2012-11-18 16:40:27,26068,1,13.9808035714,0.996205357143
2012-11-18 16:40:28,26069,1,14.6585565476,0.67775297619
2012-11-18 16:40:29,26070,1,14.8571428571,0.198586309524
2012-11-18 16:40:30,26071,1,14.4185267857,-0.438616071429
2012-11-18 16:40:31,26072,1,13.2107886905,-1.20773809524
2012-11-18 16:40:32,26073,1,11.2619791667,-1.94880952381
2012-11-18 16:40:33,26074,1,8.95483630952,-2.30714285714
2012-11-18 16:40:34,26075,1,7.0275297619,-1.92730654762
2012-11-18 16:40:35,26076,1,6.23117559524,-0.796354166667
2012-11-18 16:40:36,26077,1,6.85446428571,0.623288690476
2012-11-18 16:40:37,26078,1,8.52775297619,1.67328869048
2012-11-18 16:40:38,26079,1,10.5270089286,1.99925595238
2012-11-18 16:40:39,26080,1,12.3244791667,1.7974702381
2012-11-18 16:40:40,26081,1,13.8686755952,1.54419642857
2012-11-18 16:40:41,26082,1,15.4092261905,1.54055059524
2012-11-18 16:40:42,26083,1,17.1523065476,1.74308035714
2012-11-18 16:40:43,26084,1,19.0628720238,1.91056547619
2012-11-18 16:40:44,26085,1,20.9041666667,1.84129464286
2012-11-18 16:40:45,26086,1,22.4188988095,1.51473214286
2012-11-18 16:40:46,26087,1,23.4749255952,1.05602678571
2012-11-18 16:40:47,26088,1,24.0835565476,0.608630952381
2012-11-18 16:40:48,26089,1,24.3330357143,0.249479166667
2012-11-18 16:40:49,26090,1,24.3162946429,-0.0167410714286
2012-11-18 16:40:50,26091,1,24.1082589286,-0.208035714286
2012-11-18 16:40:51,26092,1,23.7909970238,-0.317261904762
2012-11-18 16:40:52,26093,1,23.473139881,-0.317857142857
2012-11-18 16:40:53,26094,1,23.265922619,-0.207217261905
2012-11-18 16:40:54,26095,1,23.2239583333,-0.0419642857143
2012-11-18 16:40:55,26096,1,23.2958333333,0.071875
2012-11-18 16:40:56,26097,1,23.3302827381,0.0344494047619
2012-11-18 16:40:57,26098,1,23.128422619,-0.201860119048
2012-11-18 16:40:58,26099,1,22.5164434524,-0.611979166667
2012-11-18 16:40:59,26100,1,21.4385416667,-1.07790178571
2012-11-18 16:41:00,26101,1,20.0248511905,-1.41369047619
2012-11-18 16:41:01,26102,1,18.5666666667,-1.45818452381
2012-11-18 16:41:02,26103,1,17.409672619,-1.15699404762
2012-11-18 16:41:03,26104,1,16.8186011905,-0.591071428571
2012-11-18 16:41:04,26105,1,16.8610119048,0.0424107142857
2012-11-18 16:41:05,26106,1,17.3694196429,0.508407738095
2012-11-18 16:41:06,26107,1,18.0161458333,0.646726190476
2012-11-18 16:41:07,26108,1,18.472172619,0.456026785714
2012-11-18 16:41:08,26109,1,18.5502232143,0.0780505952381
2012-11-18 16:41:09,26110,1,18.2029761905,-0.34724702381
2012-11-18 16:41:10,26111,1,17.3872271825,-0.815749007936
2012-11-18 16:41:11,26112,1,15.9857638889,-1.40146329365
2012-11-18 16:41:12,26113,1,13.9162202381,-2.06954365079
2012-11-18 16:41:13,26114,1,11.3263392857,-2.58988095238
2012-11-18 16:41:14,26115,1,8.64486607143,-2.68147321429
2012-11-18 16:41:15,26116,1,6.37001488095,-2.27485119048
2012-11-18 16:41:16,26117,1,4.75270337302,-1.61731150794
2012-11-18 16:41:17,26118,1,3.65089285714,-1.10181051587
2012-11-18 16:41:18,26119,1,2.69717261905,-0.953720238095
2012-11-18 16:41:19,26120,1,1.68385416667,-1.01331845238
2012-11-18 16:41:20,26121,1,0.0,-1.68385416667
2012-11-18 16:41:21,26122,1,0.0,0.0
2012-11-18 16:41:22,26123,1,0.0,0.0
2012-11-18 16:41:23,26124,1,0.0,0.0
2012-11-18 16:41:24,26125,1,0.0,0.0
2012-11-18 16:41:25,26126,1,0.0,0.0
