timestamp,cycle_sec,timestep,speed_mph,accel_meters_ps
2012-03-29 15:11:17,0,69130,0.0,0.0
2012-03-29 15:11:18,1,1,3.11279761905,3.11279761905
2012-03-29 15:11:19,2,1,5.0521577381,1.93936011905
2012-03-29 15:11:20,3,1,6.58526785714,1.53311011905
2012-03-29 15:11:21,4,1,7.50944940476,0.924181547619
2012-03-29 15:11:22,5,1,7.99360119048,0.484151785714
2012-03-29 15:11:23,6,1,8.17366071429,0.18005952381
2012-03-29 15:11:24,7,1,7.96711309524,-0.206547619048
2012-03-29 15:11:25,8,1,7.27008928571,-0.697023809524
2012-03-29 15:11:26,9,1,6.25022321429,-1.01986607143
2012-03-29 15:11:27,10,1,5.37321428571,-0.877008928571
2012-03-29 15:11:28,11,1,5.1412202381,-0.231994047619
2012-03-29 15:11:29,12,1,5.80208333333,0.660863095238
2012-03-29 15:11:30,13,1,7.25074404762,1.44866071429
2012-03-29 15:11:31,14,1,9.16540178571,1.9146577381
2012-03-29 15:11:32,15,1,11.2467261905,2.08132440476
2012-03-29 15:11:33,16,1,13.353125,2.10639880952
2012-03-29 15:11:34,17,1,15.462202381,2.10907738095
2012-03-29 15:11:35,18,1,17.5705357143,2.10833333333
2012-03-29 15:11:36,19,1,19.6392857143,2.06875
2012-03-29 15:11:37,20,1,21.5969494048,1.95766369048
2012-03-29 15:11:38,21,1,23.3670386905,1.77008928571
2012-03-29 15:11:39,22,1,24.8872767857,1.52023809524
2012-03-29 15:11:40,23,1,26.1056547619,1.21837797619
2012-03-29 15:11:41,24,1,26.9730654762,0.867410714286
2012-03-29 15:11:42,25,1,27.4685267857,0.495461309524
2012-03-29 15:11:43,26,1,27.6470982143,0.178571428571
2012-03-29 15:11:44,27,1,27.6453869048,-0.0017113095238
2012-03-29 15:11:45,28,1,27.620014881,-0.0253720238095
2012-03-29 15:11:46,29,1,27.6749255952,0.0549107142857
2012-03-29 15:11:47,30,1,27.8322172619,0.157291666667
2012-03-29 15:11:48,31,1,28.0537202381,0.22150297619
2012-03-29 15:11:49,32,1,28.2904761905,0.236755952381
2012-03-29 15:11:50,33,1,28.5097470238,0.219270833333
2012-03-29 15:11:51,34,1,28.6648065476,0.15505952381
2012-03-29 15:11:52,35,1,28.6538690476,-0.0109375
2012-03-29 15:11:53,36,1,28.3380952381,-0.315773809524
2012-03-29 15:11:54,37,1,27.6135416667,-0.724553571429
2012-03-29 15:11:55,38,1,26.4772321429,-1.13630952381
2012-03-29 15:11:56,39,1,25.0256696429,-1.4515625
2012-03-29 15:11:57,40,1,23.3682291667,-1.65744047619
2012-03-29 15:11:58,41,1,21.5330357143,-1.83519345238
2012-03-29 15:11:59,42,1,19.4569196429,-2.07611607143
2012-03-29 15:12:00,43,1,17.0545469577,-2.40237268519
2012-03-29 15:12:01,44,1,14.3136326058,-2.74091435185
2012-03-29 15:12:02,45,1,11.3734126984,-2.94021990741
2012-03-29 15:12:03,46,1,8.53708664021,-2.8363260582
2012-03-29 15:12:04,47,1,6.17752149471,-2.3595651455
2012-03-29 15:12:05,48,1,4.56453373016,-1.61298776455
2012-03-29 15:12:06,49,1,3.72814153439,-0.836392195767
2012-03-29 15:12:07,50,1,3.46444279101,-0.263698743386
2012-03-29 15:12:08,51,1,3.47966269841,0.0152199074074
2012-03-29 15:12:09,52,1,3.55219080688,0.0725281084656
2012-03-29 15:12:10,53,1,3.58583002646,0.0336392195767
2012-03-29 15:12:11,54,1,3.59370039683,0.00787037037037
2012-03-29 15:12:12,55,1,3.73101851852,0.137318121693
2012-03-29 15:12:13,56,1,4.29343584656,0.562417328042
2012-03-29 15:12:14,57,1,5.55436507937,1.2609292328
2012-03-29 15:12:15,58,1,7.56846064815,2.01409556878
2012-03-29 15:12:16,59,1,10.1191633598,2.55070271164
2012-03-29 15:12:17,60,1,12.8349950397,2.71583167989
2012-03-29 15:12:18,61,1,15.4008763228,2.56588128307
2012-03-29 15:12:19,62,1,17.6930720899,2.2921957672
2012-03-29 15:12:20,63,1,19.7322172619,2.03914517196
2012-03-29 15:12:21,64,1,21.5779761905,1.84575892857
2012-03-29 15:12:22,65,1,23.2854910714,1.70751488095
2012-03-29 15:12:23,66,1,24.8929315476,1.60744047619
2012-03-29 15:12:24,67,1,26.4162202381,1.52328869048
2012-03-29 15:12:25,68,1,27.8586309524,1.44241071429
2012-03-29 15:12:26,69,1,29.1979166667,1.33928571429
2012-03-29 15:12:27,70,1,30.3479910714,1.15007440476
2012-03-29 15:12:28,71,1,31.178125,0.830133928571
2012-03-29 15:12:29,72,1,31.6139136905,0.435788690476
2012-03-29 15:12:30,73,1,31.717485119,0.103571428571
2012-03-29 15:12:31,74,1,31.6580357143,-0.0594494047619
2012-03-29 15:12:32,75,1,31.5875744048,-0.0704613095238
2012-03-29 15:12:33,76,1,31.5255952381,-0.0619791666667
2012-03-29 15:12:34,77,1,31.371875,-0.153720238095
2012-03-29 15:12:35,78,1,31.0287202381,-0.343154761905
2012-03-29 15:12:36,79,1,30.4890625,-0.539657738095
2012-03-29 15:12:37,80,1,29.8245535714,-0.664508928571
2012-03-29 15:12:38,81,1,29.1244047619,-0.700148809524
2012-03-29 15:12:39,82,1,28.4488095238,-0.675595238095
2012-03-29 15:12:40,83,1,27.8274553571,-0.621354166667
2012-03-29 15:12:41,84,1,27.2822172619,-0.545238095238
2012-03-29 15:12:42,85,1,26.831547619,-0.450669642857
2012-03-29 15:12:43,86,1,26.4772321429,-0.354315476191
2012-03-29 15:12:44,87,1,26.2003720238,-0.276860119048
2012-03-29 15:12:45,88,1,25.9697916667,-0.230580357143
2012-03-29 15:12:46,89,1,25.7574404762,-0.212351190476
2012-03-29 15:12:47,90,1,25.5611607143,-0.196279761905
2012-03-29 15:12:48,91,1,25.4146577381,-0.14650297619
2012-03-29 15:12:49,92,1,25.3630952381,-0.0515625
2012-03-29 15:12:50,93,1,25.421577381,0.0584821428572
2012-03-29 15:12:51,94,1,25.5464285714,0.124851190476
2012-03-29 15:12:52,95,1,25.6380952381,0.0916666666666
2012-03-29 15:12:53,96,1,25.582514881,-0.0555803571428
2012-03-29 15:12:54,97,1,25.2894345238,-0.293080357143
2012-03-29 15:12:55,98,1,24.6739583333,-0.615476190476
2012-03-29 15:12:56,99,1,23.6242559524,-1.04970238095
2012-03-29 15:12:57,100,1,22.0366071429,-1.58764880952
2012-03-29 15:12:58,101,1,19.8828869048,-2.1537202381
2012-03-29 15:12:59,102,1,17.2260416667,-2.6568452381
2012-03-29 15:13:00,103,1,14.1992559524,-3.02678571429
2012-03-29 15:13:01,104,1,11.0077380952,-3.19151785714
2012-03-29 15:13:02,105,1,7.9478422619,-3.05989583333
2012-03-29 15:13:03,106,1,5.38147321429,-2.56636904762
2012-03-29 15:13:04,107,1,3.62113095238,-1.7603422619
2012-03-29 15:13:05,108,1,2.79561011905,-0.825520833333
2012-03-29 15:13:06,109,1,2.82336309524,0.0277529761905
2012-03-29 15:13:07,110,1,3.47760416667,0.654241071429
2012-03-29 15:13:08,111,1,4.42738095238,0.949776785714
2012-03-29 15:13:09,112,1,5.27038690476,0.843005952381
2012-03-29 15:13:10,113,1,5.66220238095,0.39181547619
2012-03-29 15:13:11,114,1,5.51919642857,-0.143005952381
2012-03-29 15:13:12,115,1,5.12425595238,-0.39494047619
2012-03-29 15:13:13,116,1,4.95178571429,-0.172470238095
2012-03-29 15:13:14,117,1,5.24561011905,0.293824404762
2012-03-29 15:13:15,118,1,5.71889880952,0.473288690476
2012-03-29 15:13:16,119,1,5.71547619048,-0.00342261904762
2012-03-29 15:13:17,120,1,4.75505952381,-0.960416666667
2012-03-29 15:13:18,121,1,3.08258928571,-1.6724702381
2012-03-29 15:13:19,122,1,0.0,-3.08258928571
2012-03-29 15:20:06,529,407,0.0,0.0
2012-03-29 15:20:07,530,1,2.56941964286,2.56941964286
2012-03-29 15:20:08,531,1,3.96726190476,1.3978422619
2012-03-29 15:20:09,532,1,5.01145833333,1.04419642857
2012-03-29 15:20:10,533,1,5.62180059524,0.610342261905
2012-03-29 15:20:11,534,1,6.04203869048,0.420238095238
2012-03-29 15:20:12,535,1,6.40930059524,0.367261904762
2012-03-29 15:20:13,536,1,6.67581845238,0.266517857143
2012-03-29 15:20:14,537,1,6.76897321429,0.0931547619048
2012-03-29 15:20:15,538,1,6.70818452381,-0.0607886904762
2012-03-29 15:20:16,539,1,6.57470238095,-0.133482142857
2012-03-29 15:20:17,540,1,6.40029761905,-0.174404761905
2012-03-29 15:20:18,541,1,6.07209821429,-0.328199404762
2012-03-29 15:20:19,542,1,5.34947916667,-0.722619047619
2012-03-29 15:20:20,543,1,4.0759672619,-1.27351190476
2012-03-29 15:20:21,544,1,2.51882440476,-1.55714285714
2012-03-29 15:20:22,545,1,0.0,-2.51882440476
2012-03-29 15:20:43,566,21,0.0,0.0
2012-03-29 15:20:44,567,1,3.72001488095,3.72001488095
2012-03-29 15:20:45,568,1,6.49263392857,2.77261904762
2012-03-29 15:20:46,569,1,9.31770833333,2.82507440476
2012-03-29 15:20:47,570,1,11.6931547619,2.37544642857
2012-03-29 15:20:48,571,1,13.375297619,1.68214285714
2012-03-29 15:20:49,572,1,14.1576636905,0.782366071429
2012-03-29 15:20:50,573,1,13.8985119048,-0.259151785714
2012-03-29 15:20:51,574,1,12.7212797619,-1.17723214286
2012-03-29 15:20:52,575,1,11.0898065476,-1.63147321429
2012-03-29 15:20:53,576,1,9.62053571429,-1.46927083333
2012-03-29 15:20:54,577,1,8.78519345238,-0.835342261905
2012-03-29 15:20:55,578,1,8.74665178571,-0.0385416666667
2012-03-29 15:20:56,579,1,9.409375,0.662723214286
2012-03-29 15:20:57,580,1,10.5671130952,1.15773809524
2012-03-29 15:20:58,581,1,12.0023065476,1.43519345238
2012-03-29 15:20:59,582,1,13.5232142857,1.5209077381
2012-03-29 15:21:00,583,1,14.9936011905,1.47038690476
2012-03-29 15:21:01,584,1,16.3540922619,1.36049107143
2012-03-29 15:21:02,585,1,17.6152529762,1.26116071429
2012-03-29 15:21:03,586,1,18.8279017857,1.21264880952
2012-03-29 15:21:04,587,1,20.0413690476,1.2134672619
2012-03-29 15:21:05,588,1,21.2725446429,1.23117559524
2012-03-29 15:21:06,589,1,22.5013392857,1.22879464286
2012-03-29 15:21:07,590,1,23.6865327381,1.18519345238
2012-03-29 15:21:08,591,1,24.7976190476,1.11108630952
2012-03-29 15:21:09,592,1,25.8352678571,1.03764880952
2012-03-29 15:21:10,593,1,26.7976934524,0.962425595238
2012-03-29 15:21:11,594,1,27.621875,0.824181547619
2012-03-29 15:21:12,595,1,28.1867559524,0.564880952381
2012-03-29 15:21:13,596,1,28.3980654762,0.21130952381
2012-03-29 15:21:14,597,1,28.2783482143,-0.119717261905
2012-03-29 15:21:15,598,1,27.9818452381,-0.29650297619
2012-03-29 15:21:16,599,1,27.716889881,-0.264955357143
2012-03-29 15:21:17,600,1,27.6307291667,-0.0861607142857
2012-03-29 15:21:18,601,1,27.7496279762,0.118898809524
2012-03-29 15:21:19,602,1,28.0154761905,0.265848214286
2012-03-29 15:21:20,603,1,28.360639881,0.345163690476
2012-03-29 15:21:21,604,1,28.7453869048,0.384747023809
2012-03-29 15:21:22,605,1,29.1520089286,0.40662202381
2012-03-29 15:21:23,606,1,29.5681547619,0.416145833333
2012-03-29 15:21:24,607,1,29.9754464286,0.407291666667
2012-03-29 15:21:25,608,1,30.3441964286,0.36875
2012-03-29 15:21:26,609,1,30.63125,0.287053571429
2012-03-29 15:21:27,610,1,30.7853422619,0.154092261905
2012-03-29 15:21:28,611,1,30.7671875,-0.0181547619048
2012-03-29 15:21:29,612,1,30.5726190476,-0.194568452381
2012-03-29 15:21:30,613,1,30.2398809524,-0.332738095238
2012-03-29 15:21:31,614,1,29.8341517857,-0.405729166667
2012-03-29 15:21:32,615,1,29.416889881,-0.417261904762
2012-03-29 15:21:33,616,1,29.0245535714,-0.392336309524
2012-03-29 15:21:34,617,1,28.676264881,-0.348288690476
2012-03-29 15:21:35,618,1,28.3998511905,-0.276413690476
2012-03-29 15:21:36,619,1,28.247172619,-0.152678571429
2012-03-29 15:21:37,620,1,28.2794642857,0.0322916666667
2012-03-29 15:21:38,621,1,28.5318452381,0.252380952381
2012-03-29 15:21:39,622,1,28.9857142857,0.453869047619
2012-03-29 15:21:40,623,1,29.5677083333,0.581994047619
2012-03-29 15:21:41,624,1,30.1689732143,0.601264880952
2012-03-29 15:21:42,625,1,30.6699404762,0.500967261905
2012-03-29 15:21:43,626,1,30.9675595238,0.297619047619
2012-03-29 15:21:44,627,1,31.004985119,0.0374255952381
2012-03-29 15:21:45,628,1,30.7906994048,-0.214285714286
2012-03-29 15:21:46,629,1,30.3898809524,-0.400818452381
2012-03-29 15:21:47,630,1,29.890625,-0.499255952381
2012-03-29 15:21:48,631,1,29.3761160714,-0.514508928571
2012-03-29 15:21:49,632,1,28.9255952381,-0.450520833333
2012-03-29 15:21:50,633,1,28.6146577381,-0.3109375
2012-03-29 15:21:51,634,1,28.4709077381,-0.14375
2012-03-29 15:21:52,635,1,28.4107886905,-0.060119047619
2012-03-29 15:21:53,636,1,28.2478422619,-0.162946428571
2012-03-29 15:21:54,637,1,27.8110119048,-0.436830357143
2012-03-29 15:21:55,638,1,27.0764880952,-0.734523809524
2012-03-29 15:21:56,639,1,26.1718005952,-0.9046875
2012-03-29 15:21:57,640,1,25.2396577381,-0.932142857143
2012-03-29 15:21:58,641,1,24.2979166667,-0.941741071428
2012-03-29 15:21:59,642,1,23.2202380952,-1.07767857143
2012-03-29 15:22:00,643,1,21.8272321429,-1.39300595238
2012-03-29 15:22:01,644,1,20.0040922619,-1.82313988095
2012-03-29 15:22:02,645,1,17.7897321429,-2.21436011905
2012-03-29 15:22:03,646,1,15.4009672619,-2.38876488095
2012-03-29 15:22:04,647,1,13.1593005952,-2.24166666667
2012-03-29 15:22:05,648,1,11.337797619,-1.82150297619
2012-03-29 15:22:06,649,1,10.0147321429,-1.32306547619
2012-03-29 15:22:07,650,1,9.05424107143,-0.960491071429
2012-03-29 15:22:08,651,1,8.24732142857,-0.806919642857
2012-03-29 15:22:09,652,1,7.47492559524,-0.772395833333
2012-03-29 15:22:10,653,1,6.74107142857,-0.733854166667
2012-03-29 15:22:11,654,1,6.09724702381,-0.643824404762
2012-03-29 15:22:12,655,1,5.57849702381,-0.51875
2012-03-29 15:22:13,656,1,5.1984375,-0.38005952381
2012-03-29 15:22:14,657,1,4.95193452381,-0.24650297619
2012-03-29 15:22:15,658,1,4.79345238095,-0.158482142857
2012-03-29 15:22:16,659,1,4.62931547619,-0.164136904762
2012-03-29 15:22:17,660,1,4.32864583333,-0.300669642857
2012-03-29 15:22:18,661,1,3.74226190476,-0.586383928571
2012-03-29 15:22:19,662,1,2.80133928571,-0.940922619048
2012-03-29 15:22:20,663,1,1.69485119048,-1.10648809524
2012-03-29 15:22:21,664,1,0.0,-1.69485119048
2012-03-29 15:51:33,2416,1752,0.0,0.0
2012-03-29 15:51:34,2417,1,1.32276785714,1.32276785714
2012-03-29 15:51:35,2418,1,2.04300595238,0.720238095238
2012-03-29 15:51:36,2419,1,2.5724702381,0.529464285714
2012-03-29 15:51:37,2420,1,2.87922619048,0.306755952381
2012-03-29 15:51:38,2421,1,3.11163690476,0.232410714286
2012-03-29 15:51:39,2422,1,3.35302083333,0.241383928571
2012-03-29 15:51:40,2423,1,3.57626488095,0.223244047619
2012-03-29 15:51:41,2424,1,3.73416666667,0.157901785714
2012-03-29 15:51:42,2425,1,3.81748511905,0.0833184523809
2012-03-29 15:51:43,2426,1,3.83819940476,0.0207142857143
2012-03-29 15:51:44,2427,1,3.80837797619,-0.0298214285714
2012-03-29 15:51:45,2428,1,3.7697172619,-0.0386607142857
2012-03-29 15:51:46,2429,1,3.80483630952,0.035119047619
2012-03-29 15:51:47,2430,1,3.97529761905,0.170461309524
2012-03-29 15:51:48,2431,1,4.26681547619,0.291517857143
2012-03-29 15:51:49,2432,1,4.59613095238,0.32931547619
2012-03-29 15:51:50,2433,1,4.86636904762,0.270238095238
2012-03-29 15:51:51,2434,1,5.03489583333,0.168526785714
2012-03-29 15:51:52,2435,1,5.1130952381,0.0781994047619
2012-03-29 15:51:53,2436,1,5.11138392857,-0.00171130952381
2012-03-29 15:51:54,2437,1,5.03273809524,-0.0786458333333
2012-03-29 15:51:55,2438,1,4.90238095238,-0.130357142857
2012-03-29 15:51:56,2439,1,4.7584077381,-0.143973214286
2012-03-29 15:51:57,2440,1,4.61063988095,-0.147767857143
2012-03-29 15:51:58,2441,1,4.42775297619,-0.182886904762
2012-03-29 15:51:59,2442,1,4.18407738095,-0.243675595238
2012-03-29 15:52:00,2443,1,3.91532738095,-0.26875
2012-03-29 15:52:01,2444,1,3.70260416667,-0.212723214286
2012-03-29 15:52:02,2445,1,3.58720238095,-0.115401785714
2012-03-29 15:52:03,2446,1,3.4880952381,-0.0991071428571
2012-03-29 15:52:04,2447,1,3.19709821429,-0.29099702381
2012-03-29 15:52:05,2448,1,2.53043154762,-0.666666666667
2012-03-29 15:52:06,2449,1,1.60265376984,-0.927777777778
2012-03-29 15:52:07,2450,1,0.0,-1.60265376984
