timestamp,cycle_sec,timestep,speed_mph,accel_meters_ps
2012-05-19 18:11:50,0,1,0.0,0.0
2012-05-19 18:11:51,1,1,0.0,0.0
2012-05-19 18:11:52,2,1,0.0,0.0
2012-05-19 18:11:53,3,1,0.0,0.0
2012-05-19 18:11:54,4,1,0.0,0.0
2012-05-19 18:11:55,5,1,0.0,0.0
2012-05-19 18:11:56,6,1,1.43504412872,1.43504412872
2012-05-19 18:11:57,7,1,2.22552013839,0.790476009673
2012-05-19 18:11:58,8,1,2.75617484449,0.530654706101
2012-05-19 18:11:59,9,1,2.9495528192,0.193377974702
2012-05-19 18:12:00,10,1,2.88296051563,-0.0665923035714
2012-05-19 18:12:01,11,1,2.68437411756,-0.198586398065
2012-05-19 18:12:02,12,1,2.53653180283,-0.147842314732
2012-05-19 18:12:03,13,1,2.68043066369,0.143898860863
2012-05-19 18:12:04,14,1,3.27075817857,0.590327514881
2012-05-19 18:12:05,15,1,4.21287140774,0.942113229167
2012-05-19 18:12:06,16,1,5.25557979092,1.04270838318
2012-05-19 18:12:07,17,1,6.29174044568,1.03616065476
2012-05-19 18:12:08,18,1,7.50327308929,1.2115326436
2012-05-19 18:12:09,19,1,9.16852605432,1.66525296503
2012-05-19 18:12:10,20,1,11.3446422552,2.17611620089
2012-05-19 18:12:11,21,1,13.7397317693,2.39508951414
2012-05-19 18:12:12,22,1,15.9079611615,2.16822939211
2012-05-19 18:12:13,23,1,17.5872767671,1.67931560565
2012-05-19 18:12:14,24,1,18.797842247,1.21056547991
2012-05-19 18:12:15,25,1,19.6351933467,0.837351099702
2012-05-19 18:12:16,26,1,20.0459074888,0.410714142113
2012-05-19 18:12:17,27,1,19.7703864888,-0.275521
2012-05-19 18:12:18,28,1,18.5483625327,-1.2220239561
2012-05-19 18:12:19,29,1,16.461383285,-2.08697924777
2012-05-19 18:12:20,30,1,13.9680797135,-2.49330357143
2012-05-19 18:12:21,31,1,11.5691214613,-2.39895825223
2012-05-19 18:12:22,32,1,9.50982101265,-2.05930044866
2012-05-19 18:12:23,33,1,7.80513367932,-1.70468733333
2012-05-19 18:12:24,34,1,6.56130941667,-1.24382426265
2012-05-19 18:12:25,35,1,6.14747021503,-0.413839201637
2012-05-19 18:12:26,36,1,6.85706842262,0.709598207589
2012-05-19 18:12:27,37,1,8.50647309598,1.64940467336
2012-05-19 18:12:28,38,1,10.5132438296,2.00677073363
2012-05-19 18:12:29,39,1,12.3227676019,1.80952377232
2012-05-19 18:12:30,40,1,13.7646575216,1.44188991964
2012-05-19 18:12:31,41,1,15.0162200789,1.25156255729
2012-05-19 18:12:32,42,1,16.2285712746,1.21235119568
2012-05-19 18:12:33,43,1,17.292633718,1.06406244345
2012-05-19 18:12:34,44,1,17.954612811,0.661979093006
2012-05-19 18:12:35,45,1,17.9836306124,0.0290178013393
2012-05-19 18:12:36,46,1,17.1922615231,-0.791369089286
2012-05-19 18:12:37,47,1,15.4486602932,-1.74360122991
2012-05-19 18:12:38,48,1,12.8335561183,-2.61510417485
2012-05-19 18:12:39,49,1,9.83154725,-3.0020088683
2012-05-19 18:12:40,50,1,7.2547616183,-2.5767856317
2012-05-19 18:12:41,51,1,5.81860090923,-1.43616070908
2012-05-19 18:12:42,52,1,5.73214248214,-0.0864584270833
2012-05-19 18:12:43,53,1,6.71971678646,0.987574304315
2012-05-19 18:12:44,54,1,8.4087792939,1.68906250744
2012-05-19 18:12:45,55,1,10.6031990714,2.19441977753
2012-05-19 18:12:46,56,1,13.1892111176,2.58601204613
2012-05-19 18:12:47,57,1,15.9364581429,2.7472470253
2012-05-19 18:12:48,58,1,18.5106395528,2.57418140997
2012-05-19 18:12:49,59,1,20.6755947693,2.16495521652
2012-05-19 18:12:50,60,1,22.4278268705,1.75223210119
2012-05-19 18:12:51,61,1,23.8928566763,1.4650298058
2012-05-19 18:12:52,62,1,25.1455352969,1.25267862054
2012-05-19 18:12:53,63,1,26.1967257723,1.05119047545
2012-05-19 18:12:54,64,1,27.075520404,0.878794631697
2012-05-19 18:12:55,65,1,27.8402526042,0.764732200149
2012-05-19 18:12:56,66,1,28.5373509412,0.697098337054
2012-05-19 18:12:57,67,1,29.1583331838,0.62098224256
2012-05-19 18:12:58,68,1,29.6014879472,0.443154763393
2012-05-19 18:12:59,69,1,29.6790176131,0.0775296659226
2012-05-19 18:13:00,70,1,29.19397284,-0.485044773065
2012-05-19 18:13:01,71,1,28.0242554844,-1.16971735565
2012-05-19 18:13:02,72,1,26.1287941436,-1.89546134077
2012-05-19 18:13:03,73,1,23.4874994978,-2.64129464583
2012-05-19 18:13:04,74,1,20.0896571994,-3.39784229836
2012-05-19 18:13:05,75,1,16.0811005588,-4.00855664063
2012-05-19 18:13:06,76,1,11.9895826064,-4.09151795238
2012-05-19 18:13:07,77,1,8.70736534003,-3.28221726637
2012-05-19 18:13:08,78,1,7.0692702381,-1.63809510193
2012-05-19 18:13:09,79,1,7.3436752247,0.274404986607
2012-05-19 18:13:10,80,1,9.08511885714,1.74144363244
2012-05-19 18:13:11,81,1,11.4630206838,2.37790182664
2012-05-19 18:13:12,82,1,13.7831843155,2.3201636317
2012-05-19 18:13:13,83,1,15.7729908177,1.98980650223
2012-05-19 18:13:14,84,1,17.4761158519,1.70312503423
2012-05-19 18:13:15,85,1,19.006249875,1.53013402307
2012-05-19 18:13:16,86,1,20.426041631,1.41979175595
2012-05-19 18:13:17,87,1,21.7511160774,1.32507444643
2012-05-19 18:13:18,88,1,22.972619061,1.22150298363
2012-05-19 18:13:19,89,1,24.0630952455,1.09047618452
2012-05-19 18:13:20,90,1,24.9732142567,0.910119011161
2012-05-19 18:13:21,91,1,25.6391367857,0.665922529018
2012-05-19 18:13:22,92,1,26.0311753452,0.392038559524
2012-05-19 18:13:23,93,1,26.2070680699,0.175892724702
2012-05-19 18:13:24,94,1,26.2875739271,0.0805058571428
2012-05-19 18:13:25,95,1,26.3746274643,0.0870535372024
2012-05-19 18:13:26,96,1,26.4991066667,0.124479202381
2012-05-19 18:13:27,97,1,26.6302079576,0.131101290923
2012-05-19 18:13:28,98,1,26.7374253497,0.107217392113
2012-05-19 18:13:29,99,1,26.8527528214,0.115327471726
2012-05-19 18:13:30,100,1,27.0613837746,0.208630953125
2012-05-19 18:13:31,101,1,27.4356396674,0.374255892857
2012-05-19 18:13:32,102,1,27.9851932054,0.549553537946
2012-05-19 18:13:33,103,1,28.6557289583,0.670535752976
2012-05-19 18:13:34,104,1,29.3552081771,0.69947921875
2012-05-19 18:13:35,105,1,29.9673361146,0.6121279375
2012-05-19 18:13:36,106,1,30.3433776414,0.376041526786
2012-05-19 18:13:37,107,1,30.3090769107,-0.0343007306547
2012-05-19 18:13:38,108,1,29.7094488943,-0.599628016369
2012-05-19 18:13:39,109,1,28.4630203668,-1.24642852753
2012-05-19 18:13:40,110,1,26.589880535,-1.87313983185
2012-05-19 18:13:41,111,1,24.1892852961,-2.40059523884
2012-05-19 18:13:42,112,1,21.3522317121,-2.83705358408
2012-05-19 18:13:43,113,1,18.1024549784,-3.24977673363
2012-05-19 18:13:44,114,1,14.5170384368,-3.58541654167
2012-05-19 18:13:45,115,1,10.9449403624,-3.5720980744
2012-05-19 18:13:46,116,1,8.03965771354,-2.90528264881
2012-05-19 18:13:47,117,1,6.48377973214,-1.5558779814
2012-05-19 18:13:48,118,1,6.55997011979,0.0761903876488
2012-05-19 18:13:49,119,1,7.94501466146,1.38504454167
2012-05-19 18:13:50,120,1,10.0341515253,2.08913686384
2012-05-19 18:13:51,121,1,12.4513390729,2.41718754762
2012-05-19 18:13:52,122,1,15.110044529,2.6587054561
2012-05-19 18:13:53,123,1,17.909077314,2.79903278497
2012-05-19 18:13:54,124,1,20.5650296071,2.65595229315
2012-05-19 18:13:55,125,1,22.7232883594,2.15825875223
2012-05-19 18:13:56,126,1,24.2346721503,1.51138379092
2012-05-19 18:13:57,127,1,25.2924846131,1.0578124628
2012-05-19 18:13:58,128,1,26.1729905759,0.880505962798
2012-05-19 18:13:59,129,1,26.9138387478,0.740848171875
2012-05-19 18:14:00,130,1,27.3334070632,0.419568315476
2012-05-19 18:14:01,131,1,27.2107878728,-0.122619190476
2012-05-19 18:14:02,132,1,26.3744039412,-0.836383931548
2012-05-19 18:14:03,133,1,24.753719596,-1.62068434524
2012-05-19 18:14:04,134,1,22.4546871228,-2.29903247321
2012-05-19 18:14:05,135,1,19.7962052076,-2.65848191518
2012-05-19 18:14:06,136,1,17.2479910484,-2.54821415923
2012-05-19 18:14:07,137,1,15.2941220379,-1.95386901042
2012-05-19 18:14:08,138,1,14.2765625164,-1.01755952158
2012-05-19 18:14:09,139,1,14.2743303698,-0.0022321465773
2012-05-19 18:14:10,140,1,15.1115327083,0.837202338542
2012-05-19 18:14:11,141,1,16.4791665126,1.36763380432
2012-05-19 18:14:12,142,1,18.0340770394,1.55491052679
2012-05-19 18:14:13,143,1,19.4642851957,1.43020815625
2012-05-19 18:14:14,144,1,20.5581839159,1.09389872024
2012-05-19 18:14:15,145,1,21.2131690759,0.65498515997
2012-05-19 18:14:16,146,1,21.3989579107,0.185788834821
2012-05-19 18:14:17,147,1,21.1503717716,-0.248586139137
2012-05-19 18:14:18,148,1,20.5420385781,-0.608333193452
2012-05-19 18:14:19,149,1,19.6301339077,-0.911904670387
2012-05-19 18:14:20,150,1,18.4656250104,-1.16450889732
2012-05-19 18:14:21,151,1,17.1522321138,-1.31339289658
2012-05-19 18:14:22,152,1,15.8072171384,-1.34501497545
2012-05-19 18:14:23,153,1,14.4529759695,-1.3542411689
2012-05-19 18:14:24,154,1,12.9782735476,-1.47470242187
2012-05-19 18:14:25,155,1,11.2256694219,-1.75260412574
2012-05-19 18:14:26,156,1,9.16882427976,-2.05684514211
2012-05-19 18:14:27,157,1,6.99553567878,-2.17328860098
2012-05-19 18:14:28,158,1,4.94397322003,-2.05156245876
2012-05-19 18:14:29,159,1,3.13340774798,-1.81056547205
2012-05-19 18:14:30,160,1,1.71264881314,-1.42075893484
2012-05-19 18:14:31,161,1,0.0,-1.71264881314
