timestamp,cycle_sec,timestep,speed_mph,accel_meters_ps
2012-08-02 08:20:54,0,48012,0.0,0.0
2012-08-02 08:20:55,1,1,1.44866018899,1.44866018899
2012-08-02 08:20:56,2,1,2.23764813765,0.788987948661
2012-08-02 08:20:57,3,1,2.84322856399,0.605580426339
2012-08-02 08:20:58,4,1,3.15959783259,0.316369268601
2012-08-02 08:20:59,5,1,3.28102662946,0.121428796875
2012-08-02 08:21:00,6,1,3.29181545312,0.0107888236607
2012-08-02 08:21:01,7,1,3.2506696622,-0.0411457909226
2012-08-02 08:21:02,8,1,3.23020834598,-0.0204613162202
2012-08-02 08:21:03,9,1,3.28891365625,0.0587053102679
2012-08-02 08:21:04,10,1,3.43735106548,0.148437409226
2012-08-02 08:21:05,11,1,3.64404739807,0.206696332589
2012-08-02 08:21:06,12,1,3.8538687872,0.209821389137
2012-08-02 08:21:07,13,1,4.01443431101,0.16056552381
2012-08-02 08:21:08,14,1,4.0997022686,0.0852679575893
2012-08-02 08:21:09,15,1,4.12187493973,0.022172671131
2012-08-02 08:21:10,16,1,4.1365325878,0.0146576480655
2012-08-02 08:21:11,17,1,4.2046871317,0.0681545438988
2012-08-02 08:21:12,18,1,4.32626428051,0.12157714881
2012-08-02 08:21:13,19,1,4.45238021949,0.126115938988
2012-08-02 08:21:14,20,1,4.56949332068,0.11711310119
2012-08-02 08:21:15,21,1,4.71607079687,0.14657747619
2012-08-02 08:21:16,22,1,4.91450839137,0.198437594494
2012-08-02 08:21:17,23,1,5.12894295833,0.214434566964
2012-08-02 08:21:18,24,1,5.28459772768,0.155654769345
2012-08-02 08:21:19,25,1,5.3200143869,0.0354166592262
2012-08-02 08:21:20,26,1,5.2456839881,-0.0743303988095
2012-08-02 08:21:21,27,1,5.14174044643,-0.103943541667
2012-08-02 08:21:22,28,1,5.08370463467,-0.0580358117559
2012-08-02 08:21:23,29,1,5.10580280432,0.0220981696429
2012-08-02 08:21:24,30,1,5.23162130506,0.125818500744
2012-08-02 08:21:25,31,1,5.48221667708,0.250595372024
2012-08-02 08:21:26,32,1,5.84724657738,0.365029900298
2012-08-02 08:21:27,33,1,6.2731394814,0.425892904018
2012-08-02 08:21:28,34,1,6.67790133185,0.404761850446
2012-08-02 08:21:29,35,1,6.98549052679,0.30758919494
2012-08-02 08:21:30,36,1,7.1692702381,0.18377971131
2012-08-02 08:21:31,37,1,7.25818396949,0.0889137313988
2012-08-02 08:21:32,38,1,7.29099657366,0.0328126041667
2012-08-02 08:21:33,39,1,7.28281212723,-0.00818444642857
2012-08-02 08:21:34,40,1,7.2395829628,-0.0432291644345
2012-08-02 08:21:35,41,1,7.18549065699,-0.0540923058036
2012-08-02 08:21:36,42,1,7.17038647024,-0.015104186756
2012-08-02 08:21:37,43,1,7.23370498363,0.0633185133929
2012-08-02 08:21:38,44,1,7.3549848683,0.121279884673
2012-08-02 08:21:39,45,1,7.47313972619,0.118154857887
2012-08-02 08:21:40,46,1,7.5464284256,0.0732886994048
2012-08-02 08:21:41,47,1,7.56726170089,0.0208332752976
2012-08-02 08:21:42,48,1,7.54583304687,-0.0214286540179
2012-08-02 08:21:43,49,1,7.48891331027,-0.0569197366071
2012-08-02 08:21:44,50,1,7.38519298289,-0.103720327381
2012-08-02 08:21:45,51,1,7.23430008333,-0.150892899554
2012-08-02 08:21:46,52,1,7.07931500372,-0.154985079613
2012-08-02 08:21:47,53,1,6.97901749033,-0.100297513393
2012-08-02 08:21:48,54,1,6.96770806027,-0.0113094300595
2012-08-02 08:21:49,55,1,7.05312471652,0.08541665625
2012-08-02 08:21:50,56,1,7.22023768527,0.16711296875
2012-08-02 08:21:51,57,1,7.41897266369,0.198734978423
2012-08-02 08:21:52,58,1,7.562425,0.14345233631
2012-08-02 08:21:53,59,1,7.56607087872,0.00364587872024
2012-08-02 08:21:54,60,1,7.40662152158,-0.159449357143
2012-08-02 08:21:55,61,1,7.13891319048,-0.267708331101
2012-08-02 08:21:56,62,1,6.86309472545,-0.27581846503
2012-08-02 08:21:57,63,1,6.66763345685,-0.195461268601
2012-08-02 08:21:58,64,1,6.54553537649,-0.122098080357
2012-08-02 08:21:59,65,1,6.32380936458,-0.221726011905
2012-08-02 08:22:00,66,1,5.69895830208,-0.6248510625
2012-08-02 08:22:01,67,1,4.45193453497,-1.24702376711
2012-08-02 08:22:02,68,1,2.79627977158,-1.65565476339
2012-08-02 08:22:03,69,1,0.0,-2.79627977158
2012-08-02 13:30:06,-67848,18483,0.0,0.0
2012-08-02 13:30:07,-67847,1,2.01822913542,2.01822913542
2012-08-02 13:30:08,-67846,1,3.19717245833,1.17894332292
2012-08-02 13:30:09,-67845,1,4.15863060789,0.961458149554
2012-08-02 13:30:10,-67844,1,4.77313940476,0.614508796875
2012-08-02 13:30:11,-67843,1,5.1508179747,0.37767856994
2012-08-02 13:30:12,-67842,1,5.3110115279,0.160193553199
2012-08-02 13:30:13,-67841,1,5.15714258036,-0.153868947545
2012-08-02 13:30:14,-67840,1,4.64285687872,-0.514285701637
2012-08-02 13:30:15,-67839,1,3.89583299107,-0.747023887649
2012-08-02 13:30:16,-67838,1,3.2401781276,-0.655654863467
2012-08-02 13:30:17,-67837,1,3.08243996503,-0.157738162574
2012-08-02 13:30:18,-67836,1,3.69382387165,0.611383906622
2012-08-02 13:30:19,-67835,1,5.07046080952,1.37663693787
2012-08-02 13:30:20,-67834,1,6.95342222247,1.88296141295
2012-08-02 13:30:21,-67833,1,8.96666642039,2.01324419792
2012-08-02 13:30:22,-67832,1,10.8207588158,1.85409239546
2012-08-02 13:30:23,-67831,1,12.4254463661,1.60468755022
2012-08-02 13:30:24,-67830,1,13.8089284606,1.38348209449
2012-08-02 13:30:25,-67829,1,14.9909224159,1.18199395536
2012-08-02 13:30:26,-67828,1,15.9516366131,0.960714197173
2012-08-02 13:30:27,-67827,1,16.651338904,0.699702290923
2012-08-02 13:30:28,-67826,1,17.0355650067,0.384226102679
2012-08-02 13:30:29,-67825,1,17.0500738929,0.0145088861607
2012-08-02 13:30:30,-67824,1,16.6791661927,-0.370907700149
2012-08-02 13:30:31,-67823,1,15.9598210536,-0.719345139137
2012-08-02 13:30:32,-67822,1,14.9776782872,-0.982142766369
2012-08-02 13:30:33,-67821,1,13.8872021287,-1.09047615848
2012-08-02 13:30:34,-67820,1,12.8984372507,-0.988764877976
2012-08-02 13:30:35,-67819,1,12.1846724144,-0.713764836309
2012-08-02 13:30:36,-67818,1,11.7854909591,-0.399181455357
2012-08-02 13:30:37,-67817,1,11.557514814,-0.227976145089
2012-08-02 13:30:38,-67816,1,11.1901040104,-0.367410803571
2012-08-02 13:30:39,-67815,1,10.3206841845,-0.869419825893
2012-08-02 13:30:40,-67814,1,8.69866023363,-1.62202395089
2012-08-02 13:30:41,-67813,1,6.34858582961,-2.35007440402
2012-08-02 13:30:42,-67812,1,3.75580322693,-2.59278260268
2012-08-02 13:30:43,-67811,1,0.0,-3.75580322693
2012-08-02 15:59:00,-58914,8897,0.0,0.0
2012-08-02 15:59:01,-58913,1,1.68184505506,1.68184505506
2012-08-02 15:59:02,-58912,1,2.46607107813,0.784226023065
2012-08-02 15:59:03,-58911,1,2.92514828943,0.45907721131
2012-08-02 15:59:04,-58910,1,3.00319879688,0.0780505074405
2012-08-02 15:59:05,-58909,1,2.93489526637,-0.068303530506
2012-08-02 15:59:06,-58908,1,2.914806125,-0.020089141369
2012-08-02 15:59:07,-58907,1,3.00126463021,0.0864585052083
2012-08-02 15:59:08,-58906,1,3.17671120238,0.175446572173
2012-08-02 15:59:09,-58905,1,3.41175592932,0.235044726935
2012-08-02 15:59:10,-58904,1,3.66830354167,0.256547612351
2012-08-02 15:59:11,-58903,1,3.89687488318,0.228571341518
2012-08-02 15:59:12,-58902,1,4.07090752679,0.174032643601
2012-08-02 15:59:13,-58901,1,4.19858605878,0.127678531994
2012-08-02 15:59:14,-58900,1,4.28787177158,0.0892857127976
2012-08-02 15:59:15,-58899,1,4.3409967381,0.0531249665179
2012-08-02 15:59:16,-58898,1,4.39055021503,0.0495534769345
2012-08-02 15:59:17,-58897,1,4.49702333929,0.106473124256
2012-08-02 15:59:18,-58896,1,4.70505905878,0.208035719494
2012-08-02 15:59:19,-58895,1,5.00959783854,0.304538779762
2012-08-02 15:59:20,-58894,1,5.34888360863,0.339285770089
2012-08-02 15:59:21,-58893,1,5.64598177232,0.29709816369
2012-08-02 15:59:22,-58892,1,5.8592257247,0.213243952381
2012-08-02 15:59:23,-58891,1,5.9745530692,0.115327344494
2012-08-02 15:59:24,-58890,1,5.99129418601,0.0167411168155
2012-08-02 15:59:25,-58889,1,5.940699,-0.0505951860119
2012-08-02 15:59:26,-58888,1,5.89322872396,-0.0474702760417
2012-08-02 15:59:27,-58887,1,5.95252917485,0.0593004508929
2012-08-02 15:59:28,-58886,1,6.21882364583,0.266294470982
2012-08-02 15:59:29,-58885,1,6.70260331027,0.483779664435
2012-08-02 15:59:30,-58884,1,7.2899545372,0.587351226935
2012-08-02 15:59:31,-58883,1,7.82172551935,0.531770982143
2012-08-02 15:59:32,-58882,1,8.19590724405,0.374181724702
2012-08-02 15:59:33,-58881,1,8.41383892113,0.217931677083
2012-08-02 15:59:34,-58880,1,8.54985087649,0.136011955357
2012-08-02 15:59:35,-58879,1,8.66889848214,0.119047605655
2012-08-02 15:59:36,-58878,1,8.79166629985,0.122767817708
2012-08-02 15:59:37,-58877,1,8.92246982143,0.130803521577
2012-08-02 15:59:38,-58876,1,9.05349655208,0.131026730655
2012-08-02 15:59:39,-58875,1,9.15848164435,0.104985092262
2012-08-02 15:59:40,-58874,1,9.20319893304,0.0447172886905
2012-08-02 15:59:41,-58873,1,9.13720196429,-0.06599696875
2012-08-02 15:59:42,-58872,1,8.90334784747,-0.233854116815
2012-08-02 15:59:43,-58871,1,8.48549074256,-0.417857104911
2012-08-02 15:59:44,-58870,1,7.93005920313,-0.555431539435
2012-08-02 15:59:45,-58869,1,7.33028237054,-0.599776832589
2012-08-02 15:59:46,-58868,1,6.79560966592,-0.534672704613
2012-08-02 15:59:47,-58867,1,6.41145778497,-0.384151880952
2012-08-02 15:59:48,-58866,1,6.21874936086,-0.192708424107
2012-08-02 15:59:49,-58865,1,6.21413622098,-0.00461313988096
2012-08-02 15:59:50,-58864,1,6.33675531696,0.122619095982
2012-08-02 15:59:51,-58863,1,6.46287151563,0.126116198661
2012-08-02 15:59:52,-58862,1,6.4530502314,-0.00982128422619
2012-08-02 15:59:53,-58861,1,6.21912175074,-0.233928480655
2012-08-02 15:59:54,-58860,1,5.71808007217,-0.501041678571
2012-08-02 15:59:55,-58859,1,4.87738058854,-0.840699483631
2012-08-02 15:59:56,-58858,1,3.63898770387,-1.23839288467
2012-08-02 15:59:57,-58857,1,2.22291636533,-1.41607133854
2012-08-02 15:59:58,-58856,1,0.0,-2.22291636533
2012-08-02 18:49:23,-48691,10165,0.0,0.0
2012-08-02 18:49:24,-48690,1,2.49017838765,2.49017838765
2012-08-02 18:49:25,-48689,1,3.82209788839,1.33191950074
2012-08-02 18:49:26,-48688,1,4.71569891295,0.893601024554
2012-08-02 18:49:27,-48687,1,5.07447853125,0.358779618304
2012-08-02 18:49:28,-48686,1,5.1508921622,0.0764136309524
2012-08-02 18:49:29,-48685,1,5.15758864881,0.00669648660714
2012-08-02 18:49:30,-48684,1,5.17083282961,0.0132441808036
2012-08-02 18:49:31,-48683,1,5.24843712946,0.0776042998512
2012-08-02 18:49:32,-48682,1,5.5056544814,0.257217351935
2012-08-02 18:49:33,-48681,1,6.08690452604,0.581250044643
2012-08-02 18:49:34,-48680,1,7.09203845982,1.00513393378
2012-08-02 18:49:35,-48679,1,8.49382411979,1.40178565997
2012-08-02 18:49:36,-48678,1,10.1151037552,1.62127963542
2012-08-02 18:49:37,-48677,1,11.7111601585,1.59605640327
2012-08-02 18:49:38,-48676,1,13.0937493579,1.3825891994
2012-08-02 18:49:39,-48675,1,14.2011154278,1.10736606994
2012-08-02 18:49:40,-48674,1,15.0630202723,0.861904844494
2012-08-02 18:49:41,-48673,1,15.706026378,0.643006105655
2012-08-02 18:49:42,-48672,1,16.1106396414,0.404613263393
2012-08-02 18:49:43,-48671,1,16.2476189025,0.136979261161
2012-08-02 18:49:44,-48670,1,16.1231396927,-0.124479209822
2012-08-02 18:49:45,-48669,1,15.7695681124,-0.353571580357
2012-08-02 18:49:46,-48668,1,15.1995530952,-0.570015017113
2012-08-02 18:49:47,-48667,1,14.4334072567,-0.766145838542
2012-08-02 18:49:48,-48666,1,13.6049847731,-0.828422483631
2012-08-02 18:49:49,-48665,1,12.9488093631,-0.65617540997
2012-08-02 18:49:50,-48664,1,12.587425564,-0.361383799107
2012-08-02 18:49:51,-48663,1,12.3480654874,-0.239360076637
2012-08-02 18:49:52,-48662,1,11.8575148891,-0.490550598214
2012-08-02 18:49:53,-48661,1,10.8384672634,-1.01904762574
2012-08-02 18:49:54,-48660,1,9.28080357143,-1.55766369196
2012-08-02 18:49:55,-48659,1,7.33824404762,-1.94255952381
2012-08-02 18:49:56,-48658,1,5.17433035714,-2.16391369048
2012-08-02 18:49:57,-48657,1,3.03013392857,-2.14419642857
2012-08-02 18:49:58,-48656,1,0.0,-3.03013392857
2012-08-02 18:49:59,-48655,1,0.0,0.0
2012-08-02 18:50:00,-48654,1,0.0,0.0
2012-08-02 18:50:01,-48653,1,0.0,0.0
2012-08-02 18:50:02,-48652,1,0.0,0.0
2012-08-02 18:50:03,-48651,1,0.0,0.0
