timestamp,cycle_sec,timestep,speed_mph,accel_meters_ps
2012-08-01 07:55:44,0,55235,0.0,0.0
2012-08-01 07:55:45,1,1,1.81443419717,1.81443419717
2012-08-01 07:55:46,2,1,2.77410668676,0.959672489583
2012-08-01 07:55:47,3,1,3.41934473586,0.645238049107
2012-08-01 07:55:48,4,1,3.65215726488,0.232812529018
2012-08-01 07:55:49,5,1,3.6428567247,-0.00930054017857
2012-08-01 07:55:50,6,1,3.55520795833,-0.0876487663691
2012-08-01 07:55:51,7,1,3.47046097098,-0.0847469873512
2012-08-01 07:55:52,8,1,3.42894316815,-0.0415178028274
2012-08-01 07:55:53,9,1,3.44345217188,0.0145090037202
2012-08-01 07:55:54,10,1,3.49002961607,0.0465774441964
2012-08-01 07:55:55,11,1,3.52931532813,0.0392857120536
2012-08-01 07:55:56,12,1,3.54315451414,0.0138391860119
2012-08-01 07:55:57,13,1,3.54590732217,0.00275280803572
2012-08-01 07:55:58,14,1,3.56450836458,0.0186010424107
2012-08-01 07:55:59,15,1,3.61450832738,0.0499999627976
2012-08-01 07:56:00,16,1,3.69218698735,0.0776786599702
2012-08-01 07:56:01,17,1,3.78266331994,0.0904763325893
2012-08-01 07:56:02,18,1,3.88400270164,0.101339381696
2012-08-01 07:56:03,19,1,4.02388364211,0.139880940476
2012-08-01 07:56:04,20,1,4.2331097433,0.20922610119
2012-08-01 07:56:05,21,1,4.5027525439,0.269642800595
2012-08-01 07:56:06,22,1,4.77641331324,0.273660769345
2012-08-01 07:56:07,23,1,4.98005927827,0.20364596503
2012-08-01 07:56:08,24,1,5.0677825878,0.0877233095238
2012-08-01 07:56:09,25,1,5.05282719792,-0.0149553898809
2012-08-01 07:56:10,26,1,5.00126454688,-0.0515626510417
2012-08-01 07:56:11,27,1,4.99709770908,-0.00416683779762
2012-08-01 07:56:12,28,1,5.09843689955,0.101339190476
2012-08-01 07:56:13,29,1,5.31220178497,0.213764885417
2012-08-01 07:56:14,30,1,5.59642802827,0.284226243304
2012-08-01 07:56:15,31,1,5.88102627827,0.28459825
2012-08-01 07:56:16,32,1,6.12008879167,0.239062513393
2012-08-01 07:56:17,33,1,6.33586263021,0.215773838542
2012-08-01 07:56:18,34,1,6.58504422619,0.249181595982
2012-08-01 07:56:19,35,1,6.8943448631,0.309300636905
2012-08-01 07:56:20,36,1,7.23876454092,0.344419677827
2012-08-01 07:56:21,37,1,7.55959792485,0.320833383929
2012-08-01 07:56:22,38,1,7.81354145833,0.253943533482
2012-08-01 07:56:23,39,1,8.0153272686,0.201785810268
2012-08-01 07:56:24,40,1,8.21287196057,0.197544691964
2012-08-01 07:56:25,41,1,8.42611595536,0.213243994792
2012-08-01 07:56:26,42,1,8.62931522768,0.203199272321
2012-08-01 07:56:27,43,1,8.78749962277,0.158184395089
2012-08-01 07:56:28,44,1,8.89702337872,0.109523755952
2012-08-01 07:56:29,45,1,8.98288648661,0.0858631078869
2012-08-01 07:56:30,46,1,9.05744005878,0.0745535721726
2012-08-01 07:56:31,47,1,9.09345191443,0.0360118556548
2012-08-01 07:56:32,48,1,9.04546079911,-0.0479911153274
2012-08-01 07:56:33,49,1,8.89337750595,-0.152083293155
2012-08-01 07:56:34,50,1,8.66034192857,-0.233035577381
2012-08-01 07:56:35,51,1,8.39486588318,-0.265476045387
2012-08-01 07:56:36,52,1,8.14598199256,-0.248883890625
2012-08-01 07:56:37,53,1,7.94858607068,-0.197395921875
2012-08-01 07:56:38,54,1,7.81041629241,-0.138169778274
2012-08-01 07:56:39,55,1,7.69836262054,-0.112053671875
2012-08-01 07:56:40,56,1,7.54799056622,-0.150372054315
2012-08-01 07:56:41,57,1,7.3157733378,-0.232217228423
2012-08-01 07:56:42,58,1,7.02968709003,-0.286086247768
2012-08-01 07:56:43,59,1,6.7680799933,-0.261607096726
2012-08-01 07:56:44,60,1,6.58824367634,-0.179836316964
2012-08-01 07:56:45,61,1,6.48563942932,-0.102604247024
2012-08-01 07:56:46,62,1,6.39672562946,-0.0889137998512
2012-08-01 07:56:47,63,1,6.20632380357,-0.190401825893
2012-08-01 07:56:48,64,1,5.75409174554,-0.452232058036
2012-08-01 07:56:49,65,1,4.8825145439,-0.871577201637
2012-08-01 07:56:50,66,1,3.57217247619,-1.31034206771
2012-08-01 07:56:51,67,1,2.12124253906,-1.45092993713
2012-08-01 07:56:52,68,1,0.0,-2.12124253906
2012-08-01 09:27:29,-80895,5437,0.0,0.0
2012-08-01 09:27:30,-80894,1,2.32187467857,2.32187467857
2012-08-01 09:27:31,-80893,1,3.88824357664,1.56636889807
2012-08-01 09:27:32,-80892,1,5.29806497619,1.40982139955
2012-08-01 09:27:33,-80891,1,6.29136864286,0.993303666667
2012-08-01 09:27:34,-80890,1,6.94880926935,0.657440626488
2012-08-01 09:27:35,-80889,1,7.44304303757,0.494233768229
2012-08-01 09:27:36,-80888,1,7.84508925744,0.402046219866
2012-08-01 09:27:37,-80887,1,8.1102678631,0.265178605655
2012-08-01 09:27:38,-80886,1,8.19300596057,0.0827380974702
2012-08-01 09:27:39,-80885,1,8.16867560491,-0.0243303556548
2012-08-01 09:27:40,-80884,1,8.22708334598,0.0584077410714
2012-08-01 09:27:41,-80883,1,8.49367557068,0.266592224702
2012-08-01 09:27:42,-80882,1,8.86510401042,0.371428439732
2012-08-01 09:27:43,-80881,1,9.04226152307,0.177157512649
2012-08-01 09:27:44,-80880,1,8.71324343973,-0.329018083333
2012-08-01 09:27:45,-80879,1,7.73623441667,-0.977009023065
2012-08-01 09:27:46,-80878,1,6.18028213765,-1.55595227902
2012-08-01 09:27:47,-80877,1,4.2656246317,-1.91465750595
2012-08-01 09:27:48,-80876,1,2.42276770089,-1.8428569308
2012-08-01 09:27:49,-80875,1,0.0,-2.42276770089
2012-08-01 11:43:25,-72739,8136,0.0,0.0
2012-08-01 11:43:26,-72738,1,3.07075860045,3.07075860045
2012-08-01 11:43:27,-72737,1,4.88065434673,1.80989574628
2012-08-01 11:43:28,-72736,1,6.20967224107,1.32901789435
2012-08-01 11:43:29,-72735,1,6.75379435863,0.54412211756
2012-08-01 11:43:30,-72734,1,6.62150274182,-0.132291616815
2012-08-01 11:43:31,-72733,1,6.02909198065,-0.592410761161
2012-08-01 11:43:32,-72732,1,5.17157696577,-0.857515014881
2012-08-01 11:43:33,-72731,1,4.24374944643,-0.927827519345
2012-08-01 11:43:34,-72730,1,3.46547559003,-0.778273856399
2012-08-01 11:43:35,-72729,1,3.03124945238,-0.434226137649
2012-08-01 11:43:36,-72728,1,3.02403227604,-0.00721717633928
2012-08-01 11:43:37,-72727,1,3.38325851786,0.359226241815
2012-08-01 11:43:38,-72726,1,3.94932994048,0.566071422619
2012-08-01 11:43:39,-72725,1,4.54352635491,0.594196414435
2012-08-01 11:43:40,-72724,1,5.0423359308,0.498809575893
2012-08-01 11:43:41,-72723,1,5.40840748438,0.366071553571
2012-08-01 11:43:42,-72722,1,5.66398798289,0.255580498512
2012-08-01 11:43:43,-72721,1,5.84761902976,0.183631046875
2012-08-01 11:43:44,-72720,1,5.99159223661,0.143973206845
2012-08-01 11:43:45,-72719,1,6.10066949033,0.10907725372
2012-08-01 11:43:46,-72718,1,6.11525263839,0.0145831480655
2012-08-01 11:43:47,-72717,1,5.90677035491,-0.208482283482
2012-08-01 11:43:48,-72716,1,5.33973162426,-0.567038730655
2012-08-01 11:43:49,-72715,1,4.35438941443,-0.985342209821
2012-08-01 11:43:50,-72714,1,3.04352643304,-1.3108629814
2012-08-01 11:43:51,-72713,1,1.73679294122,-1.30673349182
2012-08-01 11:43:52,-72712,1,0.0,-1.73679294122
2012-08-01 12:57:42,-68282,4430,0.0,0.0
2012-08-01 12:57:43,-68281,1,2.63005937277,2.63005937277
2012-08-01 12:57:44,-68280,1,4.54121987649,1.91116050372
2012-08-01 12:57:45,-68279,1,6.48623452307,1.94501464658
2012-08-01 12:57:46,-68278,1,8.26019271429,1.77395819122
2012-08-01 12:57:47,-68277,1,9.91800521949,1.65781250521
2012-08-01 12:57:48,-68276,1,11.4986229092,1.58061768973
2012-08-01 12:57:49,-68275,1,12.8810263676,1.38240345833
2012-08-01 12:57:50,-68274,1,13.8988092798,1.0177829122
2012-08-01 12:57:51,-68273,1,14.5168153705,0.618006090774
2012-08-01 12:57:52,-68272,1,14.827157715,0.310342344494
2012-08-01 12:57:53,-68271,1,14.9203124717,0.0931547566964
2012-08-01 12:57:54,-68270,1,14.8029016741,-0.117410797619
2012-08-01 12:57:55,-68269,1,14.4200890707,-0.382812603423
2012-08-01 12:57:56,-68268,1,13.7659223214,-0.654166749256
2012-08-01 12:57:57,-68267,1,12.9566216793,-0.809300642113
2012-08-01 12:57:58,-68266,1,12.1529014479,-0.803720231399
2012-08-01 12:57:59,-68265,1,11.4540919769,-0.698809470982
2012-08-01 12:58:00,-68264,1,10.9079610685,-0.546130908482
2012-08-01 12:58:01,-68263,1,10.5539431793,-0.354017889137
2012-08-01 12:58:02,-68262,1,10.4035710208,-0.150372158482
2012-08-01 12:58:03,-68261,1,10.4005202411,-0.0030507797619
2012-08-01 12:58:04,-68260,1,10.3950885573,-0.0054316837797
2012-08-01 12:58:05,-68259,1,10.1359367329,-0.259151824405
2012-08-01 12:58:06,-68258,1,9.32797546429,-0.807961268601
2012-08-01 12:58:07,-68257,1,7.77574341815,-1.55223204613
2012-08-01 12:58:08,-68256,1,5.56703820833,-2.20870520982
2012-08-01 12:58:09,-68255,1,3.22157707217,-2.34546113616
2012-08-01 12:58:10,-68254,1,0.0,-3.22157707217
2012-08-01 15:30:57,-59087,9167,0.0,0.0
2012-08-01 15:30:58,-59086,1,1.84546097396,1.84546097396
2012-08-01 15:30:59,-59085,1,2.71227636384,0.866815389881
2012-08-01 15:31:00,-59084,1,3.18973176042,0.477455396577
2012-08-01 15:31:01,-59083,1,3.28519320238,0.0954614419643
2012-08-01 15:31:02,-59082,1,3.34650286161,0.0613096592262
2012-08-01 15:31:03,-59081,1,3.61882434673,0.272321485119
2012-08-01 15:31:04,-59080,1,4.09449393304,0.47566958631
2012-08-01 15:31:05,-59079,1,4.63318427381,0.538690340774
2012-08-01 15:31:06,-59078,1,5.09047580506,0.45729153125
2012-08-01 15:31:07,-59077,1,5.37202336756,0.2815475625
2012-08-01 15:31:08,-59076,1,5.46748473214,0.0954613645833
2012-08-01 15:31:09,-59075,1,5.45215748289,-0.015327249256
2012-08-01 15:31:10,-59074,1,5.44486595759,-0.00729152529761
2012-08-01 15:31:11,-59073,1,5.54999997545,0.105134017857
2012-08-01 15:31:12,-59072,1,5.79523806696,0.245238091518
2012-08-01 15:31:13,-59071,1,6.10870524554,0.313467178571
2012-08-01 15:31:14,-59070,1,6.3821426436,0.273437398065
2012-08-01 15:31:15,-59069,1,6.56227649479,0.18013385119
2012-08-01 15:31:16,-59068,1,6.6726187061,0.11034221131
2012-08-01 15:31:17,-59067,1,6.76331807068,0.0906993645833
2012-08-01 15:31:18,-59066,1,6.87187457738,0.108556506696
2012-08-01 15:31:19,-59065,1,7.02738051637,0.155505938988
2012-08-01 15:31:20,-59064,1,7.24932998512,0.22194946875
2012-08-01 15:31:21,-59063,1,7.53043130357,0.281101318452
2012-08-01 15:31:22,-59062,1,7.83095222917,0.300520925595
2012-08-01 15:31:23,-59061,1,8.08578850223,0.254836273065
2012-08-01 15:31:24,-59060,1,8.24069907292,0.154910570685
2012-08-01 15:31:25,-59059,1,8.30602632217,0.065327249256
2012-08-01 15:31:26,-59058,1,8.35252925595,0.0465029337798
2012-08-01 15:31:27,-59057,1,8.4477673564,0.0952381004464
2012-08-01 15:31:28,-59056,1,8.61056494048,0.162797584077
2012-08-01 15:31:29,-59055,1,8.80535650818,0.194791567708
2012-08-01 15:31:30,-59054,1,8.96517784449,0.15982133631
2012-08-01 15:31:31,-59053,1,9.03720166443,0.0720238199405
2012-08-01 15:31:32,-59052,1,8.9999250067,-0.0372766577381
2012-08-01 15:31:33,-59051,1,8.82559479539,-0.17433021131
2012-08-01 15:31:34,-59050,1,8.45721686161,-0.36837793378
2012-08-01 15:31:35,-59049,1,7.85126439509,-0.605952466518
2012-08-01 15:31:36,-59048,1,7.0428565186,-0.808407876488
2012-08-01 15:31:37,-59047,1,6.1701629628,-0.872693555804
2012-08-01 15:31:38,-59046,1,5.42522245908,-0.74494050372
2012-08-01 15:31:39,-59045,1,4.94739511161,-0.47782734747
2012-08-01 15:31:40,-59044,1,4.74910646949,-0.198288642113
2012-08-01 15:31:41,-59043,1,4.74999937426,0.0008929047619
2012-08-01 15:31:42,-59042,1,4.86019290253,0.110193528274
2012-08-01 15:31:43,-59041,1,5.00662157515,0.146428672619
2012-08-01 15:31:44,-59040,1,5.12105617857,0.114434603423
2012-08-01 15:31:45,-59039,1,5.15781217113,0.0367559925595
2012-08-01 15:31:46,-59038,1,5.11264849256,-0.0451636785714
2012-08-01 15:31:47,-59037,1,5.0057288378,-0.106919654762
2012-08-01 15:31:48,-59036,1,4.84813951042,-0.157589327381
2012-08-01 15:31:49,-59035,1,4.58630906771,-0.261830442708
2012-08-01 15:31:50,-59034,1,4.0639875439,-0.52232152381
2012-08-01 15:31:51,-59033,1,3.14047564137,-0.92351190253
2012-08-01 15:31:52,-59032,1,1.97243263132,-1.16804301004
2012-08-01 15:31:53,-59031,1,0.0,-1.97243263132
2012-08-01 19:00:07,-46537,12494,0.0,0.0
2012-08-01 19:00:08,-46536,1,2.26927056771,2.26927056771
2012-08-01 19:00:09,-46535,1,3.58534193824,1.31607137054
2012-08-01 19:00:10,-46534,1,4.5324402061,0.947098267857
2012-08-01 19:00:11,-46533,1,4.92745521726,0.395015011161
2012-08-01 19:00:12,-46532,1,4.96971723512,0.0422620178571
2012-08-01 19:00:13,-46531,1,4.91276042894,-0.0569568061756
2012-08-01 19:00:14,-46530,1,4.90238092411,-0.0103795048363
2012-08-01 19:00:15,-46529,1,5.03541654315,0.133035619048
2012-08-01 19:00:16,-46528,1,5.43281228051,0.397395737351
2012-08-01 19:00:17,-46527,1,6.21383903051,0.78102675
2012-08-01 19:00:18,-46526,1,7.43184502158,1.21800599107
2012-08-01 19:00:19,-46525,1,9.02589269792,1.59404767634
2012-08-01 19:00:20,-46524,1,10.8309522284,1.80505953051
2012-08-01 19:00:21,-46523,1,12.6587051518,1.82775292336
2012-08-01 19:00:22,-46522,1,14.3661455469,1.70744039509
2012-08-01 19:00:23,-46521,1,15.8623508118,1.49620526488
2012-08-01 19:00:24,-46520,1,17.080207869,1.21785705729
2012-08-01 19:00:25,-46519,1,17.9349697254,0.854761856399
2012-08-01 19:00:26,-46518,1,18.3250738973,0.390104171875
2012-08-01 19:00:27,-46517,1,18.2053566845,-0.119717212798
2012-08-01 19:00:28,-46516,1,17.6344489955,-0.570907688988
2012-08-01 19:00:29,-46515,1,16.7353418482,-0.899107147321
2012-08-01 19:00:30,-46514,1,15.6572912001,-1.07805064807
2012-08-01 19:00:31,-46513,1,14.5820679487,-1.07522325149
2012-08-01 19:00:32,-46512,1,13.6814727381,-0.900595210566
2012-08-01 19:00:33,-46511,1,12.997990689,-0.683482049107
2012-08-01 19:00:34,-46510,1,12.3880205833,-0.609970105655
2012-08-01 19:00:35,-46509,1,11.6363094048,-0.751711178571
2012-08-01 19:00:36,-46508,1,10.6420386615,-0.994270743304
2012-08-01 19:00:37,-46507,1,9.46994048214,-1.17209817932
2012-08-01 19:00:38,-46506,1,8.19188988914,-1.27805059301
2012-08-01 19:00:39,-46505,1,6.71413691518,-1.47775297396
2012-08-01 19:00:40,-46504,1,4.89337799851,-1.82075891667
2012-08-01 19:00:41,-46503,1,2.91845239881,-1.9749255997
2012-08-01 19:00:42,-46502,1,0.0,-2.91845239881
