timestamp,cycle_sec,timestep,speed_mph,accel_meters_ps
2012-07-31 07:39:04,0,45698,0.0,0.0
2012-07-31 07:39:05,1,1,1.98876486756,1.98876486756
2012-07-31 07:39:06,2,1,2.95982132589,0.971056458333
2012-07-31 07:39:07,3,1,3.5168896689,0.557068343006
2012-07-31 07:39:08,4,1,3.61741045536,0.100520786458
2012-07-31 07:39:09,5,1,3.59605633482,-0.0213541205357
2012-07-31 07:39:10,6,1,3.72738083854,0.13132450372
2012-07-31 07:39:11,7,1,4.05714279167,0.329761953125
2012-07-31 07:39:12,8,1,4.47046115997,0.413318368304
2012-07-31 07:39:13,9,1,4.82581811756,0.355356957589
2012-07-31 07:39:14,10,1,5.05825841146,0.232440293899
2012-07-31 07:39:15,11,1,5.18779701116,0.129538599702
2012-07-31 07:39:16,12,1,5.26063931548,0.0728423043155
2012-07-31 07:39:17,13,1,5.30944898884,0.0488096733631
2012-07-31 07:39:18,14,1,5.34680034896,0.037351360119
2012-07-31 07:39:19,15,1,5.37209807292,0.0252977239583
2012-07-31 07:39:20,16,1,5.38712783631,0.0150297633928
2012-07-31 07:39:21,17,1,5.39933011756,0.01220228125
2012-07-31 07:39:22,18,1,5.41376446949,0.0144343519345
2012-07-31 07:39:23,19,1,5.44389820982,0.0301337403274
2012-07-31 07:39:24,20,1,5.52559451339,0.0816963035714
2012-07-31 07:39:25,21,1,5.69851117634,0.172916662946
2012-07-31 07:39:26,22,1,5.96502912723,0.266517950893
2012-07-31 07:39:27,23,1,6.26272267857,0.297693551339
2012-07-31 07:39:28,24,1,6.48675545164,0.224032773065
2012-07-31 07:39:29,25,1,6.56465723065,0.0779017790179
2012-07-31 07:39:30,26,1,6.5190471503,-0.0456100803571
2012-07-31 07:39:31,27,1,6.44985086086,-0.0691962894345
2012-07-31 07:39:32,28,1,6.45290163765,0.00305077678571
2012-07-31 07:39:33,29,1,6.55811005804,0.105208420387
2012-07-31 07:39:34,30,1,6.73191950149,0.173809443452
2012-07-31 07:39:35,31,1,6.91971693527,0.18779743378
2012-07-31 07:39:36,32,1,7.09270782068,0.172990885417
2012-07-31 07:39:37,33,1,7.26993983259,0.177232011905
2012-07-31 07:39:38,34,1,7.49531180952,0.225371976935
2012-07-31 07:39:39,35,1,7.78764817411,0.292336364583
2012-07-31 07:39:40,36,1,8.10877926042,0.32113108631
2012-07-31 07:39:41,37,1,8.37991035491,0.271131094494
2012-07-31 07:39:42,38,1,8.5367556436,0.15684528869
2012-07-31 07:39:43,39,1,8.57060970908,0.0338540654762
2012-07-31 07:39:44,40,1,8.50729107813,-0.0633186309524
2012-07-31 07:39:45,41,1,8.35781181548,-0.149479262649
2012-07-31 07:39:46,42,1,8.11822852902,-0.239583286458
2012-07-31 07:39:47,43,1,7.80996969568,-0.308258833333
2012-07-31 07:39:48,44,1,7.48682985491,-0.323139840774
2012-07-31 07:39:49,45,1,7.19456794643,-0.292261908482
2012-07-31 07:39:50,46,1,6.93616025074,-0.258407695685
2012-07-31 07:39:51,47,1,6.69456811905,-0.241592131696
2012-07-31 07:39:52,48,1,6.48787183036,-0.20669628869
2012-07-31 07:39:53,49,1,6.3637647314,-0.124107098958
2012-07-31 07:39:54,50,1,6.33147301042,-0.0322917209821
2012-07-31 07:39:55,51,1,6.33400269494,0.00252968452381
2012-07-31 07:39:56,52,1,6.29002942857,-0.043973266369
2012-07-31 07:39:57,53,1,6.15014843378,-0.139880994792
2012-07-31 07:39:58,54,1,5.9278269308,-0.222321502976
2012-07-31 07:39:59,55,1,5.68794587872,-0.239881052083
2012-07-31 07:40:00,56,1,5.5081094933,-0.179836385417
2012-07-31 07:40:01,57,1,5.44635349479,-0.0617559985119
2012-07-31 07:40:02,58,1,5.50178499777,0.0554315029762
2012-07-31 07:40:03,59,1,5.56897245685,0.0671874590774
2012-07-31 07:40:04,60,1,5.46502899256,-0.103943464286
2012-07-31 07:40:05,61,1,5.02760344494,-0.437425547619
2012-07-31 07:40:06,62,1,4.17775238393,-0.849851061012
2012-07-31 07:40:07,63,1,2.97239542857,-1.20535695536
2012-07-31 07:40:08,64,1,1.72395810789,-1.24843732068
2012-07-31 07:40:09,65,1,0.0,-1.72395810789
2012-07-31 08:46:04,-82380,3955,0.0,0.0
2012-07-31 08:46:05,-82379,1,2.65483611458,2.65483611458
2012-07-31 08:46:06,-82378,1,4.25446400149,1.5996278869
2012-07-31 08:46:07,-82377,1,5.50840740253,1.25394340104
2012-07-31 08:46:08,-82376,1,6.23831811756,0.72991071503
2012-07-31 08:46:09,-82375,1,6.61636871875,0.37805060119
2012-07-31 08:46:10,-82374,1,6.8589281942,0.242559475446
2012-07-31 08:46:11,-82373,1,7.09084775149,0.231919557292
2012-07-31 08:46:12,-82372,1,7.34880901339,0.257961261905
2012-07-31 08:46:13,-82371,1,7.5938239308,0.245014917411
2012-07-31 08:46:14,-82370,1,7.72998474405,0.136160813244
2012-07-31 08:46:15,-82369,1,7.68169614435,-0.0482885997024
2012-07-31 08:46:16,-82368,1,7.49047593824,-0.191220206101
2012-07-31 08:46:17,-82367,1,7.31443427307,-0.176041665179
2012-07-31 08:46:18,-82366,1,7.29583312054,-0.0186011525298
2012-07-31 08:46:19,-82365,1,7.42306535268,0.127232232143
2012-07-31 08:46:20,-82364,1,7.54851186905,0.125446516369
2012-07-31 08:46:21,-82363,1,7.5458333378,-0.00267853125
2012-07-31 08:46:22,-82362,1,7.41294643527,-0.13288690253
2012-07-31 08:46:23,-82361,1,7.23206845387,-0.180877981399
2012-07-31 08:46:24,-82360,1,7.08005952381,-0.15200893006
2012-07-31 08:46:25,-82359,1,6.96986607292,-0.110193450893
2012-07-31 08:46:26,-82358,1,6.86934524479,-0.100520828125
2012-07-31 08:46:27,-82357,1,6.78571429167,-0.083630953125
2012-07-31 08:46:28,-82356,1,6.77596723437,-0.00974705729167
2012-07-31 08:46:29,-82355,1,6.85312488616,0.0771576517857
2012-07-31 08:46:30,-82354,1,6.95178546205,0.0986605758929
2012-07-31 08:46:31,-82353,1,6.99345195982,0.0416664977679
2012-07-31 08:46:32,-82352,1,6.95014825074,-0.0433037090774
2012-07-31 08:46:33,-82351,1,6.87246964137,-0.077678609375
2012-07-31 08:46:34,-82350,1,6.85602623735,-0.0164434040179
2012-07-31 08:46:35,-82349,1,6.94322867113,0.0872024337798
2012-07-31 08:46:36,-82348,1,7.08095188542,0.137723214286
2012-07-31 08:46:37,-82347,1,7.19040123735,0.109449351935
2012-07-31 08:46:38,-82346,1,7.243675,0.0532737626488
2012-07-31 08:46:39,-82345,1,7.26636849554,0.0226934955357
2012-07-31 08:46:40,-82344,1,7.29441922619,0.0280507306548
2012-07-31 08:46:41,-82343,1,7.34687471205,0.0524554858631
2012-07-31 08:46:42,-82342,1,7.42633904688,0.0794643348214
2012-07-31 08:46:43,-82341,1,7.51644320536,0.0901041584821
2012-07-31 08:46:44,-82340,1,7.57685986979,0.0604166644345
2012-07-31 08:46:45,-82339,1,7.55468729018,-0.0221725796131
2012-07-31 08:46:46,-82338,1,7.42291650893,-0.13177078125
2012-07-31 08:46:47,-82337,1,7.22976175223,-0.193154756696
2012-07-31 08:46:48,-82336,1,7.08065455655,-0.149107195685
2012-07-31 08:46:49,-82335,1,7.04516340402,-0.0354911525298
2012-07-31 08:46:50,-82334,1,7.11205319122,0.0668897872024
2012-07-31 08:46:51,-82333,1,7.22782690997,0.11577371875
2012-07-31 08:46:52,-82332,1,7.3359369814,0.108110071429
2012-07-31 08:46:53,-82331,1,7.39330309301,0.0573661116071
2012-07-31 08:46:54,-82330,1,7.370535375,-0.0227677180059
2012-07-31 08:46:55,-82329,1,7.23623496131,-0.13430041369
2012-07-31 08:46:56,-82328,1,6.97328866592,-0.262946295387
2012-07-31 08:46:57,-82327,1,6.59211311086,-0.38117555506
2012-07-31 08:46:58,-82326,1,6.04575890253,-0.546354208333
2012-07-31 08:46:59,-82325,1,5.1700891756,-0.875669726935
2012-07-31 08:47:00,-82324,1,3.85267840179,-1.31741077381
2012-07-31 08:47:01,-82323,1,2.33653257887,-1.51614582292
2012-07-31 08:47:02,-82322,1,0.0,-2.33653257887
2012-07-31 10:55:12,-74632,7690,0.0,0.0
2012-07-31 10:55:13,-74631,1,2.12656220685,2.12656220685
2012-07-31 10:55:14,-74630,1,3.17566921205,1.04910700521
2012-07-31 10:55:15,-74629,1,3.83764827381,0.661979061756
2012-07-31 10:55:16,-74628,1,4.14330297173,0.305654697917
2012-07-31 10:55:17,-74627,1,4.39002916518,0.246726193452
2012-07-31 10:55:18,-74626,1,4.72135366071,0.331324495536
2012-07-31 10:55:19,-74625,1,5.07194903571,0.350595375
2012-07-31 10:55:20,-74624,1,5.32983603497,0.257886999256
2012-07-31 10:55:21,-74623,1,5.46502947693,0.135193441964
2012-07-31 10:55:22,-74622,1,5.53385379762,0.0688243206845
2012-07-31 10:55:23,-74621,1,5.58958290402,0.0557291063988
2012-07-31 10:55:24,-74620,1,5.63251445982,0.0429315558036
2012-07-31 10:55:25,-74619,1,5.6562496183,0.0237351584821
2012-07-31 10:55:26,-74618,1,5.69233596949,0.0360863511905
2012-07-31 10:55:27,-74617,1,5.79672590625,0.104389936756
2012-07-31 10:55:28,-74616,1,6.01153252902,0.214806622768
2012-07-31 10:55:29,-74615,1,6.33638378125,0.324851252232
2012-07-31 10:55:30,-74614,1,6.73080341667,0.394419635417
2012-07-31 10:55:31,-74613,1,7.14345213021,0.412648713542
2012-07-31 10:55:32,-74612,1,7.53973177083,0.396279640625
2012-07-31 10:55:33,-74611,1,7.90520790402,0.365476133185
2012-07-31 10:55:34,-74610,1,8.23333291667,0.328125012649
2012-07-31 10:55:35,-74609,1,8.52619006696,0.292857150298
2012-07-31 10:55:36,-74608,1,8.7901037128,0.263913645833
2012-07-31 10:55:37,-74607,1,9.00781196503,0.217708252232
2012-07-31 10:55:38,-74606,1,9.14746961161,0.139657646577
2012-07-31 10:55:39,-74605,1,9.2183028564,0.0708332447917
2012-07-31 10:55:40,-74604,1,9.28988015774,0.0715773013393
2012-07-31 10:55:41,-74603,1,9.44895748586,0.159077328125
2012-07-31 10:55:42,-74602,1,9.7301330878,0.281175601935
2012-07-31 10:55:43,-74601,1,10.0694188579,0.339285770089
2012-07-31 10:55:44,-74600,1,10.3404010327,0.270982174851
2012-07-31 10:55:45,-74599,1,10.4434515893,0.103050556548
2012-07-31 10:55:46,-74598,1,10.3417402262,-0.101711363095
2012-07-31 10:55:47,-74597,1,10.035713474,-0.306026752232
2012-07-31 10:55:48,-74596,1,9.55007373512,-0.485639738839
2012-07-31 10:55:49,-74595,1,8.93913641146,-0.610937323661
2012-07-31 10:55:50,-74594,1,8.25881660156,-0.680319809896
2012-07-31 10:55:51,-74593,1,7.51153242113,-0.747284180432
2012-07-31 10:55:52,-74592,1,6.65044608408,-0.861086337054
2012-07-31 10:55:53,-74591,1,5.69732103423,-0.953125049851
2012-07-31 10:55:54,-74590,1,4.87540879055,-0.821912243676
2012-07-31 10:55:55,-74589,1,4.54970191443,-0.325706876116
2012-07-31 10:55:56,-74588,1,4.9300962474,0.380394332961
2012-07-31 10:55:57,-74587,1,5.82202333036,0.891927082961
2012-07-31 10:55:58,-74586,1,6.71621974702,0.894196416667
2012-07-31 10:55:59,-74585,1,7.14910663988,0.432886892857
2012-07-31 10:56:00,-74584,1,7.00881649144,-0.140290148437
2012-07-31 10:56:01,-74583,1,6.50877938021,-0.500037111235
2012-07-31 10:56:02,-74582,1,5.85907713095,-0.649702249256
2012-07-31 10:56:03,-74581,1,5.01309511905,-0.845982011905
2012-07-31 10:56:04,-74580,1,3.80595235193,-1.20714276711
2012-07-31 10:56:05,-74579,1,2.35825892932,-1.44769342262
2012-07-31 10:56:06,-74578,1,0.0,-2.35825892932
2012-07-31 13:07:53,-66671,7907,0.0,0.0
2012-07-31 13:07:54,-66670,1,1.79746985863,1.79746985863
2012-07-31 13:07:55,-66669,1,2.90937439658,1.11190453795
2012-07-31 13:07:56,-66668,1,3.84345168452,0.934077287946
2012-07-31 13:07:57,-66667,1,4.39781685689,0.554365172371
2012-07-31 13:07:58,-66666,1,4.59980116989,0.201984312996
2012-07-31 13:07:59,-66665,1,4.52105626637,-0.0787449035218
2012-07-31 13:08:00,-66664,1,4.23772296875,-0.283333297619
2012-07-31 13:08:01,-66663,1,3.83616046503,-0.40156250372
2012-07-31 13:08:02,-66662,1,3.41741050149,-0.418749963542
2012-07-31 13:08:03,-66661,1,3.15012388591,-0.267286615575
2012-07-31 13:08:04,-66660,1,3.29875989162,0.148636005704
2012-07-31 13:08:05,-66659,1,4.11555060565,0.816790714038
2012-07-31 13:08:06,-66658,1,5.6593005744,1.54374996875
2012-07-31 13:08:07,-66657,1,7.71056536384,2.05126478943
2012-07-31 13:08:08,-66656,1,9.88095212872,2.17038676488
2012-07-31 13:08:09,-66655,1,11.8467753725,1.9658232438
2012-07-31 13:08:10,-66654,1,13.4986105508,1.65183517832
2012-07-31 13:08:11,-66653,1,14.8892107076,1.39060015675
2012-07-31 13:08:12,-66652,1,16.0942702872,1.20505957961
2012-07-31 13:08:13,-66651,1,17.1325888304,1.03831854315
2012-07-31 13:08:14,-66650,1,17.9614579271,0.828869096726
2012-07-31 13:08:15,-66649,1,18.5188239524,0.557366025298
2012-07-31 13:08:16,-66648,1,18.7799101585,0.261086206101
2012-07-31 13:08:17,-66647,1,18.765401186,-0.0145089724702
2012-07-31 13:08:18,-66646,1,18.4991810305,-0.266220155506
2012-07-31 13:08:19,-66645,1,17.9841514457,-0.515029584821
2012-07-31 13:08:20,-66644,1,17.1892855677,-0.794865877976
2012-07-31 13:08:21,-66643,1,16.0230282519,-1.16625731585
2012-07-31 13:08:22,-66642,1,14.3571428348,-1.66588541704
2012-07-31 13:08:23,-66641,1,12.1032736749,-2.25386915997
2012-07-31 13:08:24,-66640,1,9.29069912723,-2.81257454762
2012-07-31 13:08:25,-66639,1,6.17961274926,-3.11108637798
2012-07-31 13:08:26,-66638,1,3.35580328199,-2.82380946726
2012-07-31 13:08:27,-66637,1,0.0,-3.35580328199
2012-07-31 16:18:59,-55205,11432,0.0,0.0
2012-07-31 16:19:00,-55204,1,1.91037933147,1.91037933147
2012-07-31 16:19:01,-55203,1,2.84940454762,0.939025216146
2012-07-31 16:19:02,-55202,1,3.40617530208,0.556770754464
2012-07-31 16:19:03,-55201,1,3.54315442485,0.136979122768
2012-07-31 16:19:04,-55200,1,3.5382437128,-0.00491071205357
2012-07-31 16:19:05,-55199,1,3.59999967113,0.0617559583333
2012-07-31 16:19:06,-55198,1,3.75215736086,0.152157689732
2012-07-31 16:19:07,-55197,1,3.9195679881,0.167410627232
2012-07-31 16:19:08,-55196,1,4.02053519866,0.100967210565
2012-07-31 16:19:09,-55195,1,4.0276780997,0.00714290104167
2012-07-31 16:19:10,-55194,1,3.99516335714,-0.0325147425595
2012-07-31 16:19:11,-55193,1,4.00476171801,0.00959836086309
2012-07-31 16:19:12,-55192,1,4.06622009301,0.061458375
2012-07-31 16:19:13,-55191,1,4.10662178423,0.0404016912202
2012-07-31 16:19:14,-55190,1,4.07871983185,-0.027901952381
2012-07-31 16:19:15,-55189,1,4.04062444717,-0.0380953846726
2012-07-31 16:19:16,-55188,1,4.11294579762,0.0723213504464
2012-07-31 16:19:17,-55187,1,4.36904695238,0.256101154762
2012-07-31 16:19:18,-55186,1,4.75379393229,0.384746979911
2012-07-31 16:19:19,-55185,1,5.13794564211,0.384151709821
2012-07-31 16:19:20,-55184,1,5.46964196726,0.331696325149
2012-07-31 16:19:21,-55183,1,5.79426985491,0.324627887649
2012-07-31 16:19:22,-55182,1,6.13050497098,0.336235116071
2012-07-31 16:19:23,-55181,1,6.42953783185,0.299032860863
2012-07-31 16:19:24,-55180,1,6.64278210565,0.21324427381
2012-07-31 16:19:25,-55179,1,6.77909189435,0.13630978869
2012-07-31 16:19:26,-55178,1,6.91406236012,0.134970465774
2012-07-31 16:19:27,-55177,1,7.1269345119,0.212872151786
2012-07-31 16:19:28,-55176,1,7.41674105283,0.289806540923
2012-07-31 16:19:29,-55175,1,7.71309508705,0.296354034226
2012-07-31 16:19:30,-55174,1,7.95409192411,0.240996837054
2012-07-31 16:19:31,-55173,1,8.13392809301,0.179836168899
2012-07-31 16:19:32,-55172,1,8.30200840997,0.168080316964
2012-07-31 16:19:33,-55171,1,8.52254417187,0.220535761905
2012-07-31 16:19:34,-55170,1,8.81488057217,0.292336400298
2012-07-31 16:19:35,-55169,1,9.12700864211,0.31212806994
2012-07-31 16:19:36,-55168,1,9.37194920089,0.24494055878
2012-07-31 16:19:37,-55167,1,9.48668140327,0.114732202381
2012-07-31 16:19:38,-55166,1,9.44970223289,-0.0369791703869
2012-07-31 16:19:39,-55165,1,9.25654737277,-0.193154860119
2012-07-31 16:19:40,-55164,1,8.8938984003,-0.36264897247
2012-07-31 16:19:41,-55163,1,8.34055003423,-0.553348366071
2012-07-31 16:19:42,-55162,1,7.61681483408,-0.723735200149
2012-07-31 16:19:43,-55161,1,6.8316213869,-0.785193447173
2012-07-31 16:19:44,-55160,1,6.13868991964,-0.692931467262
2012-07-31 16:19:45,-55159,1,5.64650253125,-0.492187388393
2012-07-31 16:19:46,-55158,1,5.37514843824,-0.271354093006
2012-07-31 16:19:47,-55157,1,5.26242522619,-0.112723212054
2012-07-31 16:19:48,-55156,1,5.21346685417,-0.0489583720238
2012-07-31 16:19:49,-55155,1,5.16592218899,-0.0475446651786
2012-07-31 16:19:50,-55154,1,5.10066923363,-0.0652529553571
2012-07-31 16:19:51,-55153,1,5.01101152902,-0.0896577046131
2012-07-31 16:19:52,-55152,1,4.8745531942,-0.136458334821
2012-07-31 16:19:53,-55151,1,4.60833291741,-0.266220276786
2012-07-31 16:19:54,-55150,1,4.04821385193,-0.560119065476
2012-07-31 16:19:55,-55149,1,3.07894308408,-0.969270767857
2012-07-31 16:19:56,-55148,1,1.9158851875,-1.16305789658
2012-07-31 16:19:57,-55147,1,0.0,-1.9158851875
2012-07-31 16:34:41,-54263,884,0.0,0.0
2012-07-31 16:34:42,-54262,1,3.6671874628,3.6671874628
2012-07-31 16:34:43,-54261,1,6.00342250074,2.33623503795
2012-07-31 16:34:44,-54260,1,7.89501466592,1.89159216518
2012-07-31 16:34:45,-54259,1,9.00513363765,1.11011897173
2012-07-31 16:34:46,-54258,1,9.61428537277,0.609151735119
2012-07-31 16:34:47,-54257,1,10.2417034874,0.627418114583
2012-07-31 16:34:48,-54256,1,11.2746275536,1.03292406622
2012-07-31 16:34:49,-54255,1,12.7851186101,1.51049105655
2012-07-31 16:34:50,-54254,1,14.596949026,1.81183041592
2012-07-31 16:34:51,-54253,1,16.4607140387,1.86376501265
2012-07-31 16:34:52,-54252,1,18.1331844159,1.67247037723
2012-07-31 16:34:53,-54251,1,19.4029761384,1.26979172247
2012-07-31 16:34:54,-54250,1,20.1305058103,0.727529671875
2012-07-31 16:34:55,-54249,1,20.2407734472,0.110267636905
2012-07-31 16:34:56,-54248,1,19.72470175,-0.516071697173
2012-07-31 16:34:57,-54247,1,18.694344378,-1.03035737202
2012-07-31 16:34:58,-54246,1,17.3892847262,-1.30505965179
2012-07-31 16:34:59,-54245,1,16.1090763981,-1.28020832812
2012-07-31 16:35:00,-54244,1,15.1037937887,-1.00528260938
2012-07-31 16:35:01,-54243,1,14.4371273147,-0.666666473958
2012-07-31 16:35:02,-54242,1,13.9265620104,-0.510565304315
2012-07-31 16:35:03,-54241,1,13.2402525714,-0.686309438988
2012-07-31 16:35:04,-54240,1,12.0683031615,-1.17194940997
2012-07-31 16:35:05,-54239,1,10.2578864769,-1.81041668452
2012-07-31 16:35:06,-54238,1,7.8764133192,-2.38147315774
2012-07-31 16:35:07,-54237,1,5.22529737723,-2.65111594196
2012-07-31 16:35:08,-54236,1,2.83593737946,-2.38935999777
2012-07-31 16:35:09,-54235,1,0.0,-2.83593737946
