timestamp,cycle_sec,timestep,speed_mph,accel_meters_ps
2012-07-30 08:12:50,0,63539,0.0,0.0
2012-07-30 08:12:51,1,1,1.85803554241,1.85803554241
2012-07-30 08:12:52,2,1,2.89092239137,1.03288684896
2012-07-30 08:12:53,3,1,3.64568431548,0.754761924107
2012-07-30 08:12:54,4,1,3.97403262277,0.328348307292
2012-07-30 08:12:55,5,1,3.99880950074,0.0247768779762
2012-07-30 08:12:56,6,1,3.91748510045,-0.0813244002976
2012-07-30 08:12:57,7,1,3.90892843006,-0.00855667038691
2012-07-30 08:12:58,8,1,4.08310975,0.17418131994
2012-07-30 08:12:59,9,1,4.43348150521,0.350371755208
2012-07-30 08:13:00,10,1,4.83831759449,0.404836089286
2012-07-30 08:13:01,11,1,5.16391274256,0.325595148065
2012-07-30 08:13:02,12,1,5.37566875074,0.211756008185
2012-07-30 08:13:03,13,1,5.52462722321,0.14895847247
2012-07-30 08:13:04,14,1,5.66116009301,0.136532869792
2012-07-30 08:13:05,15,1,5.79650241369,0.135342320685
2012-07-30 08:13:06,16,1,5.91956787351,0.123065459821
2012-07-30 08:13:07,17,1,6.01785651786,0.0982886443452
2012-07-30 08:13:08,18,1,6.07991004985,0.062053531994
2012-07-30 08:13:09,19,1,6.10193384375,0.0220237938988
2012-07-30 08:13:10,20,1,6.11287135789,0.0109375141369
2012-07-30 08:13:11,21,1,6.17157674777,0.058705389881
2012-07-30 08:13:12,22,1,6.32157679092,0.150000043155
2012-07-30 08:13:13,23,1,6.56465720536,0.243080414435
2012-07-30 08:13:14,24,1,6.86733584226,0.302678636905
2012-07-30 08:13:15,25,1,7.17395792188,0.306622079613
2012-07-30 08:13:16,26,1,7.4372764122,0.263318490327
2012-07-30 08:13:17,27,1,7.64278239807,0.205505985863
2012-07-30 08:13:18,28,1,7.79650268527,0.153720287202
2012-07-30 08:13:19,29,1,7.92127954836,0.124776863095
2012-07-30 08:13:20,30,1,8.0679314375,0.146651889137
2012-07-30 08:13:21,31,1,8.29293152455,0.225000087054
2012-07-30 08:13:22,32,1,8.61584818899,0.322916664435
2012-07-30 08:13:23,33,1,8.99456830655,0.37872011756
2012-07-30 08:13:24,34,1,9.33869014286,0.34412183631
2012-07-30 08:13:25,35,1,9.5655500811,0.226859938244
2012-07-30 08:13:26,36,1,9.64918090551,0.0836308244048
2012-07-30 08:13:27,37,1,9.61822848289,-0.0309524226191
2012-07-30 08:13:28,38,1,9.51993984375,-0.0982886391369
2012-07-30 08:13:29,39,1,9.38132385937,-0.138615984375
2012-07-30 08:13:30,40,1,9.19717212351,-0.184151735863
2012-07-30 08:13:31,41,1,8.94955307292,-0.247619050595
2012-07-30 08:13:32,42,1,8.63050543973,-0.319047633185
2012-07-30 08:13:33,43,1,8.26168107738,-0.368824362351
2012-07-30 08:13:34,44,1,7.8994044308,-0.362276646577
2012-07-30 08:13:35,45,1,7.59642841815,-0.302976012649
2012-07-30 08:13:36,46,1,7.35758922545,-0.238839192708
2012-07-30 08:13:37,47,1,7.14694929539,-0.21063993006
2012-07-30 08:13:38,48,1,6.92976165625,-0.217187639137
2012-07-30 08:13:39,49,1,6.70796092411,-0.221800732143
2012-07-30 08:13:40,50,1,6.52730610565,-0.180654818452
2012-07-30 08:13:41,51,1,6.45096687649,-0.0763392291667
2012-07-30 08:13:42,52,1,6.51837772619,0.0674108497024
2012-07-30 08:13:43,53,1,6.6951635744,0.176785848214
2012-07-30 08:13:44,54,1,6.83288684003,0.137723265625
2012-07-30 08:13:45,55,1,6.70699392857,-0.125892911458
2012-07-30 08:13:46,56,1,6.12261883333,-0.584375095238
2012-07-30 08:13:47,57,1,5.0034967619,-1.11912207143
2012-07-30 08:13:48,58,1,3.47559500818,-1.52790175372
2012-07-30 08:13:49,59,1,1.96376472693,-1.51183028125
2012-07-30 08:13:50,60,1,0.0,-1.96376472693
2012-07-30 09:41:14,-81096,5244,0.0,0.0
2012-07-30 09:41:15,-81095,1,2.88913656696,2.88913656696
2012-07-30 09:41:16,-81094,1,4.48199357887,1.5928570119
2012-07-30 09:41:17,-81093,1,5.6058774628,1.12388388393
2012-07-30 09:41:18,-81092,1,6.17083282664,0.564955363839
2012-07-30 09:41:19,-81091,1,6.45550544717,0.284672620536
2012-07-30 09:41:20,-81090,1,6.68772270685,0.232217259673
2012-07-30 09:41:21,-81089,1,6.8953864375,0.207663730655
2012-07-30 09:41:22,-81088,1,7.01220200893,0.116815571429
2012-07-30 09:41:23,-81087,1,7.03876460491,0.0265625959821
2012-07-30 09:41:24,-81086,1,7.10230630655,0.0635417016369
2012-07-30 09:41:25,-81085,1,7.3706842433,0.268377936756
2012-07-30 09:41:26,-81084,1,7.90930022991,0.538615986607
2012-07-30 09:41:27,-81083,1,8.5893596622,0.680059432292
2012-07-30 09:41:28,-81082,1,9.09523755208,0.505877889881
2012-07-30 09:41:29,-81081,1,9.0545380558,-0.0406994962798
2012-07-30 09:41:30,-81080,1,8.22559451711,-0.82894353869
2012-07-30 09:41:31,-81079,1,6.61614507143,-1.60944944568
2012-07-30 09:41:32,-81078,1,4.51867489211,-2.09747017932
2012-07-30 09:41:33,-81077,1,2.49895781845,-2.01971707366
2012-07-30 09:41:34,-81076,1,0.0,-2.49895781845
2012-07-30 12:39:33,-70397,10679,0.0,0.0
2012-07-30 12:39:34,-70396,1,2.3173361503,2.3173361503
2012-07-30 12:39:35,-70395,1,3.84427047321,1.52693432292
2012-07-30 12:39:36,-70394,1,5.1952375067,1.35096703348
2012-07-30 12:39:37,-70393,1,6.05390551972,0.858668013021
2012-07-30 12:39:38,-70392,1,6.31778197321,0.263876453497
2012-07-30 12:39:39,-70391,1,5.97150223884,-0.346279734375
2012-07-30 12:39:40,-70390,1,5.163913,-0.807589238839
2012-07-30 12:39:41,-70389,1,4.33128655469,-0.832626445313
2012-07-30 12:39:42,-70388,1,4.08623450223,-0.245052052455
2012-07-30 12:39:43,-70387,1,4.84214969978,0.755915197545
2012-07-30 12:39:44,-70386,1,6.51041606027,1.66826636049
2012-07-30 12:39:45,-70385,1,8.58921065923,2.07879459896
2012-07-30 12:39:46,-70384,1,10.5447909866,1.95558032738
2012-07-30 12:39:47,-70383,1,12.1257806194,1.58098963281
2012-07-30 12:39:48,-70382,1,13.3956096168,1.2698289974
2012-07-30 12:39:49,-70381,1,14.5472466592,1.15163704241
2012-07-30 12:39:50,-70380,1,15.6913687411,1.14412208185
2012-07-30 12:39:51,-70379,1,16.7585561763,1.06718743527
2012-07-30 12:39:52,-70378,1,17.5497018735,0.791145697173
2012-07-30 12:39:53,-70377,1,17.8700886875,0.320386813988
2012-07-30 12:39:54,-70376,1,17.6415172984,-0.228571389137
2012-07-30 12:39:55,-70375,1,16.9311007723,-0.710416526042
2012-07-30 12:39:56,-70374,1,15.9148806659,-1.0162201064
2012-07-30 12:39:57,-70373,1,14.837127744,-1.07775292188
2012-07-30 12:39:58,-70372,1,13.9491068988,-0.888020845238
2012-07-30 12:39:59,-70371,1,13.3787199464,-0.570386952381
2012-07-30 12:40:00,-70370,1,13.0404014464,-0.3383185
2012-07-30 12:40:01,-70369,1,12.6865323936,-0.353869052827
2012-07-30 12:40:02,-70368,1,12.0081842262,-0.678348167411
2012-07-30 12:40:03,-70367,1,10.7320682374,-1.27611598884
2012-07-30 12:40:04,-70366,1,8.73869036682,-1.99337787054
2012-07-30 12:40:05,-70365,1,6.17395832143,-2.56473204539
2012-07-30 12:40:06,-70364,1,3.54970240327,-2.62425591815
2012-07-30 12:40:07,-70363,1,0.0,-3.54970240327
2012-07-30 17:41:13,-52297,18066,0.0,0.0
2012-07-30 17:41:14,-52296,1,1.38519292708,1.38519292708
2012-07-30 17:41:15,-52295,1,2.04873444866,0.663541521577
2012-07-30 17:41:16,-52294,1,2.46793095164,0.419196502976
2012-07-30 17:41:17,-52293,1,2.58928533854,0.121354386905
2012-07-30 17:41:18,-52292,1,2.59203850521,0.00275316666666
2012-07-30 17:41:19,-52291,1,2.59486592634,0.00282742113096
2012-07-30 17:41:20,-52290,1,2.5969491622,0.00208323586309
2012-07-30 17:41:21,-52289,1,2.57775260565,-0.0191965565476
2012-07-30 17:41:22,-52288,1,2.56450849926,-0.0132441063988
2012-07-30 17:41:23,-52287,1,2.60528231994,0.0407738206845
2012-07-30 17:41:24,-52286,1,2.71621982068,0.110937500744
2012-07-30 17:41:25,-52285,1,2.86287155878,0.146651738095
2012-07-30 17:41:26,-52284,1,2.98846675818,0.125595199405
2012-07-30 17:41:27,-52283,1,3.0707584628,0.0822917046131
2012-07-30 17:41:28,-52282,1,3.14873475,0.0779762872024
2012-07-30 17:41:29,-52281,1,3.28281218824,0.134077438244
2012-07-30 17:41:30,-52280,1,3.49456808631,0.211755898065
2012-07-30 17:41:31,-52279,1,3.75126437798,0.256696291667
2012-07-30 17:41:32,-52278,1,3.99836245982,0.247098081845
2012-07-30 17:41:33,-52277,1,4.19590704762,0.197544587798
2012-07-30 17:41:34,-52276,1,4.33898745164,0.143080404018
2012-07-30 17:41:35,-52275,1,4.46168103348,0.122693581845
2012-07-30 17:41:36,-52274,1,4.60662168899,0.144940655506
2012-07-30 17:41:37,-52273,1,4.78244032515,0.175818636161
2012-07-30 17:41:38,-52272,1,4.96331842932,0.180878104167
2012-07-30 17:41:39,-52271,1,5.11971727902,0.156398849702
2012-07-30 17:41:40,-52270,1,5.23913688393,0.119419604911
2012-07-30 17:41:41,-52269,1,5.3315475,0.0924106160714
2012-07-30 17:41:42,-52268,1,5.41986581473,0.0883183147321
2012-07-30 17:41:43,-52267,1,5.51793116071,0.0980653459821
2012-07-30 17:41:44,-52266,1,5.61175551042,0.0938243497024
2012-07-30 17:41:45,-52265,1,5.6706841369,0.0589286264881
2012-07-30 17:41:46,-52264,1,5.69910688765,0.028422750744
2012-07-30 17:41:47,-52263,1,5.76041655432,0.0613096666667
2012-07-30 17:41:48,-52262,1,5.92321426786,0.162797713542
2012-07-30 17:41:49,-52261,1,6.20111604613,0.277901778274
2012-07-30 17:41:50,-52260,1,6.5351188936,0.33400284747
2012-07-30 17:41:51,-52259,1,6.82135382217,0.286234928571
2012-07-30 17:41:52,-52258,1,7.00208285193,0.180729029762
2012-07-30 17:41:53,-52257,1,7.12462750149,0.122544649554
2012-07-30 17:41:54,-52256,1,7.2757437128,0.15111621131
2012-07-30 17:41:55,-52255,1,7.50178552232,0.226041809524
2012-07-30 17:41:56,-52254,1,7.79799087946,0.296205357143
2012-07-30 17:41:57,-52253,1,8.11339252232,0.315401642857
2012-07-30 17:41:58,-52252,1,8.3784965506,0.265104028274
2012-07-30 17:41:59,-52251,1,8.56049059821,0.181994047619
2012-07-30 17:42:00,-52250,1,8.66688954762,0.106398949405
2012-07-30 17:42:01,-52249,1,8.70223195759,0.0353424099702
2012-07-30 17:42:02,-52248,1,8.64761886012,-0.0546130974702
2012-07-30 17:42:03,-52247,1,8.47172581994,-0.175893040179
2012-07-30 17:42:04,-52246,1,8.16108571057,-0.310640109375
2012-07-30 17:42:05,-52245,1,7.7331094215,-0.427976289062
2012-07-30 17:42:06,-52244,1,7.18935952158,-0.543749899926
2012-07-30 17:42:07,-52243,1,6.47410675595,-0.715252765625
2012-07-30 17:42:08,-52242,1,5.54412178199,-0.929984973958
2012-07-30 17:42:09,-52241,1,4.51666638356,-1.02745539844
2012-07-30 17:42:10,-52240,1,3.70610070313,-0.810565680432
2012-07-30 17:42:11,-52239,1,3.42425521763,-0.281845485491
2012-07-30 17:42:12,-52238,1,3.70059431845,0.276339100818
2012-07-30 17:42:13,-52237,1,4.21056447545,0.509970156994
2012-07-30 17:42:14,-52236,1,4.51421032664,0.30364585119
2012-07-30 17:42:15,-52235,1,4.41383839472,-0.10037193192
2012-07-30 17:42:16,-52234,1,4.09032663095,-0.323511763765
2012-07-30 17:42:17,-52233,1,3.87730596205,-0.213020668899
2012-07-30 17:42:18,-52232,1,3.92864538765,0.0513394255952
2012-07-30 17:42:19,-52231,1,4.12269308333,0.194047695685
2012-07-30 17:42:20,-52230,1,4.23831812054,0.115625037202
2012-07-30 17:42:21,-52229,1,4.17135388393,-0.0669642366071
2012-07-30 17:42:22,-52228,1,3.99620514658,-0.175148737351
2012-07-30 17:42:23,-52227,1,3.84955341741,-0.146651729167
2012-07-30 17:42:24,-52226,1,3.74188972173,-0.107663695685
2012-07-30 17:42:25,-52225,1,3.47790157143,-0.263988150298
2012-07-30 17:42:26,-52224,1,2.82321404241,-0.654687529018
2012-07-30 17:42:27,-52223,1,1.8493301622,-0.973883880208
2012-07-30 17:42:28,-52222,1,0.0,-1.8493301622
2012-07-30 18:47:46,-48304,3918,0.0,0.0
2012-07-30 18:47:47,-48303,1,2.32589285417,2.32589285417
2012-07-30 18:47:48,-48302,1,3.79858631622,1.47269346205
2012-07-30 18:47:49,-48301,1,5.01629464732,1.2177083311
2012-07-30 18:47:50,-48300,1,5.7534969881,0.737202340774
2012-07-30 18:47:51,-48299,1,6.14136892262,0.387871934524
2012-07-30 18:47:52,-48298,1,6.3549104933,0.213541570685
2012-07-30 18:47:53,-48297,1,6.42708307292,0.0721725796131
2012-07-30 18:47:54,-48296,1,6.30163669048,-0.12544638244
2012-07-30 18:47:55,-48295,1,5.98251476042,-0.31912193006
2012-07-30 18:47:56,-48294,1,5.60602671429,-0.376488046131
2012-07-30 18:47:57,-48293,1,5.37477666667,-0.231250047619
2012-07-30 18:47:58,-48292,1,5.40863074479,0.033854078125
2012-07-30 18:47:59,-48291,1,5.65505926786,0.246428523065
2012-07-30 18:48:00,-48290,1,5.94583307664,0.29077380878
2012-07-30 18:48:01,-48289,1,6.12909201339,0.183258936756
2012-07-30 18:48:02,-48288,1,6.15877951339,0.0296875
2012-07-30 18:48:03,-48287,1,6.08854142188,-0.0702380915179
2012-07-30 18:48:04,-48286,1,5.99449381027,-0.0940476116071
2012-07-30 18:48:05,-48285,1,5.91517829985,-0.0793155104167
2012-07-30 18:48:06,-48284,1,5.8575144747,-0.0576638251488
2012-07-30 18:48:07,-48283,1,5.79538627009,-0.0621282046131
2012-07-30 18:48:08,-48282,1,5.6058771183,-0.189509151786
2012-07-30 18:48:09,-48281,1,5.04970143378,-0.556175684524
2012-07-30 18:48:10,-48280,1,3.94322833408,-1.1064730997
2012-07-30 18:48:11,-48279,1,2.48385361012,-1.45937472396
2012-07-30 18:48:12,-48278,1,0.0,-2.48385361012
2012-07-30 18:56:45,-47765,513,0.0,0.0
2012-07-30 18:56:46,-47764,1,2.38936014435,2.38936014435
2012-07-30 18:56:47,-47763,1,3.97946427902,1.59010413467
2012-07-30 18:56:48,-47762,1,5.43087786458,1.45141358557
2012-07-30 18:56:49,-47761,1,6.50342236384,1.07254449926
2012-07-30 18:56:50,-47760,1,7.29114544643,0.787723082589
2012-07-30 18:56:51,-47759,1,7.93139836756,0.640252921131
2012-07-30 18:56:52,-47758,1,8.4425591369,0.511160769345
2012-07-30 18:56:53,-47757,1,8.77008902902,0.327529892113
2012-07-30 18:56:54,-47756,1,8.90275285714,0.132663828125
2012-07-30 18:56:55,-47755,1,8.91495533482,0.0122024776786
2012-07-30 18:56:56,-47754,1,8.93988096429,0.0249256294643
2012-07-30 18:56:57,-47753,1,9.12068450149,0.180803537202
2012-07-30 18:56:58,-47752,1,9.5450147619,0.424330260417
2012-07-30 18:56:59,-47751,1,10.2025295067,0.657514744792
2012-07-30 18:57:00,-47750,1,11.0050591436,0.802529636905
2012-07-30 18:57:01,-47749,1,11.8243299211,0.81927077753
2012-07-30 18:57:02,-47748,1,12.5252972046,0.700967283482
2012-07-30 18:57:03,-47747,1,13.0238835595,0.498586354911
2012-07-30 18:57:04,-47746,1,13.3201633244,0.296279764881
2012-07-30 18:57:05,-47745,1,13.4639876481,0.143824323661
2012-07-30 18:57:06,-47744,1,13.5066958318,0.0427081837797
2012-07-30 18:57:07,-47743,1,13.4593742738,-0.0473215580357
2012-07-30 18:57:08,-47742,1,13.2731391443,-0.186235129464
2012-07-30 18:57:09,-47741,1,12.9087791667,-0.364359977679
2012-07-30 18:57:10,-47740,1,12.4254460662,-0.483333100446
2012-07-30 18:57:11,-47739,1,11.9362349412,-0.489211125
2012-07-30 18:57:12,-47738,1,11.4814730402,-0.454761901042
2012-07-30 18:57:13,-47737,1,10.9924103497,-0.489062690476
2012-07-30 18:57:14,-47736,1,10.3890618661,-0.603348483631
2012-07-30 18:57:15,-47735,1,9.69851108408,-0.690550781994
2012-07-30 18:57:16,-47734,1,9.06793072321,-0.630580360863
2012-07-30 18:57:17,-47733,1,8.67834753646,-0.389583186756
2012-07-30 18:57:18,-47732,1,8.6239578378,-0.0543896986607
2012-07-30 18:57:19,-47731,1,8.82671094494,0.202753107143
2012-07-30 18:57:20,-47730,1,9.08065444792,0.253943502976
2012-07-30 18:57:21,-47729,1,9.13422586161,0.0535714136905
2012-07-30 18:57:22,-47728,1,8.68549069792,-0.44873516369
2012-07-30 18:57:23,-47727,1,7.4678567247,-1.21763397321
2012-07-30 18:57:24,-47726,1,5.50096684449,-1.96688988021
2012-07-30 18:57:25,-47725,1,3.2767853936,-2.22418145089
2012-07-30 18:57:26,-47724,1,0.0,-3.2767853936
