timestamp,cycle_sec,timestep,speed_mph,accel_meters_ps
2012-04-02 06:59:05,0,48973,0.0,0.0
2012-04-02 06:59:06,1,1,1.22782704985,1.22782704985
2012-04-02 06:59:07,2,1,2.02927785231,0.801450802455
2012-04-02 06:59:08,3,1,2.7523247673,0.723046914993
2012-04-02 06:59:09,4,1,3.25070659412,0.498381826823
2012-04-02 06:59:10,5,1,3.54179675428,0.291090160156
2012-04-02 06:59:11,6,1,3.66529011049,0.123493356213
2012-04-02 06:59:12,7,1,3.6603235266,-0.00496658389137
2012-04-02 06:59:13,8,1,3.61149523847,-0.0488282881324
2012-04-02 06:59:14,9,1,3.68995488988,0.0784596514137
2012-04-02 06:59:15,10,1,4.12198605915,0.432031169271
2012-04-02 06:59:16,11,1,5.06512223903,0.943136179874
2012-04-02 06:59:17,12,1,6.49185219308,1.42672995406
2012-04-02 06:59:18,13,1,8.17509251804,1.68324032496
2012-04-02 06:59:19,14,1,9.79631642522,1.62122390718
2012-04-02 06:59:20,15,1,11.1245343837,1.32821795852
2012-04-02 06:59:21,16,1,12.1090395897,0.984505205915
2012-04-02 06:59:22,17,1,12.8116809725,0.702641382812
2012-04-02 06:59:23,18,1,13.3075886935,0.495907720982
2012-04-02 06:59:24,19,1,13.6569190171,0.349330323661
2012-04-02 06:59:25,20,1,13.9102672262,0.253348209077
2012-04-02 06:59:26,21,1,14.0907732143,0.180505988095
2012-04-02 06:59:27,22,1,14.1354161324,0.0446429181548
2012-04-02 06:59:28,23,1,13.8575144152,-0.277901717262
2012-04-02 06:59:29,24,1,13.0633924524,-0.794121962798
2012-04-02 06:59:30,25,1,11.8007436786,-1.26264877381
2012-04-02 06:59:31,26,1,10.4654758162,-1.33526786235
2012-04-02 06:59:32,27,1,9.5985859003,-0.866889915923
2012-04-02 06:59:33,28,1,9.54999956994,-0.0485863303571
2012-04-02 06:59:34,29,1,10.2901037589,0.740104188988
2012-04-02 06:59:35,30,1,11.5004460595,1.2103423006
2012-04-02 06:59:36,31,1,12.8433031987,1.34285713914
2012-04-02 06:59:37,32,1,14.1374251436,1.29412194494
2012-04-02 06:59:38,33,1,15.3040917024,1.16666655878
2012-04-02 06:59:39,34,1,16.2662940484,0.962202345982
2012-04-02 06:59:40,35,1,17.0017107969,0.735416748512
2012-04-02 06:59:41,36,1,17.637574029,0.635863232143
2012-04-02 06:59:42,37,1,18.3824402039,0.744866174851
2012-04-02 06:59:43,38,1,19.3592259442,0.976785740327
2012-04-02 06:59:44,39,1,20.5103419754,1.15111603125
2012-04-02 06:59:45,40,1,21.6290175208,1.11867554539
2012-04-02 06:59:46,41,1,22.511309186,0.882291665179
2012-04-02 06:59:47,42,1,23.0890622083,0.577753022321
2012-04-02 06:59:48,43,1,23.3968003512,0.307738142857
2012-04-02 06:59:49,44,1,23.5034967917,0.106696440476
2012-04-02 06:59:50,45,1,23.5013389993,-0.0021577924107
2012-04-02 06:59:51,46,1,23.4279013676,-0.0734376316965
2012-04-02 06:59:52,47,1,23.1938982507,-0.234003116816
2012-04-02 06:59:53,48,1,22.6563238051,-0.537574445684
2012-04-02 06:59:54,49,1,21.7165917493,-0.939732055803
2012-04-02 06:59:55,50,1,20.3495532024,-1.36703854688
2012-04-02 06:59:56,51,1,18.5984372336,-1.75111596875
2012-04-02 06:59:57,52,1,16.5643598438,-2.03407738988
2012-04-02 06:59:58,53,1,14.4749251882,-2.08943465551
2012-04-02 06:59:59,54,1,12.7766363103,-1.69828887798
2012-04-02 07:00:00,55,1,12.003942721,-0.772693589286
2012-04-02 07:00:01,56,1,12.4449397366,0.440997015625
2012-04-02 07:00:02,57,1,13.9266363028,1.48169656622
2012-04-02 07:00:03,58,1,15.8983627269,1.97172642411
2012-04-02 07:00:04,59,1,17.7055058021,1.80714307515
2012-04-02 07:00:05,60,1,18.8427826778,1.13727687574
2012-04-02 07:00:06,61,1,19.0857141749,0.242931497024
2012-04-02 07:00:07,62,1,18.5309521763,-0.554761998512
2012-04-02 07:00:08,63,1,17.5494789174,-0.981473258929
2012-04-02 07:00:09,64,1,16.6337795097,-0.915699407738
2012-04-02 07:00:10,65,1,16.1988092381,-0.434970271577
2012-04-02 07:00:11,66,1,16.4206097388,0.221800500744
2012-04-02 07:00:12,67,1,17.1677822679,0.747172529018
2012-04-02 07:00:13,68,1,18.0575888207,0.889806552827
2012-04-02 07:00:14,69,1,18.6131692671,0.555580446429
2012-04-02 07:00:15,70,1,18.442038369,-0.171130898065
2012-04-02 07:00:16,71,1,17.3628716481,-1.07916672098
2012-04-02 07:00:17,72,1,15.4729162031,-1.88995544494
2012-04-02 07:00:18,73,1,13.1575144174,-2.31540178571
2012-04-02 07:00:19,74,1,10.9846722448,-2.17284217262
2012-04-02 07:00:20,75,1,9.48749968527,-1.49717255952
2012-04-02 07:00:21,76,1,8.94627939062,-0.541220294643
2012-04-02 07:00:22,77,1,9.26562450074,0.319345110119
2012-04-02 07:00:23,78,1,10.0271571496,0.76153264881
2012-04-02 07:00:24,79,1,10.7331095223,0.705952372768
2012-04-02 07:00:25,80,1,11.0524547753,0.319345252976
2012-04-02 07:00:26,81,1,10.8886898847,-0.163764890625
2012-04-02 07:00:27,82,1,10.3197166696,-0.56897321503
2012-04-02 07:00:28,83,1,9.48727623958,-0.83244043006
2012-04-02 07:00:29,84,1,8.43995489211,-1.04732134747
2012-04-02 07:00:30,85,1,7.05148772247,-1.38846716964
2012-04-02 07:00:31,86,1,5.19866043452,-1.85282728795
2012-04-02 07:00:32,87,1,3.13749980804,-2.06116062649
2012-04-02 07:00:33,88,1,0.0,-3.13749980804
2012-04-02 15:58:05,32340,32252,0.0,0.0
2012-04-02 15:58:06,32341,1,2.01309489583,2.01309489583
2012-04-02 15:58:07,32342,1,2.98199354018,0.968898644345
2012-04-02 15:58:08,32343,1,3.57232083259,0.590327292411
2012-04-02 15:58:09,32344,1,3.7532732128,0.180952380208
2012-04-02 15:58:10,32345,1,3.7528268058,-0.00044640699405
2012-04-02 15:58:11,32346,1,3.66718691394,-0.0856398918651
2012-04-02 15:58:12,32347,1,3.45803509127,-0.209151822669
2012-04-02 15:58:13,32348,1,3.12656183408,-0.331473257192
2012-04-02 15:58:14,32349,1,2.76547548214,-0.361086351935
2012-04-02 15:58:15,32350,1,2.49032664881,-0.275148833333
2012-04-02 15:58:16,32351,1,2.37983560938,-0.110491039435
2012-04-02 15:58:17,32352,1,2.50215716319,0.122321553819
2012-04-02 15:58:18,32353,1,2.97187462401,0.469717460813
2012-04-02 15:58:19,32354,1,3.89754442485,0.925669800843
2012-04-02 15:58:20,32355,1,5.21949383259,1.32194940774
2012-04-02 15:58:21,32356,1,6.5995532247,1.38005939211
2012-04-02 15:58:22,32357,1,7.51473166741,0.915178442708
2012-04-02 15:58:23,32358,1,7.57187452034,0.0571428529266
2012-04-02 15:58:24,32359,1,6.82797584499,-0.743898675347
2012-04-02 15:58:25,32360,1,5.81034210119,-1.0176337438
2012-04-02 15:58:26,32361,1,5.19077377976,-0.619568321429
2012-04-02 15:58:27,32362,1,5.38712799554,0.196354215774
2012-04-02 15:58:28,32363,1,6.39055061607,1.00342262054
2012-04-02 15:58:29,32364,1,7.88400295461,1.49345233854
2012-04-02 15:58:30,32365,1,9.49099687426,1.60699391964
2012-04-02 15:58:31,32366,1,10.9495531942,1.45855631994
2012-04-02 15:58:32,32367,1,12.1293892388,1.17983604464
2012-04-02 15:58:33,32368,1,12.9661450112,0.836755772321
2012-04-02 15:58:34,32369,1,13.4142104851,0.448065473958
2012-04-02 15:58:35,32370,1,13.4320677746,0.0178572894346
2012-04-02 15:58:36,32371,1,12.9804310521,-0.45163672247
2012-04-02 15:58:37,32372,1,12.0313240402,-0.949107011905
2012-04-02 15:58:38,32373,1,10.5842258765,-1.44709816369
2012-04-02 15:58:39,32374,1,8.72090740923,-1.86331846726
2012-04-02 15:58:40,32375,1,6.72425557887,-1.99665183036
2012-04-02 15:58:41,32376,1,5.13556505655,-1.58869052232
2012-04-02 15:58:42,32377,1,4.5775293311,-0.558035725446
2012-04-02 15:58:43,32378,1,5.41078831473,0.833258983631
2012-04-02 15:58:44,32379,1,7.49985090104,2.08906258631
2012-04-02 15:58:45,32380,1,10.261606904,2.76175600298
2012-04-02 15:58:46,32381,1,12.9418152321,2.68020832813
2012-04-02 15:58:47,32382,1,14.9319193579,1.99010412574
2012-04-02 15:58:48,32383,1,15.9520085937,1.02008923586
2012-04-02 15:58:49,32384,1,16.0667406927,0.114732098958
2012-04-02 15:58:50,32385,1,15.5914430365,-0.47529765625
2012-04-02 15:58:51,32386,1,14.9243299256,-0.667113110863
2012-04-02 15:58:52,32387,1,14.3819192336,-0.542410691964
2012-04-02 15:58:53,32388,1,14.1323656972,-0.249553536458
2012-04-02 15:58:54,32389,1,14.2005204628,0.068154765625
2012-04-02 15:58:55,32390,1,14.5040174457,0.303496982887
2012-04-02 15:58:56,32391,1,14.9573656012,0.453348155506
2012-04-02 15:58:57,32392,1,15.5968745015,0.639508900298
2012-04-02 15:58:58,32393,1,16.5832584568,0.986383955357
2012-04-02 15:58:59,32394,1,18.0295382723,1.44627981548
2012-04-02 15:59:00,32395,1,19.7849698631,1.75543159077
2012-04-02 15:59:01,32396,1,21.418898471,1.63392860789
2012-04-02 15:59:02,32397,1,22.4946425729,1.07574410193
2012-04-02 15:59:03,32398,1,22.8807289576,0.386086384673
2012-04-02 15:59:04,32399,1,22.7853421161,-0.0953868415179
2012-04-02 15:59:05,32400,1,22.5249254472,-0.260416668899
2012-04-02 15:59:06,32401,1,22.2969491585,-0.22797628869
2012-04-02 15:59:07,32402,1,22.1388388765,-0.158110281994
2012-04-02 15:59:08,32403,1,22.0180797976,-0.120759078869
2012-04-02 15:59:09,32404,1,21.9173356741,-0.100744123512
2012-04-02 15:59:10,32405,1,21.856100558,-0.0612351160714
2012-04-02 15:59:11,32406,1,21.8497761935,-0.0063243645833
2012-04-02 15:59:12,32407,1,21.8475440729,-0.0022321205357
2012-04-02 15:59:13,32408,1,21.7243297649,-0.123214308036
2012-04-02 15:59:14,32409,1,21.3380946071,-0.386235157738
2012-04-02 15:59:15,32410,1,20.5952374665,-0.742857140625
2012-04-02 15:59:16,32411,1,19.4921869435,-1.10305052307
2012-04-02 15:59:17,32412,1,18.1209816912,-1.37120525223
2012-04-02 15:59:18,32413,1,16.63883891,-1.48214278125
2012-04-02 15:59:19,32414,1,15.2359371652,-1.40290174479
2012-04-02 15:59:20,32415,1,14.1124997106,-1.12343745461
2012-04-02 15:59:21,32416,1,13.4431545484,-0.669345162202
2012-04-02 15:59:22,32417,1,13.3375742946,-0.10558025372
2012-04-02 15:59:23,32418,1,13.8168898579,0.479315563244
2012-04-02 15:59:24,32419,1,14.7920386652,0.975148807292
2012-04-02 15:59:25,32420,1,16.0391367574,1.24709809226
2012-04-02 15:59:26,32421,1,17.2179312076,1.17879445015
2012-04-02 15:59:27,32422,1,17.985118529,0.767187321429
2012-04-02 15:59:28,32423,1,18.1671868921,0.182068363095
2012-04-02 15:59:29,32424,1,17.8543149092,-0.312871982887
2012-04-02 15:59:30,32425,1,17.3084073155,-0.54590759375
2012-04-02 15:59:31,32426,1,16.7529015335,-0.555505781994
2012-04-02 15:59:32,32427,1,16.2228421496,-0.530059383928
2012-04-02 15:59:33,32428,1,15.578497003,-0.644345146577
2012-04-02 15:59:34,32429,1,14.6427083437,-0.935788659226
2012-04-02 15:59:35,32430,1,13.3283481853,-1.31436015848
2012-04-02 15:59:36,32431,1,11.6469492813,-1.68139890402
2012-04-02 15:59:37,32432,1,9.63973192336,-2.00721735789
2012-04-02 15:59:38,32433,1,7.35535688839,-2.28437503497
2012-04-02 15:59:39,32434,1,4.93132419717,-2.42403269122
2012-04-02 15:59:40,32435,1,2.72916654539,-2.20215765179
2012-04-02 15:59:41,32436,1,0.0,-2.72916654539
