timestamp,cycle_sec,timestep,speed_mph,accel_meters_ps
2012-06-15 17:19:25,0,62990,0.0,0.0
2012-06-15 17:19:26,1,1,4.63128381514,4.63128381514
2012-06-15 17:19:27,2,1,8.44007034632,3.80878653118
2012-06-15 17:19:28,3,1,12.8040584416,4.36398809524
2012-06-15 17:19:29,4,1,17.2251555736,4.42109713203
2012-06-15 17:19:30,5,1,21.5844832251,4.35932765152
2012-06-15 17:19:31,6,1,25.9156655829,4.33118235782
2012-06-15 17:19:32,7,1,30.2703057322,4.35464014928
2012-06-15 17:19:33,8,1,34.6455627825,4.37525705026
2012-06-15 17:19:34,9,1,38.8608699188,4.21530713636
2012-06-15 17:19:35,10,1,42.5113298882,3.65045996936
2012-06-15 17:19:36,11,1,45.1717599282,2.66043004004
2012-06-15 17:19:37,12,1,46.6981867711,1.52642684287
2012-06-15 17:19:38,13,1,47.3357742144,0.637587443317
2012-06-15 17:19:39,14,1,47.5523390517,0.216564837324
2012-06-15 17:19:40,15,1,47.7167668018,0.164427750068
2012-06-15 17:19:41,16,1,47.8502493212,0.133482519345
2012-06-15 17:19:42,17,1,47.6681543586,-0.182094962527
2012-06-15 17:19:43,18,1,46.8543899375,-0.813764421131
2012-06-15 17:19:44,19,1,45.2803573839,-1.57403255357
2012-06-15 17:19:45,20,1,43.0606399368,-2.21971744717
2012-06-15 17:19:46,21,1,40.4767853118,-2.583854625
2012-06-15 17:19:47,22,1,37.7311746994,-2.74561061235
2012-06-15 17:19:48,23,1,34.736977942,-2.99419675744
2012-06-15 17:19:49,24,1,31.261605843,-3.47537209896
2012-06-15 17:19:50,25,1,27.28496909,-3.97663675298
2012-06-15 17:19:51,26,1,23.2220973207,-4.06287176935
2012-06-15 17:19:52,27,1,19.807514224,-3.41458309673
2012-06-15 17:19:53,28,1,17.6095233304,-2.1979908936
2012-06-15 17:19:54,29,1,16.5670383289,-1.04248500149
2012-06-15 17:19:55,30,1,16.0242556399,-0.542782688988
2012-06-15 17:19:56,31,1,15.1607883683,-0.863467271577
2012-06-15 17:19:57,32,1,13.4491067738,-1.71168159449
2012-06-15 17:19:58,33,1,10.9319191875,-2.51718758631
2012-06-15 17:19:59,34,1,8.21354111235,-2.71837807515
2012-06-15 17:20:00,35,1,6.21629405432,-1.99724705804
2012-06-15 17:20:01,36,1,5.83310957738,-0.383184476935
2012-06-15 17:20:02,37,1,7.56108581176,1.72797623438
2012-06-15 17:20:03,38,1,11.2892851771,3.72819936533
2012-06-15 17:20:04,39,1,16.376933881,5.08764870387
2012-06-15 17:20:05,40,1,21.9115320476,5.53459816667
2012-06-15 17:20:06,41,1,26.9683030134,5.05677096577
2012-06-15 17:20:07,42,1,30.7853419792,3.81703896577
2012-06-15 17:20:08,43,1,32.8475445938,2.06220261458
2012-06-15 17:20:09,44,1,32.936755939,0.0892113452381
2012-06-15 17:20:10,45,1,31.1700891034,-1.76666683557
2012-06-15 17:20:11,46,1,27.9755948088,-3.19449429464
2012-06-15 17:20:12,47,1,24.0423357046,-3.93325910417
2012-06-15 17:20:13,48,1,20.3088535253,-3.73348217932
2012-06-15 17:20:14,49,1,17.8307286019,-2.47812492336
2012-06-15 17:20:15,50,1,17.3928566927,-0.437871909226
2012-06-15 17:20:16,51,1,19.1096722597,1.71681556696
2012-06-15 17:20:17,52,1,22.3402526637,3.23058040402
2012-06-15 17:20:18,53,1,25.9969490528,3.65669638914
2012-06-15 17:20:19,54,1,29.0792405365,3.08229148363
2012-06-15 17:20:20,55,1,31.0516361027,1.97239556622
2012-06-15 17:20:21,56,1,31.7842252031,0.732589100446
2012-06-15 17:20:22,57,1,31.2639871109,-0.520238092262
2012-06-15 17:20:23,58,1,29.5354158333,-1.72857127753
2012-06-15 17:20:24,59,1,26.9416659762,-2.59374985714
2012-06-15 17:20:25,60,1,24.2818445379,-2.65982143824
2012-06-15 17:20:26,61,1,22.5948652359,-1.68697930208
2012-06-15 17:20:27,62,1,22.6163681146,0.0215028787202
2012-06-15 17:20:28,63,1,24.2683770789,1.65200896429
2012-06-15 17:20:29,64,1,26.7069932835,2.43861620461
2012-06-15 17:20:30,65,1,28.9404011942,2.23340791071
2012-06-15 17:20:31,66,1,30.4020085201,1.46160732589
2012-06-15 17:20:32,67,1,31.0787200022,0.676711482143
2012-06-15 17:20:33,68,1,31.2762647798,0.19754477753
2012-06-15 17:20:34,69,1,31.2793898237,0.0031250438988
2012-06-15 17:20:35,70,1,31.1904760439,-0.0889137797619
2012-06-15 17:20:36,71,1,31.0124996719,-0.177976372024
2012-06-15 17:20:37,72,1,30.7641363921,-0.248363279762
2012-06-15 17:20:38,73,1,30.4622017374,-0.301934654762
2012-06-15 17:20:39,74,1,30.0260409762,-0.436160761161
2012-06-15 17:20:40,75,1,29.2354904345,-0.790550541667
2012-06-15 17:20:41,76,1,27.7865322299,-1.44895820461
2012-06-15 17:20:42,77,1,25.4212049933,-2.36532723661
2012-06-15 17:20:43,78,1,22.1112348475,-3.30997014583
2012-06-15 17:20:44,79,1,18.2150294821,-3.89620536533
2012-06-15 17:20:45,80,1,14.4251484382,-3.7898810439
2012-06-15 17:20:46,81,1,11.4055798876,-3.0195685506
2012-06-15 17:20:47,82,1,9.35639829911,-2.04918158854
2012-06-15 17:20:48,83,1,7.91101142708,-1.44538687202
2012-06-15 17:20:49,84,1,6.4610859256,-1.44992550149
2012-06-15 17:20:50,85,1,4.65148783631,-1.80959808929
2012-06-15 17:20:51,86,1,2.68586295387,-1.96562488244
2012-06-15 17:20:52,87,1,0.0,-2.68586295387
2012-06-15 17:20:53,88,1,0.0,0.0
2012-06-15 17:20:54,89,1,0.0,0.0
2012-06-15 17:20:55,90,1,0.0,0.0
2012-06-15 17:20:56,91,1,0.0,0.0
2012-06-15 17:20:57,92,1,0.0,0.0
