timestamp,cycle_sec,timestep,speed_mph,accel_meters_ps
2012-07-14 21:17:32,0,6215,0.0,0.0
2012-07-14 21:17:33,1,1,2.35505952381,2.35505952381
2012-07-14 21:17:34,2,1,3.96242559524,1.60736607143
2012-07-14 21:17:35,3,1,5.45342261905,1.49099702381
2012-07-14 21:17:36,4,1,6.56145833333,1.10803571429
2012-07-14 21:17:37,5,1,7.37522321429,0.813764880952
2012-07-14 21:17:38,6,1,8.12142857143,0.746205357143
2012-07-14 21:17:39,7,1,8.93519345238,0.813764880952
2012-07-14 21:17:40,8,1,9.78154761905,0.846354166667
2012-07-14 21:17:41,9,1,10.5400297619,0.758482142857
2012-07-14 21:17:42,10,1,11.1151785714,0.575148809524
2012-07-14 21:17:43,11,1,11.4941220238,0.378943452381
2012-07-14 21:17:44,12,1,11.734375,0.240252976191
2012-07-14 21:17:45,13,1,11.8970238095,0.162648809524
2012-07-14 21:17:46,14,1,12.0047619048,0.107738095238
2012-07-14 21:17:47,15,1,12.0603422619,0.0555803571429
2012-07-14 21:17:48,16,1,12.0709821429,0.0106398809523
2012-07-14 21:17:49,17,1,12.0586309524,-0.0123511904761
2012-07-14 21:17:50,18,1,12.0801339286,0.0215029761904
2012-07-14 21:17:51,19,1,12.2289434524,0.14880952381
2012-07-14 21:17:52,20,1,12.5941964286,0.36525297619
2012-07-14 21:17:53,21,1,13.2180803571,0.623883928571
2012-07-14 21:17:54,22,1,14.073139881,0.855059523809
2012-07-14 21:17:55,23,1,15.0595982143,0.986458333333
2012-07-14 21:17:56,24,1,16.0301339286,0.970535714286
2012-07-14 21:17:57,25,1,16.8176339286,0.7875
2012-07-14 21:17:58,26,1,17.2710565476,0.453422619048
2012-07-14 21:17:59,27,1,17.3364583333,0.0654017857143
2012-07-14 21:18:00,28,1,17.1122767857,-0.224181547619
2012-07-14 21:18:01,29,1,16.7618303571,-0.350446428571
2012-07-14 21:18:02,30,1,16.3401785714,-0.421651785714
2012-07-14 21:18:03,31,1,15.7347470238,-0.605431547619
2012-07-14 21:18:04,32,1,14.8148065476,-0.919940476191
2012-07-14 21:18:05,33,1,13.6633184524,-1.15148809524
2012-07-14 21:18:06,34,1,12.6344494048,-1.02886904762
2012-07-14 21:18:07,35,1,12.1239583333,-0.510491071429
2012-07-14 21:18:08,36,1,12.261235119,0.137276785714
2012-07-14 21:18:09,37,1,12.7923363095,0.531101190476
2012-07-14 21:18:10,38,1,13.2345238095,0.4421875
2012-07-14 21:18:11,39,1,13.1985119048,-0.0360119047619
2012-07-14 21:18:12,40,1,12.5836309524,-0.614880952381
2012-07-14 21:18:13,41,1,11.473139881,-1.11049107143
2012-07-14 21:18:14,42,1,9.96938988095,-1.50375
2012-07-14 21:18:15,43,1,8.1896875,-1.77970238095
2012-07-14 21:18:16,44,1,6.32566964286,-1.86401785714
2012-07-14 21:18:17,45,1,4.64525297619,-1.68041666667
2012-07-14 21:18:18,46,1,3.40297619048,-1.24227678571
2012-07-14 21:18:19,47,1,2.6843452381,-0.718630952381
2012-07-14 21:18:20,48,1,2.35334077381,-0.331004464286
2012-07-14 21:18:21,49,1,2.21090401786,-0.142436755952
2012-07-14 21:18:22,50,1,2.1739360119,-0.0369680059524
2012-07-14 21:18:23,51,1,2.263828125,0.0898921130952
2012-07-14 21:18:24,52,1,2.48280505952,0.218976934524
2012-07-14 21:18:25,53,1,2.75455729167,0.271752232143
2012-07-14 21:18:26,54,1,2.98454613095,0.229988839286
2012-07-14 21:18:27,55,1,3.21584821429,0.231302083333
2012-07-14 21:18:28,56,1,3.73490327381,0.519055059524
2012-07-14 21:18:29,57,1,4.90268973214,1.16778645833
2012-07-14 21:18:30,58,1,6.77749255952,1.87480282738
2012-07-14 21:18:31,59,1,8.94060639881,2.16311383929
2012-07-14 21:18:32,60,1,10.7366443452,1.79603794643
2012-07-14 21:18:33,61,1,11.677250744,0.940606398809
2012-07-14 21:18:34,62,1,11.682328869,0.005078125
2012-07-14 21:18:35,63,1,11.054389881,-0.627938988095
2012-07-14 21:18:36,64,1,10.254389881,-0.8
2012-07-14 21:18:37,65,1,9.67782738095,-0.5765625
2012-07-14 21:18:38,66,1,9.59114583333,-0.086681547619
2012-07-14 21:18:39,67,1,10.1227678571,0.53162202381
2012-07-14 21:18:40,68,1,11.1943452381,1.07157738095
2012-07-14 21:18:41,69,1,12.5392113095,1.34486607143
2012-07-14 21:18:42,70,1,13.8668154762,1.32760416667
2012-07-14 21:18:43,71,1,14.987797619,1.12098214286
2012-07-14 21:18:44,72,1,15.8305803571,0.842782738095
2012-07-14 21:18:45,73,1,16.4101934524,0.579613095238
2012-07-14 21:18:46,74,1,16.7552083333,0.345014880952
2012-07-14 21:18:47,75,1,16.8467261905,0.0915178571429
2012-07-14 21:18:48,76,1,16.6394345238,-0.207291666667
2012-07-14 21:18:49,77,1,16.1241815476,-0.51525297619
2012-07-14 21:18:50,78,1,15.3787202381,-0.745461309524
2012-07-14 21:18:51,79,1,14.5751488095,-0.803571428571
2012-07-14 21:18:52,80,1,13.9074404762,-0.667708333333
2012-07-14 21:18:53,81,1,13.4935267857,-0.413913690476
2012-07-14 21:18:54,82,1,13.3639136905,-0.129613095238
2012-07-14 21:18:55,83,1,13.5334821429,0.169568452381
2012-07-14 21:18:56,84,1,14.0337797619,0.500297619048
2012-07-14 21:18:57,85,1,14.8283482143,0.794568452381
2012-07-14 21:18:58,86,1,15.7004464286,0.872098214286
2012-07-14 21:18:59,87,1,16.2767857143,0.576339285714
2012-07-14 21:19:00,88,1,16.204985119,-0.0718005952381
2012-07-14 21:19:01,89,1,15.3389136905,-0.866071428571
2012-07-14 21:19:02,90,1,13.7972470238,-1.54166666667
2012-07-14 21:19:03,91,1,11.8864583333,-1.91078869048
2012-07-14 21:19:04,92,1,9.98928571429,-1.89717261905
2012-07-14 21:19:05,93,1,8.46822916667,-1.52105654762
2012-07-14 21:19:06,94,1,7.51711309524,-0.951116071429
2012-07-14 21:19:07,95,1,7.00818452381,-0.508928571429
2012-07-14 21:19:08,96,1,6.55959821429,-0.448586309524
2012-07-14 21:19:09,97,1,5.87150297619,-0.688095238095
2012-07-14 21:19:10,98,1,5.00654761905,-0.864955357143
2012-07-14 21:19:11,99,1,4.29300595238,-0.713541666667
2012-07-14 21:19:12,100,1,3.97663690476,-0.316369047619
2012-07-14 21:19:13,101,1,3.99203869048,0.0154017857143
2012-07-14 21:19:14,102,1,4.00334821429,0.0113095238095
2012-07-14 21:19:15,103,1,3.64308035714,-0.360267857143
2012-07-14 21:19:16,104,1,2.79055059524,-0.852529761905
2012-07-14 21:19:17,105,1,1.70796130952,-1.08258928571
2012-07-14 21:19:18,106,1,0.0,-1.70796130952
