timestamp,cycle_sec,timestep,speed_mph,accel_meters_ps
2012-12-25 14:50:29,0,53335,0.0,0.0
2012-12-25 14:50:30,1,1,4.55004464286,4.55004464286
2012-12-25 14:50:31,2,1,8.34581845238,3.79577380952
2012-12-25 14:50:32,3,1,12.481547619,4.13572916667
2012-12-25 14:50:33,4,1,16.0974404762,3.61589285714
2012-12-25 14:50:34,5,1,18.7307589286,2.63331845238
2012-12-25 14:50:35,6,1,20.322172619,1.59141369048
2012-12-25 14:50:36,7,1,21.0932142857,0.771041666667
2012-12-25 14:50:37,8,1,21.4209821429,0.327767857143
2012-12-25 14:50:38,9,1,21.6426785714,0.221696428572
2012-12-25 14:50:39,10,1,21.881875,0.239196428571
2012-12-25 14:50:40,11,1,22.0398809524,0.158005952381
2012-12-25 14:50:41,12,1,21.7729166667,-0.266964285714
2012-12-25 14:50:42,13,1,20.54375,-1.22916666667
2012-12-25 14:50:43,14,1,18.1031994048,-2.44055059524
2012-12-25 14:50:44,15,1,15.023735119,-3.07946428571
2012-12-25 14:50:45,16,1,12.554389881,-2.4693452381
2012-12-25 14:50:46,17,1,11.8257440476,-0.728645833333
2012-12-25 14:50:47,18,1,13.0479910714,1.22224702381
2012-12-25 14:50:48,19,1,15.3483630952,2.30037202381
2012-12-25 14:50:49,20,1,17.4061011905,2.05773809524
2012-12-25 14:50:50,21,1,18.2377232143,0.83162202381
2012-12-25 14:50:51,22,1,17.4483630952,-0.789360119048
2012-12-25 14:50:52,23,1,15.1279017857,-2.32046130952
2012-12-25 14:50:53,24,1,11.8545386905,-3.27336309524
2012-12-25 14:50:54,25,1,8.6765625,-3.17797619048
2012-12-25 14:50:55,26,1,6.71279761905,-1.96376488095
2012-12-25 14:50:56,27,1,6.52544642857,-0.187351190476
2012-12-25 14:50:57,28,1,7.8037202381,1.27827380952
2012-12-25 14:50:58,29,1,9.65610119048,1.85238095238
2012-12-25 14:50:59,30,1,11.2854166667,1.62931547619
2012-12-25 14:51:00,31,1,12.4648065476,1.17938988095
2012-12-25 14:51:01,32,1,13.4371279762,0.972321428571
2012-12-25 14:51:02,33,1,14.4998511905,1.06272321429
2012-12-25 14:51:03,34,1,15.7433779762,1.24352678571
2012-12-25 14:51:04,35,1,17.0270089286,1.28363095238
2012-12-25 14:51:05,36,1,18.0825892857,1.05558035714
2012-12-25 14:51:06,37,1,18.7051339286,0.622544642857
2012-12-25 14:51:07,38,1,18.9067708333,0.201636904762
2012-12-25 14:51:08,39,1,18.8912946429,-0.0154761904762
2012-12-25 14:51:09,40,1,18.9088541667,0.0175595238096
2012-12-25 14:51:10,41,1,19.1357142857,0.226860119048
2012-12-25 14:51:11,42,1,19.6428571429,0.507142857143
2012-12-25 14:51:12,43,1,20.429389881,0.786532738095
2012-12-25 14:51:13,44,1,21.420610119,0.991220238095
2012-12-25 14:51:14,45,1,22.4107886905,0.990178571429
2012-12-25 14:51:15,46,1,23.1150297619,0.704241071429
2012-12-25 14:51:16,47,1,23.4033482143,0.288318452381
2012-12-25 14:51:17,48,1,23.4790922619,0.0757440476191
2012-12-25 14:51:18,49,1,23.7462797619,0.2671875
2012-12-25 14:51:19,50,1,24.4632440476,0.716964285714
2012-12-25 14:51:20,51,1,25.5043154762,1.04107142857
2012-12-25 14:51:21,52,1,26.4239583333,0.919642857143
2012-12-25 14:51:22,53,1,26.743452381,0.319494047619
2012-12-25 14:51:23,54,1,26.1752232143,-0.568229166667
2012-12-25 14:51:24,55,1,24.6305803571,-1.54464285714
2012-12-25 14:51:25,56,1,22.1843005952,-2.4462797619
2012-12-25 14:51:26,57,1,19.15,-3.03430059524
2012-12-25 14:51:27,58,1,16.1555059524,-2.99449404762
2012-12-25 14:51:28,59,1,14.0311755952,-2.12433035714
2012-12-25 14:51:29,60,1,13.446577381,-0.584598214286
2012-12-25 14:51:30,61,1,14.472172619,1.0255952381
2012-12-25 14:51:31,62,1,16.4193452381,1.94717261905
2012-12-25 14:51:32,63,1,18.1656994048,1.74635416667
2012-12-25 14:51:33,64,1,18.8008928571,0.635193452381
2012-12-25 14:51:34,65,1,18.1395089286,-0.661383928572
2012-12-25 14:51:35,66,1,16.6973958333,-1.44211309524
2012-12-25 14:51:36,67,1,15.1792410714,-1.5181547619
2012-12-25 14:51:37,68,1,13.9837797619,-1.19546130952
2012-12-25 14:51:38,69,1,13.1683779762,-0.815401785714
2012-12-25 14:51:39,70,1,12.7800595238,-0.388318452381
2012-12-25 14:51:40,71,1,13.0525297619,0.272470238095
2012-12-25 14:51:41,72,1,14.1726934524,1.12016369048
2012-12-25 14:51:42,73,1,15.9188244048,1.74613095238
2012-12-25 14:51:43,74,1,17.662797619,1.74397321429
2012-12-25 14:51:44,75,1,18.775297619,1.1125
2012-12-25 14:51:45,76,1,19.0357142857,0.260416666667
2012-12-25 14:51:46,77,1,18.6820684524,-0.353645833333
2012-12-25 14:51:47,78,1,18.1298363095,-0.552232142857
2012-12-25 14:51:48,79,1,17.7068452381,-0.422991071429
2012-12-25 14:51:49,80,1,17.5801339286,-0.126711309524
2012-12-25 14:51:50,81,1,17.7484375,0.168303571429
2012-12-25 14:51:51,82,1,18.0443452381,0.295907738095
2012-12-25 14:51:52,83,1,18.2073660714,0.163020833333
2012-12-25 14:51:53,84,1,18.0249255952,-0.182440476191
2012-12-25 14:51:54,85,1,17.5029017857,-0.522023809524
2012-12-25 14:51:55,86,1,16.9404017857,-0.5625
2012-12-25 14:51:56,87,1,16.7381696429,-0.202232142857
2012-12-25 14:51:57,88,1,17.0386904762,0.300520833333
2012-12-25 14:51:58,89,1,17.525297619,0.486607142857
2012-12-25 14:51:59,90,1,17.5837053571,0.0584077380953
2012-12-25 14:52:00,91,1,16.7757440476,-0.807961309524
2012-12-25 14:52:01,92,1,15.2832589286,-1.49248511905
2012-12-25 14:52:02,93,1,13.8589285714,-1.42433035714
2012-12-25 14:52:03,94,1,13.2493303571,-0.609598214286
2012-12-25 14:52:04,95,1,13.6255952381,0.376264880952
2012-12-25 14:52:05,96,1,14.5235119048,0.897916666667
2012-12-25 14:52:06,97,1,15.257514881,0.73400297619
2012-12-25 14:52:07,98,1,15.3830357143,0.125520833333
2012-12-25 14:52:08,99,1,14.8645833333,-0.518452380952
2012-12-25 14:52:09,100,1,13.9404761905,-0.924107142857
2012-12-25 14:52:10,101,1,12.8941964286,-1.0462797619
2012-12-25 14:52:11,102,1,11.927827381,-0.966369047619
2012-12-25 14:52:12,103,1,11.1453125,-0.782514880952
2012-12-25 14:52:13,104,1,10.5030505952,-0.642261904762
2012-12-25 14:52:14,105,1,9.72581845238,-0.777232142857
2012-12-25 14:52:15,106,1,8.39739583333,-1.32842261905
2012-12-25 14:52:16,107,1,6.30580357143,-2.0915922619
2012-12-25 14:52:17,108,1,3.81314484127,-2.49265873016
2012-12-25 14:52:18,109,1,0.0,-3.81314484127
2012-12-25 15:12:28,1319,1210,0.0,0.0
2012-12-25 15:12:29,1320,1,1.26071428571,1.26071428571
2012-12-25 15:12:30,1321,1,1.96019345238,0.699479166667
2012-12-25 15:12:31,1322,1,2.62023809524,0.660044642857
2012-12-25 15:12:32,1323,1,3.30622519841,0.685987103175
2012-12-25 15:12:33,1324,1,4.28983134921,0.983606150794
2012-12-25 15:12:34,1325,1,5.58430059524,1.29446924603
2012-12-25 15:12:35,1326,1,6.85327380952,1.26897321429
2012-12-25 15:12:36,1327,1,7.67998511905,0.826711309524
2012-12-25 15:12:37,1328,1,7.86227678571,0.182291666667
2012-12-25 15:12:38,1329,1,7.54781746032,-0.314459325397
2012-12-25 15:12:39,1330,1,7.08960813492,-0.458209325397
2012-12-25 15:12:40,1331,1,6.67782738095,-0.411780753968
2012-12-25 15:12:41,1332,1,6.18958333333,-0.488244047619
2012-12-25 15:12:42,1333,1,5.46103670635,-0.728546626984
2012-12-25 15:12:43,1334,1,4.5736359127,-0.887400793651
2012-12-25 15:12:44,1335,1,3.82306547619,-0.750570436508
2012-12-25 15:12:45,1336,1,3.48950892857,-0.333556547619
2012-12-25 15:12:46,1337,1,3.63630952381,0.146800595238
2012-12-25 15:12:47,1338,1,4.14441964286,0.508110119048
2012-12-25 15:12:48,1339,1,4.96587301587,0.821453373016
2012-12-25 15:12:49,1340,1,6.14231150794,1.17643849206
2012-12-25 15:12:50,1341,1,7.44642857143,1.30411706349
2012-12-25 15:12:51,1342,1,8.28556547619,0.839136904762
2012-12-25 15:12:52,1343,1,8.22306547619,-0.0625
2012-12-25 15:12:53,1344,1,7.553125,-0.66994047619
2012-12-25 15:12:54,1345,1,7.28819444444,-0.264930555556
2012-12-25 15:12:55,1346,1,8.51433531746,1.22614087302
2012-12-25 15:12:56,1347,1,11.6160714286,3.10173611111
2012-12-25 15:12:57,1348,1,16.0615327381,4.44546130952
2012-12-25 15:12:58,1349,1,20.9070684524,4.84553571429
2012-12-25 15:12:59,1350,1,25.4172619048,4.51019345238
2012-12-25 15:13:00,1351,1,29.2648065476,3.84754464286
2012-12-25 15:13:01,1352,1,32.4026041667,3.13779761905
2012-12-25 15:13:02,1353,1,34.9011904762,2.49858630952
2012-12-25 15:13:03,1354,1,36.8537946429,1.95260416667
2012-12-25 15:13:04,1355,1,38.342485119,1.48869047619
2012-12-25 15:13:05,1356,1,39.4351934524,1.09270833333
2012-12-25 15:13:06,1357,1,40.1779761905,0.742782738095
2012-12-25 15:13:07,1358,1,40.5938244048,0.415848214286
2012-12-25 15:13:08,1359,1,40.7110119048,0.1171875
2012-12-25 15:13:09,1360,1,40.5677827381,-0.143229166667
2012-12-25 15:13:10,1361,1,40.1257440476,-0.442038690476
2012-12-25 15:13:11,1362,1,39.1526785714,-0.97306547619
2012-12-25 15:13:12,1363,1,37.2293154762,-1.92336309524
2012-12-25 15:13:13,1364,1,33.9883184524,-3.24099702381
2012-12-25 15:13:14,1365,1,29.5252232143,-4.4630952381
2012-12-25 15:13:15,1366,1,24.6573660714,-4.86785714286
2012-12-25 15:13:16,1367,1,20.691889881,-3.96547619048
2012-12-25 15:13:17,1368,1,18.7782738095,-1.91361607143
2012-12-25 15:13:18,1369,1,19.2807291667,0.502455357143
2012-12-25 15:13:19,1370,1,21.5980654762,2.31733630952
2012-12-25 15:13:20,1371,1,24.5458333333,2.94776785714
2012-12-25 15:13:21,1372,1,26.9665922619,2.42075892857
2012-12-25 15:13:22,1373,1,28.1369047619,1.1703125
2012-12-25 15:13:23,1374,1,27.8867559524,-0.250148809524
2012-12-25 15:13:24,1375,1,26.5769345238,-1.30982142857
2012-12-25 15:13:25,1376,1,24.974702381,-1.60223214286
2012-12-25 15:13:26,1377,1,23.953422619,-1.0212797619
2012-12-25 15:13:27,1378,1,24.0631696429,0.10974702381
2012-12-25 15:13:28,1379,1,25.1932291667,1.13005952381
2012-12-25 15:13:29,1380,1,26.5997767857,1.40654761905
2012-12-25 15:13:30,1381,1,27.4242559524,0.824479166667
2012-12-25 15:13:31,1382,1,27.3109375,-0.113318452381
2012-12-25 15:13:32,1383,1,26.521577381,-0.789360119048
2012-12-25 15:13:33,1384,1,25.5791666667,-0.942410714286
2012-12-25 15:13:34,1385,1,24.8712797619,-0.707886904762
2012-12-25 15:13:35,1386,1,24.4291666667,-0.442113095238
2012-12-25 15:13:36,1387,1,24.0113095238,-0.417857142857
2012-12-25 15:13:37,1388,1,23.4215029762,-0.589806547619
2012-12-25 15:13:38,1389,1,22.7040178571,-0.717485119048
2012-12-25 15:13:39,1390,1,22.0857142857,-0.618303571429
2012-12-25 15:13:40,1391,1,21.8225446429,-0.263169642857
2012-12-25 15:13:41,1392,1,22.0500744048,0.227529761905
2012-12-25 15:13:42,1393,1,22.6851934524,0.635119047619
2012-12-25 15:13:43,1394,1,23.4071428571,0.721949404762
2012-12-25 15:13:44,1395,1,23.7024553571,0.2953125
2012-12-25 15:13:45,1396,1,23.0046875,-0.697767857143
2012-12-25 15:13:46,1397,1,20.9584821429,-2.04620535714
2012-12-25 15:13:47,1398,1,17.7255952381,-3.23288690476
2012-12-25 15:13:48,1399,1,14.1149553571,-3.61063988095
2012-12-25 15:13:49,1400,1,11.2794642857,-2.83549107143
2012-12-25 15:13:50,1401,1,10.0835565476,-1.1959077381
2012-12-25 15:13:51,1402,1,10.6764136905,0.592857142857
2012-12-25 15:13:52,1403,1,12.5550595238,1.87864583333
2012-12-25 15:13:53,1404,1,14.8808035714,2.32574404762
2012-12-25 15:13:54,1405,1,16.7567708333,1.8759672619
2012-12-25 15:13:55,1406,1,17.3959077381,0.639136904762
2012-12-25 15:13:56,1407,1,16.343452381,-1.05245535714
2012-12-25 15:13:57,1408,1,13.8935267857,-2.44992559524
2012-12-25 15:13:58,1409,1,11.2936755952,-2.59985119048
2012-12-25 15:13:59,1410,1,10.1308035714,-1.16287202381
2012-12-25 15:14:00,1411,1,11.2151785714,1.084375
2012-12-25 15:14:01,1412,1,14.0104166667,2.79523809524
2012-12-25 15:14:02,1413,1,17.0436755952,3.03325892857
2012-12-25 15:14:03,1414,1,18.8808035714,1.83712797619
2012-12-25 15:14:04,1415,1,18.989360119,0.108556547619
2012-12-25 15:14:05,1416,1,17.9178571429,-1.07150297619
2012-12-25 15:14:06,1417,1,16.8198660714,-1.09799107143
2012-12-25 15:14:07,1418,1,16.8067708333,-0.0130952380953
2012-12-25 15:14:08,1419,1,18.3574404762,1.55066964286
2012-12-25 15:14:09,1420,1,20.998139881,2.64069940476
2012-12-25 15:14:10,1421,1,23.6328125,2.63467261905
2012-12-25 15:14:11,1422,1,25.3352678571,1.70245535714
2012-12-25 15:14:12,1423,1,25.8890625,0.553794642857
2012-12-25 15:14:13,1424,1,25.701860119,-0.187202380952
2012-12-25 15:14:14,1425,1,25.3248511905,-0.377008928571
2012-12-25 15:14:15,1426,1,25.0693452381,-0.255505952381
2012-12-25 15:14:16,1427,1,24.9724702381,-0.096875
2012-12-25 15:14:17,1428,1,24.8822172619,-0.0902529761904
2012-12-25 15:14:18,1429,1,24.4104910714,-0.471726190476
2012-12-25 15:14:19,1430,1,22.9609375,-1.44955357143
2012-12-25 15:14:20,1431,1,20.1380208333,-2.82291666667
2012-12-25 15:14:21,1432,1,16.3086309524,-3.82938988095
2012-12-25 15:14:22,1433,1,12.6946428571,-3.61398809524
2012-12-25 15:14:23,1434,1,10.7593005952,-1.9353422619
2012-12-25 15:14:24,1435,1,11.3252232143,0.565922619048
2012-12-25 15:14:25,1436,1,14.0371279762,2.7119047619
2012-12-25 15:14:26,1437,1,17.4636160714,3.42648809524
2012-12-25 15:14:27,1438,1,19.7551339286,2.29151785714
2012-12-25 15:14:28,1439,1,19.560639881,-0.194494047619
2012-12-25 15:14:29,1440,1,16.8031994048,-2.75744047619
2012-12-25 15:14:30,1441,1,12.8193452381,-3.98385416667
2012-12-25 15:14:31,1442,1,9.57589285714,-3.24345238095
2012-12-25 15:14:32,1443,1,8.44441964286,-1.13147321429
2012-12-25 15:14:33,1444,1,9.540625,1.09620535714
2012-12-25 15:14:34,1445,1,12.0713541667,2.53072916667
2012-12-25 15:14:35,1446,1,15.1258928571,3.05453869048
2012-12-25 15:14:36,1447,1,18.0831845238,2.95729166667
2012-12-25 15:14:37,1448,1,20.3936755952,2.31049107143
2012-12-25 15:14:38,1449,1,21.2586309524,0.864955357143
2012-12-25 15:14:39,1450,1,19.909375,-1.34925595238
2012-12-25 15:14:40,1451,1,16.3667410714,-3.54263392857
2012-12-25 15:14:41,1452,1,11.7486607143,-4.61808035714
2012-12-25 15:14:42,1453,1,7.71540178571,-4.03325892857
2012-12-25 15:14:43,1454,1,5.56540178571,-2.15
2012-12-25 15:14:44,1455,1,5.571875,0.00647321428572
2012-12-25 15:14:45,1456,1,6.96160714286,1.38973214286
2012-12-25 15:14:46,1457,1,8.578125,1.61651785714
2012-12-25 15:14:47,1458,1,9.5771577381,0.999032738095
2012-12-25 15:14:48,1459,1,9.61078869048,0.0336309523809
2012-12-25 15:14:49,1460,1,8.74107142857,-0.869717261905
2012-12-25 15:14:50,1461,1,7.34293154762,-1.39813988095
2012-12-25 15:14:51,1462,1,5.88400297619,-1.45892857143
2012-12-25 15:14:52,1463,1,4.64389880952,-1.24010416667
2012-12-25 15:14:53,1464,1,3.60572916667,-1.03816964286
2012-12-25 15:14:54,1465,1,2.59017857143,-1.01555059524
2012-12-25 15:14:55,1466,1,1.59672619048,-0.993452380952
2012-12-25 15:14:56,1467,1,0.0,-1.59672619048
