timestamp,cycle_sec,timestep,speed_mph,accel_meters_ps
2012-12-25 12:30:32,0,66393,0.0,0.0
2012-12-25 12:30:33,1,1,3.8990327381,3.8990327381
2012-12-25 12:30:34,2,1,6.09449404762,2.19546130952
2012-12-25 12:30:35,3,1,7.3693452381,1.27485119048
2012-12-25 12:30:36,4,1,7.28913690476,-0.0802083333333
2012-12-25 12:30:37,5,1,6.34084821429,-0.948288690476
2012-12-25 12:30:38,6,1,5.43266369048,-0.90818452381
2012-12-25 12:30:39,7,1,5.27395833333,-0.158705357143
2012-12-25 12:30:40,8,1,6.08816964286,0.814211309524
2012-12-25 12:30:41,9,1,7.76555059524,1.67738095238
2012-12-25 12:30:42,10,1,10.071875,2.30632440476
2012-12-25 12:30:43,11,1,12.6781994048,2.60632440476
2012-12-25 12:30:44,12,1,15.1938988095,2.51569940476
2012-12-25 12:30:45,13,1,17.3136160714,2.1197172619
2012-12-25 12:30:46,14,1,18.951264881,1.63764880952
2012-12-25 12:30:47,15,1,20.2376488095,1.28638392857
2012-12-25 12:30:48,16,1,21.3767857143,1.13913690476
2012-12-25 12:30:49,17,1,22.4680059524,1.0912202381
2012-12-25 12:30:50,18,1,23.4517857143,0.983779761905
2012-12-25 12:30:51,19,1,24.2133928571,0.761607142857
2012-12-25 12:30:52,20,1,24.6950892857,0.481696428571
2012-12-25 12:30:53,21,1,24.9014880952,0.206398809524
2012-12-25 12:30:54,22,1,24.8297619048,-0.0717261904762
2012-12-25 12:30:55,23,1,24.4007440476,-0.429017857143
2012-12-25 12:30:56,24,1,23.473139881,-0.927604166667
2012-12-25 12:30:57,25,1,21.9398065476,-1.53333333333
2012-12-25 12:30:58,26,1,19.7705654762,-2.16924107143
2012-12-25 12:30:59,27,1,16.9763095238,-2.79425595238
2012-12-25 12:31:00,28,1,13.6469494048,-3.32936011905
2012-12-25 12:31:01,29,1,10.0798958333,-3.56705357143
2012-12-25 12:31:02,30,1,6.79672619048,-3.28316964286
2012-12-25 12:31:03,31,1,4.32220238095,-2.47452380952
2012-12-25 12:31:04,32,1,2.88055059524,-1.44165178571
2012-12-25 12:31:05,33,1,2.34555059524,-0.535
2012-12-25 12:31:06,34,1,2.55913690476,0.213586309524
2012-12-25 12:31:07,35,1,3.58046130952,1.02132440476
2012-12-25 12:31:08,36,1,5.41976190476,1.83930059524
2012-12-25 12:31:09,37,1,7.58950892857,2.16974702381
2012-12-25 12:31:10,38,1,9.16623511905,1.57672619048
2012-12-25 12:31:11,39,1,9.48616071429,0.319925595238
2012-12-25 12:31:12,40,1,8.85226190476,-0.633898809524
2012-12-25 12:31:13,41,1,8.44818452381,-0.404077380952
2012-12-25 12:31:14,42,1,9.42299107143,0.974806547619
2012-12-25 12:31:15,43,1,12.0585565476,2.63556547619
2012-12-25 12:31:16,44,1,15.7486607143,3.69010416667
2012-12-25 12:31:17,45,1,19.6000744048,3.85141369048
2012-12-25 12:31:18,46,1,23.0233630952,3.42328869048
2012-12-25 12:31:19,47,1,25.896875,2.87351190476
2012-12-25 12:31:20,48,1,28.3599702381,2.4630952381
2012-12-25 12:31:21,49,1,30.5680803571,2.20811011905
2012-12-25 12:31:22,50,1,32.5976190476,2.02953869048
2012-12-25 12:31:23,51,1,34.4464285714,1.84880952381
2012-12-25 12:31:24,52,1,36.0535714286,1.60714285714
2012-12-25 12:31:25,53,1,37.3351934524,1.28162202381
2012-12-25 12:31:26,54,1,38.2280505952,0.892857142857
2012-12-25 12:31:27,55,1,38.7104910714,0.48244047619
2012-12-25 12:31:28,56,1,38.8014880952,0.0909970238095
2012-12-25 12:31:29,57,1,38.5541666667,-0.247321428571
2012-12-25 12:31:30,58,1,38.0465029762,-0.507663690476
2012-12-25 12:31:31,59,1,37.3748511905,-0.671651785714
2012-12-25 12:31:32,60,1,36.6302827381,-0.744568452381
2012-12-25 12:31:33,61,1,35.8165178571,-0.813764880952
2012-12-25 12:31:34,62,1,34.7577380952,-1.0587797619
2012-12-25 12:31:35,63,1,33.1078125,-1.64992559524
2012-12-25 12:31:36,64,1,30.4883184524,-2.61949404762
2012-12-25 12:31:37,65,1,26.7191964286,-3.76912202381
2012-12-25 12:31:38,66,1,22.0532738095,-4.66592261905
2012-12-25 12:31:39,67,1,17.20625,-4.84702380952
2012-12-25 12:31:40,68,1,13.0831845238,-4.12306547619
2012-12-25 12:31:41,69,1,10.3979910714,-2.68519345238
2012-12-25 12:31:42,70,1,9.40558035714,-0.992410714286
2012-12-25 12:31:43,71,1,9.8459077381,0.440327380952
2012-12-25 12:31:44,72,1,11.144047619,1.29813988095
2012-12-25 12:31:45,73,1,12.7157738095,1.57172619048
2012-12-25 12:31:46,74,1,14.1433035714,1.4275297619
2012-12-25 12:31:47,75,1,15.2082589286,1.06495535714
2012-12-25 12:31:48,76,1,15.8613839286,0.653125
2012-12-25 12:31:49,77,1,16.1556547619,0.294270833333
2012-12-25 12:31:50,78,1,16.2109375,0.0552827380952
2012-12-25 12:31:51,79,1,16.2305803571,0.0196428571429
2012-12-25 12:31:52,80,1,16.4916666667,0.261086309524
2012-12-25 12:31:53,81,1,17.2604166667,0.76875
2012-12-25 12:31:54,82,1,18.6429315476,1.38251488095
2012-12-25 12:31:55,83,1,20.4642857143,1.82135416667
2012-12-25 12:31:56,84,1,22.30625,1.84196428571
2012-12-25 12:31:57,85,1,23.6686011905,1.36235119048
2012-12-25 12:31:58,86,1,24.1125744048,0.443973214286
2012-12-25 12:31:59,87,1,23.3769345238,-0.735639880952
2012-12-25 12:32:00,88,1,21.4953125,-1.88162202381
2012-12-25 12:32:01,89,1,18.8292410714,-2.66607142857
2012-12-25 12:32:02,90,1,15.9502232143,-2.87901785714
2012-12-25 12:32:03,91,1,13.4039434524,-2.5462797619
2012-12-25 12:32:04,92,1,11.4723214286,-1.93162202381
2012-12-25 12:32:05,93,1,10.1228422619,-1.34947916667
2012-12-25 12:32:06,94,1,9.18511904762,-0.937723214286
2012-12-25 12:32:07,95,1,8.534375,-0.650744047619
2012-12-25 12:32:08,96,1,8.11287202381,-0.42150297619
2012-12-25 12:32:09,97,1,7.85416666667,-0.258705357143
2012-12-25 12:32:10,98,1,7.64605654762,-0.208110119048
2012-12-25 12:32:11,99,1,7.36339285714,-0.282663690476
2012-12-25 12:32:12,100,1,6.87038690476,-0.493005952381
2012-12-25 12:32:13,101,1,5.97507440476,-0.8953125
2012-12-25 12:32:14,102,1,4.53720238095,-1.43787202381
2012-12-25 12:32:15,103,1,2.78930431548,-1.74789806548
2012-12-25 12:32:16,104,1,0.0,-2.78930431548
2012-12-25 12:39:22,530,426,0.0,0.0
2012-12-25 12:39:23,531,1,1.6181547619,1.6181547619
2012-12-25 12:39:24,532,1,2.28428199405,0.666127232143
2012-12-25 12:39:25,533,1,2.57180059524,0.28751860119
2012-12-25 12:39:26,534,1,2.65796130952,0.0861607142857
2012-12-25 12:39:27,535,1,3.0998139881,0.441852678571
2012-12-25 12:39:28,536,1,4.26653645833,1.16672247024
2012-12-25 12:39:29,537,1,6.07005208333,1.803515625
2012-12-25 12:39:30,538,1,8.04540550595,1.97535342262
2012-12-25 12:39:31,539,1,9.63448660714,1.58908110119
2012-12-25 12:39:32,540,1,10.5391183036,0.904631696429
2012-12-25 12:39:33,541,1,10.8481094426,0.308991139069
2012-12-25 12:39:34,542,1,10.7584889069,-0.0896205357143
2012-12-25 12:39:35,543,1,10.2530776515,-0.505411255411
2012-12-25 12:39:36,544,1,9.19303977273,-1.06003787879
2012-12-25 12:39:37,545,1,7.65929383117,-1.53374594156
2012-12-25 12:39:38,546,1,6.05091991342,-1.60837391775
2012-12-25 12:39:39,547,1,4.84314123377,-1.20777867965
2012-12-25 12:39:40,548,1,4.26132981602,-0.581811417749
2012-12-25 12:39:41,549,1,4.16213474026,-0.0991950757576
2012-12-25 12:39:42,550,1,4.24276244589,0.0806277056277
2012-12-25 12:39:43,551,1,4.32080627706,0.0780438311688
2012-12-25 12:39:44,552,1,4.36847943723,0.0476731601732
2012-12-25 12:39:45,553,1,4.39310064935,0.0246212121212
2012-12-25 12:39:46,554,1,4.4166599026,0.0235592532467
2012-12-25 12:39:47,555,1,4.55198863636,0.135328733766
2012-12-25 12:39:48,556,1,4.98892721861,0.436938582251
2012-12-25 12:39:49,557,1,5.84283008658,0.853902867965
2012-12-25 12:39:50,558,1,7.02872700216,1.18589691558
2012-12-25 12:39:51,559,1,8.2830762987,1.25434929654
2012-12-25 12:39:52,560,1,9.2935741342,1.0104978355
2012-12-25 12:39:53,561,1,9.80222537879,0.508651244589
2012-12-25 12:39:54,562,1,9.58154085498,-0.22068452381
2012-12-25 12:39:55,563,1,8.41770833333,-1.16383252165
2012-12-25 12:39:56,564,1,6.31272321429,-2.10498511905
2012-12-25 12:39:57,565,1,3.80558035714,-2.50714285714
2012-12-25 12:39:58,566,1,0.0,-3.80558035714
2012-12-25 12:40:42,610,44,0.0,0.0
2012-12-25 12:40:43,611,1,3.03266369048,3.03266369048
2012-12-25 12:40:44,612,1,5.17604166667,2.14337797619
2012-12-25 12:40:45,613,1,7.45044642857,2.2744047619
2012-12-25 12:40:46,614,1,9.79970238095,2.34925595238
2012-12-25 12:40:47,615,1,12.5476190476,2.74791666667
2012-12-25 12:40:48,616,1,15.896577381,3.34895833333
2012-12-25 12:40:49,617,1,19.6791666667,3.78258928571
2012-12-25 12:40:50,618,1,23.4651041667,3.7859375
2012-12-25 12:40:51,619,1,26.8264880952,3.36138392857
2012-12-25 12:40:52,620,1,29.4936011905,2.66711309524
2012-12-25 12:40:53,621,1,31.3374255952,1.84382440476
2012-12-25 12:40:54,622,1,32.334375,0.996949404762
2012-12-25 12:40:55,623,1,32.5904761905,0.256101190476
2012-12-25 12:40:56,624,1,32.3301339286,-0.260342261905
2012-12-25 12:40:57,625,1,31.7936755952,-0.536458333333
2012-12-25 12:40:58,626,1,31.1325892857,-0.661086309524
2012-12-25 12:40:59,627,1,30.4195684524,-0.713020833333
2012-12-25 12:41:00,628,1,29.7558035714,-0.663764880952
2012-12-25 12:41:01,629,1,29.3407738095,-0.415029761905
2012-12-25 12:41:02,630,1,29.426860119,0.0860863095238
2012-12-25 12:41:03,631,1,30.191889881,0.765029761905
2012-12-25 12:41:04,632,1,31.6207589286,1.42886904762
2012-12-25 12:41:05,633,1,33.4979910714,1.87723214286
2012-12-25 12:41:06,634,1,35.5197172619,2.02172619048
2012-12-25 12:41:07,635,1,37.4229910714,1.90327380952
2012-12-25 12:41:08,636,1,39.0544642857,1.63147321429
2012-12-25 12:41:09,637,1,40.3715029762,1.31703869048
2012-12-25 12:41:10,638,1,41.395014881,1.02351190476
2012-12-25 12:41:11,639,1,42.1506696429,0.755654761905
2012-12-25 12:41:12,640,1,42.6341517857,0.483482142857
2012-12-25 12:41:13,641,1,42.8118303571,0.177678571429
2012-12-25 12:41:14,642,1,42.6510416667,-0.160788690476
2012-12-25 12:41:15,643,1,42.1586309524,-0.492410714286
2012-12-25 12:41:16,644,1,41.3817708333,-0.776860119048
2012-12-25 12:41:17,645,1,40.3521577381,-1.02961309524
2012-12-25 12:41:18,646,1,39.0544642857,-1.29769345238
2012-12-25 12:41:19,647,1,37.481547619,-1.57291666667
2012-12-25 12:41:20,648,1,35.6850446429,-1.79650297619
2012-12-25 12:41:21,649,1,33.7375,-1.94754464286
2012-12-25 12:41:22,650,1,31.6444196429,-2.09308035714
2012-12-25 12:41:23,651,1,29.2770089286,-2.36741071429
2012-12-25 12:41:24,652,1,26.4389880952,-2.83802083333
2012-12-25 12:41:25,653,1,23.0953125,-3.34367559524
2012-12-25 12:41:26,654,1,19.5428571429,-3.55245535714
2012-12-25 12:41:27,655,1,16.3613095238,-3.18154761905
2012-12-25 12:41:28,656,1,14.1982886905,-2.16302083333
2012-12-25 12:41:29,657,1,13.437202381,-0.761086309524
2012-12-25 12:41:30,658,1,13.8993303571,0.46212797619
2012-12-25 12:41:31,659,1,14.8510416667,0.951711309524
2012-12-25 12:41:32,660,1,15.3386160714,0.487574404762
2012-12-25 12:41:33,661,1,14.6469494048,-0.691666666667
2012-12-25 12:41:34,662,1,12.6609375,-1.98601190476
2012-12-25 12:41:35,663,1,9.8943452381,-2.7665922619
2012-12-25 12:41:36,664,1,7.17797619048,-2.71636904762
2012-12-25 12:41:37,665,1,5.28526785714,-1.89270833333
2012-12-25 12:41:38,666,1,4.63601190476,-0.649255952381
2012-12-25 12:41:39,667,1,5.11450892857,0.47849702381
2012-12-25 12:41:40,668,1,6.17016369048,1.0556547619
2012-12-25 12:41:41,669,1,7.17708333333,1.00691964286
2012-12-25 12:41:42,670,1,7.77633928571,0.599255952381
2012-12-25 12:41:43,671,1,8.01398809524,0.237648809524
2012-12-25 12:41:44,672,1,8.21130952381,0.197321428571
2012-12-25 12:41:45,673,1,8.66235119048,0.451041666667
2012-12-25 12:41:46,674,1,9.41227678571,0.749925595238
2012-12-25 12:41:47,675,1,10.2357886905,0.823511904762
2012-12-25 12:41:48,676,1,10.7677827381,0.531994047619
2012-12-25 12:41:49,677,1,10.7222470238,-0.0455357142857
2012-12-25 12:41:50,678,1,10.0725446429,-0.649702380952
2012-12-25 12:41:51,679,1,9.05811011905,-1.01443452381
2012-12-25 12:41:52,680,1,8.01636904762,-1.04174107143
2012-12-25 12:41:53,681,1,7.1525297619,-0.863839285714
2012-12-25 12:41:54,682,1,6.43504464286,-0.717485119048
2012-12-25 12:41:55,683,1,5.73370535714,-0.701339285714
2012-12-25 12:41:56,684,1,5.0119047619,-0.721800595238
2012-12-25 12:41:57,685,1,4.30706845238,-0.704836309524
2012-12-25 12:41:58,686,1,3.57797619048,-0.729092261905
2012-12-25 12:41:59,687,1,2.70044642857,-0.877529761905
2012-12-25 12:42:00,688,1,1.70319940476,-0.99724702381
2012-12-25 12:42:01,689,1,0.0,-1.70319940476
2012-12-25 12:43:19,767,78,0.0,0.0
2012-12-25 12:43:20,768,1,2.1665922619,2.1665922619
2012-12-25 12:43:21,769,1,3.8990327381,1.73244047619
2012-12-25 12:43:22,770,1,5.69813988095,1.79910714286
2012-12-25 12:43:23,771,1,7.09367559524,1.39553571429
2012-12-25 12:43:24,772,1,7.79925595238,0.705580357143
2012-12-25 12:43:25,773,1,7.76339285714,-0.0358630952381
2012-12-25 12:43:26,774,1,7.221875,-0.541517857143
2012-12-25 12:43:27,775,1,6.58973214286,-0.632142857143
2012-12-25 12:43:28,776,1,6.24836309524,-0.341369047619
2012-12-25 12:43:29,777,1,6.38697916667,0.138616071429
2012-12-25 12:43:30,778,1,6.9615327381,0.574553571429
2012-12-25 12:43:31,779,1,7.8177827381,0.85625
2012-12-25 12:43:32,780,1,8.88630952381,1.06852678571
2012-12-25 12:43:33,781,1,10.2301339286,1.34382440476
2012-12-25 12:43:34,782,1,11.9345982143,1.70446428571
2012-12-25 12:43:35,783,1,13.9898809524,2.0552827381
2012-12-25 12:43:36,784,1,16.2229910714,2.23311011905
2012-12-25 12:43:37,785,1,18.3251488095,2.1021577381
2012-12-25 12:43:38,786,1,20.0020089286,1.67686011905
2012-12-25 12:43:39,787,1,21.1052827381,1.10327380952
2012-12-25 12:43:40,788,1,21.6302827381,0.525
2012-12-25 12:43:41,789,1,21.652827381,0.0225446428572
2012-12-25 12:43:42,790,1,21.2770833333,-0.375744047619
2012-12-25 12:43:43,791,1,20.5852678571,-0.69181547619
2012-12-25 12:43:44,792,1,19.5928571429,-0.992410714286
2012-12-25 12:43:45,793,1,18.248139881,-1.3447172619
2012-12-25 12:43:46,794,1,16.5232142857,-1.72492559524
2012-12-25 12:43:47,795,1,14.5692708333,-1.95394345238
2012-12-25 12:43:48,796,1,12.799702381,-1.76956845238
2012-12-25 12:43:49,797,1,11.7634672619,-1.03623511905
2012-12-25 12:43:50,798,1,11.8162202381,0.0527529761904
2012-12-25 12:43:51,799,1,12.8290178571,1.01279761905
2012-12-25 12:43:52,800,1,14.2291666667,1.40014880952
2012-12-25 12:43:53,801,1,15.3578869048,1.1287202381
2012-12-25 12:43:54,802,1,15.8146577381,0.456770833333
2012-12-25 12:43:55,803,1,15.5263392857,-0.288318452381
2012-12-25 12:43:56,804,1,14.5905505952,-0.935788690476
2012-12-25 12:43:57,805,1,13.1433779762,-1.44717261905
2012-12-25 12:43:58,806,1,11.3835565476,-1.75982142857
2012-12-25 12:43:59,807,1,9.59129464286,-1.79226190476
2012-12-25 12:44:00,808,1,7.96108630952,-1.63020833333
2012-12-25 12:44:01,809,1,6.41004464286,-1.55104166667
2012-12-25 12:44:02,810,1,4.69680059524,-1.71324404762
2012-12-25 12:44:03,811,1,2.86439732143,-1.83240327381
2012-12-25 12:44:04,812,1,0.0,-2.86439732143
