timestamp,cycle_sec,timestep,speed_mph,accel_meters_ps
2012-07-14 17:04:45,0,58121,0.0,0.0
2012-07-14 17:04:46,1,1,3.6505952381,3.6505952381
2012-07-14 17:04:47,2,1,6.59657738095,2.94598214286
2012-07-14 17:04:48,3,1,9.85,3.25342261905
2012-07-14 17:04:49,4,1,12.9790922619,3.1290922619
2012-07-14 17:04:50,5,1,15.8332589286,2.85416666667
2012-07-14 17:04:51,6,1,18.3838541667,2.5505952381
2012-07-14 17:04:52,7,1,20.6097470238,2.22589285714
2012-07-14 17:04:53,8,1,22.4568452381,1.84709821429
2012-07-14 17:04:54,9,1,23.8514136905,1.39456845238
2012-07-14 17:04:55,10,1,24.7515625,0.900148809524
2012-07-14 17:04:56,11,1,25.196875,0.4453125
2012-07-14 17:04:57,12,1,25.3052083333,0.108333333333
2012-07-14 17:04:58,13,1,25.1882440476,-0.116964285714
2012-07-14 17:04:59,14,1,24.8290922619,-0.359151785714
2012-07-14 17:05:00,15,1,24.0433035714,-0.785788690476
2012-07-14 17:05:01,16,1,22.6324404762,-1.41086309524
2012-07-14 17:05:02,17,1,20.6842261905,-1.94821428571
2012-07-14 17:05:03,18,1,18.7419642857,-1.94226190476
2012-07-14 17:05:04,19,1,17.5852678571,-1.15669642857
2012-07-14 17:05:05,20,1,17.7524553571,0.1671875
2012-07-14 17:05:06,21,1,19.1970238095,1.44456845238
2012-07-14 17:05:07,22,1,21.3365327381,2.13950892857
2012-07-14 17:05:08,23,1,23.4535714286,2.11703869048
2012-07-14 17:05:09,24,1,25.1072916667,1.6537202381
2012-07-14 17:05:10,25,1,26.2132440476,1.10595238095
2012-07-14 17:05:11,26,1,26.8544642857,0.641220238095
2012-07-14 17:05:12,27,1,27.0982142857,0.24375
2012-07-14 17:05:13,28,1,26.9084821429,-0.189732142857
2012-07-14 17:05:14,29,1,26.1261160714,-0.782366071428
2012-07-14 17:05:15,30,1,24.5180059524,-1.60811011905
2012-07-14 17:05:16,31,1,21.9259672619,-2.59203869048
2012-07-14 17:05:17,32,1,18.5142857143,-3.41168154762
2012-07-14 17:05:18,33,1,14.9258184524,-3.5884672619
2012-07-14 17:05:19,34,1,12.0977678571,-2.82805059524
2012-07-14 17:05:20,35,1,10.8124255952,-1.2853422619
2012-07-14 17:05:21,36,1,11.3103422619,0.497916666667
2012-07-14 17:05:22,37,1,13.1964285714,1.88608630952
2012-07-14 17:05:23,38,1,15.6758928571,2.47946428571
2012-07-14 17:05:24,39,1,17.9245535714,2.24866071429
2012-07-14 17:05:25,40,1,19.2840029762,1.35944940476
2012-07-14 17:05:26,41,1,19.2619791667,-0.0220238095238
2012-07-14 17:05:27,42,1,17.6160714286,-1.6459077381
2012-07-14 17:05:28,43,1,14.6171875,-2.99888392857
2012-07-14 17:05:29,44,1,11.2014880952,-3.41569940476
2012-07-14 17:05:30,45,1,8.62313988095,-2.57834821429
2012-07-14 17:05:31,46,1,7.64360119048,-0.979538690476
2012-07-14 17:05:32,47,1,7.95007440476,0.306473214286
2012-07-14 17:05:33,48,1,8.50558035714,0.555505952381
2012-07-14 17:05:34,49,1,8.57723214286,0.0716517857143
2012-07-14 17:05:35,50,1,8.3943452381,-0.182886904762
2012-07-14 17:05:36,51,1,8.83110119048,0.436755952381
2012-07-14 17:05:37,52,1,10.5703869048,1.73928571429
2012-07-14 17:05:38,53,1,13.6001488095,3.02976190476
2012-07-14 17:05:39,54,1,17.3834077381,3.78325892857
2012-07-14 17:05:40,55,1,21.3366815476,3.95327380952
2012-07-14 17:05:41,56,1,25.0895089286,3.75282738095
2012-07-14 17:05:42,57,1,28.4416666667,3.3521577381
2012-07-14 17:05:43,58,1,31.2829613095,2.84129464286
2012-07-14 17:05:44,59,1,33.5882440476,2.3052827381
2012-07-14 17:05:45,60,1,35.401860119,1.81361607143
2012-07-14 17:05:46,61,1,36.7991815476,1.39732142857
2012-07-14 17:05:47,62,1,37.86875,1.06956845238
2012-07-14 17:05:48,63,1,38.689360119,0.820610119048
2012-07-14 17:05:49,64,1,39.2950892857,0.605729166667
2012-07-14 17:05:50,65,1,39.6786458333,0.383556547619
2012-07-14 17:05:51,66,1,39.8358630952,0.157217261905
2012-07-14 17:05:52,67,1,39.8004464286,-0.0354166666667
2012-07-14 17:05:53,68,1,39.640922619,-0.159523809524
2012-07-14 17:05:54,69,1,39.4345238095,-0.206398809524
2012-07-14 17:05:55,70,1,39.242485119,-0.192038690476
2012-07-14 17:05:56,71,1,39.0938988095,-0.148586309524
2012-07-14 17:05:57,72,1,38.9790178571,-0.114880952381
2012-07-14 17:05:58,73,1,38.8575892857,-0.121428571429
2012-07-14 17:05:59,74,1,38.6797619048,-0.177827380952
2012-07-14 17:06:00,75,1,38.410639881,-0.269122023809
2012-07-14 17:06:01,76,1,38.0498511905,-0.360788690476
2012-07-14 17:06:02,77,1,37.633110119,-0.416741071429
2012-07-14 17:06:03,78,1,37.2007440476,-0.432366071429
2012-07-14 17:06:04,79,1,36.7236607143,-0.477083333333
2012-07-14 17:06:05,80,1,36.0375,-0.686160714286
2012-07-14 17:06:06,81,1,34.9156994048,-1.12180059524
2012-07-14 17:06:07,82,1,33.2942708333,-1.62142857143
2012-07-14 17:06:08,83,1,31.416889881,-1.87738095238
2012-07-14 17:06:09,84,1,29.6841517857,-1.73273809524
2012-07-14 17:06:10,85,1,28.2769345238,-1.4072172619
2012-07-14 17:06:11,86,1,26.8849702381,-1.39196428571
2012-07-14 17:06:12,87,1,24.8615327381,-2.0234375
2012-07-14 17:06:13,88,1,21.7414434524,-3.12008928571
2012-07-14 17:06:14,89,1,17.683110119,-4.05833333333
2012-07-14 17:06:15,90,1,13.4760416667,-4.20706845238
2012-07-14 17:06:16,91,1,10.1305803571,-3.34546130952
2012-07-14 17:06:17,92,1,8.35833333333,-1.77224702381
2012-07-14 17:06:18,93,1,8.27105654762,-0.0872767857143
2012-07-14 17:06:19,94,1,9.41547619048,1.14441964286
2012-07-14 17:06:20,95,1,11.05625,1.64077380952
2012-07-14 17:06:21,96,1,12.5052827381,1.4490327381
2012-07-14 17:06:22,97,1,13.3005952381,0.7953125
2012-07-14 17:06:23,98,1,13.2326636905,-0.067931547619
2012-07-14 17:06:24,99,1,12.3425595238,-0.890104166667
2012-07-14 17:06:25,100,1,10.8941220238,-1.4484375
2012-07-14 17:06:26,101,1,9.27819940476,-1.61592261905
2012-07-14 17:06:27,102,1,7.90944940476,-1.36875
2012-07-14 17:06:28,103,1,7.12083333333,-0.788616071429
2012-07-14 17:06:29,104,1,6.99148809524,-0.129345238095
2012-07-14 17:06:30,105,1,7.21505952381,0.223571428571
2012-07-14 17:06:31,106,1,7.22953869048,0.0144791666667
2012-07-14 17:06:32,107,1,6.60202380952,-0.627514880952
2012-07-14 17:06:33,108,1,5.35855654762,-1.2434672619
2012-07-14 17:06:34,109,1,3.95894345238,-1.39961309524
2012-07-14 17:06:35,110,1,2.92758928571,-1.03135416667
2012-07-14 17:06:36,111,1,2.46508928571,-0.4625
2012-07-14 17:06:37,112,1,2.39712797619,-0.0679613095238
2012-07-14 17:06:38,113,1,2.45197916667,0.0548511904762
2012-07-14 17:06:39,114,1,2.49523809524,0.0432589285714
2012-07-14 17:06:40,115,1,2.51498511905,0.0197470238095
2012-07-14 17:06:41,116,1,2.52191964286,0.00693452380952
2012-07-14 17:06:42,117,1,2.53290178571,0.0109821428571
2012-07-14 17:06:43,118,1,2.6153422619,0.0824404761905
2012-07-14 17:06:44,119,1,2.9174702381,0.30212797619
2012-07-14 17:06:45,120,1,3.63720238095,0.719732142857
2012-07-14 17:06:46,121,1,4.91382440476,1.27662202381
2012-07-14 17:06:47,122,1,6.70379464286,1.7899702381
2012-07-14 17:06:48,123,1,8.74974702381,2.04595238095
2012-07-14 17:06:49,124,1,10.6726488095,1.92290178571
2012-07-14 17:06:50,125,1,12.1226190476,1.4499702381
2012-07-14 17:06:51,126,1,12.9064732143,0.783854166667
2012-07-14 17:06:52,127,1,13.0279017857,0.121428571429
2012-07-14 17:06:53,128,1,12.6508184524,-0.377083333333
2012-07-14 17:06:54,129,1,12.046577381,-0.604241071429
2012-07-14 17:06:55,130,1,11.5164434524,-0.530133928571
2012-07-14 17:06:56,131,1,11.2836309524,-0.2328125
2012-07-14 17:06:57,132,1,11.4375744048,0.153943452381
2012-07-14 17:06:58,133,1,11.953422619,0.515848214286
2012-07-14 17:06:59,134,1,12.7228422619,0.769419642857
2012-07-14 17:07:00,135,1,13.5786458333,0.855803571429
2012-07-14 17:07:01,136,1,14.3211309524,0.742485119048
2012-07-14 17:07:02,137,1,14.7464285714,0.425297619048
2012-07-14 17:07:03,138,1,14.7132440476,-0.0331845238096
2012-07-14 17:07:04,139,1,14.2456845238,-0.46755952381
2012-07-14 17:07:05,140,1,13.5666666667,-0.679017857143
2012-07-14 17:07:06,141,1,12.9861607143,-0.580505952381
2012-07-14 17:07:07,142,1,12.7205357143,-0.265625
2012-07-14 17:07:08,143,1,12.7802083333,0.0596726190476
2012-07-14 17:07:09,144,1,12.9877232143,0.207514880952
2012-07-14 17:07:10,145,1,13.1022321429,0.114508928571
2012-07-14 17:07:11,146,1,12.9574404762,-0.144791666667
2012-07-14 17:07:12,147,1,12.5046875,-0.452752976191
2012-07-14 17:07:13,148,1,11.770610119,-0.734077380952
2012-07-14 17:07:14,149,1,10.8239583333,-0.946651785714
2012-07-14 17:07:15,150,1,9.74322916667,-1.08072916667
2012-07-14 17:07:16,151,1,8.52619047619,-1.21703869048
2012-07-14 17:07:17,152,1,7.03482142857,-1.49136904762
2012-07-14 17:07:18,153,1,5.14791666667,-1.8869047619
2012-07-14 17:07:19,154,1,3.08918650794,-2.05873015873
2012-07-14 17:07:20,155,1,0.0,-3.08918650794
2012-07-14 17:15:42,657,502,0.0,0.0
2012-07-14 17:15:43,658,1,1.52862103175,1.52862103175
2012-07-14 17:15:44,659,1,2.32748015873,0.798859126984
2012-07-14 17:15:45,660,1,2.87008928571,0.542609126984
2012-07-14 17:15:46,661,1,3.04982638889,0.179737103175
2012-07-14 17:15:47,662,1,3.01312003968,-0.0367063492063
2012-07-14 17:15:48,663,1,2.9209077381,-0.0922123015873
2012-07-14 17:15:49,664,1,2.99461805556,0.0737103174603
2012-07-14 17:15:50,665,1,3.59444444444,0.599826388889
2012-07-14 17:15:51,666,1,5.0415922619,1.44714781746
2012-07-14 17:15:52,667,1,7.34670138889,2.30510912698
2012-07-14 17:15:53,668,1,10.1225694444,2.77586805556
2012-07-14 17:15:54,669,1,12.7423363095,2.61976686508
2012-07-14 17:15:55,670,1,14.6261656746,1.88382936508
2012-07-14 17:15:56,671,1,15.4302331349,0.804067460317
2012-07-14 17:15:57,672,1,15.0851934524,-0.34503968254
2012-07-14 17:15:58,673,1,13.8482142857,-1.23697916667
2012-07-14 17:15:59,674,1,12.3182291667,-1.52998511905
2012-07-14 17:16:00,675,1,11.2142113095,-1.10401785714
2012-07-14 17:16:01,676,1,10.9881696429,-0.226041666667
2012-07-14 17:16:02,677,1,11.5537946429,0.565625
2012-07-14 17:16:03,678,1,12.3544642857,0.800669642857
2012-07-14 17:16:04,679,1,12.7500744048,0.395610119048
2012-07-14 17:16:05,680,1,12.3962425595,-0.353831845238
2012-07-14 17:16:06,681,1,11.3103236607,-1.08591889881
2012-07-14 17:16:07,682,1,9.70598958333,-1.60433407738
2012-07-14 17:16:08,683,1,7.87100074405,-1.83498883929
2012-07-14 17:16:09,684,1,6.12533482143,-1.74566592262
2012-07-14 17:16:10,685,1,4.747265625,-1.37806919643
2012-07-14 17:16:11,686,1,3.92712053571,-0.820145089286
2012-07-14 17:16:12,687,1,3.80885416667,-0.118266369048
2012-07-14 17:16:13,688,1,4.50889136905,0.700037202381
2012-07-14 17:16:14,689,1,6.09841889881,1.58952752976
2012-07-14 17:16:15,690,1,8.5986235119,2.5002046131
2012-07-14 17:16:16,691,1,11.9007998512,3.30217633929
2012-07-14 17:16:17,692,1,15.6595610119,3.75876116071
2012-07-14 17:16:18,693,1,19.3551525298,3.69559151786
2012-07-14 17:16:19,694,1,22.4732514881,3.11809895833
2012-07-14 17:16:20,695,1,24.6319940476,2.15874255952
2012-07-14 17:16:21,696,1,25.6389880952,1.00699404762
2012-07-14 17:16:22,697,1,25.4802827381,-0.158705357143
2012-07-14 17:16:23,698,1,24.2508184524,-1.22946428571
2012-07-14 17:16:24,699,1,22.1195684524,-2.13125
2012-07-14 17:16:25,700,1,19.3520833333,-2.76748511905
2012-07-14 17:16:26,701,1,16.2881696429,-3.06391369048
2012-07-14 17:16:27,702,1,13.2320684524,-3.05610119048
2012-07-14 17:16:28,703,1,10.375297619,-2.85677083333
2012-07-14 17:16:29,704,1,7.84925595238,-2.52604166667
2012-07-14 17:16:30,705,1,5.80171130952,-2.04754464286
2012-07-14 17:16:31,706,1,4.36316964286,-1.43854166667
2012-07-14 17:16:32,707,1,3.55119047619,-0.811979166667
2012-07-14 17:16:33,708,1,3.25163690476,-0.299553571429
2012-07-14 17:16:34,709,1,3.33936011905,0.0877232142857
2012-07-14 17:16:35,710,1,3.84084821429,0.501488095238
2012-07-14 17:16:36,711,1,4.93244047619,1.0915922619
2012-07-14 17:16:37,712,1,6.7228422619,1.79040178571
2012-07-14 17:16:38,713,1,9.05677083333,2.33392857143
2012-07-14 17:16:39,714,1,11.5744791667,2.51770833333
2012-07-14 17:16:40,715,1,13.9668154762,2.39233630952
2012-07-14 17:16:41,716,1,16.1693452381,2.2025297619
2012-07-14 17:16:42,717,1,18.3253720238,2.15602678571
2012-07-14 17:16:43,718,1,20.5832589286,2.25788690476
2012-07-14 17:16:44,719,1,22.9441220238,2.36086309524
2012-07-14 17:16:45,720,1,25.2909970238,2.346875
2012-07-14 17:16:46,721,1,27.5101934524,2.21919642857
2012-07-14 17:16:47,722,1,29.5358630952,2.02566964286
2012-07-14 17:16:48,723,1,31.2956845238,1.75982142857
2012-07-14 17:16:49,724,1,32.6610119048,1.36532738095
2012-07-14 17:16:50,725,1,33.4448660714,0.783854166667
2012-07-14 17:16:51,726,1,33.4295386905,-0.0153273809524
2012-07-14 17:16:52,727,1,32.4339285714,-0.995610119048
2012-07-14 17:16:53,728,1,30.4068452381,-2.02708333333
2012-07-14 17:16:54,729,1,27.4965029762,-2.9103422619
2012-07-14 17:16:55,730,1,24.0789434524,-3.41755952381
2012-07-14 17:16:56,731,1,20.73125,-3.34769345238
2012-07-14 17:16:57,732,1,18.1228422619,-2.6084077381
2012-07-14 17:16:58,733,1,16.826860119,-1.29598214286
2012-07-14 17:16:59,734,1,17.1036458333,0.276785714286
2012-07-14 17:17:00,735,1,18.7795386905,1.67589285714
2012-07-14 17:17:01,736,1,21.3255208333,2.54598214286
2012-07-14 17:17:02,737,1,24.1007440476,2.77522321429
2012-07-14 17:17:03,738,1,26.6230654762,2.52232142857
2012-07-14 17:17:04,739,1,28.6976934524,2.07462797619
2012-07-14 17:17:05,740,1,30.3271577381,1.62946428571
2012-07-14 17:17:06,741,1,31.5459077381,1.21875
2012-07-14 17:17:07,742,1,32.3645833333,0.818675595238
2012-07-14 17:17:08,743,1,32.8142857143,0.449702380952
2012-07-14 17:17:09,744,1,32.9802827381,0.165997023809
2012-07-14 17:17:10,745,1,32.9759672619,-0.0043154761904
2012-07-14 17:17:11,746,1,32.8824404762,-0.0935267857143
2012-07-14 17:17:12,747,1,32.7196428571,-0.162797619048
2012-07-14 17:17:13,748,1,32.4801339286,-0.239508928572
2012-07-14 17:17:14,749,1,32.174702381,-0.305431547619
2012-07-14 17:17:15,750,1,31.8358630952,-0.338839285714
2012-07-14 17:17:16,751,1,31.4919642857,-0.343898809524
2012-07-14 17:17:17,752,1,31.1534970238,-0.338467261905
2012-07-14 17:17:18,753,1,30.8198660714,-0.333630952381
2012-07-14 17:17:19,754,1,30.4703869048,-0.349479166667
2012-07-14 17:17:20,755,1,30.021577381,-0.448809523809
2012-07-14 17:17:21,756,1,29.3026785714,-0.718898809524
2012-07-14 17:17:22,757,1,28.103125,-1.19955357143
2012-07-14 17:17:23,758,1,26.2864583333,-1.81666666667
2012-07-14 17:17:24,759,1,23.9395089286,-2.34694940476
2012-07-14 17:17:25,760,1,21.4715029762,-2.46800595238
2012-07-14 17:17:26,761,1,19.5255952381,-1.9459077381
2012-07-14 17:17:27,762,1,18.6904761905,-0.835119047619
2012-07-14 17:17:28,763,1,19.1916666667,0.50119047619
2012-07-14 17:17:29,764,1,20.7673363095,1.57566964286
2012-07-14 17:17:30,765,1,22.8037946429,2.03645833333
2012-07-14 17:17:31,766,1,24.6384672619,1.83467261905
2012-07-14 17:17:32,767,1,25.840327381,1.20186011905
2012-07-14 17:17:33,768,1,26.3238839286,0.483556547619
2012-07-14 17:17:34,769,1,26.2866071429,-0.0372767857143
2012-07-14 17:17:35,770,1,26.0390625,-0.247544642857
2012-07-14 17:17:36,771,1,25.7914434524,-0.247619047619
2012-07-14 17:17:37,772,1,25.4866815476,-0.304761904762
2012-07-14 17:17:38,773,1,24.8258928571,-0.660788690476
2012-07-14 17:17:39,774,1,23.5321428571,-1.29375
2012-07-14 17:17:40,775,1,21.6414434524,-1.89069940476
2012-07-14 17:17:41,776,1,19.5313988095,-2.11004464286
2012-07-14 17:17:42,777,1,17.6677827381,-1.86361607143
2012-07-14 17:17:43,778,1,16.305952381,-1.36183035714
2012-07-14 17:17:44,779,1,15.3558779762,-0.950074404762
2012-07-14 17:17:45,780,1,14.4764136905,-0.879464285714
2012-07-14 17:17:46,781,1,13.3078125,-1.16860119048
2012-07-14 17:17:47,782,1,11.6519345238,-1.65587797619
2012-07-14 17:17:48,783,1,9.53125,-2.12068452381
2012-07-14 17:17:49,784,1,7.19508928571,-2.33616071429
2012-07-14 17:17:50,785,1,5.04575892857,-2.14933035714
2012-07-14 17:17:51,786,1,3.440625,-1.60513392857
2012-07-14 17:17:52,787,1,2.51413690476,-0.926488095238
2012-07-14 17:17:53,788,1,2.1353422619,-0.378794642857
2012-07-14 17:17:54,789,1,1.96510416667,-0.170238095238
2012-07-14 17:17:55,790,1,1.6459077381,-0.319196428571
2012-07-14 17:17:56,791,1,1.11572420635,-0.530183531746
2012-07-14 17:17:57,792,1,0.0,-1.11572420635
