timestamp,cycle_sec,timestep,speed_mph,accel_meters_ps
2012-05-11 06:35:53,0,54718,0.0,0.0
2012-05-11 06:35:54,1,1,4.65169477513,4.65169477513
2012-05-11 06:35:55,2,1,8.44026124339,3.78856646825
2012-05-11 06:35:56,3,1,12.7401785714,4.29991732804
2012-05-11 06:35:57,4,1,17.1220899471,4.38191137566
2012-05-11 06:35:58,5,1,21.5043981481,4.38230820106
2012-05-11 06:35:59,6,1,25.8940228175,4.38962466931
2012-05-11 06:36:00,7,1,30.0449983466,4.1509755291
2012-05-11 06:36:01,8,1,33.3142526455,3.26925429894
2012-05-11 06:36:02,9,1,34.9341021825,1.61984953704
2012-05-11 06:36:03,10,1,34.5066385582,-0.427463624339
2012-05-11 06:36:04,11,1,32.3492642196,-2.15737433862
2012-05-11 06:36:05,12,1,29.4531746032,-2.8960896164
2012-05-11 06:36:06,13,1,27.0107556217,-2.44241898148
2012-05-11 06:36:07,14,1,25.8421709656,-1.16858465608
2012-05-11 06:36:08,15,1,26.1660714286,0.323900462963
2012-05-11 06:36:09,16,1,27.7280505952,1.56197916667
2012-05-11 06:36:10,17,1,30.0473214286,2.31927083333
2012-05-11 06:36:11,18,1,32.636235119,2.58891369048
2012-05-11 06:36:12,19,1,35.0883928571,2.4521577381
2012-05-11 06:36:13,20,1,37.0619791667,1.97358630952
2012-05-11 06:36:14,21,1,38.3056547619,1.24367559524
2012-05-11 06:36:15,22,1,38.7266369048,0.420982142857
2012-05-11 06:36:16,23,1,38.4401785714,-0.286458333333
2012-05-11 06:36:17,24,1,37.7932291667,-0.646949404762
2012-05-11 06:36:18,25,1,37.2656994048,-0.527529761905
2012-05-11 06:36:19,26,1,37.2247767857,-0.0409226190476
2012-05-11 06:36:20,27,1,37.694047619,0.469270833333
2012-05-11 06:36:21,28,1,38.2431547619,0.549107142857
2012-05-11 06:36:22,29,1,38.0566220238,-0.186532738095
2012-05-11 06:36:23,30,1,36.2548363095,-1.80178571429
2012-05-11 06:36:24,31,1,32.4084821429,-3.84635416667
2012-05-11 06:36:25,32,1,27.0249255952,-5.38355654762
2012-05-11 06:36:26,33,1,21.5994047619,-5.42552083333
2012-05-11 06:36:27,34,1,17.9452380952,-3.65416666667
2012-05-11 06:36:28,35,1,17.1975446429,-0.747693452381
2012-05-11 06:36:29,36,1,19.2448660714,2.04732142857
2012-05-11 06:36:30,37,1,22.9526785714,3.7078125
2012-05-11 06:36:31,38,1,26.9671875,4.01450892857
2012-05-11 06:36:32,39,1,30.4359375,3.46875
2012-05-11 06:36:33,40,1,33.1271577381,2.6912202381
2012-05-11 06:36:34,41,1,35.1521577381,2.025
2012-05-11 06:36:35,42,1,36.6910714286,1.53891369048
2012-05-11 06:36:36,43,1,37.8021577381,1.11108630952
2012-05-11 06:36:37,44,1,38.3924107143,0.590252976191
2012-05-11 06:36:38,45,1,38.4160714286,0.0236607142857
2012-05-11 06:36:39,46,1,38.0747767857,-0.341294642857
2012-05-11 06:36:40,47,1,37.7520833333,-0.322693452381
2012-05-11 06:36:41,48,1,37.7202380952,-0.0318452380952
2012-05-11 06:36:42,49,1,37.9249255952,0.2046875
2012-05-11 06:36:43,50,1,38.0927827381,0.167857142857
2012-05-11 06:36:44,51,1,38.0401785714,-0.0526041666666
2012-05-11 06:36:45,52,1,37.8321428571,-0.208035714286
2012-05-11 06:36:46,53,1,37.6540922619,-0.178050595238
2012-05-11 06:36:47,54,1,37.5939732143,-0.0601190476191
2012-05-11 06:36:48,55,1,37.5497767857,-0.0441964285714
2012-05-11 06:36:49,56,1,37.286235119,-0.263541666667
2012-05-11 06:36:50,57,1,36.589360119,-0.696875
2012-05-11 06:36:51,58,1,35.448735119,-1.140625
2012-05-11 06:36:52,59,1,34.125297619,-1.3234375
2012-05-11 06:36:53,60,1,32.9892113095,-1.13608630952
2012-05-11 06:36:54,61,1,32.1878720238,-0.801339285714
2012-05-11 06:36:55,62,1,31.3951636905,-0.792708333333
2012-05-11 06:36:56,63,1,29.91875,-1.47641369048
2012-05-11 06:36:57,64,1,27.1870535714,-2.73169642857
2012-05-11 06:36:58,65,1,23.2908482143,-3.89620535714
2012-05-11 06:36:59,66,1,19.1419642857,-4.14888392857
2012-05-11 06:37:00,67,1,16.0555059524,-3.08645833333
2012-05-11 06:37:01,68,1,15.0014880952,-1.05401785714
2012-05-11 06:37:02,69,1,16.0293154762,1.02782738095
2012-05-11 06:37:03,70,1,18.2604910714,2.23117559524
2012-05-11 06:37:04,71,1,20.4803571429,2.21986607143
2012-05-11 06:37:05,72,1,21.8728422619,1.39248511905
2012-05-11 06:37:06,73,1,22.3103422619,0.4375
2012-05-11 06:37:07,74,1,22.1405505952,-0.169791666667
2012-05-11 06:37:08,75,1,21.8389880952,-0.3015625
2012-05-11 06:37:09,76,1,21.7553571429,-0.083630952381
2012-05-11 06:37:10,77,1,22.0271577381,0.271800595238
2012-05-11 06:37:11,78,1,22.6431547619,0.61599702381
2012-05-11 06:37:12,79,1,23.4870535714,0.843898809524
2012-05-11 06:37:13,80,1,24.2991071429,0.812053571428
2012-05-11 06:37:14,81,1,24.6587797619,0.359672619048
2012-05-11 06:37:15,82,1,24.0678571429,-0.590922619048
2012-05-11 06:37:16,83,1,22.2253720238,-1.84248511905
2012-05-11 06:37:17,84,1,19.4202380952,-2.80513392857
2012-05-11 06:37:18,85,1,16.625297619,-2.79494047619
2012-05-11 06:37:19,86,1,15.0148809524,-1.61041666667
2012-05-11 06:37:20,87,1,15.1841517857,0.169270833333
2012-05-11 06:37:21,88,1,16.6807291667,1.49657738095
2012-05-11 06:37:22,89,1,18.2865327381,1.60580357143
2012-05-11 06:37:23,90,1,18.8519345238,0.565401785714
2012-05-11 06:37:24,91,1,17.9851934524,-0.866741071428
2012-05-11 06:37:25,92,1,16.1097470238,-1.87544642857
2012-05-11 06:37:26,93,1,13.9398809524,-2.16986607143
2012-05-11 06:37:27,94,1,11.837202381,-2.10267857143
2012-05-11 06:37:28,95,1,9.62328869048,-2.21391369048
2012-05-11 06:37:29,96,1,7.00498511905,-2.61830357143
2012-05-11 06:37:30,97,1,4.19430803571,-2.81067708333
2012-05-11 06:37:31,98,1,0.0,-4.19430803571
2012-05-11 06:39:31,218,120,0.0,0.0
2012-05-11 06:39:32,219,1,1.83720238095,1.83720238095
2012-05-11 06:39:33,220,1,2.82827380952,0.991071428571
2012-05-11 06:39:34,221,1,3.77020089286,0.941927083333
2012-05-11 06:39:35,222,1,4.82492559524,1.05472470238
2012-05-11 06:39:36,223,1,6.34594494048,1.52101934524
2012-05-11 06:39:37,224,1,8.32875744048,1.9828125
2012-05-11 06:39:38,225,1,10.3735119048,2.04475446429
2012-05-11 06:39:39,226,1,12.0475446429,1.6740327381
2012-05-11 06:39:40,227,1,13.177641369,1.13009672619
2012-05-11 06:39:41,228,1,13.779389881,0.601748511905
2012-05-11 06:39:42,229,1,13.7585565476,-0.0208333333334
2012-05-11 06:39:43,230,1,12.8450892857,-0.913467261905
2012-05-11 06:39:44,231,1,10.9654761905,-1.87961309524
2012-05-11 06:39:45,232,1,8.62395833333,-2.34151785714
2012-05-11 06:39:46,233,1,6.82358630952,-1.80037202381
2012-05-11 06:39:47,234,1,6.57120535714,-0.252380952381
2012-05-11 06:39:48,235,1,8.32180059524,1.7505952381
2012-05-11 06:39:49,236,1,11.7755952381,3.45379464286
2012-05-11 06:39:50,237,1,16.1931547619,4.41755952381
2012-05-11 06:39:51,238,1,20.8551339286,4.66197916667
2012-05-11 06:39:52,239,1,25.2425595238,4.38742559524
2012-05-11 06:39:53,240,1,29.011235119,3.76867559524
2012-05-11 06:39:54,241,1,31.982514881,2.9712797619
2012-05-11 06:39:55,242,1,34.151860119,2.1693452381
2012-05-11 06:39:56,243,1,35.6567708333,1.50491071429
2012-05-11 06:39:57,244,1,36.6960565476,1.03928571429
2012-05-11 06:39:58,245,1,37.4325892857,0.736532738095
2012-05-11 06:39:59,246,1,37.9507440476,0.518154761905
2012-05-11 06:40:00,247,1,38.2849702381,0.334226190476
2012-05-11 06:40:01,248,1,38.4604166667,0.175446428572
2012-05-11 06:40:02,249,1,38.5104910714,0.0500744047619
2012-05-11 06:40:03,250,1,38.4805059524,-0.0299851190476
2012-05-11 06:40:04,251,1,38.4219494048,-0.0585565476191
2012-05-11 06:40:05,252,1,38.373139881,-0.0488095238095
2012-05-11 06:40:06,253,1,38.3412202381,-0.0319196428572
2012-05-11 06:40:07,254,1,38.3081845238,-0.0330357142857
2012-05-11 06:40:08,255,1,38.2483630952,-0.0598214285714
2012-05-11 06:40:09,256,1,38.1098958333,-0.138467261905
2012-05-11 06:40:10,257,1,37.7496279762,-0.360267857143
2012-05-11 06:40:11,258,1,36.9222470238,-0.827380952381
2012-05-11 06:40:12,259,1,35.4439732143,-1.47827380952
2012-05-11 06:40:13,260,1,33.4453125,-1.99866071429
2012-05-11 06:40:14,261,1,31.4484375,-1.996875
2012-05-11 06:40:15,262,1,30.1419642857,-1.30647321429
2012-05-11 06:40:16,263,1,30.0005208333,-0.141443452381
2012-05-11 06:40:17,264,1,31.0322916667,1.03177083333
2012-05-11 06:40:18,265,1,32.8515625,1.81927083333
2012-05-11 06:40:19,266,1,34.9527529762,2.10119047619
2012-05-11 06:40:20,267,1,36.8564732143,1.9037202381
2012-05-11 06:40:21,268,1,38.0692708333,1.21279761905
2012-05-11 06:40:22,269,1,38.104389881,0.0351190476191
2012-05-11 06:40:23,270,1,36.6647321429,-1.4396577381
2012-05-11 06:40:24,271,1,33.8163690476,-2.84836309524
2012-05-11 06:40:25,272,1,29.9590029762,-3.85736607143
2012-05-11 06:40:26,273,1,25.6075892857,-4.35141369048
2012-05-11 06:40:27,274,1,21.2351190476,-4.3724702381
2012-05-11 06:40:28,275,1,17.3333333333,-3.90178571429
2012-05-11 06:40:29,276,1,14.4837797619,-2.84955357143
2012-05-11 06:40:30,277,1,13.1979166667,-1.28586309524
2012-05-11 06:40:31,278,1,13.6392113095,0.441294642857
2012-05-11 06:40:32,279,1,15.5303571429,1.89114583333
2012-05-11 06:40:33,280,1,18.3607886905,2.83043154762
2012-05-11 06:40:34,281,1,21.6811011905,3.3203125
2012-05-11 06:40:35,282,1,25.2152529762,3.53415178571
2012-05-11 06:40:36,283,1,28.7916666667,3.57641369048
2012-05-11 06:40:37,284,1,32.2630952381,3.47142857143
2012-05-11 06:40:38,285,1,35.5452380952,3.28214285714
2012-05-11 06:40:39,286,1,38.6636160714,3.11837797619
2012-05-11 06:40:40,287,1,41.5557291667,2.89211309524
2012-05-11 06:40:41,288,1,43.8800595238,2.32433035714
2012-05-11 06:40:42,289,1,45.2303571429,1.35029761905
2012-05-11 06:40:43,290,1,45.4285714286,0.198214285714
2012-05-11 06:40:44,291,1,44.537202381,-0.891369047619
2012-05-11 06:40:45,292,1,42.7337053571,-1.80349702381
2012-05-11 06:40:46,293,1,40.184672619,-2.5490327381
2012-05-11 06:40:47,294,1,37.0900297619,-3.09464285714
2012-05-11 06:40:48,295,1,33.9073660714,-3.18266369048
2012-05-11 06:40:49,296,1,31.317485119,-2.58988095238
2012-05-11 06:40:50,297,1,29.8311011905,-1.48638392857
2012-05-11 06:40:51,298,1,29.5160714286,-0.315029761905
2012-05-11 06:40:52,299,1,30.0793154762,0.563244047619
2012-05-11 06:40:53,300,1,31.0804315476,1.00111607143
2012-05-11 06:40:54,301,1,32.0665922619,0.986160714286
2012-05-11 06:40:55,302,1,32.663764881,0.597172619048
2012-05-11 06:40:56,303,1,32.7282738095,0.0645089285714
2012-05-11 06:40:57,304,1,32.4733630952,-0.254910714286
2012-05-11 06:40:58,305,1,32.3763392857,-0.0970238095238
2012-05-11 06:40:59,306,1,32.8733630952,0.497023809524
2012-05-11 06:41:00,307,1,34.078125,1.20476190476
2012-05-11 06:41:01,308,1,35.7465029762,1.66837797619
2012-05-11 06:41:02,309,1,37.4816964286,1.73519345238
2012-05-11 06:41:03,310,1,38.9366071429,1.45491071429
2012-05-11 06:41:04,311,1,39.8161458333,0.879538690476
2012-05-11 06:41:05,312,1,39.7585565476,-0.0575892857143
2012-05-11 06:41:06,313,1,38.3443452381,-1.41421130952
2012-05-11 06:41:07,314,1,35.3695684524,-2.97477678571
2012-05-11 06:41:08,315,1,31.1641369048,-4.20543154762
2012-05-11 06:41:09,316,1,26.571577381,-4.59255952381
2012-05-11 06:41:10,317,1,22.5432291667,-4.02834821429
2012-05-11 06:41:11,318,1,19.65625,-2.88697916667
2012-05-11 06:41:12,319,1,17.878422619,-1.77782738095
2012-05-11 06:41:13,320,1,16.7331845238,-1.14523809524
2012-05-11 06:41:14,321,1,15.7142857143,-1.01889880952
2012-05-11 06:41:15,322,1,14.5621279762,-1.1521577381
2012-05-11 06:41:16,323,1,13.2067708333,-1.35535714286
2012-05-11 06:41:17,324,1,11.5889136905,-1.61785714286
2012-05-11 06:41:18,325,1,9.64107142857,-1.9478422619
2012-05-11 06:41:19,326,1,7.45066964286,-2.19040178571
2012-05-11 06:41:20,327,1,5.4224702381,-2.02819940476
2012-05-11 06:41:21,328,1,4.19017857143,-1.23229166667
2012-05-11 06:41:22,329,1,4.19456845238,0.00438988095238
2012-05-11 06:41:23,330,1,5.29561011905,1.10104166667
2012-05-11 06:41:24,331,1,6.85193452381,1.55632440476
2012-05-11 06:41:25,332,1,8.16398809524,1.31205357143
2012-05-11 06:41:26,333,1,8.86614583333,0.702157738095
2012-05-11 06:41:27,334,1,9.03132440476,0.165178571429
2012-05-11 06:41:28,335,1,8.99486607143,-0.0364583333333
2012-05-11 06:41:29,336,1,9.07001488095,0.0751488095238
2012-05-11 06:41:30,337,1,9.36629464286,0.296279761905
2012-05-11 06:41:31,338,1,9.7953125,0.429017857143
2012-05-11 06:41:32,339,1,10.1807291667,0.385416666667
2012-05-11 06:41:33,340,1,10.3264880952,0.145758928571
2012-05-11 06:41:34,341,1,10.0074404762,-0.319047619048
2012-05-11 06:41:35,342,1,9.00811011905,-0.999330357143
2012-05-11 06:41:36,343,1,7.30089285714,-1.7072172619
2012-05-11 06:41:37,344,1,5.20498511905,-2.0959077381
2012-05-11 06:41:38,345,1,3.28601190476,-1.91897321429
2012-05-11 06:41:39,346,1,2.03132440476,-1.2546875
2012-05-11 06:41:40,347,1,1.56711309524,-0.464211309524
2012-05-11 06:41:41,348,1,1.6361235119,0.0690104166667
2012-05-11 06:41:42,349,1,1.8474516369,0.211328125
2012-05-11 06:41:43,350,1,1.94906994048,0.101618303571
2012-05-11 06:41:44,351,1,1.88803943452,-0.0610305059524
2012-05-11 06:41:45,352,1,1.73389136905,-0.154148065476
2012-05-11 06:41:46,353,1,1.6072358631,-0.126655505952
2012-05-11 06:41:47,354,1,1.61633184524,0.00909598214286
2012-05-11 06:41:48,355,1,1.80669642857,0.190364583333
2012-05-11 06:41:49,356,1,2.11603422619,0.309337797619
2012-05-11 06:41:50,357,1,2.32862723214,0.212593005952
2012-05-11 06:41:51,358,1,2.15963541667,-0.168991815476
2012-05-11 06:41:52,359,1,1.53539806548,-0.62423735119
2012-05-11 06:41:53,360,1,0.0,-1.53539806548
2012-05-11 06:41:54,361,1,0.0,0.0
2012-05-11 06:41:55,362,1,0.0,0.0
2012-05-11 06:41:56,363,1,0.0,0.0
2012-05-11 06:41:57,364,1,0.0,0.0
2012-05-11 06:41:58,365,1,0.0,0.0
