timestamp,cycle_sec,timestep,speed_mph,accel_meters_ps
2012-04-30 10:51:49,0,61873,0.0,0.0
2012-04-30 10:51:50,1,1,4.50575396825,4.50575396825
2012-04-30 10:51:51,2,1,8.21925843254,3.71350446429
2012-04-30 10:51:52,3,1,12.4395089286,4.22025049603
2012-04-30 10:51:53,4,1,16.7222532242,4.28274429564
2012-04-30 10:51:54,5,1,20.9520957341,4.22984250992
2012-04-30 10:51:55,6,1,25.15,4.19790426587
2012-04-30 10:51:56,7,1,29.3468625992,4.19686259921
2012-04-30 10:51:57,8,1,33.5671068948,4.22024429564
2012-04-30 10:51:58,9,1,37.8035342262,4.23642733135
2012-04-30 10:51:59,10,1,41.9164496528,4.11291542659
2012-04-30 10:52:00,11,1,45.589781746,3.67333209325
2012-04-30 10:52:01,12,1,48.4802083333,2.8904265873
2012-04-30 10:52:02,13,1,50.4436507937,1.96344246032
2012-04-30 10:52:03,14,1,51.6243365575,1.18068576389
2012-04-30 10:52:04,15,1,52.3507068452,0.726370287698
2012-04-30 10:52:05,16,1,52.9358568948,0.585150049603
2012-04-30 10:52:06,17,1,53.5345114087,0.598654513889
2012-04-30 10:52:07,18,1,54.15625,0.62173859127
2012-04-30 10:52:08,19,1,54.7699404762,0.61369047619
2012-04-30 10:52:09,20,1,55.3547619048,0.584821428571
2012-04-30 10:52:10,21,1,55.8845982143,0.529836309524
2012-04-30 10:52:11,22,1,56.329985119,0.445386904762
2012-04-30 10:52:12,23,1,56.667485119,0.3375
2012-04-30 10:52:13,24,1,56.8573660714,0.189880952381
2012-04-30 10:52:14,25,1,56.8547619048,-0.0026041666667
2012-04-30 10:52:15,26,1,56.6744047619,-0.180357142857
2012-04-30 10:52:16,27,1,56.4052827381,-0.26912202381
2012-04-30 10:52:17,28,1,56.1427827381,-0.2625
2012-04-30 10:52:18,29,1,55.9200892857,-0.222693452381
2012-04-30 10:52:19,30,1,55.6924107143,-0.227678571429
2012-04-30 10:52:20,31,1,55.387202381,-0.305208333333
2012-04-30 10:52:21,32,1,54.9732142857,-0.413988095238
2012-04-30 10:52:22,33,1,54.3942708333,-0.578943452381
2012-04-30 10:52:23,34,1,53.3960565476,-0.998214285714
2012-04-30 10:52:24,35,1,51.5995535714,-1.79650297619
2012-04-30 10:52:25,36,1,48.9023065476,-2.69724702381
2012-04-30 10:52:26,37,1,45.7537946429,-3.14851190476
2012-04-30 10:52:27,38,1,42.9782738095,-2.77552083333
2012-04-30 10:52:28,39,1,41.2746279762,-1.70364583333
2012-04-30 10:52:29,40,1,40.7553571429,-0.519270833333
2012-04-30 10:52:30,41,1,40.9108630952,0.155505952381
2012-04-30 10:52:31,42,1,41.0138392857,0.102976190476
2012-04-30 10:52:32,43,1,40.546577381,-0.467261904762
2012-04-30 10:52:33,44,1,39.3461309524,-1.20044642857
2012-04-30 10:52:34,45,1,37.4857886905,-1.8603422619
2012-04-30 10:52:35,46,1,35.0680803571,-2.41770833333
2012-04-30 10:52:36,47,1,32.1366071429,-2.93147321429
2012-04-30 10:52:37,48,1,28.7499255952,-3.38668154762
2012-04-30 10:52:38,49,1,25.0464285714,-3.70349702381
2012-04-30 10:52:39,50,1,21.1676339286,-3.87879464286
2012-04-30 10:52:40,51,1,17.1353670635,-4.03226686508
2012-04-30 10:52:41,52,1,12.8869047619,-4.24846230159
2012-04-30 10:52:42,53,1,8.53563988095,-4.35126488095
2012-04-30 10:52:43,54,1,4.66706349206,-3.86857638889
2012-04-30 10:52:44,55,1,0.0,-4.66706349206
