timestamp,cycle_sec,timestep,speed_mph,accel_meters_ps
2012-04-27 09:32:44,0,1,0.0,0.0
2012-04-27 09:32:45,1,1,0.0,0.0
2012-04-27 09:32:46,2,1,0.0,0.0
2012-04-27 09:32:47,3,1,0.0,0.0
2012-04-27 09:32:48,4,1,0.0,0.0
2012-04-27 09:32:49,5,1,0.0,0.0
2012-04-27 09:32:50,6,1,2.34010416667,2.34010416667
2012-04-27 09:32:51,7,1,3.68311011905,1.34300595238
2012-04-27 09:32:52,8,1,4.58839285714,0.905282738095
2012-04-27 09:32:53,9,1,4.9078125,0.319419642857
2012-04-27 09:32:54,10,1,4.86473214286,-0.0430803571429
2012-04-27 09:32:55,11,1,4.79427083333,-0.0704613095238
2012-04-27 09:32:56,12,1,4.90290178571,0.108630952381
2012-04-27 09:32:57,13,1,5.19613095238,0.293229166667
2012-04-27 09:32:58,14,1,5.54553571429,0.349404761905
2012-04-27 09:32:59,15,1,5.78697916667,0.241443452381
2012-04-27 09:33:00,16,1,5.81011904762,0.0231398809524
2012-04-27 09:33:01,17,1,5.61540178571,-0.194717261905
2012-04-27 09:33:02,18,1,5.29583333333,-0.319568452381
2012-04-27 09:33:03,19,1,4.94899022109,-0.346843112245
2012-04-27 09:33:04,20,1,4.59213435374,-0.356855867347
2012-04-27 09:33:05,21,1,4.16625212585,-0.425882227891
2012-04-27 09:33:06,22,1,3.62911352041,-0.537138605442
2012-04-27 09:33:07,23,1,3.03460884354,-0.594504676871
2012-04-27 09:33:08,24,1,2.51464710884,-0.519961734694
2012-04-27 09:33:09,25,1,2.18460884354,-0.330038265306
2012-04-27 09:33:10,26,1,2.05943877551,-0.125170068027
2012-04-27 09:33:11,27,1,2.05551658163,-0.00392219387755
2012-04-27 09:33:12,28,1,2.07945365646,0.0239370748299
2012-04-27 09:33:13,29,1,2.13066539116,0.0512117346939
2012-04-27 09:33:14,30,1,2.32283163265,0.192166241497
2012-04-27 09:33:15,31,1,2.7747130102,0.451881377551
2012-04-27 09:33:16,32,1,3.44686437075,0.672151360544
2012-04-27 09:33:17,33,1,4.08710671769,0.640242346939
2012-04-27 09:33:18,34,1,4.36775085034,0.280644132653
2012-04-27 09:33:19,35,1,4.13971088435,-0.228039965986
2012-04-27 09:33:20,36,1,3.58374787415,-0.555963010204
2012-04-27 09:33:21,37,1,3.06822916667,-0.515518707483
2012-04-27 09:33:22,38,1,2.84010416667,-0.228125
2012-04-27 09:33:23,39,1,2.84337797619,0.00327380952381
2012-04-27 09:33:24,40,1,2.76517857143,-0.0781994047619
2012-04-27 09:33:25,41,1,2.2953125,-0.469866071429
2012-04-27 09:33:26,42,1,1.51197916667,-0.783333333333
2012-04-27 09:33:27,43,1,0.0,-1.51197916667
2012-04-27 09:33:43,59,16,0.0,0.0
2012-04-27 09:33:44,60,1,2.63489583333,2.63489583333
2012-04-27 09:33:45,61,1,3.82879464286,1.19389880952
2012-04-27 09:33:46,62,1,4.42418154762,0.595386904762
2012-04-27 09:33:47,63,1,4.57418154762,0.15
2012-04-27 09:33:48,64,1,4.76205357143,0.18787202381
2012-04-27 09:33:49,65,1,5.23080357143,0.46875
2012-04-27 09:33:50,66,1,5.83876488095,0.607961309524
2012-04-27 09:33:51,67,1,6.253125,0.414360119048
2012-04-27 09:33:52,68,1,6.2447172619,-0.00840773809524
2012-04-27 09:33:53,69,1,5.84151785714,-0.403199404762
2012-04-27 09:33:54,70,1,5.2556547619,-0.585863095238
2012-04-27 09:33:55,71,1,4.74181547619,-0.513839285714
2012-04-27 09:33:56,72,1,4.48921130952,-0.252604166667
2012-04-27 09:33:57,73,1,4.54888392857,0.0596726190476
2012-04-27 09:33:58,74,1,4.84084821429,0.291964285714
2012-04-27 09:33:59,75,1,5.23831845238,0.397470238095
2012-04-27 09:34:00,76,1,5.63482142857,0.39650297619
2012-04-27 09:34:01,77,1,5.94516369048,0.310342261905
2012-04-27 09:34:02,78,1,6.09754464286,0.152380952381
2012-04-27 09:34:03,79,1,6.05290178571,-0.0446428571428
2012-04-27 09:34:04,80,1,5.8099702381,-0.242931547619
2012-04-27 09:34:05,81,1,5.39776785714,-0.412202380952
2012-04-27 09:34:06,82,1,4.8912202381,-0.506547619048
2012-04-27 09:34:07,83,1,4.41264880952,-0.478571428571
2012-04-27 09:34:08,84,1,4.0697172619,-0.342931547619
2012-04-27 09:34:09,85,1,3.87946428571,-0.19025297619
2012-04-27 09:34:10,86,1,3.7837797619,-0.0956845238095
2012-04-27 09:34:11,87,1,3.75438988095,-0.0293898809524
2012-04-27 09:34:12,88,1,3.85223214286,0.0978422619048
2012-04-27 09:34:13,89,1,4.17217261905,0.31994047619
2012-04-27 09:34:14,90,1,4.74605654762,0.573883928571
2012-04-27 09:34:15,91,1,5.48623511905,0.740178571429
2012-04-27 09:34:16,92,1,6.20171130952,0.715476190476
2012-04-27 09:34:17,93,1,6.67366071429,0.471949404762
2012-04-27 09:34:18,94,1,6.75029761905,0.0766369047619
2012-04-27 09:34:19,95,1,6.43102678571,-0.319270833333
2012-04-27 09:34:20,96,1,5.88995535714,-0.541071428571
2012-04-27 09:34:21,97,1,5.39985119048,-0.490104166667
2012-04-27 09:34:22,98,1,5.18861607143,-0.211235119048
2012-04-27 09:34:23,99,1,5.30208333333,0.113467261905
2012-04-27 09:34:24,100,1,5.58556547619,0.283482142857
2012-04-27 09:34:25,101,1,5.82291666667,0.237351190476
2012-04-27 09:34:26,102,1,5.88757440476,0.0646577380952
2012-04-27 09:34:27,103,1,5.77663690476,-0.1109375
2012-04-27 09:34:28,104,1,5.54561011905,-0.231026785714
2012-04-27 09:34:29,105,1,5.21026785714,-0.335342261905
2012-04-27 09:34:30,106,1,4.69873511905,-0.511532738095
2012-04-27 09:34:31,107,1,3.90394345238,-0.794791666667
2012-04-27 09:34:32,108,1,2.81287202381,-1.09107142857
2012-04-27 09:34:33,109,1,1.65662202381,-1.15625
2012-04-27 09:34:34,110,1,0.0,-1.65662202381
