timestamp,cycle_sec,timestep,speed_mph,accel_meters_ps
2012-02-25 18:12:26,0,12378,0.0,0.0
2012-02-25 18:12:27,1,1,1.04208652211,1.04208652211
2012-02-25 18:12:28,2,1,1.56978103741,0.527694515306
2012-02-25 18:12:29,3,1,1.93594812925,0.366167091837
2012-02-25 18:12:30,4,1,2.09364370748,0.157695578231
2012-02-25 18:12:31,5,1,2.15881164966,0.0651679421769
2012-02-25 18:12:32,6,1,2.22035501701,0.0615433673469
2012-02-25 18:12:33,7,1,2.33410926871,0.113754251701
2012-02-25 18:12:34,8,1,2.58397108844,0.249861819728
2012-02-25 18:12:35,9,1,3.07622236395,0.49225127551
2012-02-25 18:12:36,10,1,3.88843537415,0.812213010204
2012-02-25 18:12:37,11,1,5.03222789116,1.14379251701
2012-02-25 18:12:38,12,1,6.44588647959,1.41365858844
2012-02-25 18:12:39,13,1,8.00321003401,1.55732355442
2012-02-25 18:12:40,14,1,9.52713647959,1.52392644558
2012-02-25 18:12:41,15,1,10.8016369048,1.27450042517
2012-02-25 18:12:42,16,1,11.5730654762,0.771428571429
2012-02-25 18:12:43,17,1,11.5972470238,0.024181547619
2012-02-25 18:12:44,18,1,10.796577381,-0.800669642857
2012-02-25 18:12:45,19,1,9.42083333333,-1.37574404762
2012-02-25 18:12:46,20,1,8.01197916667,-1.40885416667
2012-02-25 18:12:47,21,1,7.13132440476,-0.880654761905
2012-02-25 18:12:48,22,1,7.03489583333,-0.0964285714286
2012-02-25 18:12:49,23,1,7.54136904762,0.506473214286
2012-02-25 18:12:50,24,1,8.16607142857,0.624702380952
2012-02-25 18:12:51,25,1,8.4009672619,0.234895833333
2012-02-25 18:12:52,26,1,7.98623511905,-0.414732142857
2012-02-25 18:12:53,27,1,7.05178571429,-0.934449404762
2012-02-25 18:12:54,28,1,6.04136904762,-1.01041666667
2012-02-25 18:12:55,29,1,5.45022321429,-0.591145833333
2012-02-25 18:12:56,30,1,5.55863095238,0.108407738095
2012-02-25 18:12:57,31,1,6.35491071429,0.796279761905
2012-02-25 18:12:58,32,1,7.68087797619,1.3259672619
2012-02-25 18:12:59,33,1,9.43132440476,1.75044642857
2012-02-25 18:13:00,34,1,11.5889880952,2.15766369048
2012-02-25 18:13:01,35,1,14.0877232143,2.49873511905
2012-02-25 18:13:02,36,1,16.7188244048,2.63110119048
2012-02-25 18:13:03,37,1,19.1993303571,2.48050595238
2012-02-25 18:13:04,38,1,21.3009672619,2.10163690476
2012-02-25 18:13:05,39,1,22.9206845238,1.6197172619
2012-02-25 18:13:06,40,1,24.0576636905,1.13697916667
2012-02-25 18:13:07,41,1,24.7207589286,0.663095238095
2012-02-25 18:13:08,42,1,24.8608630952,0.140104166667
2012-02-25 18:13:09,43,1,24.4055059524,-0.455357142857
2012-02-25 18:13:10,44,1,23.3400297619,-1.06547619048
2012-02-25 18:13:11,45,1,21.7316964286,-1.60833333333
2012-02-25 18:13:12,46,1,19.6678571429,-2.06383928571
2012-02-25 18:13:13,47,1,17.1648065476,-2.50305059524
2012-02-25 18:13:14,48,1,14.1926339286,-2.97217261905
2012-02-25 18:13:15,49,1,10.890625,-3.30200892857
2012-02-25 18:13:16,50,1,7.75074404762,-3.13988095238
2012-02-25 18:13:17,51,1,5.49300595238,-2.25773809524
2012-02-25 18:13:18,52,1,4.69345238095,-0.799553571429
2012-02-25 18:13:19,53,1,5.46138392857,0.767931547619
2012-02-25 18:13:20,54,1,7.41279761905,1.95141369048
2012-02-25 18:13:21,55,1,9.95617559524,2.54337797619
2012-02-25 18:13:22,56,1,12.621875,2.66569940476
2012-02-25 18:13:23,57,1,15.1709077381,2.5490327381
2012-02-25 18:13:24,58,1,17.5150297619,2.34412202381
2012-02-25 18:13:25,59,1,19.6249255952,2.10989583333
2012-02-25 18:13:26,60,1,21.4988095238,1.87388392857
2012-02-25 18:13:27,61,1,23.1552083333,1.65639880952
2012-02-25 18:13:28,62,1,24.615922619,1.46071428571
2012-02-25 18:13:29,63,1,25.8901785714,1.27425595238
2012-02-25 18:13:30,64,1,26.9725446429,1.08236607143
2012-02-25 18:13:31,65,1,27.8508184524,0.878273809524
2012-02-25 18:13:32,66,1,28.5218005952,0.670982142857
2012-02-25 18:13:33,67,1,29.0067708333,0.484970238095
2012-02-25 18:13:34,68,1,29.3541666667,0.347395833333
2012-02-25 18:13:35,69,1,29.622172619,0.268005952381
2012-02-25 18:13:36,70,1,29.8433035714,0.221130952381
2012-02-25 18:13:37,71,1,30.0017113095,0.158407738095
2012-02-25 18:13:38,72,1,30.0566964286,0.0549851190476
2012-02-25 18:13:39,73,1,29.9961309524,-0.0605654761904
2012-02-25 18:13:40,74,1,29.8709821429,-0.125148809524
2012-02-25 18:13:41,75,1,29.7773065476,-0.0936755952381
2012-02-25 18:13:42,76,1,29.7921130952,0.0148065476191
2012-02-25 18:13:43,77,1,29.909672619,0.11755952381
2012-02-25 18:13:44,78,1,30.0279761905,0.118303571429
2012-02-25 18:13:45,79,1,29.9964285714,-0.0315476190476
2012-02-25 18:13:46,80,1,29.6823660714,-0.3140625
2012-02-25 18:13:47,81,1,28.995014881,-0.687351190476
2012-02-25 18:13:48,82,1,27.8681547619,-1.12686011905
2012-02-25 18:13:49,83,1,26.2605654762,-1.60758928571
2012-02-25 18:13:50,84,1,24.1693452381,-2.0912202381
2012-02-25 18:13:51,85,1,21.6047619048,-2.56458333333
2012-02-25 18:13:52,86,1,18.5787202381,-3.02604166667
2012-02-25 18:13:53,87,1,15.1696428571,-3.40907738095
2012-02-25 18:13:54,88,1,11.5738095238,-3.59583333333
2012-02-25 18:13:55,89,1,8.0671875,-3.50662202381
2012-02-25 18:13:56,90,1,4.94985119048,-3.11733630952
2012-02-25 18:13:57,91,1,2.55364583333,-2.39620535714
2012-02-25 18:13:58,92,1,0.0,-2.55364583333
2012-02-25 18:14:22,116,24,0.0,0.0
2012-02-25 18:14:23,117,1,3.4115327381,3.4115327381
2012-02-25 18:14:24,118,1,6.57098214286,3.15944940476
2012-02-25 18:14:25,119,1,10.3508184524,3.77983630952
2012-02-25 18:14:26,120,1,14.0931547619,3.74233630952
2012-02-25 18:14:27,121,1,17.3897321429,3.29657738095
2012-02-25 18:14:28,122,1,20.1503720238,2.76063988095
2012-02-25 18:14:29,123,1,22.4875744048,2.33720238095
2012-02-25 18:14:30,124,1,24.5336309524,2.04605654762
2012-02-25 18:14:31,125,1,26.3383184524,1.8046875
2012-02-25 18:14:32,126,1,27.8924107143,1.5540922619
2012-02-25 18:14:33,127,1,29.2008184524,1.3084077381
2012-02-25 18:14:34,128,1,30.3057291667,1.10491071429
2012-02-25 18:14:35,129,1,31.2498511905,0.944122023809
2012-02-25 18:14:36,130,1,32.0427827381,0.792931547619
2012-02-25 18:14:37,131,1,32.6745535714,0.631770833333
2012-02-25 18:14:38,132,1,33.1552083333,0.480654761905
2012-02-25 18:14:39,133,1,33.5226934524,0.367485119048
2012-02-25 18:14:40,134,1,33.8084077381,0.285714285714
2012-02-25 18:14:41,135,1,34.0110863095,0.202678571429
2012-02-25 18:14:42,136,1,34.1078869048,0.0968005952381
2012-02-25 18:14:43,137,1,34.0755952381,-0.0322916666667
2012-02-25 18:14:44,138,1,33.8963541667,-0.179241071428
2012-02-25 18:14:45,139,1,33.5665178571,-0.329836309524
2012-02-25 18:14:46,140,1,33.1238095238,-0.442708333333
2012-02-25 18:14:47,141,1,32.6583333333,-0.465476190476
2012-02-25 18:14:48,142,1,32.2800595238,-0.378273809524
2012-02-25 18:14:49,143,1,32.0699404762,-0.210119047619
2012-02-25 18:14:50,144,1,32.0509672619,-0.0189732142857
2012-02-25 18:14:51,145,1,32.1881696429,0.137202380952
2012-02-25 18:14:52,146,1,32.411235119,0.223065476191
2012-02-25 18:14:53,147,1,32.6486607143,0.237425595238
2012-02-25 18:14:54,148,1,32.8607886905,0.212127976191
2012-02-25 18:14:55,149,1,33.0599702381,0.199181547619
2012-02-25 18:14:56,150,1,33.3034970238,0.243526785714
2012-02-25 18:14:57,151,1,33.65,0.346502976191
2012-02-25 18:14:58,152,1,34.10625,0.45625
2012-02-25 18:14:59,153,1,34.619047619,0.512797619048
2012-02-25 18:15:00,154,1,35.1126488095,0.493601190476
2012-02-25 18:15:01,155,1,35.5103422619,0.397693452381
2012-02-25 18:15:02,156,1,35.7238095238,0.213467261905
2012-02-25 18:15:03,157,1,35.6540178571,-0.0697916666666
2012-02-25 18:15:04,158,1,35.234672619,-0.419345238095
2012-02-25 18:15:05,159,1,34.5057291667,-0.728943452381
2012-02-25 18:15:06,160,1,33.6335565476,-0.872172619048
2012-02-25 18:15:07,161,1,32.7753720238,-0.858184523809
2012-02-25 18:15:08,162,1,31.8274553571,-0.947916666667
2012-02-25 18:15:09,163,1,30.3110863095,-1.51636904762
2012-02-25 18:15:10,164,1,27.6693452381,-2.64174107143
2012-02-25 18:15:11,165,1,23.823139881,-3.84620535714
2012-02-25 18:15:12,166,1,19.3929315476,-4.43020833333
2012-02-25 18:15:13,167,1,15.3132440476,-4.0796875
2012-02-25 18:15:14,168,1,12.251860119,-3.06138392857
2012-02-25 18:15:15,169,1,10.334672619,-1.9171875
2012-02-25 18:15:16,170,1,9.28058035714,-1.0540922619
2012-02-25 18:15:17,171,1,8.71443452381,-0.566145833333
2012-02-25 18:15:18,172,1,8.35491071429,-0.359523809524
2012-02-25 18:15:19,173,1,8.01674107143,-0.338169642857
2012-02-25 18:15:20,174,1,7.59761904762,-0.41912202381
2012-02-25 18:15:21,175,1,7.09813988095,-0.499479166667
2012-02-25 18:15:22,176,1,6.57083333333,-0.527306547619
2012-02-25 18:15:23,177,1,6.03660714286,-0.534226190476
2012-02-25 18:15:24,178,1,5.49665178571,-0.539955357143
2012-02-25 18:15:25,179,1,4.97879464286,-0.517857142857
2012-02-25 18:15:26,180,1,4.4984375,-0.480357142857
2012-02-25 18:15:27,181,1,4.01703869048,-0.481398809524
2012-02-25 18:15:28,182,1,3.51436011905,-0.502678571429
2012-02-25 18:15:29,183,1,3.10438988095,-0.409970238095
2012-02-25 18:15:30,184,1,3.05349702381,-0.0508928571429
2012-02-25 18:15:31,185,1,3.65930059524,0.605803571429
2012-02-25 18:15:32,186,1,5.08898809524,1.4296875
2012-02-25 18:15:33,187,1,7.2890625,2.20007440476
2012-02-25 18:15:34,188,1,9.96302083333,2.67395833333
2012-02-25 18:15:35,189,1,12.6255208333,2.6625
2012-02-25 18:15:36,190,1,14.7665922619,2.14107142857
2012-02-25 18:15:37,191,1,15.9977678571,1.23117559524
2012-02-25 18:15:38,192,1,16.079985119,0.0822172619047
2012-02-25 18:15:39,193,1,14.9605654762,-1.11941964286
2012-02-25 18:15:40,194,1,12.8850446429,-2.07552083333
2012-02-25 18:15:41,195,1,10.4510416667,-2.43400297619
2012-02-25 18:15:42,196,1,8.4650297619,-1.98601190476
2012-02-25 18:15:43,197,1,7.56949404762,-0.895535714286
2012-02-25 18:15:44,198,1,7.85543154762,0.2859375
2012-02-25 18:15:45,199,1,8.85119047619,0.995758928571
2012-02-25 18:15:46,200,1,9.92693452381,1.07574404762
2012-02-25 18:15:47,201,1,10.6843005952,0.757366071429
2012-02-25 18:15:48,202,1,11.0259672619,0.341666666667
2012-02-25 18:15:49,203,1,11.0164434524,-0.0095238095238
2012-02-25 18:15:50,204,1,10.7598214286,-0.25662202381
2012-02-25 18:15:51,205,1,10.3802827381,-0.379538690476
2012-02-25 18:15:52,206,1,10.0341517857,-0.346130952381
2012-02-25 18:15:53,207,1,9.84501488095,-0.189136904762
2012-02-25 18:15:54,208,1,9.78236607143,-0.0626488095238
2012-02-25 18:15:55,209,1,9.6115327381,-0.170833333333
2012-02-25 18:15:56,210,1,8.98311011905,-0.628422619048
2012-02-25 18:15:57,211,1,7.62165178571,-1.36145833333
2012-02-25 18:15:58,212,1,5.54769345238,-2.07395833333
2012-02-25 18:15:59,213,1,3.26960565476,-2.27808779762
2012-02-25 18:16:00,214,1,0.0,-3.26960565476
2012-02-25 18:22:55,629,415,0.0,0.0
2012-02-25 18:22:56,630,1,3.23266369048,3.23266369048
2012-02-25 18:22:57,631,1,5.49650297619,2.26383928571
2012-02-25 18:22:58,632,1,7.6896577381,2.1931547619
2012-02-25 18:22:59,633,1,9.43199404762,1.74233630952
2012-02-25 18:23:00,634,1,10.6604166667,1.22842261905
2012-02-25 18:23:01,635,1,11.30703125,0.646614583333
2012-02-25 18:23:02,636,1,11.2101190476,-0.096912202381
2012-02-25 18:23:03,637,1,10.3253720238,-0.884747023809
2012-02-25 18:23:04,638,1,8.93422619048,-1.39114583333
2012-02-25 18:23:05,639,1,7.57797619048,-1.35625
2012-02-25 18:23:06,640,1,6.82313988095,-0.754836309524
2012-02-25 18:23:07,641,1,7.07150297619,0.248363095238
2012-02-25 18:23:08,642,1,8.46116071429,1.3896577381
2012-02-25 18:23:09,643,1,10.8610119048,2.39985119048
2012-02-25 18:23:10,644,1,13.934375,3.07336309524
2012-02-25 18:23:11,645,1,17.2091517857,3.27477678571
2012-02-25 18:23:12,646,1,20.1982142857,2.9890625
2012-02-25 18:23:13,647,1,22.5712053571,2.37299107143
2012-02-25 18:23:14,648,1,24.2206845238,1.64947916667
2012-02-25 18:23:15,649,1,25.2005208333,0.979836309524
2012-02-25 18:23:16,650,1,25.6665178571,0.46599702381
2012-02-25 18:23:17,651,1,25.8448660714,0.178348214286
2012-02-25 18:23:18,652,1,25.9905505952,0.145684523809
2012-02-25 18:23:19,653,1,26.3266369048,0.336086309524
2012-02-25 18:23:20,654,1,26.9703869048,0.64375
2012-02-25 18:23:21,655,1,27.897172619,0.926785714286
2012-02-25 18:23:22,656,1,28.9790178571,1.0818452381
2012-02-25 18:23:23,657,1,30.0556547619,1.07663690476
2012-02-25 18:23:24,658,1,30.9947172619,0.9390625
2012-02-25 18:23:25,659,1,31.7341517857,0.739434523809
2012-02-25 18:23:26,660,1,32.2909970238,0.556845238095
2012-02-25 18:23:27,661,1,32.7270833333,0.436086309524
2012-02-25 18:23:28,662,1,33.105952381,0.378869047619
2012-02-25 18:23:29,663,1,33.4739583333,0.368005952381
2012-02-25 18:23:30,664,1,33.8553571429,0.381398809524
2012-02-25 18:23:31,665,1,34.2494791667,0.39412202381
2012-02-25 18:23:32,666,1,34.6371279762,0.387648809524
2012-02-25 18:23:33,667,1,34.9953125,0.358184523809
2012-02-25 18:23:34,668,1,35.3125,0.3171875
2012-02-25 18:23:35,669,1,35.5921130952,0.279613095238
2012-02-25 18:23:36,670,1,35.8279761905,0.235863095238
2012-02-25 18:23:37,671,1,35.970610119,0.142633928571
2012-02-25 18:23:38,672,1,35.9303571429,-0.0402529761905
2012-02-25 18:23:39,673,1,35.6158482143,-0.314508928571
2012-02-25 18:23:40,674,1,34.9620535714,-0.653794642857
2012-02-25 18:23:41,675,1,33.9336309524,-1.02842261905
2012-02-25 18:23:42,676,1,32.5298363095,-1.40379464286
2012-02-25 18:23:43,677,1,30.8015625,-1.72827380952
2012-02-25 18:23:44,678,1,28.8476934524,-1.95386904762
2012-02-25 18:23:45,679,1,26.7625744048,-2.08511904762
2012-02-25 18:23:46,680,1,24.5977678571,-2.16480654762
2012-02-25 18:23:47,681,1,22.4410714286,-2.15669642857
2012-02-25 18:23:48,682,1,20.5428571429,-1.89821428571
2012-02-25 18:23:49,683,1,19.2784970238,-1.26436011905
2012-02-25 18:23:50,684,1,18.9254464286,-0.353050595238
2012-02-25 18:23:51,685,1,19.4729166667,0.547470238095
2012-02-25 18:23:52,686,1,20.6425595238,1.16964285714
2012-02-25 18:23:53,687,1,22.1020833333,1.45952380952
2012-02-25 18:23:54,688,1,23.6709077381,1.56882440476
2012-02-25 18:23:55,689,1,25.321577381,1.65066964286
2012-02-25 18:23:56,690,1,27.039360119,1.7177827381
2012-02-25 18:23:57,691,1,28.7459077381,1.70654761905
2012-02-25 18:23:58,692,1,30.3314732143,1.58556547619
2012-02-25 18:23:59,693,1,31.7078125,1.37633928571
2012-02-25 18:24:00,694,1,32.8364583333,1.12864583333
2012-02-25 18:24:01,695,1,33.7326636905,0.896205357143
2012-02-25 18:24:02,696,1,34.4511904762,0.718526785714
2012-02-25 18:24:03,697,1,35.0645089286,0.613318452381
2012-02-25 18:24:04,698,1,35.634375,0.569866071429
2012-02-25 18:24:05,699,1,36.1802083333,0.545833333333
2012-02-25 18:24:06,700,1,36.665625,0.485416666667
2012-02-25 18:24:07,701,1,37.0180059524,0.352380952381
2012-02-25 18:24:08,702,1,37.1767857143,0.158779761905
2012-02-25 18:24:09,703,1,37.1383184524,-0.0384672619047
2012-02-25 18:24:10,704,1,36.9477678571,-0.190550595238
2012-02-25 18:24:11,705,1,36.6426339286,-0.305133928572
2012-02-25 18:24:12,706,1,36.2125,-0.430133928571
2012-02-25 18:24:13,707,1,35.6011904762,-0.611309523809
2012-02-25 18:24:14,708,1,34.7095238095,-0.891666666667
2012-02-25 18:24:15,709,1,33.3813988095,-1.328125
2012-02-25 18:24:16,710,1,31.4277529762,-1.95364583333
2012-02-25 18:24:17,711,1,28.7295386905,-2.69821428571
2012-02-25 18:24:18,712,1,25.3847470238,-3.34479166667
2012-02-25 18:24:19,713,1,21.7917410714,-3.59300595238
2012-02-25 18:24:20,714,1,18.5482886905,-3.24345238095
2012-02-25 18:24:21,715,1,16.2043154762,-2.34397321429
2012-02-25 18:24:22,716,1,15.0607142857,-1.14360119048
2012-02-25 18:24:23,717,1,15.1265625,0.0658482142857
2012-02-25 18:24:24,718,1,16.2086309524,1.08206845238
2012-02-25 18:24:25,719,1,18.0397321429,1.83110119048
2012-02-25 18:24:26,720,1,20.3415922619,2.30186011905
2012-02-25 18:24:27,721,1,22.8142113095,2.47261904762
2012-02-25 18:24:28,722,1,25.1251488095,2.3109375
2012-02-25 18:24:29,723,1,26.9459077381,1.82075892857
2012-02-25 18:24:30,724,1,28.0287202381,1.0828125
2012-02-25 18:24:31,725,1,28.2619791667,0.233258928571
2012-02-25 18:24:32,726,1,27.6447916667,-0.6171875
2012-02-25 18:24:33,727,1,26.2058779762,-1.43891369048
2012-02-25 18:24:34,728,1,23.9642113095,-2.24166666667
2012-02-25 18:24:35,729,1,21.0001488095,-2.9640625
2012-02-25 18:24:36,730,1,17.5573660714,-3.4427827381
2012-02-25 18:24:37,731,1,14.0348958333,-3.5224702381
2012-02-25 18:24:38,732,1,10.8711309524,-3.16376488095
2012-02-25 18:24:39,733,1,8.41979166667,-2.45133928571
2012-02-25 18:24:40,734,1,6.89992559524,-1.51986607143
2012-02-25 18:24:41,735,1,6.41852678571,-0.481398809524
2012-02-25 18:24:42,736,1,6.92232142857,0.503794642857
2012-02-25 18:24:43,737,1,8.05535714286,1.13303571429
2012-02-25 18:24:44,738,1,9.20438988095,1.1490327381
2012-02-25 18:24:45,739,1,9.8572172619,0.652827380952
2012-02-25 18:24:46,740,1,9.94397321429,0.086755952381
2012-02-25 18:24:47,741,1,9.81599702381,-0.127976190476
2012-02-25 18:24:48,742,1,9.89523809524,0.0792410714286
2012-02-25 18:24:49,743,1,10.3154761905,0.420238095238
2012-02-25 18:24:50,744,1,10.8688988095,0.553422619048
2012-02-25 18:24:51,745,1,11.2536458333,0.384747023809
2012-02-25 18:24:52,746,1,11.3079613095,0.0543154761905
2012-02-25 18:24:53,747,1,11.0220982143,-0.285863095238
2012-02-25 18:24:54,748,1,10.4335565476,-0.588541666667
2012-02-25 18:24:55,749,1,9.58147321429,-0.852083333333
2012-02-25 18:24:56,750,1,8.53407738095,-1.04739583333
2012-02-25 18:24:57,751,1,7.38675595238,-1.14732142857
2012-02-25 18:24:58,752,1,6.18660714286,-1.20014880952
2012-02-25 18:24:59,753,1,4.87894345238,-1.30766369048
2012-02-25 18:25:00,754,1,3.4115327381,-1.46741071429
2012-02-25 18:25:01,755,1,1.97775297619,-1.4337797619
2012-02-25 18:25:02,756,1,0.0,-1.97775297619
