timestamp,cycle_sec,timestep,speed_mph,accel_meters_ps
2012-09-05 08:47:18,0,46110,0.0,0.0
2012-09-05 08:47:19,1,1,3.84339285714,3.84339285714
2012-09-05 08:47:20,2,1,7.03769345238,3.19430059524
2012-09-05 08:47:21,3,1,10.5169642857,3.47927083333
2012-09-05 08:47:22,4,1,13.4624404762,2.94547619048
2012-09-05 08:47:23,5,1,15.263452381,1.80101190476
2012-09-05 08:47:24,6,1,15.6405257937,0.377073412698
2012-09-05 08:47:25,7,1,14.7040128968,-0.936512896825
2012-09-05 08:47:26,8,1,12.8718005952,-1.83221230159
2012-09-05 08:47:27,9,1,10.6711954365,-2.20060515873
2012-09-05 08:47:28,10,1,8.55856646825,-2.11262896825
2012-09-05 08:47:29,11,1,6.84017857143,-1.71838789683
2012-09-05 08:47:30,12,1,5.64841269841,-1.19176587302
2012-09-05 08:47:31,13,1,4.92740575397,-0.721006944444
2012-09-05 08:47:32,14,1,4.50394345238,-0.423462301587
2012-09-05 08:47:33,15,1,4.28323412698,-0.220709325397
2012-09-05 08:47:34,16,1,4.35300099206,0.0697668650794
2012-09-05 08:47:35,17,1,4.8165922619,0.463591269841
2012-09-05 08:47:36,18,1,5.54015376984,0.723561507937
2012-09-05 08:47:37,19,1,6.07703373016,0.536879960317
2012-09-05 08:47:38,20,1,5.86912202381,-0.207911706349
2012-09-05 08:47:39,21,1,4.67065972222,-1.19846230159
2012-09-05 08:47:40,22,1,2.91468253968,-1.75597718254
2012-09-05 08:47:41,23,1,0.0,-2.91468253968
2012-09-05 08:48:25,67,44,0.0,0.0
2012-09-05 08:48:26,68,1,2.523828125,2.523828125
2012-09-05 08:48:27,69,1,3.56198846726,1.03816034226
2012-09-05 08:48:28,70,1,3.8896577381,0.327669270833
2012-09-05 08:48:29,71,1,3.53169642857,-0.357961309524
2012-09-05 08:48:30,72,1,2.96979166667,-0.561904761905
2012-09-05 08:48:31,73,1,2.57939918155,-0.390392485119
2012-09-05 08:48:32,74,1,2.4091889881,-0.170210193452
2012-09-05 08:48:33,75,1,2.33218005952,-0.0770089285714
2012-09-05 08:48:34,76,1,2.25697544643,-0.0752046130952
2012-09-05 08:48:35,77,1,2.17339099702,-0.0835844494048
2012-09-05 08:48:36,78,1,2.1005766369,-0.0728143601191
2012-09-05 08:48:37,79,1,2.05524553571,-0.0453311011905
2012-09-05 08:48:38,80,1,2.0443266369,-0.0109188988095
2012-09-05 08:48:39,81,1,2.07056361607,0.0262369791667
2012-09-05 08:48:40,82,1,2.15280877976,0.0822451636905
2012-09-05 08:48:41,83,1,2.33170572917,0.178896949405
2012-09-05 08:48:42,84,1,2.65420386905,0.322498139881
2012-09-05 08:48:43,85,1,3.17578125,0.521577380952
2012-09-05 08:48:44,86,1,3.97293526786,0.797154017857
2012-09-05 08:48:45,87,1,5.12131696429,1.14838169643
2012-09-05 08:48:46,88,1,6.64254092262,1.52122395833
2012-09-05 08:48:47,89,1,8.45465029762,1.812109375
2012-09-05 08:48:48,90,1,10.3756696429,1.92101934524
2012-09-05 08:48:49,91,1,12.2142113095,1.83854166667
2012-09-05 08:48:50,92,1,13.878422619,1.66421130952
2012-09-05 08:48:51,93,1,15.3875744048,1.50915178571
2012-09-05 08:48:52,94,1,16.778125,1.39055059524
2012-09-05 08:48:53,95,1,18.0206845238,1.24255952381
2012-09-05 08:48:54,96,1,19.051264881,1.03058035714
2012-09-05 08:48:55,97,1,19.8630952381,0.811830357143
2012-09-05 08:48:56,98,1,20.5209077381,0.6578125
2012-09-05 08:48:57,99,1,21.0872767857,0.566369047619
2012-09-05 08:48:58,100,1,21.5665922619,0.47931547619
2012-09-05 08:48:59,101,1,21.9210565476,0.354464285714
2012-09-05 08:49:00,102,1,22.1289434524,0.207886904762
2012-09-05 08:49:01,103,1,22.2147321429,0.0857886904761
2012-09-05 08:49:02,104,1,22.2055059524,-0.0092261904761
2012-09-05 08:49:03,105,1,22.0702380952,-0.135267857143
2012-09-05 08:49:04,106,1,21.7019345238,-0.368303571429
2012-09-05 08:49:05,107,1,20.9041666667,-0.797767857143
2012-09-05 08:49:06,108,1,19.4130208333,-1.49114583333
2012-09-05 08:49:07,109,1,17.066889881,-2.34613095238
2012-09-05 08:49:08,110,1,14.0291666667,-3.03772321429
2012-09-05 08:49:09,111,1,10.7936755952,-3.23549107143
2012-09-05 08:49:10,112,1,7.8915922619,-2.90208333333
2012-09-05 08:49:11,113,1,5.54657738095,-2.34501488095
2012-09-05 08:49:12,114,1,3.64047619048,-1.90610119048
2012-09-05 08:49:13,115,1,2.06532738095,-1.57514880952
2012-09-05 08:49:14,116,1,0.0,-2.06532738095
2012-09-05 08:49:39,141,25,0.0,0.0
2012-09-05 08:49:40,142,1,1.20461309524,1.20461309524
2012-09-05 08:49:41,143,1,1.91197916667,0.707366071429
2012-09-05 08:49:42,144,1,2.72418154762,0.812202380952
2012-09-05 08:49:43,145,1,3.95148809524,1.22730654762
2012-09-05 08:49:44,146,1,6.03266369048,2.08117559524
2012-09-05 08:49:45,147,1,9.0802827381,3.04761904762
2012-09-05 08:49:46,148,1,12.753125,3.6728422619
2012-09-05 08:49:47,149,1,16.4677827381,3.7146577381
2012-09-05 08:49:48,150,1,19.723735119,3.25595238095
2012-09-05 08:49:49,151,1,22.290625,2.56688988095
2012-09-05 08:49:50,152,1,24.1677083333,1.87708333333
2012-09-05 08:49:51,153,1,25.4493303571,1.28162202381
2012-09-05 08:49:52,154,1,26.2398065476,0.790476190476
2012-09-05 08:49:53,155,1,26.6308035714,0.39099702381
2012-09-05 08:49:54,156,1,26.7351190476,0.10431547619
2012-09-05 08:49:55,157,1,26.7736607143,0.0385416666667
2012-09-05 08:49:56,158,1,27.0990327381,0.325372023809
2012-09-05 08:49:57,159,1,28.0450892857,0.946056547619
2012-09-05 08:49:58,160,1,29.7174107143,1.67232142857
2012-09-05 08:49:59,161,1,31.9261904762,2.2087797619
2012-09-05 08:50:00,162,1,34.3191220238,2.39293154762
2012-09-05 08:50:01,163,1,36.612202381,2.29308035714
2012-09-05 08:50:02,164,1,38.714360119,2.1021577381
2012-09-05 08:50:03,165,1,40.6402529762,1.92589285714
2012-09-05 08:50:04,166,1,42.3549107143,1.7146577381
2012-09-05 08:50:05,167,1,43.7340029762,1.3790922619
2012-09-05 08:50:06,168,1,44.6497767857,0.915773809524
2012-09-05 08:50:07,169,1,45.0713541667,0.421577380952
2012-09-05 08:50:08,170,1,45.0857886905,0.0144345238095
2012-09-05 08:50:09,171,1,44.8430803571,-0.242708333333
2012-09-05 08:50:10,172,1,44.4839285714,-0.359151785714
2012-09-05 08:50:11,173,1,44.095014881,-0.388913690476
2012-09-05 08:50:12,174,1,43.7101934524,-0.384821428571
2012-09-05 08:50:13,175,1,43.3313244048,-0.378869047619
2012-09-05 08:50:14,176,1,42.9257440476,-0.405580357143
2012-09-05 08:50:15,177,1,42.4177827381,-0.507961309524
2012-09-05 08:50:16,178,1,41.7213541667,-0.696428571428
2012-09-05 08:50:17,179,1,40.8069940476,-0.914360119048
2012-09-05 08:50:18,180,1,39.746875,-1.06011904762
2012-09-05 08:50:19,181,1,38.6835565476,-1.06331845238
2012-09-05 08:50:20,182,1,37.7376488095,-0.945907738095
2012-09-05 08:50:21,183,1,36.945610119,-0.792038690476
2012-09-05 08:50:22,184,1,36.2793154762,-0.666294642857
2012-09-05 08:50:23,185,1,35.7035714286,-0.575744047619
2012-09-05 08:50:24,186,1,35.209077381,-0.494494047619
2012-09-05 08:50:25,187,1,34.8006696429,-0.408407738095
2012-09-05 08:50:26,188,1,34.4717261905,-0.328943452381
2012-09-05 08:50:27,189,1,34.207514881,-0.264211309524
2012-09-05 08:50:28,190,1,34.0077380952,-0.199776785714
2012-09-05 08:50:29,191,1,33.8818452381,-0.125892857143
2012-09-05 08:50:30,192,1,33.8128720238,-0.0689732142857
2012-09-05 08:50:31,193,1,33.7406994048,-0.0721726190476
2012-09-05 08:50:32,194,1,33.5929315476,-0.147767857143
2012-09-05 08:50:33,195,1,33.3229166667,-0.270014880952
2012-09-05 08:50:34,196,1,32.9115327381,-0.411383928572
2012-09-05 08:50:35,197,1,32.3488839286,-0.562648809524
2012-09-05 08:50:36,198,1,31.6290922619,-0.719791666667
2012-09-05 08:50:37,199,1,30.7446428571,-0.884449404762
2012-09-05 08:50:38,200,1,29.6373511905,-1.10729166667
2012-09-05 08:50:39,201,1,28.1357886905,-1.5015625
2012-09-05 08:50:40,202,1,26.0196428571,-2.11614583333
2012-09-05 08:50:41,203,1,23.2359375,-2.78370535714
2012-09-05 08:50:42,204,1,20.0056547619,-3.2302827381
2012-09-05 08:50:43,205,1,16.6454241071,-3.36023065476
2012-09-05 08:50:44,206,1,13.3400297619,-3.30539434524
2012-09-05 08:50:45,207,1,10.1402529762,-3.19977678571
2012-09-05 08:50:46,208,1,7.16741071429,-2.9728422619
2012-09-05 08:50:47,209,1,4.8283110119,-2.33909970238
2012-09-05 08:50:48,210,1,3.7625,-1.0658110119
2012-09-05 08:50:49,211,1,4.44051339286,0.678013392857
2012-09-05 08:50:50,212,1,6.77455357143,2.33404017857
2012-09-05 08:50:51,213,1,10.0696428571,3.29508928571
2012-09-05 08:50:52,214,1,13.254389881,3.18474702381
2012-09-05 08:50:53,215,1,15.2762276786,2.02183779762
2012-09-05 08:50:54,216,1,15.5573660714,0.281138392857
2012-09-05 08:50:55,217,1,14.2284970238,-1.32886904762
2012-09-05 08:50:56,218,1,11.9319196429,-2.29657738095
2012-09-05 08:50:57,219,1,9.35386904762,-2.57805059524
2012-09-05 08:50:58,220,1,6.86644345238,-2.48742559524
2012-09-05 08:50:59,221,1,4.55171130952,-2.31473214286
2012-09-05 08:51:00,222,1,2.56316964286,-1.98854166667
2012-09-05 08:51:01,223,1,0.0,-2.56316964286
2012-09-05 08:51:22,244,21,0.0,0.0
2012-09-05 08:51:23,245,1,2.96480654762,2.96480654762
2012-09-05 08:51:24,246,1,4.95200892857,1.98720238095
2012-09-05 08:51:25,247,1,6.89389880952,1.94188988095
2012-09-05 08:51:26,248,1,8.63296130952,1.7390625
2012-09-05 08:51:27,249,1,10.2852678571,1.65230654762
2012-09-05 08:51:28,250,1,11.9220238095,1.63675595238
2012-09-05 08:51:29,251,1,13.5110863095,1.5890625
2012-09-05 08:51:30,252,1,15.0546130952,1.54352678571
2012-09-05 08:51:31,253,1,16.6531994048,1.59858630952
2012-09-05 08:51:32,254,1,18.4175595238,1.76436011905
2012-09-05 08:51:33,255,1,20.3738095238,1.95625
2012-09-05 08:51:34,256,1,22.458110119,2.08430059524
2012-09-05 08:51:35,257,1,24.5682291667,2.11011904762
2012-09-05 08:51:36,258,1,26.6144345238,2.04620535714
2012-09-05 08:51:37,259,1,28.5401785714,1.92574404762
2012-09-05 08:51:38,260,1,30.3069196429,1.76674107143
2012-09-05 08:51:39,261,1,31.8671875,1.56026785714
2012-09-05 08:51:40,262,1,33.1703125,1.303125
2012-09-05 08:51:41,263,1,34.2011904762,1.03087797619
2012-09-05 08:51:42,264,1,35.0055803571,0.804389880952
2012-09-05 08:51:43,265,1,35.6758184524,0.670238095238
2012-09-05 08:51:44,266,1,36.3001488095,0.624330357143
2012-09-05 08:51:45,267,1,36.9055059524,0.605357142857
2012-09-05 08:51:46,268,1,37.4451636905,0.539657738095
2012-09-05 08:51:47,269,1,37.8412202381,0.396056547619
2012-09-05 08:51:48,270,1,38.041889881,0.200669642857
2012-09-05 08:51:49,271,1,38.0581845238,0.0162946428571
2012-09-05 08:51:50,272,1,37.9601190476,-0.0980654761905
2012-09-05 08:51:51,273,1,37.8308779762,-0.129241071429
2012-09-05 08:51:52,274,1,37.7179315476,-0.112946428571
2012-09-05 08:51:53,275,1,37.6316964286,-0.0862351190476
2012-09-05 08:51:54,276,1,37.5829613095,-0.0487351190476
2012-09-05 08:51:55,277,1,37.6017857143,0.0188244047619
2012-09-05 08:51:56,278,1,37.716889881,0.115104166667
2012-09-05 08:51:57,279,1,37.9261904762,0.209300595238
2012-09-05 08:51:58,280,1,38.1933035714,0.267113095238
2012-09-05 08:51:59,281,1,38.4738095238,0.280505952381
2012-09-05 08:52:00,282,1,38.7415178571,0.267708333333
2012-09-05 08:52:01,283,1,38.989360119,0.247842261905
2012-09-05 08:52:02,284,1,39.2078125,0.218452380952
2012-09-05 08:52:03,285,1,39.3645833333,0.156770833333
2012-09-05 08:52:04,286,1,39.4105654762,0.0459821428572
2012-09-05 08:52:05,287,1,39.3055059524,-0.10505952381
2012-09-05 08:52:06,288,1,39.0339285714,-0.271577380952
2012-09-05 08:52:07,289,1,38.5948660714,-0.4390625
2012-09-05 08:52:08,290,1,37.9671130952,-0.627752976191
2012-09-05 08:52:09,291,1,37.0665922619,-0.900520833333
2012-09-05 08:52:10,292,1,35.7328869048,-1.33370535714
2012-09-05 08:52:11,293,1,33.7927083333,-1.94017857143
2012-09-05 08:52:12,294,1,31.1847470238,-2.60796130952
2012-09-05 08:52:13,295,1,28.0292410714,-3.15550595238
2012-09-05 08:52:14,296,1,24.5608630952,-3.46837797619
2012-09-05 08:52:15,297,1,20.9856292517,-3.57523384354
2012-09-05 08:52:16,298,1,17.3873193027,-3.59830994898
2012-09-05 08:52:17,299,1,13.783025085,-3.60429421769
2012-09-05 08:52:18,300,1,10.3019770408,-3.48104804422
2012-09-05 08:52:19,301,1,7.26958971088,-3.03238732993
2012-09-05 08:52:20,302,1,5.04008290816,-2.22950680272
2012-09-05 08:52:21,303,1,3.74503613946,-1.29504676871
2012-09-05 08:52:22,304,1,3.21166028912,-0.53337585034
2012-09-05 08:52:23,305,1,3.09354804422,-0.118112244898
2012-09-05 08:52:24,306,1,3.09380314626,0.00025510204081
2012-09-05 08:52:25,307,1,3.09709821429,0.00329506802721
2012-09-05 08:52:26,308,1,3.10385841837,0.00676020408164
2012-09-05 08:52:27,309,1,3.0947172619,-0.00914115646259
2012-09-05 08:52:28,310,1,3.01070365646,-0.0840136054422
2012-09-05 08:52:29,311,1,2.8255952381,-0.185108418367
2012-09-05 08:52:30,312,1,2.58337585034,-0.242219387755
2012-09-05 08:52:31,313,1,2.37016369048,-0.213212159864
2012-09-05 08:52:32,314,1,2.25277423469,-0.117389455782
2012-09-05 08:52:33,315,1,2.22951743197,-0.0232568027211
2012-09-05 08:52:34,316,1,2.24867134354,0.0191539115646
2012-09-05 08:52:35,317,1,2.26991921769,0.0212478741497
2012-09-05 08:52:36,318,1,2.28571428571,0.0157950680272
2012-09-05 08:52:37,319,1,2.3,0.0142857142857
2012-09-05 08:52:38,320,1,2.31428571429,0.0142857142857
2012-09-05 08:52:39,321,1,2.32338435374,0.00909863945579
2012-09-05 08:52:40,322,1,2.30824829932,-0.0151360544218
2012-09-05 08:52:41,323,1,2.27383078231,-0.0344175170068
2012-09-05 08:52:42,324,1,2.36167091837,0.0878401360544
2012-09-05 08:52:43,325,1,2.90471938776,0.543048469388
2012-09-05 08:52:44,326,1,4.28903061224,1.38431122449
2012-09-05 08:52:45,327,1,6.72175807823,2.43272746599
2012-09-05 08:52:46,328,1,10.090837585,3.3690795068
2012-09-05 08:52:47,329,1,14.0089498299,3.9181122449
2012-09-05 08:52:48,330,1,18.020525085,4.0115752551
2012-09-05 08:52:49,331,1,21.7762117347,3.75568664966
2012-09-05 08:52:50,332,1,25.0164434524,3.24023171769
2012-09-05 08:52:51,333,1,27.501860119,2.48541666667
2012-09-05 08:52:52,334,1,29.0613095238,1.55944940476
2012-09-05 08:52:53,335,1,29.6973958333,0.636086309524
2012-09-05 08:52:54,336,1,29.6162202381,-0.0811755952381
2012-09-05 08:52:55,337,1,29.1310267857,-0.485193452381
2012-09-05 08:52:56,338,1,28.496875,-0.634151785714
2012-09-05 08:52:57,339,1,27.8138392857,-0.683035714286
2012-09-05 08:52:58,340,1,27.0732142857,-0.740625
2012-09-05 08:52:59,341,1,26.2632440476,-0.809970238095
2012-09-05 08:53:00,342,1,25.411235119,-0.852008928571
2012-09-05 08:53:01,343,1,24.550297619,-0.8609375
2012-09-05 08:53:02,344,1,23.6858630952,-0.864434523809
2012-09-05 08:53:03,345,1,22.809375,-0.876488095238
2012-09-05 08:53:04,346,1,21.9400297619,-0.869345238095
2012-09-05 08:53:05,347,1,21.1328869048,-0.807142857143
2012-09-05 08:53:06,348,1,20.4192708333,-0.713616071429
2012-09-05 08:53:07,349,1,19.7389880952,-0.680282738095
2012-09-05 08:53:08,350,1,18.9344494048,-0.804538690476
2012-09-05 08:53:09,351,1,17.8036458333,-1.13080357143
2012-09-05 08:53:10,352,1,16.1874255952,-1.6162202381
2012-09-05 08:53:11,353,1,14.0529017857,-2.13452380952
2012-09-05 08:53:12,354,1,11.5363095238,-2.5165922619
2012-09-05 08:53:13,355,1,8.94709821429,-2.58921130952
2012-09-05 08:53:14,356,1,6.6880952381,-2.25900297619
2012-09-05 08:53:15,357,1,5.06785714286,-1.62023809524
2012-09-05 08:53:16,358,1,4.17723214286,-0.890625
2012-09-05 08:53:17,359,1,3.984375,-0.192857142857
2012-09-05 08:53:18,360,1,4.51316964286,0.528794642857
2012-09-05 08:53:19,361,1,5.87790178571,1.36473214286
2012-09-05 08:53:20,362,1,8.13125,2.25334821429
2012-09-05 08:53:21,363,1,11.0703869048,2.93913690476
2012-09-05 08:53:22,364,1,14.2203125,3.14992559524
2012-09-05 08:53:23,365,1,17.0657738095,2.84546130952
2012-09-05 08:53:24,366,1,19.314360119,2.24858630952
2012-09-05 08:53:25,367,1,20.9509672619,1.63660714286
2012-09-05 08:53:26,368,1,22.100297619,1.14933035714
2012-09-05 08:53:27,369,1,22.8679315476,0.767633928571
2012-09-05 08:53:28,370,1,23.3032738095,0.435342261905
2012-09-05 08:53:29,371,1,23.4948660714,0.191592261905
2012-09-05 08:53:30,372,1,23.6511904762,0.156324404762
2012-09-05 08:53:31,373,1,24.0414434524,0.39025297619
2012-09-05 08:53:32,374,1,24.8366815476,0.795238095238
2012-09-05 08:53:33,375,1,25.9895833333,1.15290178571
2012-09-05 08:53:34,376,1,27.2707589286,1.28117559524
2012-09-05 08:53:35,377,1,28.4352678571,1.16450892857
2012-09-05 08:53:36,378,1,29.3467261905,0.911458333333
2012-09-05 08:53:37,379,1,29.9614583333,0.614732142857
2012-09-05 08:53:38,380,1,30.2550595238,0.293601190476
2012-09-05 08:53:39,381,1,30.1925595238,-0.0625
2012-09-05 08:53:40,382,1,29.754389881,-0.438169642857
2012-09-05 08:53:41,383,1,28.9892857143,-0.765104166667
2012-09-05 08:53:42,384,1,28.0489583333,-0.940327380952
2012-09-05 08:53:43,385,1,27.140327381,-0.908630952381
2012-09-05 08:53:44,386,1,26.3943452381,-0.745982142857
2012-09-05 08:53:45,387,1,25.7712053571,-0.623139880952
2012-09-05 08:53:46,388,1,25.1127232143,-0.658482142857
2012-09-05 08:53:47,389,1,24.3036458333,-0.809077380952
2012-09-05 08:53:48,390,1,23.4058035714,-0.897842261905
2012-09-05 08:53:49,391,1,22.6493303571,-0.756473214286
2012-09-05 08:53:50,392,1,22.2732142857,-0.376116071429
2012-09-05 08:53:51,393,1,22.3494047619,0.0761904761905
2012-09-05 08:53:52,394,1,22.7310267857,0.381622023809
2012-09-05 08:53:53,395,1,23.1276785714,0.396651785714
2012-09-05 08:53:54,396,1,23.2563244048,0.128645833333
2012-09-05 08:53:55,397,1,23.0236607143,-0.232663690476
2012-09-05 08:53:56,398,1,22.6212053571,-0.402455357143
2012-09-05 08:53:57,399,1,22.4236607143,-0.197544642857
2012-09-05 08:53:58,400,1,22.7505952381,0.32693452381
2012-09-05 08:53:59,401,1,23.6639136905,0.913318452381
2012-09-05 08:54:00,402,1,24.9478422619,1.28392857143
2012-09-05 08:54:01,403,1,26.2801339286,1.33229166667
2012-09-05 08:54:02,404,1,27.4271577381,1.14702380952
2012-09-05 08:54:03,405,1,28.3100446429,0.882886904762
2012-09-05 08:54:04,406,1,28.9657738095,0.655729166667
2012-09-05 08:54:05,407,1,29.4892857143,0.523511904762
2012-09-05 08:54:06,408,1,29.9892113095,0.499925595238
2012-09-05 08:54:07,409,1,30.5532738095,0.5640625
2012-09-05 08:54:08,410,1,31.2172619048,0.663988095238
2012-09-05 08:54:09,411,1,31.954985119,0.737723214286
2012-09-05 08:54:10,412,1,32.7032738095,0.748288690476
2012-09-05 08:54:11,413,1,33.3989583333,0.695684523809
2012-09-05 08:54:12,414,1,34.0041666667,0.605208333333
2012-09-05 08:54:13,415,1,34.5179315476,0.513764880952
2012-09-05 08:54:14,416,1,34.9724702381,0.454538690476
2012-09-05 08:54:15,417,1,35.4101934524,0.437723214286
2012-09-05 08:54:16,418,1,35.854389881,0.444196428571
2012-09-05 08:54:17,419,1,36.2978422619,0.443452380952
2012-09-05 08:54:18,420,1,36.7068452381,0.40900297619
2012-09-05 08:54:19,421,1,37.0238839286,0.317038690476
2012-09-05 08:54:20,422,1,37.1811011905,0.157217261905
2012-09-05 08:54:21,423,1,37.1341517857,-0.0469494047619
2012-09-05 08:54:22,424,1,36.8947172619,-0.239434523809
2012-09-05 08:54:23,425,1,36.540922619,-0.353794642857
2012-09-05 08:54:24,426,1,36.1914434524,-0.349479166667
2012-09-05 08:54:25,427,1,35.9441220238,-0.247321428572
2012-09-05 08:54:26,428,1,35.8273065476,-0.11681547619
2012-09-05 08:54:27,429,1,35.8092261905,-0.0180803571428
2012-09-05 08:54:28,430,1,35.8424107143,0.0331845238095
2012-09-05 08:54:29,431,1,35.8964285714,0.0540178571429
2012-09-05 08:54:30,432,1,35.9642113095,0.0677827380952
2012-09-05 08:54:31,433,1,36.0506696429,0.0864583333333
2012-09-05 08:54:32,434,1,36.1568452381,0.106175595238
2012-09-05 08:54:33,435,1,36.2710565476,0.114211309524
2012-09-05 08:54:34,436,1,36.3790922619,0.108035714286
2012-09-05 08:54:35,437,1,36.4794642857,0.100372023809
2012-09-05 08:54:36,438,1,36.5601934524,0.0807291666667
2012-09-05 08:54:37,439,1,36.5592261905,-0.000967261904798
2012-09-05 08:54:38,440,1,36.3851190476,-0.174107142857
2012-09-05 08:54:39,441,1,35.9859375,-0.399181547619
2012-09-05 08:54:40,442,1,35.395014881,-0.590922619048
2012-09-05 08:54:41,443,1,34.7244047619,-0.670610119048
2012-09-05 08:54:42,444,1,34.1044642857,-0.619940476191
2012-09-05 08:54:43,445,1,33.6191220238,-0.485342261905
2012-09-05 08:54:44,446,1,33.3098214286,-0.309300595238
2012-09-05 08:54:45,447,1,33.2115327381,-0.0982886904762
2012-09-05 08:54:46,448,1,33.3384672619,0.12693452381
2012-09-05 08:54:47,449,1,33.65,0.311532738095
2012-09-05 08:54:48,450,1,34.0632440476,0.413244047619
2012-09-05 08:54:49,451,1,34.4851190476,0.421875
2012-09-05 08:54:50,452,1,34.8015625,0.316443452381
2012-09-05 08:54:51,453,1,34.816889881,0.0153273809524
2012-09-05 08:54:52,454,1,34.2172619048,-0.599627976191
2012-09-05 08:54:53,455,1,32.7070684524,-1.51019345238
2012-09-05 08:54:54,456,1,30.3406994048,-2.36636904762
2012-09-05 08:54:55,457,1,27.7252232143,-2.61547619048
2012-09-05 08:54:56,458,1,25.7619791667,-1.96324404762
2012-09-05 08:54:57,459,1,25.1023809524,-0.659598214286
2012-09-05 08:54:58,460,1,25.7902529762,0.68787202381
2012-09-05 08:54:59,461,1,27.3339285714,1.54367559524
2012-09-05 08:55:00,462,1,29.0976934524,1.76376488095
2012-09-05 08:55:01,463,1,30.6590029762,1.56130952381
2012-09-05 08:55:02,464,1,31.8470982143,1.1880952381
2012-09-05 08:55:03,465,1,32.5864583333,0.739360119048
2012-09-05 08:55:04,466,1,32.8446428571,0.25818452381
2012-09-05 08:55:05,467,1,32.7174107143,-0.127232142857
2012-09-05 08:55:06,468,1,32.4677083333,-0.249702380952
2012-09-05 08:55:07,469,1,32.4063244048,-0.0613839285714
2012-09-05 08:55:08,470,1,32.69375,0.287425595238
2012-09-05 08:55:09,471,1,33.253422619,0.559672619048
2012-09-05 08:55:10,472,1,33.884672619,0.63125
2012-09-05 08:55:11,473,1,34.4509672619,0.566294642857
2012-09-05 08:55:12,474,1,34.953125,0.502157738095
2012-09-05 08:55:13,475,1,35.4488839286,0.495758928571
2012-09-05 08:55:14,476,1,35.9354166667,0.486532738095
2012-09-05 08:55:15,477,1,36.3127232143,0.377306547619
2012-09-05 08:55:16,478,1,36.4537946429,0.141071428571
2012-09-05 08:55:17,479,1,36.2939732143,-0.159821428571
2012-09-05 08:55:18,480,1,35.8478422619,-0.446130952381
2012-09-05 08:55:19,481,1,35.1716517857,-0.67619047619
2012-09-05 08:55:20,482,1,34.308110119,-0.863541666667
2012-09-05 08:55:21,483,1,33.2617559524,-1.04635416667
2012-09-05 08:55:22,484,1,32.0664434524,-1.1953125
2012-09-05 08:55:23,485,1,30.8462797619,-1.22016369048
2012-09-05 08:55:24,486,1,29.7515625,-1.0947172619
2012-09-05 08:55:25,487,1,28.8483630952,-0.903199404762
2012-09-05 08:55:26,488,1,28.0555059524,-0.792857142857
2012-09-05 08:55:27,489,1,27.1460565476,-0.909449404762
2012-09-05 08:55:28,490,1,25.8169642857,-1.3290922619
2012-09-05 08:55:29,491,1,23.7851934524,-2.03177083333
2012-09-05 08:55:30,492,1,20.9044642857,-2.88072916667
2012-09-05 08:55:31,493,1,17.3297619048,-3.57470238095
2012-09-05 08:55:32,494,1,13.5983630952,-3.73139880952
2012-09-05 08:55:33,495,1,10.4436011905,-3.15476190476
2012-09-05 08:55:34,496,1,8.40729166667,-2.03630952381
2012-09-05 08:55:35,497,1,7.53325892857,-0.874032738095
2012-09-05 08:55:36,498,1,7.37418154762,-0.159077380952
2012-09-05 08:55:37,499,1,7.32001488095,-0.0541666666667
2012-09-05 08:55:38,500,1,7.00677083333,-0.313244047619
2012-09-05 08:55:39,501,1,6.48489583333,-0.521875
2012-09-05 08:55:40,502,1,6.03244047619,-0.452455357143
2012-09-05 08:55:41,503,1,5.83072916667,-0.201711309524
2012-09-05 08:55:42,504,1,5.83764880952,0.00691964285714
2012-09-05 08:55:43,505,1,5.91257440476,0.0749255952381
2012-09-05 08:55:44,506,1,5.9396577381,0.0270833333333
2012-09-05 08:55:45,507,1,5.81175595238,-0.127901785714
2012-09-05 08:55:46,508,1,5.41428571429,-0.397470238095
2012-09-05 08:55:47,509,1,4.74181547619,-0.672470238095
2012-09-05 08:55:48,510,1,4.05141369048,-0.690401785714
2012-09-05 08:56:03,525,15,3.82023809524,-0.0154117063492
2012-09-05 08:56:04,526,1,4.45052083333,0.630282738095
2012-09-05 08:56:05,527,1,5.98288690476,1.53236607143
2012-09-05 08:56:06,528,1,8.09441964286,2.1115327381
2012-09-05 08:56:07,529,1,10.3425595238,2.24813988095
2012-09-05 08:56:08,530,1,12.3868303571,2.04427083333
2012-09-05 08:56:09,531,1,14.0197172619,1.63288690476
2012-09-05 08:56:10,532,1,15.0972470238,1.0775297619
2012-09-05 08:56:11,533,1,15.5380208333,0.440773809524
2012-09-05 08:56:12,534,1,15.3828869048,-0.155133928571
2012-09-05 08:56:13,535,1,14.7734375,-0.609449404762
2012-09-05 08:56:14,536,1,13.8300595238,-0.943377976191
2012-09-05 08:56:15,537,1,12.6116815476,-1.21837797619
2012-09-05 08:56:16,538,1,11.2761904762,-1.33549107143
2012-09-05 08:56:17,539,1,10.2485863095,-1.02760416667
2012-09-05 08:56:18,540,1,10.114360119,-0.134226190476
2012-09-05 08:56:19,541,1,11.2578869048,1.14352678571
2012-09-05 08:56:20,542,1,13.545610119,2.28772321429
2012-09-05 08:56:21,543,1,16.33125,2.78563988095
2012-09-05 08:56:22,544,1,18.7998511905,2.46860119048
2012-09-05 08:56:23,545,1,20.3666666667,1.56681547619
2012-09-05 08:56:24,546,1,20.8441964286,0.477529761905
2012-09-05 08:56:25,547,1,20.3844494048,-0.45974702381
2012-09-05 08:56:26,548,1,19.334077381,-1.05037202381
2012-09-05 08:56:27,549,1,18.0461309524,-1.28794642857
2012-09-05 08:56:28,550,1,16.7046130952,-1.34151785714
2012-09-05 08:56:29,551,1,15.2859375,-1.41867559524
2012-09-05 08:56:30,552,1,13.6769345238,-1.60900297619
2012-09-05 08:56:31,553,1,11.8196428571,-1.85729166667
2012-09-05 08:56:32,554,1,9.77648809524,-2.0431547619
2012-09-05 08:56:33,555,1,7.72477678571,-2.05171130952
2012-09-05 08:56:34,556,1,5.92708333333,-1.79769345238
2012-09-05 08:56:35,557,1,4.6779389881,-1.24914434524
2012-09-05 08:56:36,558,1,4.16370907738,-0.514229910714
2012-09-05 08:56:37,559,1,4.26960565476,0.105896577381
2012-09-05 08:56:38,560,1,4.57937127976,0.309765625
2012-09-05 08:56:39,561,1,4.65279017857,0.0734188988095
2012-09-05 08:56:40,562,1,4.30630580357,-0.346484375
2012-09-05 08:56:41,563,1,3.70591517857,-0.600390625
2012-09-05 08:56:42,564,1,3.28400297619,-0.421912202381
2012-09-05 08:56:43,565,1,3.48069196429,0.196688988095
2012-09-05 08:56:44,566,1,4.44711681548,0.96642485119
2012-09-05 08:56:45,567,1,5.93463541667,1.48751860119
2012-09-05 08:56:46,568,1,7.39138764881,1.45675223214
2012-09-05 08:56:47,569,1,8.20420386905,0.812816220238
2012-09-05 08:56:48,570,1,8.03234747024,-0.17185639881
2012-09-05 08:56:49,571,1,7.01343005952,-1.01891741071
2012-09-05 08:56:50,572,1,5.6255952381,-1.38783482143
2012-09-05 08:56:51,573,1,4.34769345238,-1.27790178571
2012-09-05 08:56:52,574,1,3.43973214286,-0.907961309524
2012-09-05 08:56:53,575,1,2.91956845238,-0.520163690476
2012-09-05 08:56:54,576,1,2.6359375,-0.283630952381
2012-09-05 08:56:55,577,1,2.42321428571,-0.212723214286
2012-09-05 08:56:56,578,1,2.29032738095,-0.132886904762
2012-09-05 08:56:57,579,1,2.46726190476,0.17693452381
2012-09-05 08:56:58,580,1,3.23251488095,0.76525297619
2012-09-05 08:56:59,581,1,4.65148809524,1.41897321429
2012-09-05 08:57:00,582,1,6.42061011905,1.76912202381
2012-09-05 08:57:01,583,1,7.95055272109,1.52994260204
2012-09-05 08:57:02,584,1,8.66147959184,0.710926870748
2012-09-05 08:57:03,585,1,8.2956420068,-0.365837585034
2012-09-05 08:57:04,586,1,7.04920280612,-1.24643920068
2012-09-05 08:57:05,587,1,5.44576955782,-1.6034332483
2012-09-05 08:57:06,588,1,4.03696853741,-1.40880102041
2012-09-05 08:57:07,589,1,3.14294217687,-0.894026360544
2012-09-05 08:57:08,590,1,2.7750212585,-0.367920918367
2012-09-05 08:57:09,591,1,2.73180272109,-0.043218537415
2012-09-05 08:57:10,592,1,2.78945578231,0.0576530612245
2012-09-05 08:57:11,593,1,2.83894557823,0.0494897959184
2012-09-05 08:57:12,594,1,2.87142857143,0.0324829931973
2012-09-05 08:57:13,595,1,2.9,0.0285714285714
2012-09-05 08:57:14,596,1,2.92857142857,0.0285714285714
2012-09-05 08:57:15,597,1,2.96179846939,0.0332270408163
2012-09-05 08:57:16,598,1,3.01136267007,0.0495642006803
2012-09-05 08:57:17,599,1,3.04818239796,0.0368197278911
2012-09-05 08:57:18,600,1,2.91945153061,-0.128730867347
2012-09-05 08:57:19,601,1,2.41953656463,-0.499914965986
2012-09-05 08:57:20,602,1,1.62294855442,-0.796588010204
2012-09-05 08:57:21,603,1,0.0,-1.62294855442
2012-09-05 08:57:48,630,27,0.0,0.0
2012-09-05 08:57:49,631,1,3.24719387755,3.24719387755
2012-09-05 08:57:50,632,1,5.10007440476,1.85288052721
2012-09-05 08:57:51,633,1,6.3251860119,1.22511160714
2012-09-05 08:57:52,634,1,6.58541666667,0.260230654762
2012-09-05 08:57:53,635,1,6.07511160714,-0.510305059524
2012-09-05 08:57:54,636,1,5.18995535714,-0.88515625
2012-09-05 08:57:55,637,1,4.27991071429,-0.910044642857
2012-09-05 08:57:56,638,1,3.5615327381,-0.71837797619
2012-09-05 08:57:57,639,1,3.09360119048,-0.467931547619
2012-09-05 08:57:58,640,1,2.82894345238,-0.264657738095
2012-09-05 08:57:59,641,1,2.82053571429,-0.00840773809524
2012-09-05 08:58:00,642,1,3.3380952381,0.51755952381
2012-09-05 08:58:01,643,1,4.65520833333,1.31711309524
2012-09-05 08:58:02,644,1,6.78683035714,2.13162202381
2012-09-05 08:58:03,645,1,9.51023065476,2.72340029762
2012-09-05 08:58:04,646,1,12.5779761905,3.06774553571
2012-09-05 08:58:05,647,1,15.8716889881,3.29371279762
2012-09-05 08:58:06,648,1,19.3529761905,3.48128720238
2012-09-05 08:58:07,649,1,22.8859375,3.53296130952
2012-09-05 08:58:08,650,1,26.1943452381,3.3084077381
2012-09-05 08:58:09,651,1,29.034375,2.8400297619
2012-09-05 08:58:10,652,1,31.3407738095,2.30639880952
2012-09-05 08:58:11,653,1,33.1811755952,1.84040178571
2012-09-05 08:58:12,654,1,34.6486607143,1.46748511905
2012-09-05 08:58:13,655,1,35.8308779762,1.1822172619
2012-09-05 08:58:14,656,1,36.8085565476,0.977678571428
2012-09-05 08:58:15,657,1,37.6174107143,0.808854166667
2012-09-05 08:58:16,658,1,38.2194940476,0.602083333333
2012-09-05 08:58:17,659,1,38.5484375,0.328943452381
2012-09-05 08:58:18,660,1,38.5941220238,0.0456845238095
2012-09-05 08:58:19,661,1,38.4443452381,-0.149776785714
2012-09-05 08:58:20,662,1,38.2466517857,-0.197693452381
2012-09-05 08:58:21,663,1,38.1032738095,-0.143377976191
2012-09-05 08:58:22,664,1,37.9948660714,-0.108407738095
2012-09-05 08:58:23,665,1,37.8316220238,-0.163244047619
2012-09-05 08:58:24,666,1,37.5642857143,-0.267336309524
2012-09-05 08:58:25,667,1,37.2347470238,-0.329538690476
2012-09-05 08:58:26,668,1,36.9459077381,-0.288839285714
2012-09-05 08:58:27,669,1,36.7786458333,-0.167261904762
2012-09-05 08:58:28,670,1,36.7290178571,-0.0496279761904
2012-09-05 08:58:29,671,1,36.7382440476,0.0092261904761
2012-09-05 08:58:30,672,1,36.7662946429,0.0280505952381
2012-09-05 08:58:31,673,1,36.809672619,0.0433779761905
2012-09-05 08:58:32,674,1,36.8598958333,0.0502232142857
2012-09-05 08:58:33,675,1,36.8814732143,0.0215773809524
2012-09-05 08:58:34,676,1,36.8409970238,-0.0404761904762
2012-09-05 08:58:35,677,1,36.7378720238,-0.103125
2012-09-05 08:58:36,678,1,36.6154017857,-0.122470238095
2012-09-05 08:58:37,679,1,36.5591517857,-0.05625
2012-09-05 08:58:38,680,1,36.649702381,0.0905505952381
2012-09-05 08:58:39,681,1,36.8883184524,0.238616071429
2012-09-05 08:58:40,682,1,37.186235119,0.297916666667
2012-09-05 08:58:41,683,1,37.4313244048,0.245089285714
2012-09-05 08:58:42,684,1,37.5585565476,0.127232142857
2012-09-05 08:58:43,685,1,37.5569196429,-0.0016369047619
2012-09-05 08:58:44,686,1,37.3875744048,-0.169345238095
2012-09-05 08:58:45,687,1,36.908110119,-0.479464285714
2012-09-05 08:58:46,688,1,35.9570684524,-0.951041666667
2012-09-05 08:58:47,689,1,34.5235119048,-1.43355654762
2012-09-05 08:58:48,690,1,32.7530505952,-1.77046130952
2012-09-05 08:58:49,691,1,30.7755208333,-1.9775297619
2012-09-05 08:58:50,692,1,28.5761160714,-2.1994047619
2012-09-05 08:58:51,693,1,26.0441964286,-2.53191964286
2012-09-05 08:58:52,694,1,23.1300595238,-2.91413690476
2012-09-05 08:58:53,695,1,19.9308779762,-3.19918154762
2012-09-05 08:58:54,696,1,16.6319940476,-3.29888392857
2012-09-05 08:58:55,697,1,13.4306547619,-3.20133928571
2012-09-05 08:58:56,698,1,10.5720982143,-2.85855654762
2012-09-05 08:58:57,699,1,8.44441964286,-2.12767857143
2012-09-05 08:58:58,700,1,7.53630952381,-0.908110119048
2012-09-05 08:58:59,701,1,8.18005952381,0.64375
2012-09-05 08:59:00,702,1,10.3003720238,2.1203125
2012-09-05 08:59:01,703,1,13.4212797619,3.1209077381
2012-09-05 08:59:02,704,1,16.9194940476,3.49821428571
2012-09-05 08:59:03,705,1,20.3212053571,3.40171130952
2012-09-05 08:59:04,706,1,23.4293154762,3.10811011905
2012-09-05 08:59:05,707,1,26.2341517857,2.80483630952
2012-09-05 08:59:06,708,1,28.7703869048,2.53623511905
2012-09-05 08:59:07,709,1,31.0630952381,2.29270833333
2012-09-05 08:59:08,710,1,33.1313988095,2.06830357143
2012-09-05 08:59:09,711,1,34.9738839286,1.84248511905
2012-09-05 08:59:10,712,1,36.5546875,1.58080357143
2012-09-05 08:59:11,713,1,37.8372767857,1.28258928571
2012-09-05 08:59:12,714,1,38.8313244048,0.994047619048
2012-09-05 08:59:13,715,1,39.5982886905,0.766964285714
2012-09-05 08:59:14,716,1,40.220610119,0.622321428571
2012-09-05 08:59:15,717,1,40.763764881,0.543154761905
2012-09-05 08:59:16,718,1,41.2607142857,0.496949404762
2012-09-05 08:59:17,719,1,41.7251488095,0.46443452381
2012-09-05 08:59:18,720,1,42.1644345238,0.439285714286
2012-09-05 08:59:19,721,1,42.5821428571,0.417708333333
2012-09-05 08:59:20,722,1,42.9793154762,0.397172619048
2012-09-05 08:59:21,723,1,43.3532738095,0.373958333333
2012-09-05 08:59:22,724,1,43.6988095238,0.345535714286
2012-09-05 08:59:23,725,1,44.0095238095,0.310714285714
2012-09-05 08:59:24,726,1,44.2723958333,0.262872023809
2012-09-05 08:59:25,727,1,44.4709077381,0.198511904762
2012-09-05 08:59:26,728,1,44.6011160714,0.130208333333
2012-09-05 08:59:27,729,1,44.6709821429,0.0698660714285
2012-09-05 08:59:28,730,1,44.6683035714,-0.0026785714285
2012-09-05 08:59:29,731,1,44.5444940476,-0.12380952381
2012-09-05 08:59:30,732,1,44.2607886905,-0.283705357143
2012-09-05 08:59:31,733,1,43.848735119,-0.412053571429
2012-09-05 08:59:32,734,1,43.4113839286,-0.437351190476
2012-09-05 08:59:33,735,1,43.0613095238,-0.350074404762
2012-09-05 08:59:34,736,1,42.8336309524,-0.227678571428
2012-09-05 08:59:35,737,1,42.653125,-0.180505952381
2012-09-05 08:59:36,738,1,42.4069196429,-0.246205357143
2012-09-05 08:59:37,739,1,42.0177827381,-0.389136904762
2012-09-05 08:59:38,740,1,41.4222470238,-0.595535714286
2012-09-05 08:59:39,741,1,40.5416666667,-0.880580357143
2012-09-05 08:59:40,742,1,39.3165178571,-1.22514880952
2012-09-05 08:59:41,743,1,37.7443452381,-1.57217261905
2012-09-05 08:59:42,744,1,35.864360119,-1.87998511905
2012-09-05 08:59:43,745,1,33.683110119,-2.18125
2012-09-05 08:59:44,746,1,31.1217261905,-2.56138392857
2012-09-05 08:59:45,747,1,28.0836309524,-3.0380952381
2012-09-05 08:59:46,748,1,24.5694940476,-3.51413690476
2012-09-05 08:59:47,749,1,20.7136904762,-3.85580357143
2012-09-05 08:59:48,750,1,16.7747767857,-3.93891369048
2012-09-05 08:59:49,751,1,13.153422619,-3.62135416667
2012-09-05 08:59:50,752,1,10.3938988095,-2.75952380952
2012-09-05 08:59:51,753,1,9.05007440476,-1.34382440476
2012-09-05 08:59:52,754,1,9.42507440476,0.375
2012-09-05 08:59:53,755,1,11.4070684524,1.98199404762
2012-09-05 08:59:54,756,1,14.5572916667,3.15022321429
2012-09-05 08:59:55,757,1,18.3412202381,3.78392857143
2012-09-05 08:59:56,758,1,22.3002232143,3.95900297619
2012-09-05 08:59:57,759,1,26.0795386905,3.77931547619
2012-09-05 08:59:58,760,1,29.4061755952,3.32663690476
2012-09-05 08:59:59,761,1,32.1254464286,2.71927083333
2012-09-05 09:00:00,762,1,34.2397321429,2.11428571429
2012-09-05 09:00:01,763,1,35.862202381,1.6224702381
2012-09-05 09:00:02,764,1,37.1293154762,1.26711309524
2012-09-05 09:00:03,765,1,38.1463541667,1.01703869048
2012-09-05 09:00:04,766,1,38.9631696429,0.81681547619
2012-09-05 09:00:05,767,1,39.5567708333,0.593601190476
2012-09-05 09:00:06,768,1,39.8431547619,0.286383928571
2012-09-05 09:00:07,769,1,39.7357886905,-0.107366071429
2012-09-05 09:00:08,770,1,39.2157738095,-0.520014880952
2012-09-05 09:00:09,771,1,38.3623511905,-0.853422619048
2012-09-05 09:00:10,772,1,37.3133928571,-1.04895833333
2012-09-05 09:00:11,773,1,36.1966517857,-1.11674107143
2012-09-05 09:00:12,774,1,35.1183035714,-1.07834821429
2012-09-05 09:00:13,775,1,34.1929315476,-0.92537202381
2012-09-05 09:00:14,776,1,33.529389881,-0.663541666667
2012-09-05 09:00:15,777,1,33.1810267857,-0.348363095238
2012-09-05 09:00:16,778,1,33.1122767857,-0.06875
2012-09-05 09:00:17,779,1,33.1990327381,0.0867559523809
2012-09-05 09:00:18,780,1,33.2796875,0.0806547619048
2012-09-05 09:00:19,781,1,33.2296130952,-0.0500744047619
2012-09-05 09:00:20,782,1,32.9985119048,-0.231101190476
2012-09-05 09:00:21,783,1,32.6109375,-0.387574404762
2012-09-05 09:00:22,784,1,32.1470238095,-0.463913690476
2012-09-05 09:00:23,785,1,31.7013392857,-0.44568452381
2012-09-05 09:00:24,786,1,31.3500744048,-0.351264880952
2012-09-05 09:00:25,787,1,31.1436011905,-0.206473214286
2012-09-05 09:00:26,788,1,31.1000744048,-0.0435267857143
2012-09-05 09:00:27,789,1,31.2005952381,0.100520833333
2012-09-05 09:00:28,790,1,31.4040922619,0.20349702381
2012-09-05 09:00:29,791,1,31.6769345238,0.272842261905
2012-09-05 09:00:30,792,1,32.018452381,0.341517857143
2012-09-05 09:00:31,793,1,32.4578125,0.439360119048
2012-09-05 09:00:32,794,1,33.0121279762,0.55431547619
2012-09-05 09:00:33,795,1,33.6313244048,0.619196428571
2012-09-05 09:00:34,796,1,34.1642857143,0.532961309524
2012-09-05 09:00:35,797,1,34.3609375,0.196651785714
2012-09-05 09:00:36,798,1,33.9142857143,-0.446651785714
2012-09-05 09:00:37,799,1,32.5566964286,-1.35758928571
2012-09-05 09:00:38,800,1,30.2131696429,-2.34352678571
2012-09-05 09:00:39,801,1,27.1261904762,-3.08697916667
2012-09-05 09:00:40,802,1,23.8044642857,-3.32172619048
2012-09-05 09:00:41,803,1,20.7810267857,-3.0234375
2012-09-05 09:00:42,804,1,18.3600446429,-2.42098214286
2012-09-05 09:00:43,805,1,16.5263392857,-1.83370535714
2012-09-05 09:00:44,806,1,15.0418154762,-1.48452380952
2012-09-05 09:00:45,807,1,13.6287202381,-1.4130952381
2012-09-05 09:00:46,808,1,12.0999255952,-1.52879464286
2012-09-05 09:00:47,809,1,10.3734375,-1.72648809524
2012-09-05 09:00:48,810,1,8.42879464286,-1.94464285714
2012-09-05 09:00:49,811,1,6.29702380952,-2.13177083333
2012-09-05 09:00:50,812,1,4.1197172619,-2.17730654762
2012-09-05 09:00:51,813,1,2.24791666667,-1.87180059524
2012-09-05 09:00:52,814,1,0.0,-2.24791666667
2012-09-05 09:01:35,857,43,0.0,0.0
2012-09-05 09:01:36,858,1,3.47998511905,3.47998511905
2012-09-05 09:01:37,859,1,5.95922619048,2.47924107143
2012-09-05 09:01:38,860,1,8.35208333333,2.39285714286
2012-09-05 09:01:39,861,1,10.3571428571,2.00505952381
2012-09-05 09:01:40,862,1,12.1067708333,1.74962797619
2012-09-05 09:01:41,863,1,13.8174107143,1.71063988095
2012-09-05 09:01:42,864,1,15.5188988095,1.70148809524
2012-09-05 09:01:43,865,1,16.9718005952,1.45290178571
2012-09-05 09:01:44,866,1,17.8533482143,0.881547619048
2012-09-05 09:01:45,867,1,18.1281994048,0.274851190476
2012-09-05 09:01:46,868,1,18.2103422619,0.0821428571429
2012-09-05 09:01:47,869,1,18.7566964286,0.546354166667
2012-09-05 09:01:48,870,1,20.3081845238,1.55148809524
2012-09-05 09:01:49,871,1,22.9585565476,2.65037202381
2012-09-05 09:01:50,872,1,26.2757440476,3.3171875
2012-09-05 09:01:51,873,1,29.6258184524,3.35007440476
2012-09-05 09:01:52,874,1,32.5629464286,2.93712797619
2012-09-05 09:01:53,875,1,34.9240327381,2.36108630952
2012-09-05 09:01:54,876,1,36.7324404762,1.8084077381
2012-09-05 09:01:55,877,1,38.1060267857,1.37358630952
2012-09-05 09:01:56,878,1,39.1895089286,1.08348214286
2012-09-05 09:01:57,879,1,40.0988095238,0.909300595238
2012-09-05 09:01:58,880,1,40.8885416667,0.789732142857
2012-09-05 09:01:59,881,1,41.5636160714,0.675074404762
2012-09-05 09:02:00,882,1,42.1279017857,0.564285714286
2012-09-05 09:02:01,883,1,42.5989583333,0.471056547619
2012-09-05 09:02:02,884,1,42.9588541667,0.359895833333
2012-09-05 09:02:03,885,1,43.1274553571,0.168601190476
2012-09-05 09:02:04,886,1,43.0279017857,-0.0995535714286
2012-09-05 09:02:05,887,1,42.6808779762,-0.347023809524
2012-09-05 09:02:06,888,1,42.2194940476,-0.461383928571
2012-09-05 09:02:07,889,1,41.8036458333,-0.415848214286
2012-09-05 09:02:08,890,1,41.5135416667,-0.290104166667
2012-09-05 09:02:09,891,1,41.3230654762,-0.190476190476
2012-09-05 09:02:10,892,1,41.1683779762,-0.1546875
2012-09-05 09:02:11,893,1,41.01875,-0.149627976191
2012-09-05 09:02:12,894,1,40.866889881,-0.151860119048
2012-09-05 09:02:13,895,1,40.6772321429,-0.189657738095
2012-09-05 09:02:14,896,1,40.3926339286,-0.284598214286
2012-09-05 09:02:15,897,1,40.0037946429,-0.388839285714
2012-09-05 09:02:16,898,1,39.5810267857,-0.422767857143
2012-09-05 09:02:17,899,1,39.2259672619,-0.35505952381
2012-09-05 09:02:18,900,1,38.9977678571,-0.228199404762
2012-09-05 09:02:19,901,1,38.865922619,-0.131845238095
2012-09-05 09:02:20,902,1,38.7195684524,-0.146354166667
2012-09-05 09:02:21,903,1,38.4331845238,-0.286383928571
2012-09-05 09:02:22,904,1,37.9281994048,-0.504985119048
2012-09-05 09:02:23,905,1,37.1723214286,-0.75587797619
2012-09-05 09:02:24,906,1,36.1354910714,-1.03683035714
2012-09-05 09:02:25,907,1,34.7698660714,-1.365625
2012-09-05 09:02:26,908,1,33.0223958333,-1.7474702381
2012-09-05 09:02:27,909,1,30.8123511905,-2.21004464286
2012-09-05 09:02:28,910,1,27.9982886905,-2.8140625
2012-09-05 09:02:29,911,1,24.4555059524,-3.5427827381
2012-09-05 09:02:30,912,1,20.233110119,-4.22239583333
2012-09-05 09:02:31,913,1,15.6406994048,-4.59241071429
2012-09-05 09:02:32,914,1,11.211235119,-4.42946428571
2012-09-05 09:02:33,915,1,7.53050595238,-3.68072916667
2012-09-05 09:02:34,916,1,4.97157738095,-2.55892857143
2012-09-05 09:02:35,917,1,3.50959821429,-1.46197916667
2012-09-05 09:02:36,918,1,2.74538690476,-0.764211309524
2012-09-05 09:02:37,919,1,2.14181547619,-0.603571428571
2012-09-05 09:02:38,920,1,1.43586309524,-0.705952380952
2012-09-05 09:02:39,921,1,0.0,-1.43586309524
2012-09-05 09:02:57,939,18,0.0,0.0
2012-09-05 09:02:58,940,1,2.95714285714,2.95714285714
2012-09-05 09:02:59,941,1,5.66994047619,2.71279761905
2012-09-05 09:03:00,942,1,8.99538690476,3.32544642857
2012-09-05 09:03:01,943,1,12.5084821429,3.5130952381
2012-09-05 09:03:02,944,1,15.9276041667,3.41912202381
2012-09-05 09:03:03,945,1,19.1005952381,3.17299107143
2012-09-05 09:03:04,946,1,21.9857142857,2.88511904762
2012-09-05 09:03:05,947,1,24.6261904762,2.64047619048
2012-09-05 09:03:06,948,1,27.1095982143,2.4834077381
2012-09-05 09:03:07,949,1,29.4968005952,2.38720238095
2012-09-05 09:03:08,950,1,31.734077381,2.23727678571
2012-09-05 09:03:09,951,1,33.6611607143,1.92708333333
2012-09-05 09:03:10,952,1,35.1652529762,1.5040922619
2012-09-05 09:03:11,953,1,36.2985119048,1.13325892857
2012-09-05 09:03:12,954,1,37.2198660714,0.921354166667
2012-09-05 09:03:13,955,1,38.0956845238,0.875818452381
2012-09-05 09:03:14,956,1,39.0534970238,0.9578125
2012-09-05 09:03:15,957,1,40.1335565476,1.08005952381
2012-09-05 09:03:16,958,1,41.2855654762,1.15200892857
2012-09-05 09:03:17,959,1,42.4329613095,1.14739583333
2012-09-05 09:03:18,960,1,43.5161458333,1.08318452381
2012-09-05 09:03:19,961,1,44.5301339286,1.01398809524
2012-09-05 09:03:20,962,1,45.5275297619,0.997395833333
2012-09-05 09:03:21,963,1,46.4751488095,0.947619047619
2012-09-05 09:03:22,964,1,47.1357886905,0.660639880952
2012-09-05 09:03:23,965,1,47.2249255952,0.0891369047619
2012-09-05 09:03:24,966,1,46.6818452381,-0.543080357143
2012-09-05 09:03:25,967,1,45.7281994048,-0.953645833333
2012-09-05 09:03:26,968,1,44.6922619048,-1.0359375
2012-09-05 09:03:27,969,1,43.8119047619,-0.880357142857
2012-09-05 09:03:28,970,1,43.1671130952,-0.644791666667
2012-09-05 09:03:29,971,1,42.7391369048,-0.427976190476
2012-09-05 09:03:30,972,1,42.4838541667,-0.255282738095
2012-09-05 09:03:31,973,1,42.3204613095,-0.163392857143
2012-09-05 09:03:32,974,1,42.0787946429,-0.241666666667
2012-09-05 09:03:33,975,1,41.4982886905,-0.580505952381
2012-09-05 09:03:34,976,1,40.2933779762,-1.20491071429
2012-09-05 09:03:35,977,1,38.2860863095,-2.00729166667
2012-09-05 09:03:36,978,1,35.5799107143,-2.70617559524
2012-09-05 09:03:37,979,1,32.6402529762,-2.9396577381
2012-09-05 09:03:38,980,1,30.1541666667,-2.48608630952
2012-09-05 09:03:39,981,1,28.7104166667,-1.44375
2012-09-05 09:03:40,982,1,28.4889880952,-0.221428571429
2012-09-05 09:03:41,983,1,29.1595238095,0.670535714286
2012-09-05 09:03:42,984,1,30.06875,0.909226190476
2012-09-05 09:03:43,985,1,30.5888392857,0.520089285714
2012-09-05 09:03:44,986,1,30.3650297619,-0.223809523809
2012-09-05 09:03:45,987,1,29.3395089286,-1.02552083333
2012-09-05 09:03:46,988,1,27.646577381,-1.69293154762
2012-09-05 09:03:47,989,1,25.4896577381,-2.15691964286
2012-09-05 09:03:48,990,1,23.0595238095,-2.43013392857
2012-09-05 09:03:49,991,1,20.5277529762,-2.53177083333
2012-09-05 09:03:50,992,1,18.0472470238,-2.48050595238
2012-09-05 09:03:51,993,1,15.6838541667,-2.36339285714
2012-09-05 09:03:52,994,1,13.3678571429,-2.31599702381
2012-09-05 09:03:53,995,1,10.9561011905,-2.41175595238
2012-09-05 09:03:54,996,1,8.34464285714,-2.61145833333
2012-09-05 09:03:55,997,1,5.59955357143,-2.74508928571
2012-09-05 09:03:56,998,1,3.09828869048,-2.50126488095
2012-09-05 09:03:57,999,1,0.0,-3.09828869048
2012-09-05 09:04:33,1035,36,0.0,0.0
2012-09-05 09:04:34,1036,1,2.47537202381,2.47537202381
2012-09-05 09:04:35,1037,1,4.72209821429,2.24672619048
2012-09-05 09:04:36,1038,1,7.60066964286,2.87857142857
2012-09-05 09:04:37,1039,1,10.8669642857,3.26629464286
2012-09-05 09:04:38,1040,1,14.3574404762,3.49047619048
2012-09-05 09:04:39,1041,1,17.8944940476,3.53705357143
2012-09-05 09:04:40,1042,1,21.3033482143,3.40885416667
2012-09-05 09:04:41,1043,1,24.4726190476,3.16927083333
2012-09-05 09:04:42,1044,1,27.3505952381,2.87797619048
2012-09-05 09:04:43,1045,1,29.8373511905,2.48675595238
2012-09-05 09:04:44,1046,1,31.6430059524,1.8056547619
2012-09-05 09:04:45,1047,1,32.2766369048,0.633630952381
2012-09-05 09:04:46,1048,1,31.3023809524,-0.974255952381
2012-09-05 09:04:47,1049,1,28.7680059524,-2.534375
2012-09-05 09:04:48,1050,1,25.4438988095,-3.32410714286
2012-09-05 09:04:49,1051,1,22.5648065476,-2.8790922619
2012-09-05 09:04:50,1052,1,21.1834821429,-1.38132440476
2012-09-05 09:04:51,1053,1,21.616889881,0.433407738095
2012-09-05 09:04:52,1054,1,23.4090029762,1.79211309524
2012-09-05 09:04:53,1055,1,25.7744047619,2.36540178571
2012-09-05 09:04:54,1056,1,28.0926339286,2.31822916667
2012-09-05 09:04:55,1057,1,30.0988839286,2.00625
2012-09-05 09:04:56,1058,1,31.7723958333,1.67351190476
2012-09-05 09:04:57,1059,1,33.1444196429,1.37202380952
2012-09-05 09:04:58,1060,1,34.2105654762,1.06614583333
2012-09-05 09:04:59,1061,1,34.9598214286,0.749255952381
2012-09-05 09:05:00,1062,1,35.4255208333,0.465699404762
2012-09-05 09:05:01,1063,1,35.6961309524,0.270610119048
2012-09-05 09:05:02,1064,1,35.8840029762,0.18787202381
2012-09-05 09:05:03,1065,1,36.0781994048,0.194196428571
2012-09-05 09:05:04,1066,1,36.3151041667,0.236904761905
2012-09-05 09:05:05,1067,1,36.571875,0.256770833333
2012-09-05 09:05:06,1068,1,36.7742559524,0.202380952381
2012-09-05 09:05:07,1069,1,36.8404017857,0.0661458333334
2012-09-05 09:05:08,1070,1,36.7540922619,-0.0863095238095
2012-09-05 09:05:09,1071,1,36.5944196429,-0.159672619048
2012-09-05 09:05:10,1072,1,36.4851190476,-0.109300595238
2012-09-05 09:05:11,1073,1,36.5173363095,0.0322172619048
2012-09-05 09:05:12,1074,1,36.7147321429,0.197395833333
2012-09-05 09:05:13,1075,1,37.0546875,0.339955357143
2012-09-05 09:05:14,1076,1,37.503422619,0.448735119048
2012-09-05 09:05:15,1077,1,38.0223958333,0.518973214286
2012-09-05 09:05:16,1078,1,38.5517857143,0.529389880952
2012-09-05 09:05:17,1079,1,39.0082589286,0.456473214286
2012-09-05 09:05:18,1080,1,39.3150297619,0.306770833333
2012-09-05 09:05:19,1081,1,39.432514881,0.117485119048
2012-09-05 09:05:20,1082,1,39.3452380952,-0.0872767857143
2012-09-05 09:05:21,1083,1,39.023735119,-0.321502976191
2012-09-05 09:05:22,1084,1,38.4245535714,-0.599181547619
2012-09-05 09:05:23,1085,1,37.5326636905,-0.891889880952
2012-09-05 09:05:24,1086,1,36.3691220238,-1.16354166667
2012-09-05 09:05:25,1087,1,34.9215029762,-1.44761904762
2012-09-05 09:05:26,1088,1,33.1039434524,-1.81755952381
2012-09-05 09:05:27,1089,1,30.8617559524,-2.2421875
2012-09-05 09:05:28,1090,1,28.2855654762,-2.57619047619
2012-09-05 09:05:29,1091,1,25.5280505952,-2.75751488095
2012-09-05 09:05:30,1092,1,22.6246279762,-2.90342261905
2012-09-05 09:05:31,1093,1,19.4700892857,-3.15453869048
2012-09-05 09:05:32,1094,1,15.9941964286,-3.47589285714
2012-09-05 09:05:33,1095,1,12.3766369048,-3.61755952381
2012-09-05 09:05:34,1096,1,9.09032738095,-3.28630952381
2012-09-05 09:05:35,1097,1,6.70669642857,-2.38363095238
2012-09-05 09:05:36,1098,1,5.64553571429,-1.06116071429
2012-09-05 09:05:37,1099,1,6.03898809524,0.393452380952
2012-09-05 09:05:38,1100,1,7.69404761905,1.65505952381
2012-09-05 09:05:39,1101,1,10.1461309524,2.45208333333
2012-09-05 09:05:40,1102,1,12.8444196429,2.69828869048
2012-09-05 09:05:41,1103,1,15.3833333333,2.53891369048
2012-09-05 09:05:42,1104,1,17.5976190476,2.21428571429
2012-09-05 09:05:43,1105,1,19.4591517857,1.8615327381
2012-09-05 09:05:44,1106,1,20.9211309524,1.46197916667
2012-09-05 09:05:45,1107,1,21.8836309524,0.9625
2012-09-05 09:05:46,1108,1,22.2691220238,0.385491071429
2012-09-05 09:05:47,1109,1,22.071577381,-0.197544642857
2012-09-05 09:05:48,1110,1,21.3381696429,-0.733407738095
2012-09-05 09:05:49,1111,1,20.176264881,-1.1619047619
2012-09-05 09:05:50,1112,1,18.838764881,-1.3375
2012-09-05 09:05:51,1113,1,17.7863839286,-1.05238095238
2012-09-05 09:05:52,1114,1,17.5754464286,-0.2109375
2012-09-05 09:05:53,1115,1,18.5688988095,0.993452380952
2012-09-05 09:05:54,1116,1,20.6854166667,2.11651785714
2012-09-05 09:05:55,1117,1,23.4283482143,2.74293154762
2012-09-05 09:05:56,1118,1,26.1803571429,2.75200892857
2012-09-05 09:05:57,1119,1,28.4901785714,2.30982142857
2012-09-05 09:05:58,1120,1,30.1264880952,1.63630952381
2012-09-05 09:05:59,1121,1,30.9630952381,0.836607142857
2012-09-05 09:06:00,1122,1,30.9290178571,-0.0340773809523
2012-09-05 09:06:01,1123,1,30.1002232143,-0.828794642857
2012-09-05 09:06:02,1124,1,28.778125,-1.32209821429
2012-09-05 09:06:03,1125,1,27.4087053571,-1.36941964286
2012-09-05 09:06:04,1126,1,26.3769345238,-1.03177083333
2012-09-05 09:06:05,1127,1,25.838764881,-0.538169642857
2012-09-05 09:06:06,1128,1,25.7128720238,-0.125892857143
2012-09-05 09:06:07,1129,1,25.8013392857,0.0884672619048
2012-09-05 09:06:08,1130,1,25.9151041667,0.113764880952
2012-09-05 09:06:09,1131,1,25.9212053571,0.0061011904762
2012-09-05 09:06:10,1132,1,25.7418154762,-0.179389880952
2012-09-05 09:06:11,1133,1,25.3671875,-0.37462797619
2012-09-05 09:06:12,1134,1,24.8334821429,-0.533705357143
2012-09-05 09:06:13,1135,1,24.1061011905,-0.727380952381
2012-09-05 09:06:14,1136,1,22.9944940476,-1.11160714286
2012-09-05 09:06:15,1137,1,21.2629464286,-1.73154761905
2012-09-05 09:06:16,1138,1,18.8703125,-2.39263392857
2012-09-05 09:06:17,1139,1,16.0929315476,-2.77738095238
2012-09-05 09:06:18,1140,1,13.3788690476,-2.7140625
2012-09-05 09:06:19,1141,1,11.0493303571,-2.32953869048
2012-09-05 09:06:20,1142,1,9.13325892857,-1.91607142857
2012-09-05 09:06:21,1143,1,7.4818452381,-1.65141369048
2012-09-05 09:06:22,1144,1,6.00111607143,-1.48072916667
2012-09-05 09:06:23,1145,1,4.73988095238,-1.26123511905
2012-09-05 09:06:24,1146,1,3.78876488095,-0.951116071429
2012-09-05 09:06:25,1147,1,3.16361607143,-0.625148809524
2012-09-05 09:06:26,1148,1,2.79308035714,-0.370535714286
2012-09-05 09:06:27,1149,1,2.57678571429,-0.216294642857
2012-09-05 09:06:28,1150,1,2.4459077381,-0.13087797619
2012-09-05 09:06:29,1151,1,2.38511904762,-0.0607886904762
2012-09-05 09:06:30,1152,1,2.41037946429,0.0252604166667
2012-09-05 09:06:31,1153,1,2.53216145833,0.121781994048
2012-09-05 09:06:32,1154,1,2.72659970238,0.194438244048
2012-09-05 09:06:33,1155,1,2.92743675595,0.200837053571
2012-09-05 09:06:34,1156,1,3.04866815476,0.12123139881
2012-09-05 09:06:35,1157,1,3.02359747024,-0.0250706845238
2012-09-05 09:06:36,1158,1,2.84177827381,-0.181819196429
2012-09-05 09:06:37,1159,1,2.56355654762,-0.27822172619
2012-09-05 09:06:38,1160,1,2.28560267857,-0.277953869048
2012-09-05 09:06:39,1161,1,2.08091145833,-0.204691220238
2012-09-05 09:06:40,1162,1,1.97152529762,-0.109386160714
2012-09-05 09:06:41,1163,1,1.94025669643,-0.0312686011905
2012-09-05 09:06:42,1164,1,1.95229910714,0.0120424107143
2012-09-05 09:06:43,1165,1,1.97666294643,0.0243638392857
2012-09-05 09:06:44,1166,1,1.9986235119,0.0219605654762
2012-09-05 09:06:45,1167,1,2.0146875,0.0160639880952
2012-09-05 09:06:46,1168,1,2.02973214286,0.0150446428571
2012-09-05 09:06:47,1169,1,2.07404761905,0.0443154761905
2012-09-05 09:06:48,1170,1,2.2009077381,0.126860119048
2012-09-05 09:06:49,1171,1,2.39998511905,0.199077380952
2012-09-05 09:06:50,1172,1,2.48720238095,0.0872172619048
2012-09-05 09:06:51,1173,1,2.19328869048,-0.293913690476
2012-09-05 09:06:52,1174,1,1.52797619048,-0.6653125
2012-09-05 09:06:53,1175,1,0.0,-1.52797619048
2012-09-05 09:07:07,1189,14,0.0,0.0
2012-09-05 09:07:08,1190,1,2.54084821429,2.54084821429
2012-09-05 09:07:09,1191,1,3.96964285714,1.42879464286
2012-09-05 09:07:10,1192,1,5.02306547619,1.05342261905
2012-09-05 09:07:11,1193,1,5.61227678571,0.589211309524
2012-09-05 09:07:12,1194,1,5.94568452381,0.333407738095
2012-09-05 09:07:13,1195,1,6.10290178571,0.157217261905
2012-09-05 09:07:14,1196,1,5.96956845238,-0.133333333333
2012-09-05 09:07:15,1197,1,5.51049107143,-0.459077380952
2012-09-05 09:07:16,1198,1,4.98943452381,-0.521056547619
2012-09-05 09:07:17,1199,1,4.8859375,-0.10349702381
2012-09-05 09:07:18,1200,1,5.5665922619,0.680654761905
2012-09-05 09:07:19,1201,1,6.97738095238,1.41078869048
2012-09-05 09:07:20,1202,1,8.66145833333,1.68407738095
2012-09-05 09:07:21,1203,1,10.0941220238,1.43266369048
2012-09-05 09:07:22,1204,1,10.9882440476,0.894122023809
2012-09-05 09:07:23,1205,1,11.3470238095,0.358779761905
2012-09-05 09:07:24,1206,1,11.3453869048,-0.0016369047619
2012-09-05 09:07:25,1207,1,11.1894345238,-0.155952380952
2012-09-05 09:07:26,1208,1,11.0223214286,-0.167113095238
2012-09-05 09:07:27,1209,1,10.8700892857,-0.152232142857
2012-09-05 09:07:28,1210,1,10.6104910714,-0.259598214286
2012-09-05 09:07:29,1211,1,10.0502232143,-0.560267857143
2012-09-05 09:07:30,1212,1,9.19181547619,-0.858407738095
2012-09-05 09:07:31,1213,1,8.45818452381,-0.733630952381
2012-09-05 09:07:32,1214,1,8.52194940476,0.0637648809524
2012-09-05 09:07:33,1215,1,9.81421130952,1.29226190476
2012-09-05 09:07:34,1216,1,12.1311755952,2.31696428571
2012-09-05 09:07:35,1217,1,14.6555803571,2.5244047619
2012-09-05 09:07:36,1218,1,16.4223214286,1.76674107143
2012-09-05 09:07:37,1219,1,16.8683035714,0.445982142857
2012-09-05 09:07:38,1220,1,15.9941964286,-0.874107142857
2012-09-05 09:07:39,1221,1,14.1491815476,-1.84501488095
2012-09-05 09:07:40,1222,1,11.8399553571,-2.30922619048
2012-09-05 09:07:41,1223,1,9.6828125,-2.15714285714
2012-09-05 09:07:42,1224,1,8.24575892857,-1.43705357143
2012-09-05 09:07:43,1225,1,7.72886904762,-0.516889880952
2012-09-05 09:07:44,1226,1,7.80952380952,0.0806547619048
2012-09-05 09:07:45,1227,1,7.88779761905,0.0782738095238
2012-09-05 09:07:46,1228,1,7.58206845238,-0.305729166667
2012-09-05 09:07:47,1229,1,7.06145833333,-0.520610119048
2012-09-05 09:07:48,1230,1,6.86227678571,-0.199181547619
2012-09-05 09:07:49,1231,1,7.34055059524,0.478273809524
2012-09-05 09:07:50,1232,1,8.34188988095,1.00133928571
2012-09-05 09:07:51,1233,1,9.38333333333,1.04144345238
2012-09-05 09:07:52,1234,1,10.0808779762,0.697544642857
2012-09-05 09:07:53,1235,1,10.4094494048,0.328571428571
2012-09-05 09:07:54,1236,1,10.6151041667,0.205654761905
2012-09-05 09:07:55,1237,1,10.947172619,0.332068452381
2012-09-05 09:07:56,1238,1,11.5222470238,0.575074404762
2012-09-05 09:07:57,1239,1,12.3921130952,0.869866071429
2012-09-05 09:07:58,1240,1,13.6301339286,1.23802083333
2012-09-05 09:07:59,1241,1,15.288764881,1.65863095238
2012-09-05 09:08:00,1242,1,17.2759672619,1.98720238095
2012-09-05 09:08:01,1243,1,19.3355654762,2.05959821429
2012-09-05 09:08:02,1244,1,21.2054315476,1.86986607143
2012-09-05 09:08:03,1245,1,22.7772321429,1.57180059524
2012-09-05 09:08:04,1246,1,24.1006696429,1.3234375
2012-09-05 09:08:05,1247,1,25.2941220238,1.19345238095
2012-09-05 09:08:06,1248,1,26.4670386905,1.17291666667
2012-09-05 09:08:07,1249,1,27.678125,1.21108630952
2012-09-05 09:08:08,1250,1,28.9220238095,1.24389880952
2012-09-05 09:08:09,1251,1,30.1404017857,1.21837797619
2012-09-05 09:08:10,1252,1,31.2673363095,1.12693452381
2012-09-05 09:08:11,1253,1,32.2961309524,1.02879464286
2012-09-05 09:08:12,1254,1,33.3023809524,1.00625
2012-09-05 09:08:13,1255,1,34.3930059524,1.090625
2012-09-05 09:08:14,1256,1,35.6358630952,1.24285714286
2012-09-05 09:08:15,1257,1,37.0249255952,1.3890625
2012-09-05 09:08:16,1258,1,38.4904761905,1.46555059524
2012-09-05 09:08:17,1259,1,39.9426339286,1.4521577381
2012-09-05 09:08:18,1260,1,41.3130952381,1.37046130952
2012-09-05 09:08:19,1261,1,42.5540922619,1.24099702381
2012-09-05 09:08:20,1262,1,43.5876488095,1.03355654762
2012-09-05 09:08:21,1263,1,44.2334077381,0.645758928571
2012-09-05 09:08:22,1264,1,44.1909970238,-0.0424107142857
2012-09-05 09:08:23,1265,1,43.1776041667,-1.01339285714
2012-09-05 09:08:24,1266,1,41.1926339286,-1.9849702381
2012-09-05 09:08:25,1267,1,38.678125,-2.51450892857
2012-09-05 09:08:26,1268,1,36.3597470238,-2.31837797619
2012-09-05 09:08:27,1269,1,34.845610119,-1.51413690476
2012-09-05 09:08:28,1270,1,34.3032738095,-0.542336309524
2012-09-05 09:08:29,1271,1,34.4495535714,0.146279761905
2012-09-05 09:08:30,1272,1,34.8133928571,0.363839285714
2012-09-05 09:08:31,1273,1,35.0587797619,0.245386904762
2012-09-05 09:08:32,1274,1,35.1540922619,0.0953125
2012-09-05 09:08:33,1275,1,35.3181547619,0.1640625
2012-09-05 09:08:34,1276,1,35.8438244048,0.525669642857
2012-09-05 09:08:35,1277,1,36.9134672619,1.06964285714
2012-09-05 09:08:36,1278,1,38.4698660714,1.55639880952
2012-09-05 09:08:37,1279,1,40.2192708333,1.7494047619
2012-09-05 09:08:38,1280,1,41.7803571429,1.56108630952
2012-09-05 09:08:39,1281,1,42.8718005952,1.09144345238
2012-09-05 09:08:40,1282,1,43.4232886905,0.551488095238
2012-09-05 09:08:41,1283,1,43.562202381,0.138913690476
2012-09-05 09:08:42,1284,1,43.499702381,-0.0625
2012-09-05 09:08:43,1285,1,43.4004464286,-0.099255952381
2012-09-05 09:08:44,1286,1,43.3138392857,-0.0866071428571
2012-09-05 09:08:45,1287,1,43.1813988095,-0.132440476191
2012-09-05 09:08:46,1288,1,42.8932291667,-0.288169642857
2012-09-05 09:08:47,1289,1,42.3671130952,-0.526116071429
2012-09-05 09:08:48,1290,1,41.6130208333,-0.754092261905
2012-09-05 09:08:49,1291,1,40.731547619,-0.881473214286
2012-09-05 09:08:50,1292,1,39.8441964286,-0.887351190476
2012-09-05 09:08:51,1293,1,39.0223214286,-0.821875
2012-09-05 09:08:52,1294,1,38.2875,-0.734821428571
2012-09-05 09:08:53,1295,1,37.6901785714,-0.597321428571
2012-09-05 09:08:54,1296,1,37.3727678571,-0.317410714286
2012-09-05 09:08:55,1297,1,37.5142857143,0.141517857143
2012-09-05 09:08:56,1298,1,38.191889881,0.677604166667
2012-09-05 09:08:57,1299,1,39.2994047619,1.10751488095
2012-09-05 09:08:58,1300,1,40.5964285714,1.29702380952
2012-09-05 09:08:59,1301,1,41.8365327381,1.24010416667
2012-09-05 09:09:00,1302,1,42.8808779762,1.0443452381
2012-09-05 09:09:01,1303,1,43.7322916667,0.851413690476
2012-09-05 09:09:02,1304,1,44.4790178571,0.746726190476
2012-09-05 09:09:03,1305,1,45.2040178571,0.725
2012-09-05 09:09:04,1306,1,45.93125,0.727232142857
2012-09-05 09:09:05,1307,1,46.6282738095,0.697023809524
2012-09-05 09:09:06,1308,1,47.2459077381,0.617633928571
2012-09-05 09:09:07,1309,1,47.7654761905,0.519568452381
2012-09-05 09:09:08,1310,1,48.2171130952,0.451636904762
2012-09-05 09:09:09,1311,1,48.6572916667,0.440178571429
2012-09-05 09:09:10,1312,1,49.1354166667,0.478125
2012-09-05 09:09:11,1313,1,49.6752232143,0.539806547619
2012-09-05 09:09:12,1314,1,50.2657738095,0.590550595238
2012-09-05 09:09:13,1315,1,50.8629464286,0.597172619048
2012-09-05 09:09:14,1316,1,51.4148065476,0.551860119048
2012-09-05 09:09:15,1317,1,51.895014881,0.480208333333
2012-09-05 09:09:16,1318,1,52.3159970238,0.420982142857
2012-09-05 09:09:17,1319,1,52.7173363095,0.401339285714
2012-09-05 09:09:18,1320,1,53.134672619,0.417336309524
2012-09-05 09:09:19,1321,1,53.5755208333,0.440848214286
2012-09-05 09:09:20,1322,1,54.03125,0.455729166667
2012-09-05 09:09:21,1323,1,54.4900297619,0.458779761905
2012-09-05 09:09:22,1324,1,54.9132440476,0.423214285714
2012-09-05 09:09:23,1325,1,55.2162202381,0.302976190476
2012-09-05 09:09:24,1326,1,55.2952380952,0.0790178571429
2012-09-05 09:09:25,1327,1,55.0857142857,-0.209523809524
2012-09-05 09:09:26,1328,1,54.6076636905,-0.478050595238
2012-09-05 09:09:27,1329,1,53.9570684524,-0.650595238095
2012-09-05 09:09:28,1330,1,53.251264881,-0.705803571429
2012-09-05 09:09:29,1331,1,52.5782738095,-0.672991071429
2012-09-05 09:09:30,1332,1,51.980952381,-0.597321428571
2012-09-05 09:09:31,1333,1,51.4761160714,-0.504836309524
2012-09-05 09:09:32,1334,1,51.0789434524,-0.397172619048
2012-09-05 09:09:33,1335,1,50.7986607143,-0.280282738095
2012-09-05 09:09:34,1336,1,50.6232142857,-0.175446428571
2012-09-05 09:09:35,1337,1,50.525,-0.0982142857143
2012-09-05 09:09:36,1338,1,50.478422619,-0.0465773809524
2012-09-05 09:09:37,1339,1,50.4740327381,-0.0043898809524
2012-09-05 09:09:38,1340,1,50.5208333333,0.0468005952381
2012-09-05 09:09:39,1341,1,50.6277529762,0.106919642857
2012-09-05 09:09:40,1342,1,50.7848958333,0.157142857143
2012-09-05 09:09:41,1343,1,50.9713541667,0.186458333333
2012-09-05 09:09:42,1344,1,51.175297619,0.203943452381
2012-09-05 09:09:43,1345,1,51.3967261905,0.221428571429
2012-09-05 09:09:44,1346,1,51.6297619048,0.233035714286
2012-09-05 09:09:45,1347,1,51.8477678571,0.218005952381
2012-09-05 09:09:46,1348,1,52.0113839286,0.163616071428
2012-09-05 09:09:47,1349,1,52.084375,0.0729910714286
2012-09-05 09:09:48,1350,1,52.0273809524,-0.056994047619
2012-09-05 09:09:49,1351,1,51.7818452381,-0.245535714286
2012-09-05 09:09:50,1352,1,51.2834821429,-0.498363095238
2012-09-05 09:09:51,1353,1,50.504985119,-0.778497023809
2012-09-05 09:09:52,1354,1,49.4889136905,-1.01607142857
2012-09-05 09:09:53,1355,1,48.3363839286,-1.1525297619
2012-09-05 09:09:54,1356,1,47.1363839286,-1.2
2012-09-05 09:09:55,1357,1,45.8592261905,-1.2771577381
2012-09-05 09:09:56,1358,1,44.3229910714,-1.53623511905
2012-09-05 09:09:57,1359,1,42.3423363095,-1.9806547619
2012-09-05 09:09:58,1360,1,39.9321428571,-2.41019345238
2012-09-05 09:09:59,1361,1,37.2962797619,-2.63586309524
2012-09-05 09:10:00,1362,1,34.6100446429,-2.68623511905
2012-09-05 09:10:01,1363,1,31.859077381,-2.7509672619
2012-09-05 09:10:02,1364,1,28.8988095238,-2.96026785714
2012-09-05 09:10:03,1365,1,25.6943452381,-3.20446428571
2012-09-05 09:10:04,1366,1,22.4886160714,-3.20572916667
2012-09-05 09:10:05,1367,1,19.6567708333,-2.8318452381
2012-09-05 09:10:06,1368,1,17.4171875,-2.23958333333
2012-09-05 09:10:07,1369,1,15.7578125,-1.659375
2012-09-05 09:10:08,1370,1,14.5953125,-1.1625
2012-09-05 09:10:09,1371,1,13.9275297619,-0.667782738095
2012-09-05 09:10:10,1372,1,13.8319196429,-0.0956101190477
2012-09-05 09:10:11,1373,1,14.3424107143,0.510491071429
2012-09-05 09:10:12,1374,1,15.3449404762,1.0025297619
2012-09-05 09:10:13,1375,1,16.5836309524,1.23869047619
2012-09-05 09:10:14,1376,1,17.7364583333,1.15282738095
2012-09-05 09:10:15,1377,1,18.4985863095,0.762127976191
2012-09-05 09:10:16,1378,1,18.673735119,0.175148809524
2012-09-05 09:10:17,1379,1,18.266889881,-0.406845238095
2012-09-05 09:10:18,1380,1,17.5035714286,-0.763318452381
2012-09-05 09:10:19,1381,1,16.7030505952,-0.800520833333
2012-09-05 09:10:20,1382,1,16.0654761905,-0.637574404762
2012-09-05 09:10:21,1383,1,15.551860119,-0.513616071429
2012-09-05 09:10:22,1384,1,14.9631696429,-0.588690476191
2012-09-05 09:10:23,1385,1,14.1287202381,-0.834449404762
2012-09-05 09:10:24,1386,1,13.0263392857,-1.10238095238
2012-09-05 09:10:25,1387,1,11.7694940476,-1.2568452381
2012-09-05 09:10:26,1388,1,10.5524553571,-1.21703869048
2012-09-05 09:10:27,1389,1,9.6322172619,-0.920238095238
2012-09-05 09:10:28,1390,1,9.28400297619,-0.348214285714
2012-09-05 09:10:29,1391,1,9.65327380952,0.369270833333
2012-09-05 09:10:30,1392,1,10.6005952381,0.947321428571
2012-09-05 09:10:31,1393,1,11.7202380952,1.11964285714
2012-09-05 09:10:32,1394,1,12.5502232143,0.829985119048
2012-09-05 09:10:33,1395,1,12.8088541667,0.258630952381
2012-09-05 09:10:34,1396,1,12.4939732143,-0.314880952381
2012-09-05 09:10:35,1397,1,11.7944196429,-0.699553571429
2012-09-05 09:10:36,1398,1,10.898139881,-0.896279761905
2012-09-05 09:10:37,1399,1,9.86688988095,-1.03125
2012-09-05 09:10:38,1400,1,8.67879464286,-1.1880952381
2012-09-05 09:10:39,1401,1,7.36733630952,-1.31145833333
2012-09-05 09:10:40,1402,1,6.09657738095,-1.27075892857
2012-09-05 09:10:41,1403,1,5.09092261905,-1.0056547619
2012-09-05 09:10:42,1404,1,4.4837797619,-0.607142857143
2012-09-05 09:10:43,1405,1,4.2328125,-0.250967261905
2012-09-05 09:10:44,1406,1,4.20260416667,-0.0302083333333
2012-09-05 09:10:45,1407,1,4.33258928571,0.129985119048
2012-09-05 09:10:46,1408,1,4.68854166667,0.355952380952
2012-09-05 09:10:47,1409,1,5.3384672619,0.649925595238
2012-09-05 09:10:48,1410,1,6.19017857143,0.851711309524
2012-09-05 09:10:49,1411,1,6.94538690476,0.755208333333
2012-09-05 09:10:50,1412,1,7.24248511905,0.297098214286
2012-09-05 09:10:51,1413,1,6.91138392857,-0.331101190476
2012-09-05 09:10:52,1414,1,6.11830357143,-0.793080357143
2012-09-05 09:10:53,1415,1,5.26041666667,-0.857886904762
2012-09-05 09:10:54,1416,1,4.70111607143,-0.559300595238
2012-09-05 09:10:55,1417,1,4.55357142857,-0.147544642857
2012-09-05 09:10:56,1418,1,4.67395833333,0.120386904762
2012-09-05 09:10:57,1419,1,4.84546130952,0.17150297619
2012-09-05 09:10:58,1420,1,4.96495535714,0.119494047619
2012-09-05 09:10:59,1421,1,5.08162202381,0.116666666667
2012-09-05 09:11:00,1422,1,5.28735119048,0.205729166667
2012-09-05 09:11:01,1423,1,5.56212797619,0.274776785714
2012-09-05 09:11:02,1424,1,5.71994047619,0.1578125
2012-09-05 09:11:03,1425,1,5.53876488095,-0.181175595238
2012-09-05 09:11:04,1426,1,4.978125,-0.560639880952
2012-09-05 09:11:05,1427,1,4.26004464286,-0.718080357143
2012-09-05 09:11:06,1428,1,3.70691964286,-0.553125
2012-09-05 09:11:07,1429,1,3.48266369048,-0.224255952381
2012-09-05 09:11:08,1430,1,3.4837797619,0.00111607142857
2012-09-05 09:11:09,1431,1,3.4853422619,0.0015625
2012-09-05 09:11:10,1432,1,3.38110119048,-0.104241071429
2012-09-05 09:11:11,1433,1,3.25662202381,-0.124479166667
2012-09-05 09:11:12,1434,1,3.25639880952,-0.00022321428571
2012-09-05 09:11:13,1435,1,3.43080357143,0.174404761905
2012-09-05 09:11:14,1436,1,3.71636904762,0.28556547619
2012-09-05 09:11:15,1437,1,4.04114583333,0.324776785714
2012-09-05 09:11:16,1438,1,4.41569940476,0.374553571429
2012-09-05 09:11:17,1439,1,4.88921130952,0.473511904762
2012-09-05 09:11:18,1440,1,5.4162202381,0.527008928571
2012-09-05 09:11:19,1441,1,5.79806547619,0.381845238095
2012-09-05 09:11:20,1442,1,5.80245535714,0.00438988095238
2012-09-05 09:11:21,1443,1,5.36830357143,-0.434151785714
2012-09-05 09:11:22,1444,1,4.6849702381,-0.683333333333
2012-09-05 09:11:23,1445,1,4.06436011905,-0.620610119048
2012-09-05 09:11:24,1446,1,3.73050595238,-0.333854166667
2012-09-05 09:11:25,1447,1,3.70587797619,-0.0246279761905
2012-09-05 09:11:26,1448,1,3.87321428571,0.167336309524
2012-09-05 09:11:27,1449,1,4.12180059524,0.248586309524
2012-09-05 09:11:28,1450,1,4.4130952381,0.291294642857
2012-09-05 09:11:29,1451,1,4.7306547619,0.31755952381
2012-09-05 09:11:30,1452,1,5.02470238095,0.294047619048
2012-09-05 09:11:31,1453,1,5.22552083333,0.200818452381
2012-09-05 09:11:32,1454,1,5.2880952381,0.0625744047619
2012-09-05 09:11:33,1455,1,5.21339285714,-0.0747023809524
2012-09-05 09:11:34,1456,1,5.04114583333,-0.17224702381
2012-09-05 09:11:35,1457,1,4.82894345238,-0.212202380952
2012-09-05 09:11:36,1458,1,4.6334077381,-0.195535714286
2012-09-05 09:11:37,1459,1,4.50729166667,-0.126116071429
2012-09-05 09:11:38,1460,1,4.49970238095,-0.00758928571429
2012-09-05 09:11:39,1461,1,4.64293154762,0.143229166667
2012-09-05 09:11:40,1462,1,4.94337797619,0.300446428571
2012-09-05 09:11:41,1463,1,5.38854166667,0.445163690476
2012-09-05 09:11:42,1464,1,5.94501488095,0.556473214286
2012-09-05 09:11:43,1465,1,6.53638392857,0.591369047619
2012-09-05 09:11:44,1466,1,7.03824404762,0.501860119048
2012-09-05 09:11:45,1467,1,7.32180059524,0.283556547619
2012-09-05 09:11:46,1468,1,7.3224702381,0.000669642857139
2012-09-05 09:11:47,1469,1,7.0818452381,-0.240625
2012-09-05 09:11:48,1470,1,6.71235119048,-0.369494047619
2012-09-05 09:11:49,1471,1,6.27879464286,-0.433556547619
2012-09-05 09:11:50,1472,1,5.71979166667,-0.55900297619
2012-09-05 09:11:51,1473,1,4.94717261905,-0.772619047619
2012-09-05 09:11:52,1474,1,4.02313988095,-0.924032738095
2012-09-05 09:11:53,1475,1,3.18459821429,-0.838541666667
2012-09-05 09:11:54,1476,1,2.68474702381,-0.499851190476
2012-09-05 09:11:55,1477,1,2.61398809524,-0.0707589285714
2012-09-05 09:11:56,1478,1,2.85699404762,0.243005952381
2012-09-05 09:11:57,1479,1,3.22916666667,0.372172619048
2012-09-05 09:11:58,1480,1,3.63839285714,0.409226190476
2012-09-05 09:11:59,1481,1,4.07172619048,0.433333333333
2012-09-05 09:12:00,1482,1,4.47760416667,0.40587797619
2012-09-05 09:12:01,1483,1,4.75892857143,0.281324404762
2012-09-05 09:12:02,1484,1,4.85706845238,0.0981398809524
2012-09-05 09:12:03,1485,1,4.78400297619,-0.0730654761905
2012-09-05 09:12:04,1486,1,4.60133928571,-0.182663690476
2012-09-05 09:12:05,1487,1,4.36808035714,-0.233258928571
2012-09-05 09:12:06,1488,1,4.08303571429,-0.285044642857
2012-09-05 09:12:07,1489,1,3.72507440476,-0.357961309524
2012-09-05 09:12:08,1490,1,3.35,-0.375074404762
2012-09-05 09:12:09,1491,1,3.07879464286,-0.271205357143
2012-09-05 09:12:10,1492,1,2.9927827381,-0.0860119047619
2012-09-05 09:12:11,1493,1,3.08541666667,0.0926339285714
2012-09-05 09:12:12,1494,1,3.31354166667,0.228125
2012-09-05 09:12:13,1495,1,3.64918154762,0.335639880952
2012-09-05 09:12:14,1496,1,4.06413690476,0.414955357143
2012-09-05 09:12:15,1497,1,4.50074404762,0.436607142857
2012-09-05 09:12:16,1498,1,4.86755952381,0.36681547619
2012-09-05 09:12:17,1499,1,5.07738095238,0.209821428571
2012-09-05 09:12:18,1500,1,5.1431547619,0.0657738095238
2012-09-05 09:12:19,1501,1,5.21636904762,0.0732142857143
2012-09-05 09:12:20,1502,1,5.49925595238,0.282886904762
2012-09-05 09:12:21,1503,1,6.15319940476,0.653943452381
2012-09-05 09:12:22,1504,1,7.2234375,1.07023809524
2012-09-05 09:12:23,1505,1,8.5334077381,1.3099702381
2012-09-05 09:12:24,1506,1,9.70699404762,1.17358630952
2012-09-05 09:12:25,1507,1,10.4031994048,0.696205357143
2012-09-05 09:12:26,1508,1,10.5462053571,0.143005952381
2012-09-05 09:12:27,1509,1,10.347172619,-0.199032738095
2012-09-05 09:12:28,1510,1,10.1188244048,-0.228348214286
2012-09-05 09:12:29,1511,1,10.026264881,-0.0925595238095
2012-09-05 09:12:30,1512,1,9.99092261905,-0.0353422619048
2012-09-05 09:12:31,1513,1,9.82916666667,-0.161755952381
2012-09-05 09:12:32,1514,1,9.4603422619,-0.368824404762
2012-09-05 09:12:33,1515,1,8.98385416667,-0.476488095238
2012-09-05 09:12:34,1516,1,8.57946428571,-0.404389880952
2012-09-05 09:12:35,1517,1,8.3384672619,-0.24099702381
2012-09-05 09:12:36,1518,1,8.18154761905,-0.156919642857
2012-09-05 09:12:37,1519,1,7.92738095238,-0.254166666667
2012-09-05 09:12:38,1520,1,7.44717261905,-0.480208333333
2012-09-05 09:12:39,1521,1,6.77619047619,-0.670982142857
2012-09-05 09:12:40,1522,1,6.09389880952,-0.682291666667
2012-09-05 09:12:41,1523,1,5.61004464286,-0.483854166667
2012-09-05 09:12:42,1524,1,5.45141369048,-0.158630952381
2012-09-05 09:12:43,1525,1,5.60632440476,0.154910714286
2012-09-05 09:12:44,1526,1,5.96450892857,0.35818452381
2012-09-05 09:12:45,1527,1,6.4234375,0.458928571429
2012-09-05 09:12:46,1528,1,6.9349702381,0.511532738095
2012-09-05 09:12:47,1529,1,7.44561011905,0.510639880952
2012-09-05 09:12:48,1530,1,7.83861607143,0.393005952381
2012-09-05 09:12:49,1531,1,7.9671875,0.128571428571
2012-09-05 09:12:50,1532,1,7.75297619048,-0.214211309524
2012-09-05 09:12:51,1533,1,7.25662202381,-0.496354166667
2012-09-05 09:12:52,1534,1,6.63988095238,-0.616741071429
2012-09-05 09:12:53,1535,1,6.06852678571,-0.571354166667
2012-09-05 09:12:54,1536,1,5.68005952381,-0.388467261905
2012-09-05 09:12:55,1537,1,5.60498511905,-0.0750744047619
2012-09-05 09:12:56,1538,1,5.93742559524,0.33244047619
2012-09-05 09:12:57,1539,1,6.64977678571,0.712351190476
2012-09-05 09:12:58,1540,1,7.53973214286,0.889955357143
2012-09-05 09:12:59,1541,1,8.29248511905,0.75275297619
2012-09-05 09:13:00,1542,1,8.64605654762,0.353571428571
2012-09-05 09:13:01,1543,1,8.528125,-0.117931547619
2012-09-05 09:13:02,1544,1,8.05833333333,-0.469791666667
2012-09-05 09:13:03,1545,1,7.44263392857,-0.615699404762
2012-09-05 09:13:04,1546,1,6.85119047619,-0.591443452381
2012-09-05 09:13:05,1547,1,6.36882440476,-0.482366071429
2012-09-05 09:13:06,1548,1,6.04910714286,-0.319717261905
2012-09-05 09:13:07,1549,1,5.98876488095,-0.0603422619048
2012-09-05 09:13:08,1550,1,6.31875,0.329985119048
2012-09-05 09:13:09,1551,1,7.12723214286,0.808482142857
2012-09-05 09:13:10,1552,1,8.3921875,1.26495535714
2012-09-05 09:13:11,1553,1,9.95736607143,1.56517857143
2012-09-05 09:13:12,1554,1,11.5700892857,1.61272321429
2012-09-05 09:13:13,1555,1,12.9813244048,1.41123511905
2012-09-05 09:13:14,1556,1,14.0499255952,1.06860119048
2012-09-05 09:13:15,1557,1,14.796875,0.746949404762
2012-09-05 09:13:16,1558,1,15.3826636905,0.585788690476
2012-09-05 09:13:17,1559,1,15.9939732143,0.61130952381
2012-09-05 09:13:18,1560,1,16.7117559524,0.717782738095
2012-09-05 09:13:19,1561,1,17.473139881,0.761383928571
2012-09-05 09:13:20,1562,1,18.1254464286,0.652306547619
2012-09-05 09:13:21,1563,1,18.4991071429,0.373660714286
2012-09-05 09:13:22,1564,1,18.4707589286,-0.0283482142857
2012-09-05 09:13:23,1565,1,18.0053571429,-0.465401785714
2012-09-05 09:13:24,1566,1,17.1639880952,-0.841369047619
2012-09-05 09:13:25,1567,1,16.0831845238,-1.08080357143
2012-09-05 09:13:26,1568,1,14.9364583333,-1.14672619048
2012-09-05 09:13:27,1569,1,13.9007440476,-1.03571428571
2012-09-05 09:13:28,1570,1,13.1413690476,-0.759375
2012-09-05 09:13:29,1571,1,12.7828869048,-0.358482142857
2012-09-05 09:13:30,1572,1,12.8498511905,0.0669642857143
2012-09-05 09:13:31,1573,1,13.2328869048,0.383035714286
2012-09-05 09:13:32,1574,1,13.7452380952,0.512351190476
2012-09-05 09:13:33,1575,1,14.2458333333,0.500595238095
2012-09-05 09:13:34,1576,1,14.7084077381,0.462574404762
2012-09-05 09:13:35,1577,1,15.1672619048,0.458854166667
2012-09-05 09:13:36,1578,1,15.6255952381,0.458333333333
2012-09-05 09:13:37,1579,1,16.0447916667,0.419196428572
2012-09-05 09:13:38,1580,1,16.4078125,0.363020833333
2012-09-05 09:13:39,1581,1,16.753125,0.3453125
2012-09-05 09:13:40,1582,1,17.1296875,0.3765625
2012-09-05 09:13:41,1583,1,17.5430059524,0.413318452381
2012-09-05 09:13:42,1584,1,17.9794642857,0.436458333333
2012-09-05 09:13:43,1585,1,18.490922619,0.511458333333
2012-09-05 09:13:44,1586,1,19.2314732143,0.740550595238
2012-09-05 09:13:45,1587,1,20.3794642857,1.14799107143
2012-09-05 09:13:46,1588,1,21.9973958333,1.61793154762
2012-09-05 09:13:47,1589,1,23.9302827381,1.93288690476
2012-09-05 09:13:48,1590,1,25.8107886905,1.88050595238
2012-09-05 09:13:49,1591,1,27.1957589286,1.3849702381
2012-09-05 09:13:50,1592,1,27.7741071429,0.578348214286
2012-09-05 09:13:51,1593,1,27.5081845238,-0.265922619048
2012-09-05 09:13:52,1594,1,26.6161458333,-0.892038690476
2012-09-05 09:13:53,1595,1,25.4159970238,-1.20014880952
2012-09-05 09:13:54,1596,1,24.1357886905,-1.28020833333
2012-09-05 09:13:55,1597,1,22.8127232143,-1.32306547619
2012-09-05 09:13:56,1598,1,21.3258184524,-1.4869047619
2012-09-05 09:13:57,1599,1,19.5180803571,-1.80773809524
2012-09-05 09:13:58,1600,1,17.3468005952,-2.1712797619
2012-09-05 09:13:59,1601,1,14.978125,-2.36867559524
2012-09-05 09:14:00,1602,1,12.733110119,-2.24501488095
2012-09-05 09:14:01,1603,1,10.9041666667,-1.82894345238
2012-09-05 09:14:02,1604,1,9.59047619048,-1.31369047619
2012-09-05 09:14:03,1605,1,8.68824404762,-0.902232142857
2012-09-05 09:14:04,1606,1,8.03563988095,-0.652604166667
2012-09-05 09:14:05,1607,1,7.5677827381,-0.467857142857
2012-09-05 09:14:06,1608,1,7.33251488095,-0.235267857143
2012-09-05 09:14:07,1609,1,7.3818452381,0.0493303571429
2012-09-05 09:14:08,1610,1,7.66897321429,0.28712797619
2012-09-05 09:14:09,1611,1,8.03311011905,0.364136904762
2012-09-05 09:14:10,1612,1,8.27723214286,0.24412202381
2012-09-05 09:14:11,1613,1,8.28117559524,0.00394345238095
2012-09-05 09:14:12,1614,1,8.05267857143,-0.22849702381
2012-09-05 09:14:13,1615,1,7.6859375,-0.366741071429
2012-09-05 09:14:14,1616,1,7.28563988095,-0.400297619048
2012-09-05 09:14:15,1617,1,6.91302083333,-0.372619047619
2012-09-05 09:14:16,1618,1,6.58139880952,-0.33162202381
2012-09-05 09:14:17,1619,1,6.2896577381,-0.291741071429
2012-09-05 09:14:18,1620,1,6.04449404762,-0.245163690476
2012-09-05 09:14:19,1621,1,5.86235119048,-0.182142857143
2012-09-05 09:14:20,1622,1,5.77961309524,-0.0827380952381
2012-09-05 09:14:21,1623,1,5.85238095238,0.0727678571428
2012-09-05 09:14:22,1624,1,6.12700892857,0.27462797619
2012-09-05 09:14:23,1625,1,6.63117559524,0.504166666667
2012-09-05 09:14:24,1626,1,7.40334821429,0.772172619048
2012-09-05 09:14:25,1627,1,8.49441964286,1.09107142857
2012-09-05 09:14:26,1628,1,9.90699404762,1.41257440476
2012-09-05 09:14:27,1629,1,11.5180059524,1.61101190476
2012-09-05 09:14:28,1630,1,13.0686011905,1.5505952381
2012-09-05 09:14:29,1631,1,14.2798363095,1.21123511905
2012-09-05 09:14:30,1632,1,15.0108630952,0.731026785714
2012-09-05 09:14:31,1633,1,15.2941964286,0.283333333333
2012-09-05 09:14:32,1634,1,15.2292410714,-0.0649553571428
2012-09-05 09:14:33,1635,1,14.8574404762,-0.371800595238
2012-09-05 09:14:34,1636,1,14.1323660714,-0.725074404762
2012-09-05 09:14:35,1637,1,13.0224702381,-1.10989583333
2012-09-05 09:14:36,1638,1,11.6472470238,-1.37522321429
2012-09-05 09:14:37,1639,1,10.2966517857,-1.3505952381
2012-09-05 09:14:38,1640,1,9.31830357143,-0.978348214286
2012-09-05 09:14:39,1641,1,8.94025297619,-0.378050595238
2012-09-05 09:14:40,1642,1,9.11547619048,0.175223214286
2012-09-05 09:14:41,1643,1,9.53504464286,0.419568452381
2012-09-05 09:14:42,1644,1,9.84441964286,0.309375
2012-09-05 09:14:43,1645,1,9.8724702381,0.0280505952381
2012-09-05 09:14:44,1646,1,9.69501488095,-0.177455357143
2012-09-05 09:14:45,1647,1,9.52574404762,-0.169270833333
2012-09-05 09:14:46,1648,1,9.54092261905,0.0151785714286
2012-09-05 09:14:47,1649,1,9.78869047619,0.247767857143
2012-09-05 09:14:48,1650,1,10.2345238095,0.445833333333
2012-09-05 09:14:49,1651,1,10.813764881,0.579241071429
2012-09-05 09:14:50,1652,1,11.3976190476,0.583854166667
2012-09-05 09:14:51,1653,1,11.7758928571,0.378273809524
2012-09-05 09:14:52,1654,1,11.7507440476,-0.0251488095239
2012-09-05 09:14:53,1655,1,11.262797619,-0.487946428571
2012-09-05 09:14:54,1656,1,10.4367559524,-0.826041666667
2012-09-05 09:14:55,1657,1,9.51555059524,-0.921205357143
2012-09-05 09:14:56,1658,1,8.73229166667,-0.783258928571
2012-09-05 09:14:57,1659,1,8.23191964286,-0.50037202381
2012-09-05 09:14:58,1660,1,8.09084821429,-0.141071428571
2012-09-05 09:14:59,1661,1,8.34702380952,0.256175595238
2012-09-05 09:15:00,1662,1,8.97492559524,0.627901785714
2012-09-05 09:15:01,1663,1,9.84962797619,0.874702380952
2012-09-05 09:15:02,1664,1,10.7569940476,0.907366071429
2012-09-05 09:15:03,1665,1,11.4672619048,0.710267857143
2012-09-05 09:15:04,1666,1,11.8332589286,0.36599702381
2012-09-05 09:15:05,1667,1,11.8273809524,-0.0058779761904
2012-09-05 09:15:06,1668,1,11.4955357143,-0.331845238095
2012-09-05 09:15:07,1669,1,10.900297619,-0.595238095238
2012-09-05 09:15:08,1670,1,10.1050595238,-0.795238095238
2012-09-05 09:15:09,1671,1,9.18630952381,-0.91875
2012-09-05 09:15:10,1672,1,8.23772321429,-0.948586309524
2012-09-05 09:15:11,1673,1,7.34568452381,-0.892038690476
2012-09-05 09:15:12,1674,1,6.56793154762,-0.77775297619
2012-09-05 09:15:13,1675,1,5.9515625,-0.616369047619
2012-09-05 09:15:14,1676,1,5.546875,-0.4046875
2012-09-05 09:15:15,1677,1,5.36540178571,-0.181473214286
2012-09-05 09:15:16,1678,1,5.33162202381,-0.0337797619048
2012-09-05 09:15:17,1679,1,5.3040922619,-0.0275297619048
2012-09-05 09:15:18,1680,1,5.16205357143,-0.142038690476
2012-09-05 09:15:19,1681,1,4.8984375,-0.263616071429
2012-09-05 09:15:20,1682,1,4.64910714286,-0.249330357143
2012-09-05 09:15:21,1683,1,4.61830357143,-0.0308035714286
2012-09-05 09:15:22,1684,1,4.95438988095,0.336086309524
2012-09-05 09:15:23,1685,1,5.68154761905,0.727157738095
2012-09-05 09:15:24,1686,1,6.72142857143,1.03988095238
2012-09-05 09:15:25,1687,1,7.94977678571,1.22834821429
2012-09-05 09:15:26,1688,1,9.21889880952,1.26912202381
2012-09-05 09:15:27,1689,1,10.3348958333,1.11599702381
2012-09-05 09:15:28,1690,1,11.0627232143,0.727827380952
2012-09-05 09:15:29,1691,1,11.2060267857,0.143303571429
2012-09-05 09:15:30,1692,1,10.6835565476,-0.522470238095
2012-09-05 09:15:31,1693,1,9.54114583333,-1.14241071429
2012-09-05 09:15:32,1694,1,7.9515625,-1.58958333333
2012-09-05 09:15:33,1695,1,6.21540178571,-1.73616071429
2012-09-05 09:15:34,1696,1,4.70260416667,-1.51279761905
2012-09-05 09:15:35,1697,1,3.72157738095,-0.981026785714
2012-09-05 09:15:36,1698,1,3.36822916667,-0.353348214286
2012-09-05 09:15:37,1699,1,3.46860119048,0.10037202381
2012-09-05 09:15:38,1700,1,3.71681547619,0.248214285714
2012-09-05 09:15:39,1701,1,3.91183035714,0.195014880952
2012-09-05 09:15:40,1702,1,4.06569940476,0.153869047619
2012-09-05 09:15:41,1703,1,4.31205357143,0.246354166667
2012-09-05 09:15:42,1704,1,4.74516369048,0.433110119048
2012-09-05 09:15:43,1705,1,5.3400297619,0.594866071429
2012-09-05 09:15:44,1706,1,6.00431547619,0.664285714286
2012-09-05 09:15:45,1707,1,6.69084821429,0.686532738095
2012-09-05 09:15:46,1708,1,7.43467261905,0.743824404762
2012-09-05 09:15:47,1709,1,8.2693452381,0.834672619048
2012-09-05 09:15:48,1710,1,9.134375,0.865029761905
2012-09-05 09:15:49,1711,1,9.88824404762,0.753869047619
2012-09-05 09:15:50,1712,1,10.4139136905,0.525669642857
2012-09-05 09:15:51,1713,1,10.7169642857,0.303050595238
2012-09-05 09:15:52,1714,1,10.9140625,0.197098214286
2012-09-05 09:15:53,1715,1,11.119047619,0.204985119048
2012-09-05 09:15:54,1716,1,11.3625744048,0.243526785714
2012-09-05 09:15:55,1717,1,11.6162202381,0.253645833333
2012-09-05 09:15:56,1718,1,11.8490327381,0.2328125
2012-09-05 09:15:57,1719,1,12.0543154762,0.205282738095
2012-09-05 09:15:58,1720,1,12.2433779762,0.1890625
2012-09-05 09:15:59,1721,1,12.4122767857,0.168898809524
2012-09-05 09:16:00,1722,1,12.5116071429,0.0993303571428
2012-09-05 09:16:01,1723,1,12.454389881,-0.0572172619047
2012-09-05 09:16:02,1724,1,12.1552083333,-0.299181547619
2012-09-05 09:16:03,1725,1,11.5741815476,-0.581026785714
2012-09-05 09:16:04,1726,1,10.7493303571,-0.824851190476
2012-09-05 09:16:05,1727,1,9.79501488095,-0.954315476191
2012-09-05 09:16:06,1728,1,8.8478422619,-0.947172619048
2012-09-05 09:16:07,1729,1,7.99709821429,-0.850744047619
2012-09-05 09:16:08,1730,1,7.26354166667,-0.733556547619
2012-09-05 09:16:09,1731,1,6.62574404762,-0.637797619048
2012-09-05 09:16:10,1732,1,6.06011904762,-0.565625
2012-09-05 09:16:11,1733,1,5.59970238095,-0.460416666667
2012-09-05 09:16:12,1734,1,5.38571428571,-0.213988095238
2012-09-05 09:16:13,1735,1,5.6275297619,0.24181547619
2012-09-05 09:16:14,1736,1,6.46168154762,0.834151785714
2012-09-05 09:16:15,1737,1,7.8099702381,1.34828869048
2012-09-05 09:16:16,1738,1,9.34739583333,1.53742559524
2012-09-05 09:16:17,1739,1,10.646577381,1.29918154762
2012-09-05 09:16:18,1740,1,11.4375744048,0.79099702381
2012-09-05 09:16:19,1741,1,11.7648065476,0.327232142857
2012-09-05 09:16:20,1742,1,11.8863095238,0.121502976191
2012-09-05 09:16:21,1743,1,12.0110863095,0.124776785714
2012-09-05 09:16:22,1744,1,12.1139880952,0.102901785714
2012-09-05 09:16:23,1745,1,11.9901785714,-0.123809523809
2012-09-05 09:16:24,1746,1,11.4906994048,-0.499479166667
2012-09-05 09:16:25,1747,1,10.7048363095,-0.785863095238
2012-09-05 09:16:26,1748,1,9.91681547619,-0.788020833333
2012-09-05 09:16:27,1749,1,9.40758928571,-0.509226190476
2012-09-05 09:16:28,1750,1,9.30803571429,-0.0995535714286
2012-09-05 09:16:29,1751,1,9.59575892857,0.287723214286
2012-09-05 09:16:30,1752,1,10.1636904762,0.567931547619
2012-09-05 09:16:31,1753,1,10.875297619,0.711607142857
2012-09-05 09:16:32,1754,1,11.5913690476,0.716071428571
2012-09-05 09:16:33,1755,1,12.1823660714,0.59099702381
2012-09-05 09:16:34,1756,1,12.5298363095,0.347470238095
2012-09-05 09:16:35,1757,1,12.5363095238,0.0064732142857
2012-09-05 09:16:36,1758,1,12.1747767857,-0.361532738095
2012-09-05 09:16:37,1759,1,11.5411458333,-0.633630952381
2012-09-05 09:16:38,1760,1,10.8308035714,-0.710342261905
2012-09-05 09:16:39,1761,1,10.2319940476,-0.59880952381
2012-09-05 09:16:40,1762,1,9.80959821429,-0.422395833333
2012-09-05 09:16:41,1763,1,9.47827380952,-0.331324404762
2012-09-05 09:16:42,1764,1,9.09873511905,-0.379538690476
2012-09-05 09:16:43,1765,1,8.59717261905,-0.5015625
2012-09-05 09:16:44,1766,1,7.9990327381,-0.598139880952
2012-09-05 09:16:45,1767,1,7.41361607143,-0.585416666667
2012-09-05 09:16:46,1768,1,7.05133928571,-0.362276785714
2012-09-05 09:16:47,1769,1,7.18504464286,0.133705357143
2012-09-05 09:16:48,1770,1,7.95319940476,0.768154761905
2012-09-05 09:16:49,1771,1,9.2177827381,1.26458333333
2012-09-05 09:16:50,1772,1,10.6625744048,1.44479166667
2012-09-05 09:16:51,1773,1,11.951264881,1.28869047619
2012-09-05 09:16:52,1774,1,12.8296875,0.878422619048
2012-09-05 09:16:53,1775,1,13.1850446429,0.355357142857
2012-09-05 09:16:54,1776,1,12.9976934524,-0.187351190476
2012-09-05 09:16:55,1777,1,12.3152529762,-0.682440476191
2012-09-05 09:16:56,1778,1,11.3447172619,-0.970535714286
2012-09-05 09:16:57,1779,1,10.4203869048,-0.924330357143
2012-09-05 09:16:58,1780,1,9.80223214286,-0.618154761905
2012-09-05 09:16:59,1781,1,9.56540178571,-0.236830357143
2012-09-05 09:17:00,1782,1,9.65148809524,0.0860863095238
2012-09-05 09:17:01,1783,1,9.96160714286,0.310119047619
2012-09-05 09:17:02,1784,1,10.4049107143,0.443303571429
2012-09-05 09:17:03,1785,1,10.8813244048,0.476413690476
2012-09-05 09:17:04,1786,1,11.2584821429,0.377157738095
2012-09-05 09:17:05,1787,1,11.4040922619,0.145610119048
2012-09-05 09:17:06,1788,1,11.2500744048,-0.154017857143
2012-09-05 09:17:07,1789,1,10.8563988095,-0.393675595238
2012-09-05 09:17:08,1790,1,10.4241071429,-0.432291666667
2012-09-05 09:17:09,1791,1,10.1993303571,-0.224776785714
2012-09-05 09:17:10,1792,1,10.345610119,0.146279761905
2012-09-05 09:17:11,1793,1,10.8443452381,0.498735119048
2012-09-05 09:17:12,1794,1,11.4321428571,0.587797619048
2012-09-05 09:17:13,1795,1,11.7415178571,0.309375
2012-09-05 09:17:14,1796,1,11.5898065476,-0.151711309524
2012-09-05 09:17:15,1797,1,11.0613095238,-0.528497023809
2012-09-05 09:17:16,1798,1,10.3593005952,-0.702008928571
2012-09-05 09:17:17,1799,1,9.63452380952,-0.724776785714
2012-09-05 09:17:18,1800,1,8.9099702381,-0.724553571429
2012-09-05 09:17:19,1801,1,8.20900297619,-0.700967261905
2012-09-05 09:17:20,1802,1,7.71674107143,-0.492261904762
2012-09-05 09:17:21,1803,1,7.69069940476,-0.0260416666667
2012-09-05 09:17:22,1804,1,8.24836309524,0.557663690476
2012-09-05 09:17:23,1805,1,9.27395833333,1.0255952381
2012-09-05 09:17:24,1806,1,10.4546875,1.18072916667
2012-09-05 09:17:25,1807,1,11.4040922619,0.949404761905
2012-09-05 09:17:26,1808,1,11.8389880952,0.434895833333
2012-09-05 09:17:27,1809,1,11.7227678571,-0.116220238095
2012-09-05 09:17:28,1810,1,11.2628720238,-0.459895833333
2012-09-05 09:17:29,1811,1,10.7340029762,-0.528869047619
2012-09-05 09:17:30,1812,1,10.258110119,-0.475892857143
2012-09-05 09:17:31,1813,1,9.72693452381,-0.531175595238
2012-09-05 09:17:32,1814,1,8.94613095238,-0.780803571429
2012-09-05 09:17:33,1815,1,7.86941964286,-1.07671130952
2012-09-05 09:17:34,1816,1,6.66666666667,-1.20275297619
2012-09-05 09:17:35,1817,1,5.57366071429,-1.09300595238
2012-09-05 09:17:36,1818,1,4.74203869048,-0.83162202381
2012-09-05 09:17:37,1819,1,4.23348214286,-0.508556547619
2012-09-05 09:17:38,1820,1,4.07589285714,-0.157589285714
2012-09-05 09:17:39,1821,1,4.25617559524,0.180282738095
2012-09-05 09:17:40,1822,1,4.65245535714,0.396279761905
2012-09-05 09:17:41,1823,1,5.02805059524,0.375595238095
2012-09-05 09:17:42,1824,1,5.14933035714,0.121279761905
2012-09-05 09:17:43,1825,1,4.93333333333,-0.21599702381
2012-09-05 09:17:44,1826,1,4.50342261905,-0.429910714286
2012-09-05 09:17:45,1827,1,4.11852678571,-0.384895833333
2012-09-05 09:17:46,1828,1,4.03400297619,-0.0845238095238
2012-09-05 09:17:47,1829,1,4.39479166667,0.360788690476
2012-09-05 09:17:48,1830,1,5.19836309524,0.803571428571
2012-09-05 09:17:49,1831,1,6.28883928571,1.09047619048
2012-09-05 09:17:50,1832,1,7.38348214286,1.09464285714
2012-09-05 09:17:51,1833,1,8.16956845238,0.786086309524
2012-09-05 09:17:52,1834,1,8.43311011905,0.263541666667
2012-09-05 09:17:53,1835,1,8.13392857143,-0.299181547619
2012-09-05 09:17:54,1836,1,7.40200892857,-0.731919642857
2012-09-05 09:17:55,1837,1,6.48177083333,-0.920238095238
2012-09-05 09:17:56,1838,1,5.64947916667,-0.832291666667
2012-09-05 09:17:57,1839,1,5.12120535714,-0.528273809524
2012-09-05 09:17:58,1840,1,4.96822916667,-0.152976190476
2012-09-05 09:17:59,1841,1,5.07626488095,0.108035714286
2012-09-05 09:18:00,1842,1,5.20766369048,0.131398809524
2012-09-05 09:18:01,1843,1,5.16733630952,-0.0403273809524
2012-09-05 09:18:02,1844,1,4.95029761905,-0.217038690476
2012-09-05 09:18:03,1845,1,4.73802083333,-0.212276785714
2012-09-05 09:18:04,1846,1,4.75416666667,0.0161458333333
2012-09-05 09:18:05,1847,1,5.09717261905,0.343005952381
2012-09-05 09:18:06,1848,1,5.65416666667,0.556994047619
2012-09-05 09:18:07,1849,1,6.15394345238,0.499776785714
2012-09-05 09:18:08,1850,1,6.33950892857,0.18556547619
2012-09-05 09:18:09,1851,1,6.1447172619,-0.194791666667
2012-09-05 09:18:10,1852,1,5.75639880952,-0.388318452381
2012-09-05 09:18:11,1853,1,5.52358630952,-0.2328125
2012-09-05 09:18:12,1854,1,5.76019345238,0.236607142857
2012-09-05 09:18:13,1855,1,6.56875,0.808556547619
2012-09-05 09:18:14,1856,1,7.80758928571,1.23883928571
2012-09-05 09:18:15,1857,1,9.19084821429,1.38325892857
2012-09-05 09:18:16,1858,1,10.4158482143,1.225
2012-09-05 09:18:17,1859,1,11.2436011905,0.82775297619
2012-09-05 09:18:18,1860,1,11.530952381,0.287351190476
2012-09-05 09:18:19,1861,1,11.2521577381,-0.278794642857
2012-09-05 09:18:20,1862,1,10.5167410714,-0.735416666667
2012-09-05 09:18:21,1863,1,9.54665178571,-0.970089285714
2012-09-05 09:18:22,1864,1,8.60111607143,-0.945535714286
2012-09-05 09:18:23,1865,1,7.8880952381,-0.713020833333
2012-09-05 09:18:24,1866,1,7.51785714286,-0.370238095238
2012-09-05 09:18:25,1867,1,7.51956845238,0.00171130952381
2012-09-05 09:18:26,1868,1,7.87373511905,0.354166666667
2012-09-05 09:18:27,1869,1,8.50848214286,0.63474702381
2012-09-05 09:18:28,1870,1,9.27611607143,0.767633928571
2012-09-05 09:18:29,1871,1,9.9634672619,0.687351190476
2012-09-05 09:18:30,1872,1,10.3654017857,0.40193452381
2012-09-05 09:18:31,1873,1,10.3861607143,0.0207589285714
2012-09-05 09:18:32,1874,1,10.0838541667,-0.302306547619
2012-09-05 09:18:33,1875,1,9.62038690476,-0.463467261905
2012-09-05 09:18:34,1876,1,9.16123511905,-0.459151785714
2012-09-05 09:18:35,1877,1,8.7931547619,-0.368080357143
2012-09-05 09:18:36,1878,1,8.51517857143,-0.277976190476
2012-09-05 09:18:37,1879,1,8.30148809524,-0.21369047619
2012-09-05 09:18:38,1880,1,8.15431547619,-0.147172619048
2012-09-05 09:18:39,1881,1,8.078125,-0.0761904761905
2012-09-05 09:18:40,1882,1,8.01123511905,-0.0668898809524
2012-09-05 09:18:41,1883,1,7.82321428571,-0.188020833333
2012-09-05 09:18:42,1884,1,7.4275297619,-0.39568452381
2012-09-05 09:18:43,1885,1,6.90796130952,-0.519568452381
2012-09-05 09:18:44,1886,1,6.51324404762,-0.394717261905
2012-09-05 09:18:45,1887,1,6.50342261905,-0.00982142857143
2012-09-05 09:18:46,1888,1,6.97224702381,0.468824404762
2012-09-05 09:18:47,1889,1,7.79508928571,0.822842261905
2012-09-05 09:18:48,1890,1,8.73630952381,0.941220238095
2012-09-05 09:18:49,1891,1,9.60416666667,0.867857142857
2012-09-05 09:18:50,1892,1,10.3396577381,0.735491071429
2012-09-05 09:18:51,1893,1,11.0170386905,0.677380952381
2012-09-05 09:18:52,1894,1,11.7745535714,0.757514880952
2012-09-05 09:18:53,1895,1,12.7129464286,0.938392857143
2012-09-05 09:18:54,1896,1,13.8196428571,1.10669642857
2012-09-05 09:18:55,1897,1,14.9534970238,1.13385416667
2012-09-05 09:18:56,1898,1,15.8870535714,0.933556547619
2012-09-05 09:18:57,1899,1,16.3816964286,0.494642857143
2012-09-05 09:18:58,1900,1,16.264360119,-0.117336309524
2012-09-05 09:18:59,1901,1,15.4916666667,-0.772693452381
2012-09-05 09:19:00,1902,1,14.1991071429,-1.29255952381
2012-09-05 09:19:01,1903,1,12.7083333333,-1.49077380952
2012-09-05 09:19:02,1904,1,11.4462053571,-1.26212797619
2012-09-05 09:19:03,1905,1,10.7739583333,-0.67224702381
2012-09-05 09:19:04,1906,1,10.815327381,0.0413690476191
2012-09-05 09:19:05,1907,1,11.3978422619,0.582514880952
2012-09-05 09:19:06,1908,1,12.1358630952,0.738020833333
2012-09-05 09:19:07,1909,1,12.6135416667,0.477678571429
2012-09-05 09:19:08,1910,1,12.6110119048,-0.0025297619048
2012-09-05 09:19:09,1911,1,12.2467261905,-0.364285714286
2012-09-05 09:19:10,1912,1,11.8955357143,-0.351190476191
2012-09-05 09:19:11,1913,1,11.923735119,0.0281994047619
2012-09-05 09:19:12,1914,1,12.4334821429,0.509747023809
2012-09-05 09:19:13,1915,1,13.1871279762,0.753645833333
2012-09-05 09:19:14,1916,1,13.7738095238,0.586681547619
2012-09-05 09:19:15,1917,1,13.8980654762,0.124255952381
2012-09-05 09:19:16,1918,1,13.5556547619,-0.342410714286
2012-09-05 09:19:17,1919,1,12.9675595238,-0.588095238095
2012-09-05 09:19:18,1920,1,12.3491071429,-0.618452380952
2012-09-05 09:19:19,1921,1,11.7313244048,-0.617782738095
2012-09-05 09:19:20,1922,1,10.9845238095,-0.746800595238
2012-09-05 09:19:21,1923,1,9.97857142857,-1.00595238095
2012-09-05 09:19:22,1924,1,8.72648809524,-1.25208333333
2012-09-05 09:19:23,1925,1,7.41160714286,-1.31488095238
2012-09-05 09:19:24,1926,1,6.29181547619,-1.11979166667
2012-09-05 09:19:25,1927,1,5.58504464286,-0.706770833333
2012-09-05 09:19:26,1928,1,5.40736607143,-0.177678571429
2012-09-05 09:19:27,1929,1,5.71525297619,0.307886904762
2012-09-05 09:19:28,1930,1,6.26688988095,0.551636904762
2012-09-05 09:19:29,1931,1,6.71614583333,0.449255952381
2012-09-05 09:19:30,1932,1,6.82566964286,0.109523809524
2012-09-05 09:19:31,1933,1,6.62537202381,-0.200297619048
2012-09-05 09:19:32,1934,1,6.38258928571,-0.242782738095
2012-09-05 09:19:33,1935,1,6.41071428571,0.028125
2012-09-05 09:19:34,1936,1,6.87313988095,0.462425595238
2012-09-05 09:19:35,1937,1,7.71294642857,0.839806547619
2012-09-05 09:19:36,1938,1,8.6943452381,0.981398809524
2012-09-05 09:19:37,1939,1,9.50959821429,0.81525297619
2012-09-05 09:19:38,1940,1,9.93549107143,0.425892857143
2012-09-05 09:19:39,1941,1,9.94724702381,0.011755952381
2012-09-05 09:19:40,1942,1,9.6869047619,-0.260342261905
2012-09-05 09:19:41,1943,1,9.32038690476,-0.366517857143
2012-09-05 09:19:42,1944,1,8.91964285714,-0.400744047619
2012-09-05 09:19:43,1945,1,8.48169642857,-0.437946428571
2012-09-05 09:19:44,1946,1,8.04776785714,-0.433928571429
2012-09-05 09:19:45,1947,1,7.75632440476,-0.291443452381
2012-09-05 09:19:46,1948,1,7.74776785714,-0.00855654761904
2012-09-05 09:19:47,1949,1,8.02552083333,0.27775297619
2012-09-05 09:19:48,1950,1,8.42998511905,0.404464285714
2012-09-05 09:19:49,1951,1,8.76175595238,0.331770833333
2012-09-05 09:19:50,1952,1,8.93772321429,0.175967261905
2012-09-05 09:19:51,1953,1,9.04300595238,0.105282738095
2012-09-05 09:19:52,1954,1,9.24680059524,0.203794642857
2012-09-05 09:19:53,1955,1,9.6494047619,0.402604166667
2012-09-05 09:19:54,1956,1,10.1749255952,0.525520833333
2012-09-05 09:19:55,1957,1,10.6022321429,0.427306547619
2012-09-05 09:19:56,1958,1,10.7115327381,0.109300595238
2012-09-05 09:19:57,1959,1,10.4146577381,-0.296875
2012-09-05 09:19:58,1960,1,9.77217261905,-0.642485119048
2012-09-05 09:19:59,1961,1,8.93355654762,-0.838616071429
2012-09-05 09:20:00,1962,1,8.0834077381,-0.850148809524
2012-09-05 09:20:01,1963,1,7.4084077381,-0.675
2012-09-05 09:20:02,1964,1,7.053125,-0.355282738095
2012-09-05 09:20:03,1965,1,7.05029761905,-0.00282738095238
2012-09-05 09:20:04,1966,1,7.26398809524,0.21369047619
2012-09-05 09:20:05,1967,1,7.42924107143,0.16525297619
2012-09-05 09:20:06,1968,1,7.30238095238,-0.126860119048
2012-09-05 09:20:07,1969,1,6.80744047619,-0.49494047619
2012-09-05 09:20:08,1970,1,6.06979166667,-0.737648809524
2012-09-05 09:20:09,1971,1,5.3287202381,-0.741071428571
2012-09-05 09:20:10,1972,1,4.78958333333,-0.539136904762
2012-09-05 09:20:11,1973,1,4.51860119048,-0.270982142857
2012-09-05 09:20:12,1974,1,4.45319940476,-0.0654017857143
2012-09-05 09:20:13,1975,1,4.49538690476,0.0421875
2012-09-05 09:20:14,1976,1,4.6052827381,0.109895833333
2012-09-05 09:20:15,1977,1,4.82425595238,0.218973214286
2012-09-05 09:20:16,1978,1,5.20163690476,0.377380952381
2012-09-05 09:20:17,1979,1,5.70119047619,0.499553571429
2012-09-05 09:20:18,1980,1,6.19449404762,0.493303571429
2012-09-05 09:20:19,1981,1,6.5384672619,0.343973214286
2012-09-05 09:20:20,1982,1,6.65766369048,0.119196428571
2012-09-05 09:20:21,1983,1,6.57849702381,-0.0791666666667
2012-09-05 09:20:22,1984,1,6.41108630952,-0.167410714286
2012-09-05 09:20:23,1985,1,6.30796130952,-0.103125
2012-09-05 09:20:24,1986,1,6.41755952381,0.109598214286
2012-09-05 09:20:25,1987,1,6.82358630952,0.406026785714
2012-09-05 09:20:26,1988,1,7.49084821429,0.667261904762
2012-09-05 09:20:27,1989,1,8.26964285714,0.778794642857
2012-09-05 09:20:28,1990,1,8.96919642857,0.699553571429
2012-09-05 09:20:29,1991,1,9.44724702381,0.478050595238
2012-09-05 09:20:30,1992,1,9.65558035714,0.208333333333
2012-09-05 09:20:31,1993,1,9.63080357143,-0.0247767857143
2012-09-05 09:20:32,1994,1,9.46428571429,-0.166517857143
2012-09-05 09:20:33,1995,1,9.27485119048,-0.18943452381
2012-09-05 09:20:34,1996,1,9.16577380952,-0.109077380952
2012-09-05 09:20:35,1997,1,9.15900297619,-0.00677083333333
2012-09-05 09:20:36,1998,1,9.17046130952,0.0114583333333
2012-09-05 09:20:37,1999,1,9.08087797619,-0.0895833333333
2012-09-05 09:20:38,2000,1,8.84508928571,-0.235788690476
2012-09-05 09:20:39,2001,1,8.54040178571,-0.3046875
2012-09-05 09:20:40,2002,1,8.32135416667,-0.219047619048
2012-09-05 09:20:41,2003,1,8.32485119048,0.00349702380952
2012-09-05 09:20:42,2004,1,8.60364583333,0.278794642857
2012-09-05 09:20:43,2005,1,9.12641369048,0.522767857143
2012-09-05 09:20:44,2006,1,9.81584821429,0.68943452381
2012-09-05 09:20:45,2007,1,10.5932291667,0.777380952381
2012-09-05 09:20:46,2008,1,11.413764881,0.820535714286
2012-09-05 09:20:47,2009,1,12.2529761905,0.839211309524
2012-09-05 09:20:48,2010,1,13.0301339286,0.777157738095
2012-09-05 09:20:49,2011,1,13.5601190476,0.529985119048
2012-09-05 09:20:50,2012,1,13.6347470238,0.0746279761905
2012-09-05 09:20:51,2013,1,13.1831845238,-0.4515625
2012-09-05 09:20:52,2014,1,12.3561011905,-0.827083333333
2012-09-05 09:20:53,2015,1,11.4492559524,-0.906845238095
2012-09-05 09:20:54,2016,1,10.734077381,-0.715178571429
2012-09-05 09:20:55,2017,1,10.3478422619,-0.386235119048
2012-09-05 09:20:56,2018,1,10.3212797619,-0.0265625
2012-09-05 09:20:57,2019,1,10.6656994048,0.344419642857
2012-09-05 09:20:58,2020,1,11.391889881,0.72619047619
2012-09-05 09:20:59,2021,1,12.4334821429,1.0415922619
2012-09-05 09:21:00,2022,1,13.5714285714,1.13794642857
2012-09-05 09:21:01,2023,1,14.4719494048,0.900520833333
2012-09-05 09:21:02,2024,1,14.8519345238,0.379985119048
2012-09-05 09:21:03,2025,1,14.6656994048,-0.186235119048
2012-09-05 09:21:04,2026,1,14.1604910714,-0.505208333333
2012-09-05 09:21:05,2027,1,13.7284970238,-0.431994047619
2012-09-05 09:21:06,2028,1,13.6405505952,-0.0879464285714
2012-09-05 09:21:07,2029,1,13.8569940476,0.216443452381
2012-09-05 09:21:08,2030,1,14.0758184524,0.218824404762
2012-09-05 09:21:09,2031,1,13.994047619,-0.0817708333334
2012-09-05 09:21:10,2032,1,13.578125,-0.415922619048
2012-09-05 09:21:11,2033,1,13.1285714286,-0.449553571429
2012-09-05 09:21:12,2034,1,13.0787946429,-0.0497767857143
2012-09-05 09:21:13,2035,1,13.6705357143,0.591741071429
2012-09-05 09:21:14,2036,1,14.7505208333,1.07998511905
2012-09-05 09:21:15,2037,1,15.8444196429,1.09389880952
2012-09-05 09:21:16,2038,1,16.4470238095,0.602604166667
2012-09-05 09:21:17,2039,1,16.2985863095,-0.1484375
2012-09-05 09:21:18,2040,1,15.46875,-0.829836309524
2012-09-05 09:21:19,2041,1,14.2730654762,-1.19568452381
2012-09-05 09:21:20,2042,1,13.1345982143,-1.1384672619
2012-09-05 09:21:21,2043,1,12.4417410714,-0.692857142857
2012-09-05 09:21:22,2044,1,12.4204613095,-0.0212797619048
2012-09-05 09:21:23,2045,1,13.0568452381,0.636383928571
2012-09-05 09:21:24,2046,1,14.1110863095,1.05424107143
2012-09-05 09:21:25,2047,1,15.2325892857,1.12150297619
2012-09-05 09:21:26,2048,1,16.1050595238,0.872470238095
2012-09-05 09:21:27,2049,1,16.5298363095,0.424776785714
2012-09-05 09:21:28,2050,1,16.4626488095,-0.0671875
2012-09-05 09:21:29,2051,1,16.0570684524,-0.405580357143
2012-09-05 09:21:30,2052,1,15.655952381,-0.401116071429
2012-09-05 09:21:31,2053,1,15.6324404762,-0.0235119047619
2012-09-05 09:21:32,2054,1,16.1252232143,0.492782738095
2012-09-05 09:21:33,2055,1,16.8863095238,0.761086309524
2012-09-05 09:21:34,2056,1,17.4232142857,0.536904761905
2012-09-05 09:21:35,2057,1,17.3308779762,-0.0923363095238
2012-09-05 09:21:36,2058,1,16.5176339286,-0.813244047619
2012-09-05 09:21:37,2059,1,15.1818452381,-1.33578869048
2012-09-05 09:21:38,2060,1,13.646577381,-1.53526785714
2012-09-05 09:21:39,2061,1,12.2183035714,-1.42827380952
2012-09-05 09:21:40,2062,1,11.1310267857,-1.08727678571
2012-09-05 09:21:41,2063,1,10.5394345238,-0.591592261905
2012-09-05 09:21:42,2064,1,10.5049107143,-0.0345238095238
2012-09-05 09:21:43,2065,1,10.9502232143,0.4453125
2012-09-05 09:21:44,2066,1,11.6244047619,0.674181547619
2012-09-05 09:21:45,2067,1,12.1575892857,0.533184523809
2012-09-05 09:21:46,2068,1,12.2374255952,0.0798363095238
2012-09-05 09:21:47,2069,1,11.8307291667,-0.406696428571
2012-09-05 09:21:48,2070,1,11.2553571429,-0.57537202381
2012-09-05 09:21:49,2071,1,10.9514136905,-0.303943452381
2012-09-05 09:21:50,2072,1,11.1043154762,0.152901785714
2012-09-05 09:21:51,2073,1,11.4886160714,0.384300595238
2012-09-05 09:21:52,2074,1,11.7023809524,0.213764880952
2012-09-05 09:21:53,2075,1,11.5564732143,-0.145907738095
2012-09-05 09:21:54,2076,1,11.2282738095,-0.328199404762
2012-09-05 09:21:55,2077,1,11.0445684524,-0.183705357143
2012-09-05 09:21:56,2078,1,11.1319196429,0.0873511904761
2012-09-05 09:21:57,2079,1,11.2992559524,0.167336309524
2012-09-05 09:21:58,2080,1,11.2691964286,-0.0300595238096
2012-09-05 09:21:59,2081,1,10.9715029762,-0.297693452381
2012-09-05 09:22:00,2082,1,10.5645833333,-0.406919642857
2012-09-05 09:22:01,2083,1,10.2244791667,-0.340104166667
2012-09-05 09:22:02,2084,1,9.96227678571,-0.262202380952
2012-09-05 09:22:03,2085,1,9.61800595238,-0.344270833333
2012-09-05 09:22:04,2086,1,9.02507440476,-0.592931547619
2012-09-05 09:22:05,2087,1,8.18980654762,-0.835267857143
2012-09-05 09:22:06,2088,1,7.29047619048,-0.899330357143
2012-09-05 09:22:07,2089,1,6.54412202381,-0.746354166667
2012-09-05 09:22:08,2090,1,6.12485119048,-0.419270833333
2012-09-05 09:22:09,2091,1,6.10982142857,-0.0150297619048
2012-09-05 09:22:10,2092,1,6.38869047619,0.278869047619
2012-09-05 09:22:11,2093,1,6.67552083333,0.286830357143
2012-09-05 09:22:12,2094,1,6.70037202381,0.0248511904762
2012-09-05 09:22:13,2095,1,6.4193452381,-0.281026785714
2012-09-05 09:22:14,2096,1,6.05989583333,-0.359449404762
2012-09-05 09:22:15,2097,1,5.95305059524,-0.106845238095
2012-09-05 09:22:16,2098,1,6.26860119048,0.315550595238
2012-09-05 09:22:17,2099,1,6.88839285714,0.619791666667
2012-09-05 09:22:18,2100,1,7.52976190476,0.641369047619
2012-09-05 09:22:19,2101,1,7.96666666667,0.436904761905
2012-09-05 09:22:20,2102,1,8.14724702381,0.180580357143
2012-09-05 09:22:21,2103,1,8.16904761905,0.0218005952381
2012-09-05 09:22:22,2104,1,8.17619047619,0.00714285714286
2012-09-05 09:22:23,2105,1,8.24389880952,0.0677083333333
2012-09-05 09:22:24,2106,1,8.32767857143,0.0837797619048
2012-09-05 09:22:25,2107,1,8.3400297619,0.0123511904762
2012-09-05 09:22:26,2108,1,8.29136904762,-0.0486607142857
2012-09-05 09:22:27,2109,1,8.32879464286,0.0374255952381
2012-09-05 09:22:28,2110,1,8.60662202381,0.277827380952
2012-09-05 09:22:29,2111,1,9.10907738095,0.502455357143
2012-09-05 09:22:30,2112,1,9.59769345238,0.488616071429
2012-09-05 09:22:31,2113,1,9.75282738095,0.155133928571
2012-09-05 09:22:32,2114,1,9.40520833333,-0.347619047619
2012-09-05 09:22:33,2115,1,8.65818452381,-0.747023809524
2012-09-05 09:22:34,2116,1,7.81049107143,-0.847693452381
2012-09-05 09:22:35,2117,1,7.16614583333,-0.644345238095
2012-09-05 09:22:36,2118,1,6.87522321429,-0.290922619048
2012-09-05 09:22:37,2119,1,6.90431547619,0.0290922619048
2012-09-05 09:22:38,2120,1,7.13296130952,0.228645833333
2012-09-05 09:22:39,2121,1,7.46927083333,0.33630952381
2012-09-05 09:22:40,2122,1,7.88273809524,0.413467261905
2012-09-05 09:22:41,2123,1,8.35066964286,0.467931547619
2012-09-05 09:22:42,2124,1,8.79918154762,0.448511904762
2012-09-05 09:22:43,2125,1,9.11398809524,0.314806547619
2012-09-05 09:22:44,2126,1,9.20900297619,0.0950148809524
2012-09-05 09:22:45,2127,1,9.07901785714,-0.129985119048
2012-09-05 09:22:46,2128,1,8.78883928571,-0.290178571429
2012-09-05 09:22:47,2129,1,8.42849702381,-0.360342261905
2012-09-05 09:22:48,2130,1,8.10617559524,-0.322321428571
2012-09-05 09:22:49,2131,1,7.97581845238,-0.130357142857
2012-09-05 09:22:50,2132,1,8.20922619048,0.233407738095
2012-09-05 09:22:51,2133,1,8.88452380952,0.675297619048
2012-09-05 09:22:52,2134,1,9.88251488095,0.997991071429
2012-09-05 09:22:53,2135,1,10.9058779762,1.02336309524
2012-09-05 09:22:54,2136,1,11.6504464286,0.744568452381
2012-09-05 09:22:55,2137,1,12.0108630952,0.360416666667
2012-09-05 09:22:56,2138,1,12.1411458333,0.130282738095
2012-09-05 09:22:57,2139,1,12.3207589286,0.179613095238
2012-09-05 09:22:58,2140,1,12.7453869048,0.424627976191
2012-09-05 09:22:59,2141,1,13.3892113095,0.643824404762
2012-09-05 09:23:00,2142,1,14.0101190476,0.620907738095
2012-09-05 09:23:01,2143,1,14.2882440476,0.278125
2012-09-05 09:23:02,2144,1,14.0196428571,-0.268601190476
2012-09-05 09:23:03,2145,1,13.2548363095,-0.764806547619
2012-09-05 09:23:04,2146,1,12.3061011905,-0.948735119048
2012-09-05 09:23:05,2147,1,11.6097470238,-0.696354166667
2012-09-05 09:23:06,2148,1,11.5026785714,-0.107068452381
2012-09-05 09:23:07,2149,1,12.05,0.547321428571
2012-09-05 09:23:08,2150,1,13.0381696429,0.988169642857
2012-09-05 09:23:09,2151,1,14.0994791667,1.06130952381
2012-09-05 09:23:10,2152,1,14.8489583333,0.749479166667
2012-09-05 09:23:11,2153,1,15.0058779762,0.156919642857
2012-09-05 09:23:12,2154,1,14.5285714286,-0.477306547619
2012-09-05 09:23:13,2155,1,13.6772321429,-0.851339285714
2012-09-05 09:23:14,2156,1,12.8912946429,-0.7859375
2012-09-05 09:23:15,2157,1,12.5406994048,-0.350595238095
2012-09-05 09:23:16,2158,1,12.7404761905,0.199776785714
2012-09-05 09:23:17,2159,1,13.3789434524,0.638467261905
2012-09-05 09:23:18,2160,1,14.3082589286,0.92931547619
2012-09-05 09:23:19,2161,1,15.4449404762,1.13668154762
2012-09-05 09:23:20,2162,1,16.6665922619,1.22165178571
2012-09-05 09:23:21,2163,1,17.7173363095,1.05074404762
2012-09-05 09:23:22,2164,1,18.3250744048,0.607738095238
2012-09-05 09:23:23,2165,1,18.4291666667,0.104092261905
2012-09-05 09:23:24,2166,1,18.2661458333,-0.163020833333
2012-09-05 09:23:25,2167,1,18.2074404762,-0.0587053571428
2012-09-05 09:23:26,2168,1,18.4930803571,0.285639880952
2012-09-05 09:23:27,2169,1,19.1011160714,0.608035714286
2012-09-05 09:23:28,2170,1,19.834375,0.733258928571
2012-09-05 09:23:29,2171,1,20.4783482143,0.643973214286
2012-09-05 09:23:30,2172,1,20.8631696429,0.384821428571
2012-09-05 09:23:31,2173,1,20.8589285714,-0.0042410714285
2012-09-05 09:23:32,2174,1,20.4340029762,-0.424925595238
2012-09-05 09:23:33,2175,1,19.7408482143,-0.693154761905
2012-09-05 09:23:34,2176,1,19.0710565476,-0.669791666667
2012-09-05 09:23:35,2177,1,18.6705357143,-0.400520833333
2012-09-05 09:23:36,2178,1,18.5787946429,-0.0917410714286
2012-09-05 09:23:37,2179,1,18.6538690476,0.0750744047619
2012-09-05 09:23:38,2180,1,18.778422619,0.124553571429
2012-09-05 09:23:39,2181,1,19.0110119048,0.232589285714
2012-09-05 09:23:40,2182,1,19.4767857143,0.465773809524
2012-09-05 09:23:41,2183,1,20.1375744048,0.660788690476
2012-09-05 09:23:42,2184,1,20.7326636905,0.595089285714
2012-09-05 09:23:43,2185,1,20.9382440476,0.205580357143
2012-09-05 09:23:44,2186,1,20.5601190476,-0.378125
2012-09-05 09:23:45,2187,1,19.6032738095,-0.956845238095
2012-09-05 09:23:46,2188,1,18.2076636905,-1.39561011905
2012-09-05 09:23:47,2189,1,16.5427827381,-1.66488095238
2012-09-05 09:23:48,2190,1,14.7610119048,-1.78177083333
2012-09-05 09:23:49,2191,1,13.0253720238,-1.73563988095
2012-09-05 09:23:50,2192,1,11.5470238095,-1.47834821429
2012-09-05 09:23:51,2193,1,10.5677083333,-0.979315476191
2012-09-05 09:23:52,2194,1,10.2764136905,-0.291294642857
2012-09-05 09:23:53,2195,1,10.7064732143,0.430059523809
2012-09-05 09:23:54,2196,1,11.6814732143,0.975
2012-09-05 09:23:55,2197,1,12.8658482143,1.184375
2012-09-05 09:23:56,2198,1,13.9203869048,1.05453869048
2012-09-05 09:23:57,2199,1,14.6629464286,0.74255952381
2012-09-05 09:23:58,2200,1,15.1150297619,0.452083333333
2012-09-05 09:23:59,2201,1,15.4263392857,0.31130952381
2012-09-05 09:24:00,2202,1,15.7557291667,0.329389880952
2012-09-05 09:24:01,2203,1,16.1841517857,0.428422619048
2012-09-05 09:24:02,2204,1,16.7057291667,0.521577380952
2012-09-05 09:24:03,2205,1,17.2837053571,0.577976190476
2012-09-05 09:24:04,2206,1,17.898139881,0.614434523809
2012-09-05 09:24:05,2207,1,18.539360119,0.641220238095
2012-09-05 09:24:06,2208,1,19.1844494048,0.645089285714
2012-09-05 09:24:07,2209,1,19.8043154762,0.619866071429
2012-09-05 09:24:08,2210,1,20.3671130952,0.562797619048
2012-09-05 09:24:09,2211,1,20.786235119,0.419122023809
2012-09-05 09:24:10,2212,1,20.8703869048,0.0841517857143
2012-09-05 09:24:11,2213,1,20.3733630952,-0.497023809524
2012-09-05 09:24:12,2214,1,19.1391369048,-1.23422619048
2012-09-05 09:24:13,2215,1,17.264360119,-1.87477678571
2012-09-05 09:24:14,2216,1,15.1625744048,-2.10178571429
2012-09-05 09:24:15,2217,1,13.4134672619,-1.74910714286
2012-09-05 09:24:16,2218,1,12.4688988095,-0.944568452381
2012-09-05 09:24:17,2219,1,12.451860119,-0.0170386904762
2012-09-05 09:24:18,2220,1,13.1501488095,0.698288690476
2012-09-05 09:24:19,2221,1,14.1450892857,0.994940476191
2012-09-05 09:24:20,2222,1,15.0107142857,0.865625
2012-09-05 09:24:21,2223,1,15.4930803571,0.482366071429
2012-09-05 09:24:22,2224,1,15.5745535714,0.0814732142857
2012-09-05 09:24:23,2225,1,15.4216517857,-0.152901785714
2012-09-05 09:24:24,2226,1,15.2673363095,-0.15431547619
2012-09-05 09:24:25,2227,1,15.2790922619,0.011755952381
2012-09-05 09:24:26,2228,1,15.4839285714,0.204836309524
2012-09-05 09:24:27,2229,1,15.7979166667,0.313988095238
2012-09-05 09:24:28,2230,1,16.1161458333,0.318229166667
2012-09-05 09:24:29,2231,1,16.3648809524,0.248735119048
2012-09-05 09:24:30,2232,1,16.4697916667,0.104910714286
2012-09-05 09:24:31,2233,1,16.290922619,-0.178869047619
2012-09-05 09:24:32,2234,1,15.6368303571,-0.654092261905
2012-09-05 09:24:33,2235,1,14.4310267857,-1.20580357143
2012-09-05 09:24:34,2236,1,12.9163690476,-1.5146577381
2012-09-05 09:24:35,2237,1,11.6453125,-1.27105654762
2012-09-05 09:24:36,2238,1,11.1879464286,-0.457366071429
2012-09-05 09:24:37,2239,1,11.7970982143,0.609151785714
2012-09-05 09:24:38,2240,1,13.3052083333,1.50811011905
2012-09-05 09:24:39,2241,1,15.3031994048,1.99799107143
2012-09-05 09:24:40,2242,1,17.4073660714,2.10416666667
2012-09-05 09:24:41,2243,1,19.3725446429,1.96517857143
2012-09-05 09:24:42,2244,1,21.0390625,1.66651785714
2012-09-05 09:24:43,2245,1,22.295014881,1.25595238095
2012-09-05 09:24:44,2246,1,23.1203869048,0.825372023809
2012-09-05 09:24:45,2247,1,23.6201636905,0.499776785714
2012-09-05 09:24:46,2248,1,23.9883184524,0.368154761905
2012-09-05 09:24:47,2249,1,24.4263392857,0.438020833333
2012-09-05 09:24:48,2250,1,25.0649553571,0.638616071429
2012-09-05 09:24:49,2251,1,25.9299107143,0.864955357143
2012-09-05 09:24:50,2252,1,26.948735119,1.01882440476
2012-09-05 09:24:51,2253,1,27.9630952381,1.01436011905
2012-09-05 09:24:52,2254,1,28.7463541667,0.783258928571
2012-09-05 09:24:53,2255,1,29.0748511905,0.32849702381
2012-09-05 09:24:54,2256,1,28.8581845238,-0.216666666667
2012-09-05 09:24:55,2257,1,28.2079613095,-0.650223214286
2012-09-05 09:24:56,2258,1,27.3260416667,-0.881919642857
2012-09-05 09:24:57,2259,1,26.3019345238,-1.02410714286
2012-09-05 09:24:58,2260,1,25.0349702381,-1.26696428571
2012-09-05 09:24:59,2261,1,23.3729910714,-1.66197916667
2012-09-05 09:25:00,2262,1,21.346577381,-2.02641369048
2012-09-05 09:25:01,2263,1,19.239360119,-2.1072172619
2012-09-05 09:25:02,2264,1,17.3648809524,-1.87447916667
2012-09-05 09:25:03,2265,1,15.7811011905,-1.5837797619
2012-09-05 09:25:04,2266,1,14.2773065476,-1.50379464286
2012-09-05 09:25:05,2267,1,12.6688244048,-1.60848214286
2012-09-05 09:25:06,2268,1,11.1197172619,-1.54910714286
2012-09-05 09:25:07,2269,1,10.1578125,-0.961904761905
2012-09-05 09:25:08,2270,1,10.3248511905,0.167038690476
2012-09-05 09:25:09,2271,1,11.777827381,1.45297619048
2012-09-05 09:25:10,2272,1,14.1805803571,2.40275297619
2012-09-05 09:25:11,2273,1,16.9298363095,2.74925595238
2012-09-05 09:25:12,2274,1,19.4902529762,2.56041666667
2012-09-05 09:25:13,2275,1,21.5594494048,2.06919642857
2012-09-05 09:25:14,2276,1,23.0162202381,1.45677083333
2012-09-05 09:25:15,2277,1,23.8406994048,0.824479166667
2012-09-05 09:25:16,2278,1,24.1040178571,0.263318452381
2012-09-05 09:25:17,2279,1,23.9560267857,-0.147991071429
2012-09-05 09:25:18,2280,1,23.5691964286,-0.386830357143
2012-09-05 09:25:19,2281,1,23.080952381,-0.488244047619
2012-09-05 09:25:20,2282,1,22.5921875,-0.488764880952
2012-09-05 09:25:21,2283,1,22.2148065476,-0.377380952381
2012-09-05 09:25:22,2284,1,22.0790178571,-0.135788690476
2012-09-05 09:25:23,2285,1,22.2580357143,0.179017857143
2012-09-05 09:25:24,2286,1,22.6821428571,0.424107142857
2012-09-05 09:25:25,2287,1,23.1385416667,0.456398809524
2012-09-05 09:25:26,2288,1,23.3889136905,0.25037202381
2012-09-05 09:25:27,2289,1,23.3166666667,-0.0722470238095
2012-09-05 09:25:28,2290,1,22.9708333333,-0.345833333333
2012-09-05 09:25:29,2291,1,22.5066220238,-0.464211309524
2012-09-05 09:25:30,2292,1,22.1098958333,-0.396726190476
2012-09-05 09:25:31,2293,1,21.9241071429,-0.185788690476
2012-09-05 09:25:32,2294,1,21.9854166667,0.0613095238096
2012-09-05 09:25:33,2295,1,22.2121279762,0.226711309524
2012-09-05 09:25:34,2296,1,22.4413690476,0.229241071428
2012-09-05 09:25:35,2297,1,22.4611607143,0.0197916666667
2012-09-05 09:25:36,2298,1,22.0625,-0.398660714286
2012-09-05 09:25:37,2299,1,21.180952381,-0.881547619048
2012-09-05 09:25:38,2300,1,20.05,-1.13095238095
2012-09-05 09:25:39,2301,1,19.1521577381,-0.897842261905
2012-09-05 09:25:40,2302,1,18.9027529762,-0.249404761905
2012-09-05 09:25:41,2303,1,19.289360119,0.386607142857
2012-09-05 09:25:42,2304,1,19.8017113095,0.512351190476
2012-09-05 09:25:43,2305,1,19.7706845238,-0.0310267857143
2012-09-05 09:25:44,2306,1,18.824702381,-0.945982142857
2012-09-05 09:25:45,2307,1,17.0593005952,-1.76540178571
2012-09-05 09:25:46,2308,1,14.8787202381,-2.18058035714
2012-09-05 09:25:47,2309,1,12.76875,-2.1099702381
2012-09-05 09:25:48,2310,1,11.1602678571,-1.60848214286
2012-09-05 09:25:49,2311,1,10.3580357143,-0.802232142857
2012-09-05 09:25:50,2312,1,10.4901041667,0.132068452381
2012-09-05 09:25:51,2313,1,11.4865327381,0.996428571428
2012-09-05 09:25:52,2314,1,13.1202380952,1.63370535714
2012-09-05 09:25:53,2315,1,15.1037946429,1.98355654762
2012-09-05 09:25:54,2316,1,17.1738095238,2.07001488095
2012-09-05 09:25:55,2317,1,19.1165922619,1.9427827381
2012-09-05 09:25:56,2318,1,20.7557291667,1.63913690476
2012-09-05 09:25:57,2319,1,21.9335565476,1.17782738095
2012-09-05 09:25:58,2320,1,22.5128720238,0.579315476191
2012-09-05 09:25:59,2321,1,22.4203869048,-0.0924851190476
2012-09-05 09:26:00,2322,1,21.7124255952,-0.707961309524
2012-09-05 09:26:01,2323,1,20.598735119,-1.11369047619
2012-09-05 09:26:02,2324,1,19.3830357143,-1.21569940476
2012-09-05 09:26:03,2325,1,18.3633928571,-1.01964285714
2012-09-05 09:26:04,2326,1,17.7589285714,-0.604464285714
2012-09-05 09:26:05,2327,1,17.6738839286,-0.0850446428572
2012-09-05 09:26:06,2328,1,18.0930803571,0.419196428571
2012-09-05 09:26:07,2329,1,18.9119791667,0.818898809524
2012-09-05 09:26:08,2330,1,19.9869791667,1.075
2012-09-05 09:26:09,2331,1,21.1811755952,1.19419642857
2012-09-05 09:26:10,2332,1,22.3869047619,1.20572916667
2012-09-05 09:26:11,2333,1,23.5270089286,1.14010416667
2012-09-05 09:26:12,2334,1,24.5543154762,1.02730654762
2012-09-05 09:26:13,2335,1,25.4544642857,0.900148809524
2012-09-05 09:26:14,2336,1,26.2412946429,0.786830357143
2012-09-05 09:26:15,2337,1,26.9400297619,0.698735119048
2012-09-05 09:26:16,2338,1,27.5696428571,0.629613095238
2012-09-05 09:26:17,2339,1,28.1433779762,0.573735119048
2012-09-05 09:26:18,2340,1,28.6845238095,0.541145833333
2012-09-05 09:26:19,2341,1,29.236235119,0.551711309524
2012-09-05 09:26:20,2342,1,29.8594494048,0.623214285714
2012-09-05 09:26:21,2343,1,30.6173363095,0.757886904762
2012-09-05 09:26:22,2344,1,31.5367559524,0.919419642857
2012-09-05 09:26:23,2345,1,32.5648809524,1.028125
2012-09-05 09:26:24,2346,1,33.5708333333,1.00595238095
2012-09-05 09:26:25,2347,1,34.4183779762,0.847544642857
2012-09-05 09:26:26,2348,1,35.0640625,0.645684523809
2012-09-05 09:26:27,2349,1,35.5869047619,0.522842261905
2012-09-05 09:26:28,2350,1,36.1130952381,0.52619047619
2012-09-05 09:26:29,2351,1,36.7009672619,0.58787202381
2012-09-05 09:26:30,2352,1,37.2630952381,0.56212797619
2012-09-05 09:26:31,2353,1,37.5732142857,0.310119047619
2012-09-05 09:26:32,2354,1,37.3851934524,-0.188020833333
2012-09-05 09:26:33,2355,1,36.6039434524,-0.78125
2012-09-05 09:26:34,2356,1,35.3813244048,-1.22261904762
2012-09-05 09:26:35,2357,1,34.0678571429,-1.3134672619
2012-09-05 09:26:36,2358,1,33.041889881,-1.0259672619
2012-09-05 09:26:37,2359,1,32.5204613095,-0.521428571429
2012-09-05 09:26:38,2360,1,32.4921130952,-0.0283482142857
2012-09-05 09:26:39,2361,1,32.8030505952,0.3109375
2012-09-05 09:26:40,2362,1,33.2909970238,0.487946428571
2012-09-05 09:26:41,2363,1,33.8619791667,0.570982142857
2012-09-05 09:26:42,2364,1,34.4825892857,0.620610119048
2012-09-05 09:26:43,2365,1,35.127827381,0.645238095238
2012-09-05 09:26:44,2366,1,35.7584077381,0.630580357143
2012-09-05 09:26:45,2367,1,36.3524553571,0.594047619048
2012-09-05 09:26:46,2368,1,36.930952381,0.578497023809
2012-09-05 09:26:47,2369,1,37.5214285714,0.590476190476
2012-09-05 09:26:48,2370,1,38.0915922619,0.570163690476
2012-09-05 09:26:49,2371,1,38.5338541667,0.442261904762
2012-09-05 09:26:50,2372,1,38.7375,0.203645833333
2012-09-05 09:26:51,2373,1,38.6838541667,-0.0536458333333
2012-09-05 09:26:52,2374,1,38.4513392857,-0.232514880952
2012-09-05 09:26:53,2375,1,38.1229910714,-0.328348214286
2012-09-05 09:26:54,2376,1,37.7273809524,-0.395610119048
2012-09-05 09:26:55,2377,1,37.2853422619,-0.442038690476
2012-09-05 09:26:56,2378,1,36.8706845238,-0.414657738095
2012-09-05 09:26:57,2379,1,36.5905505952,-0.280133928571
2012-09-05 09:26:58,2380,1,36.5125744048,-0.0779761904762
2012-09-05 09:26:59,2381,1,36.6205357143,0.107961309524
2012-09-05 09:27:00,2382,1,36.8349702381,0.21443452381
2012-09-05 09:27:01,2383,1,37.0696428571,0.234672619048
2012-09-05 09:27:02,2384,1,37.2792410714,0.209598214286
2012-09-05 09:27:03,2385,1,37.4710565476,0.19181547619
2012-09-05 09:27:04,2386,1,37.6879464286,0.216889880952
2012-09-05 09:27:05,2387,1,37.9944940476,0.306547619048
2012-09-05 09:27:06,2388,1,38.4540178571,0.459523809524
2012-09-05 09:27:07,2389,1,39.08125,0.627232142857
2012-09-05 09:27:08,2390,1,39.8154017857,0.734151785714
2012-09-05 09:27:09,2391,1,40.525297619,0.709895833333
2012-09-05 09:27:10,2392,1,41.0366071429,0.51130952381
2012-09-05 09:27:11,2393,1,41.2110119048,0.174404761905
2012-09-05 09:27:12,2394,1,41.035639881,-0.175372023809
2012-09-05 09:27:13,2395,1,40.6274553571,-0.40818452381
2012-09-05 09:27:14,2396,1,40.1580357143,-0.469419642857
2012-09-05 09:27:15,2397,1,39.7729166667,-0.385119047619
2012-09-05 09:27:16,2398,1,39.5534970238,-0.219419642857
2012-09-05 09:27:17,2399,1,39.5308779762,-0.022619047619
2012-09-05 09:27:18,2400,1,39.7150297619,0.184151785714
2012-09-05 09:27:19,2401,1,40.0960565476,0.381026785714
2012-09-05 09:27:20,2402,1,40.6297619048,0.533705357143
2012-09-05 09:27:21,2403,1,41.2415178571,0.611755952381
2012-09-05 09:27:22,2404,1,41.8494791667,0.607961309524
2012-09-05 09:27:23,2405,1,42.3897321429,0.54025297619
2012-09-05 09:27:24,2406,1,42.8348958333,0.445163690476
2012-09-05 09:27:25,2407,1,43.2042410714,0.369345238095
2012-09-05 09:27:26,2408,1,43.5515625,0.347321428571
2012-09-05 09:27:27,2409,1,43.9138392857,0.362276785714
2012-09-05 09:27:28,2410,1,44.2475446429,0.333705357143
2012-09-05 09:27:29,2411,1,44.4323660714,0.184821428572
2012-09-05 09:27:30,2412,1,44.3741815476,-0.0581845238095
2012-09-05 09:27:31,2413,1,44.1015625,-0.272619047619
2012-09-05 09:27:32,2414,1,43.7433035714,-0.358258928571
2012-09-05 09:27:33,2415,1,43.4229166667,-0.320386904762
2012-09-05 09:27:34,2416,1,43.1688988095,-0.254017857143
2012-09-05 09:27:35,2417,1,42.911235119,-0.257663690476
2012-09-05 09:27:36,2418,1,42.5807291667,-0.330505952381
2012-09-05 09:27:37,2419,1,42.2083333333,-0.372395833333
2012-09-05 09:27:38,2420,1,41.9164434524,-0.291889880952
2012-09-05 09:27:39,2421,1,41.842485119,-0.0739583333333
2012-09-05 09:27:40,2422,1,42.0728422619,0.230357142857
2012-09-05 09:27:41,2423,1,42.6011160714,0.528273809524
2012-09-05 09:27:42,2424,1,43.316889881,0.715773809524
2012-09-05 09:27:43,2425,1,44.0343005952,0.717410714286
2012-09-05 09:27:44,2426,1,44.5500744048,0.515773809524
2012-09-05 09:27:45,2427,1,44.7125,0.162425595238
2012-09-05 09:27:46,2428,1,44.4747767857,-0.237723214286
2012-09-05 09:27:47,2429,1,43.9034970238,-0.571279761905
2012-09-05 09:27:48,2430,1,43.141889881,-0.761607142857
2012-09-05 09:27:49,2431,1,42.3569940476,-0.784895833333
2012-09-05 09:27:50,2432,1,41.6947172619,-0.662276785714
2012-09-05 09:27:51,2433,1,41.2526041667,-0.442113095238
2012-09-05 09:27:52,2434,1,41.0703869048,-0.182217261905
2012-09-05 09:27:53,2435,1,41.1302827381,0.0598958333333
2012-09-05 09:27:54,2436,1,41.3697916667,0.239508928572
2012-09-05 09:27:55,2437,1,41.7118303571,0.342038690476
2012-09-05 09:27:56,2438,1,42.090327381,0.37849702381
2012-09-05 09:27:57,2439,1,42.4462797619,0.355952380952
2012-09-05 09:27:58,2440,1,42.7052827381,0.25900297619
2012-09-05 09:27:59,2441,1,42.7747767857,0.0694940476191
2012-09-05 09:28:00,2442,1,42.5803571429,-0.194419642857
2012-09-05 09:28:01,2443,1,42.1111607143,-0.469196428571
2012-09-05 09:28:02,2444,1,41.4296130952,-0.681547619048
2012-09-05 09:28:03,2445,1,40.6368303571,-0.792782738095
2012-09-05 09:28:04,2446,1,39.8179315476,-0.818898809524
2012-09-05 09:28:05,2447,1,38.9855654762,-0.832366071428
2012-09-05 09:28:06,2448,1,38.0366815476,-0.948883928572
2012-09-05 09:28:07,2449,1,36.7886160714,-1.24806547619
2012-09-05 09:28:08,2450,1,35.1383184524,-1.65029761905
2012-09-05 09:28:09,2451,1,33.226860119,-1.91145833333
2012-09-05 09:28:10,2452,1,31.4441220238,-1.78273809524
2012-09-05 09:28:11,2453,1,30.2451636905,-1.19895833333
2012-09-05 09:28:12,2454,1,29.8898065476,-0.355357142857
2012-09-05 09:28:13,2455,1,30.3125,0.422693452381
2012-09-05 09:28:14,2456,1,31.2385416667,0.926041666667
2012-09-05 09:28:15,2457,1,32.396577381,1.15803571429
2012-09-05 09:28:16,2458,1,33.6345238095,1.23794642857
2012-09-05 09:28:17,2459,1,34.9197172619,1.28519345238
2012-09-05 09:28:18,2460,1,36.2575892857,1.33787202381
2012-09-05 09:28:19,2461,1,37.559375,1.30178571429
2012-09-05 09:28:20,2462,1,38.5555059524,0.996130952381
2012-09-05 09:28:21,2463,1,38.8661458333,0.310639880952
2012-09-05 09:28:22,2464,1,38.2355654762,-0.630580357143
2012-09-05 09:28:23,2465,1,36.7816964286,-1.45386904762
2012-09-05 09:28:24,2466,1,35.0422619048,-1.73943452381
2012-09-05 09:28:25,2467,1,33.7205357143,-1.32172619048
2012-09-05 09:28:26,2468,1,33.2742559524,-0.446279761905
2012-09-05 09:28:27,2469,1,33.6483630952,0.374107142857
2012-09-05 09:28:28,2470,1,34.3623511905,0.713988095238
2012-09-05 09:28:29,2471,1,34.8702380952,0.507886904762
2012-09-05 09:28:30,2472,1,34.9051339286,0.0348958333333
2012-09-05 09:28:31,2473,1,34.5785714286,-0.3265625
2012-09-05 09:28:32,2474,1,34.2103422619,-0.368229166667
2012-09-05 09:28:33,2475,1,34.0662946429,-0.144047619048
2012-09-05 09:28:34,2476,1,34.2240327381,0.157738095238
2012-09-05 09:28:35,2477,1,34.612797619,0.388764880952
2012-09-05 09:28:36,2478,1,35.1170386905,0.504241071429
2012-09-05 09:28:37,2479,1,35.6424107143,0.52537202381
2012-09-05 09:28:38,2480,1,36.119047619,0.476636904762
2012-09-05 09:28:39,2481,1,36.4813244048,0.362276785714
2012-09-05 09:28:40,2482,1,36.6631696429,0.181845238095
2012-09-05 09:28:41,2483,1,36.6097470238,-0.0534226190476
2012-09-05 09:28:42,2484,1,36.3165922619,-0.293154761905
2012-09-05 09:28:43,2485,1,35.8931547619,-0.4234375
2012-09-05 09:28:44,2486,1,35.5764136905,-0.316741071429
2012-09-05 09:28:45,2487,1,35.6384672619,0.0620535714286
2012-09-05 09:28:46,2488,1,36.2421875,0.603720238095
2012-09-05 09:28:47,2489,1,37.3466517857,1.10446428571
2012-09-05 09:28:48,2490,1,38.7146577381,1.36800595238
2012-09-05 09:28:49,2491,1,40.0067708333,1.29211309524
2012-09-05 09:28:50,2492,1,40.9183779762,0.911607142857
2012-09-05 09:28:51,2493,1,41.3120535714,0.393675595238
2012-09-05 09:28:52,2494,1,41.2805803571,-0.0314732142857
2012-09-05 09:28:53,2495,1,41.0886904762,-0.191889880952
2012-09-05 09:28:54,2496,1,41.015922619,-0.0727678571429
2012-09-05 09:28:55,2497,1,41.2019345238,0.186011904762
2012-09-05 09:28:56,2498,1,41.609672619,0.407738095238
2012-09-05 09:28:57,2499,1,42.1214285714,0.511755952381
2012-09-05 09:28:58,2500,1,42.6515625,0.530133928571
2012-09-05 09:28:59,2501,1,43.1760416667,0.524479166667
2012-09-05 09:29:00,2502,1,43.7000744048,0.524032738095
2012-09-05 09:29:01,2503,1,44.2300595238,0.529985119048
2012-09-05 09:29:02,2504,1,44.7744791667,0.544419642857
2012-09-05 09:29:03,2505,1,45.3555059524,0.581026785714
2012-09-05 09:29:04,2506,1,46.004985119,0.649479166667
2012-09-05 09:29:05,2507,1,46.7363839286,0.731398809524
2012-09-05 09:29:06,2508,1,47.508110119,0.771726190476
2012-09-05 09:29:07,2509,1,48.2117559524,0.703645833333
2012-09-05 09:29:08,2510,1,48.7069940476,0.495238095238
2012-09-05 09:29:09,2511,1,48.8904017857,0.183407738095
2012-09-05 09:29:10,2512,1,48.7651785714,-0.125223214286
2012-09-05 09:29:11,2513,1,48.4608630952,-0.30431547619
2012-09-05 09:29:12,2514,1,48.1663690476,-0.294494047619
2012-09-05 09:29:13,2515,1,48.0239583333,-0.142410714286
2012-09-05 09:29:14,2516,1,48.0745535714,0.0505952380953
2012-09-05 09:29:15,2517,1,48.2807291667,0.206175595238
2012-09-05 09:29:16,2518,1,48.5866071429,0.30587797619
2012-09-05 09:29:17,2519,1,48.9551339286,0.368526785714
2012-09-05 09:29:18,2520,1,49.3460565476,0.390922619048
2012-09-05 09:29:19,2521,1,49.6744791667,0.328422619048
2012-09-05 09:29:20,2522,1,49.81875,0.144270833333
2012-09-05 09:29:21,2523,1,49.6375,-0.18125
2012-09-05 09:29:22,2524,1,48.903125,-0.734375
2012-09-05 09:29:23,2525,1,47.2273809524,-1.67574404762
2012-09-05 09:29:24,2526,1,44.1904017857,-3.03697916667
2012-09-05 09:29:25,2527,1,39.7084821429,-4.48191964286
2012-09-05 09:29:26,2528,1,34.3304315476,-5.37805059524
2012-09-05 09:29:27,2529,1,29.0692708333,-5.26116071429
2012-09-05 09:29:28,2530,1,24.8063244048,-4.26294642857
2012-09-05 09:29:29,2531,1,21.8055059524,-3.00081845238
2012-09-05 09:29:30,2532,1,19.7604166667,-2.04508928571
2012-09-05 09:29:31,2533,1,18.2180059524,-1.54241071429
2012-09-05 09:29:32,2534,1,16.9067708333,-1.31123511905
2012-09-05 09:29:33,2535,1,15.7223214286,-1.18444940476
2012-09-05 09:29:34,2536,1,14.5642113095,-1.15811011905
2012-09-05 09:29:35,2537,1,13.3327380952,-1.23147321429
2012-09-05 09:29:36,2538,1,12.0686755952,-1.2640625
2012-09-05 09:29:37,2539,1,10.9914434524,-1.07723214286
2012-09-05 09:29:38,2540,1,10.3625,-0.628943452381
2012-09-05 09:29:39,2541,1,10.3261904762,-0.0363095238095
2012-09-05 09:29:40,2542,1,10.8634672619,0.537276785714
2012-09-05 09:29:41,2543,1,11.8381696429,0.974702380952
2012-09-05 09:29:42,2544,1,13.0580357143,1.21986607143
2012-09-05 09:29:43,2545,1,14.3347470238,1.27671130952
2012-09-05 09:29:44,2546,1,15.5488839286,1.21413690476
2012-09-05 09:29:45,2547,1,16.6944940476,1.14561011905
2012-09-05 09:29:46,2548,1,17.8625,1.16800595238
2012-09-05 09:29:47,2549,1,19.1494047619,1.2869047619
2012-09-05 09:29:48,2550,1,20.5636904762,1.41428571429
2012-09-05 09:29:49,2551,1,22.0246279762,1.4609375
2012-09-05 09:29:50,2552,1,23.4410714286,1.41644345238
2012-09-05 09:29:51,2553,1,24.778125,1.33705357143
2012-09-05 09:29:52,2554,1,26.051264881,1.27313988095
2012-09-05 09:29:53,2555,1,27.2750744048,1.22380952381
2012-09-05 09:29:54,2556,1,28.4316964286,1.15662202381
2012-09-05 09:29:55,2557,1,29.4657738095,1.03407738095
2012-09-05 09:29:56,2558,1,30.2985119048,0.832738095238
2012-09-05 09:29:57,2559,1,30.8858630952,0.587351190476
2012-09-05 09:29:58,2560,1,31.283110119,0.397247023809
2012-09-05 09:29:59,2561,1,31.6410714286,0.357961309524
2012-09-05 09:30:00,2562,1,32.1244791667,0.483407738095
2012-09-05 09:30:01,2563,1,32.8009672619,0.676488095238
2012-09-05 09:30:02,2564,1,33.6023065476,0.801339285714
2012-09-05 09:30:03,2565,1,34.4120535714,0.809747023809
2012-09-05 09:30:04,2566,1,35.1593005952,0.747247023809
2012-09-05 09:30:05,2567,1,35.8010416667,0.641741071429
2012-09-05 09:30:06,2568,1,36.2595238095,0.458482142857
2012-09-05 09:30:07,2569,1,36.4133928571,0.153869047619
2012-09-05 09:30:08,2570,1,36.137202381,-0.276190476191
2012-09-05 09:30:09,2571,1,35.3574404762,-0.779761904762
2012-09-05 09:30:10,2572,1,34.1091517857,-1.24828869048
2012-09-05 09:30:11,2573,1,32.5558035714,-1.55334821429
2012-09-05 09:30:12,2574,1,30.9505952381,-1.60520833333
2012-09-05 09:30:13,2575,1,29.5607142857,-1.38988095238
2012-09-05 09:30:14,2576,1,28.582514881,-0.978199404762
2012-09-05 09:30:15,2577,1,28.0956845238,-0.486830357143
2012-09-05 09:30:16,2578,1,28.0936011905,-0.0020833333333
2012-09-05 09:30:17,2579,1,28.5296130952,0.436011904762
2012-09-05 09:30:18,2580,1,29.3029761905,0.773363095238
2012-09-05 09:30:19,2581,1,30.2296130952,0.926636904762
2012-09-05 09:30:20,2582,1,31.0942708333,0.864657738095
2012-09-05 09:30:21,2583,1,31.7663690476,0.672098214286
2012-09-05 09:30:22,2584,1,32.2626488095,0.496279761905
2012-09-05 09:30:23,2585,1,32.70625,0.443601190476
2012-09-05 09:30:24,2586,1,33.2327380952,0.526488095238
2012-09-05 09:30:25,2587,1,33.9053571429,0.672619047619
2012-09-05 09:30:26,2588,1,34.6830357143,0.777678571429
2012-09-05 09:30:27,2589,1,35.4472470238,0.764211309524
2012-09-05 09:30:28,2590,1,36.0590029762,0.611755952381
2012-09-05 09:30:29,2591,1,36.4326636905,0.373660714286
2012-09-05 09:30:30,2592,1,36.5989583333,0.166294642857
2012-09-05 09:30:31,2593,1,36.6878720238,0.0889136904762
2012-09-05 09:30:32,2594,1,36.8195684524,0.131696428571
2012-09-05 09:30:33,2595,1,37.0070684524,0.1875
2012-09-05 09:30:34,2596,1,37.1723214286,0.165252976191
2012-09-05 09:30:35,2597,1,37.2383184524,0.0659970238095
2012-09-05 09:30:36,2598,1,37.1814732143,-0.0568452380952
2012-09-05 09:30:37,2599,1,37.0175595238,-0.163913690476
2012-09-05 09:30:38,2600,1,36.7819940476,-0.235565476191
2012-09-05 09:30:39,2601,1,36.5210565476,-0.2609375
2012-09-05 09:30:40,2602,1,36.2619791667,-0.259077380952
2012-09-05 09:30:41,2603,1,35.9796875,-0.282291666667
2012-09-05 09:30:42,2604,1,35.6256696429,-0.354017857143
2012-09-05 09:30:43,2605,1,35.2304315476,-0.395238095238
2012-09-05 09:30:44,2606,1,34.978422619,-0.252008928571
2012-09-05 09:30:45,2607,1,35.1344494048,0.156026785714
2012-09-05 09:30:46,2608,1,35.8585565476,0.724107142857
2012-09-05 09:30:47,2609,1,37.089360119,1.23080357143
2012-09-05 09:30:48,2610,1,38.5905505952,1.50119047619
2012-09-05 09:30:49,2611,1,40.084672619,1.49412202381
2012-09-05 09:30:50,2612,1,41.365625,1.28095238095
2012-09-05 09:30:51,2613,1,42.3454613095,0.979836309524
2012-09-05 09:30:52,2614,1,43.0382440476,0.692782738095
2012-09-05 09:30:53,2615,1,43.4931547619,0.454910714286
2012-09-05 09:30:54,2616,1,43.6842261905,0.191071428571
2012-09-05 09:30:55,2617,1,43.4352678571,-0.248958333333
2012-09-05 09:30:56,2618,1,42.5308779762,-0.904389880952
2012-09-05 09:30:57,2619,1,40.9704613095,-1.56041666667
2012-09-05 09:30:58,2620,1,39.0831845238,-1.88727678571
2012-09-05 09:30:59,2621,1,37.3751488095,-1.70803571429
2012-09-05 09:31:00,2622,1,36.2621279762,-1.11302083333
2012-09-05 09:31:01,2623,1,35.8915922619,-0.370535714286
2012-09-05 09:31:02,2624,1,36.1692708333,0.277678571429
2012-09-05 09:31:03,2625,1,36.9228422619,0.753571428571
2012-09-05 09:31:04,2626,1,37.9942708333,1.07142857143
2012-09-05 09:31:05,2627,1,39.1921875,1.19791666667
2012-09-05 09:31:06,2628,1,40.2553571429,1.06316964286
2012-09-05 09:31:07,2629,1,40.9468005952,0.691443452381
2012-09-05 09:31:08,2630,1,41.2019345238,0.255133928571
2012-09-05 09:31:09,2631,1,41.178125,-0.0238095238095
2012-09-05 09:31:10,2632,1,41.1473214286,-0.0308035714286
2012-09-05 09:31:11,2633,1,41.3000744048,0.15275297619
2012-09-05 09:31:12,2634,1,41.6255208333,0.325446428571
2012-09-05 09:31:13,2635,1,41.9875,0.361979166667
2012-09-05 09:31:14,2636,1,42.2822916667,0.294791666667
2012-09-05 09:31:15,2637,1,42.4836309524,0.201339285714
2012-09-05 09:31:16,2638,1,42.5984375,0.114806547619
2012-09-05 09:31:17,2639,1,42.6419642857,0.0435267857143
2012-09-05 09:31:18,2640,1,42.6101190476,-0.0318452380952
2012-09-05 09:31:19,2641,1,42.4357142857,-0.174404761905
2012-09-05 09:31:20,2642,1,41.9888392857,-0.446875
2012-09-05 09:31:21,2643,1,41.1355654762,-0.853273809524
2012-09-05 09:31:22,2644,1,39.8404017857,-1.29516369048
2012-09-05 09:31:23,2645,1,38.2503720238,-1.5900297619
2012-09-05 09:31:24,2646,1,36.6379464286,-1.61242559524
2012-09-05 09:31:25,2647,1,35.2415922619,-1.39635416667
2012-09-05 09:31:26,2648,1,34.1989583333,-1.04263392857
2012-09-05 09:31:27,2649,1,33.5991071429,-0.599851190476
2012-09-05 09:31:28,2650,1,33.5145089286,-0.0845982142857
2012-09-05 09:31:29,2651,1,33.9633928571,0.448883928571
2012-09-05 09:31:30,2652,1,34.8595238095,0.896130952381
2012-09-05 09:31:31,2653,1,36.0170386905,1.15751488095
2012-09-05 09:31:32,2654,1,37.2344494048,1.21741071429
2012-09-05 09:31:33,2655,1,38.3883928571,1.15394345238
2012-09-05 09:31:34,2656,1,39.450297619,1.0619047619
2012-09-05 09:31:35,2657,1,40.4322916667,0.981994047619
2012-09-05 09:31:36,2658,1,41.3229910714,0.890699404762
2012-09-05 09:31:37,2659,1,42.0694196429,0.746428571428
2012-09-05 09:31:38,2660,1,42.6242559524,0.554836309524
2012-09-05 09:31:39,2661,1,43.0021577381,0.377901785714
2012-09-05 09:31:40,2662,1,43.2852678571,0.283110119048
2012-09-05 09:31:41,2663,1,43.5872767857,0.302008928572
2012-09-05 09:31:42,2664,1,44.0048363095,0.41755952381
2012-09-05 09:31:43,2665,1,44.5825892857,0.57775297619
2012-09-05 09:31:44,2666,1,45.3133184524,0.730729166667
2012-09-05 09:31:45,2667,1,46.1530505952,0.839732142857
2012-09-05 09:31:46,2668,1,47.0291666667,0.876116071429
2012-09-05 09:31:47,2669,1,47.8610119048,0.831845238095
2012-09-05 09:31:48,2670,1,48.5974702381,0.736458333333
2012-09-05 09:31:49,2671,1,49.2257440476,0.628273809524
2012-09-05 09:31:50,2672,1,49.7253720238,0.49962797619
2012-09-05 09:31:51,2673,1,50.0255208333,0.300148809524
2012-09-05 09:31:52,2674,1,50.0335565476,0.0080357142858
2012-09-05 09:31:53,2675,1,49.7178571429,-0.315699404762
2012-09-05 09:31:54,2676,1,49.1726934524,-0.545163690476
2012-09-05 09:31:55,2677,1,48.5927827381,-0.579910714286
2012-09-05 09:31:56,2678,1,48.1446428571,-0.448139880952
2012-09-05 09:31:57,2679,1,47.8419642857,-0.302678571429
2012-09-05 09:31:58,2680,1,47.5545386905,-0.287425595238
2012-09-05 09:31:59,2681,1,47.1444940476,-0.410044642857
2012-09-05 09:32:00,2682,1,46.6003720238,-0.544122023809
2012-09-05 09:32:01,2683,1,46.051860119,-0.548511904762
2012-09-05 09:32:02,2684,1,45.6655505952,-0.38630952381
2012-09-05 09:32:03,2685,1,45.5272321429,-0.138318452381
2012-09-05 09:32:04,2686,1,45.6015625,0.0743303571429
2012-09-05 09:32:05,2687,1,45.7648809524,0.163318452381
2012-09-05 09:32:06,2688,1,45.8620535714,0.0971726190477
2012-09-05 09:32:07,2689,1,45.7629464286,-0.0991071428572
2012-09-05 09:32:08,2690,1,45.4069940476,-0.355952380952
2012-09-05 09:32:09,2691,1,44.816889881,-0.590104166667
2012-09-05 09:32:10,2692,1,44.0719494048,-0.744940476191
2012-09-05 09:32:11,2693,1,43.2556547619,-0.816294642857
2012-09-05 09:32:12,2694,1,42.4265625,-0.829092261905
2012-09-05 09:32:13,2695,1,41.6500744048,-0.776488095238
2012-09-05 09:32:14,2696,1,41.0330357143,-0.617038690476
2012-09-05 09:32:15,2697,1,40.6836309524,-0.349404761905
2012-09-05 09:32:16,2698,1,40.6401785714,-0.0434523809524
2012-09-05 09:32:17,2699,1,40.8552827381,0.215104166667
2012-09-05 09:32:18,2700,1,41.235639881,0.380357142857
2012-09-05 09:32:19,2701,1,41.692485119,0.456845238095
2012-09-05 09:32:20,2702,1,42.1661458333,0.473660714286
2012-09-05 09:32:21,2703,1,42.6146577381,0.448511904762
2012-09-05 09:32:22,2704,1,43.0045386905,0.389880952381
2012-09-05 09:32:23,2705,1,43.3241071429,0.319568452381
2012-09-05 09:32:24,2706,1,43.5767113095,0.252604166667
2012-09-05 09:32:25,2707,1,43.7382440476,0.161532738095
2012-09-05 09:32:26,2708,1,43.734375,-0.003869047619
2012-09-05 09:32:27,2709,1,43.4872767857,-0.247098214286
2012-09-05 09:32:28,2710,1,43.0102678571,-0.477008928571
2012-09-05 09:32:29,2711,1,42.4604166667,-0.549851190476
2012-09-05 09:32:30,2712,1,42.0743303571,-0.386086309524
2012-09-05 09:32:31,2713,1,42.0283482143,-0.0459821428572
2012-09-05 09:32:32,2714,1,42.346577381,0.318229166667
2012-09-05 09:32:33,2715,1,42.9281994048,0.58162202381
2012-09-05 09:32:34,2716,1,43.6547619048,0.7265625
2012-09-05 09:32:35,2717,1,44.4744047619,0.819642857143
2012-09-05 09:32:36,2718,1,45.3877232143,0.913318452381
2012-09-05 09:32:37,2719,1,46.3660714286,0.978348214286
2012-09-05 09:32:38,2720,1,47.310639881,0.944568452381
2012-09-05 09:32:39,2721,1,48.1069940476,0.796354166667
2012-09-05 09:32:40,2722,1,48.7117559524,0.604761904762
2012-09-05 09:32:41,2723,1,49.1789434524,0.4671875
2012-09-05 09:32:42,2724,1,49.6094494048,0.430505952381
2012-09-05 09:32:43,2725,1,50.0779017857,0.468452380952
2012-09-05 09:32:44,2726,1,50.5973214286,0.519419642857
2012-09-05 09:32:45,2727,1,51.140625,0.543303571429
2012-09-05 09:32:46,2728,1,51.6845238095,0.543898809524
2012-09-05 09:32:47,2729,1,52.228422619,0.543898809524
2012-09-05 09:32:48,2730,1,52.7840029762,0.555580357143
2012-09-05 09:32:49,2731,1,53.3639880952,0.579985119048
2012-09-05 09:32:50,2732,1,53.9800595238,0.616071428571
2012-09-05 09:32:51,2733,1,54.6400297619,0.659970238095
2012-09-05 09:32:52,2734,1,55.3427827381,0.70275297619
2012-09-05 09:32:53,2735,1,56.0747767857,0.731994047619
2012-09-05 09:32:54,2736,1,56.8095982143,0.734821428571
2012-09-05 09:32:55,2737,1,57.5158482143,0.70625
2012-09-05 09:32:56,2738,1,58.1760416667,0.660193452381
2012-09-05 09:32:57,2739,1,58.8047619048,0.628720238095
2012-09-05 09:32:58,2740,1,59.44375,0.638988095238
2012-09-05 09:32:59,2741,1,60.1226934524,0.678943452381
2012-09-05 09:33:00,2742,1,60.8104166667,0.687723214286
2012-09-05 09:33:01,2743,1,61.4132440476,0.602827380952
2012-09-05 09:33:02,2744,1,61.8474702381,0.434226190476
2012-09-05 09:33:03,2745,1,62.1261904762,0.278720238095
2012-09-05 09:33:04,2746,1,62.360639881,0.234449404762
2012-09-05 09:33:05,2747,1,62.6451636905,0.284523809524
2012-09-05 09:33:06,2748,1,62.95,0.304836309524
2012-09-05 09:33:07,2749,1,63.1872767857,0.237276785714
2012-09-05 09:33:08,2750,1,63.3629464286,0.175669642857
2012-09-05 09:33:09,2751,1,63.5775297619,0.214583333333
2012-09-05 09:33:10,2752,1,63.8802083333,0.302678571429
2012-09-05 09:33:11,2753,1,64.1578125,0.277604166667
2012-09-05 09:33:12,2754,1,64.180952381,0.0231398809524
2012-09-05 09:33:13,2755,1,63.803125,-0.377827380952
2012-09-05 09:33:14,2756,1,63.1090029762,-0.694122023809
2012-09-05 09:33:15,2757,1,62.3353422619,-0.773660714286
2012-09-05 09:33:16,2758,1,61.6938244048,-0.641517857143
2012-09-05 09:33:17,2759,1,61.2848214286,-0.409002976191
2012-09-05 09:33:18,2760,1,61.1051339286,-0.1796875
2012-09-05 09:33:19,2761,1,61.0910714286,-0.0140625
2012-09-05 09:33:20,2762,1,61.1677083333,0.0766369047619
2012-09-05 09:33:21,2763,1,61.2807291667,0.113020833333
2012-09-05 09:33:22,2764,1,61.4035714286,0.122842261905
2012-09-05 09:33:23,2765,1,61.5349702381,0.131398809524
2012-09-05 09:33:24,2766,1,61.69375,0.158779761905
2012-09-05 09:33:25,2767,1,61.9050595238,0.211309523809
2012-09-05 09:33:26,2768,1,62.1835565476,0.278497023809
2012-09-05 09:33:27,2769,1,62.5216517857,0.338095238095
2012-09-05 09:33:28,2770,1,62.8836309524,0.361979166667
2012-09-05 09:33:29,2771,1,63.2140625,0.330431547619
2012-09-05 09:33:30,2772,1,63.4636160714,0.249553571429
2012-09-05 09:33:31,2773,1,63.6144345238,0.150818452381
2012-09-05 09:33:32,2774,1,63.6880952381,0.0736607142857
2012-09-05 09:33:33,2775,1,63.7334821429,0.0453869047619
2012-09-05 09:33:34,2776,1,63.8,0.0665178571429
2012-09-05 09:33:35,2777,1,63.9098958333,0.109895833333
2012-09-05 09:33:36,2778,1,64.0479910714,0.138095238095
2012-09-05 09:33:37,2779,1,64.1749255952,0.126934523809
2012-09-05 09:33:38,2780,1,64.2475446429,0.072619047619
2012-09-05 09:33:39,2781,1,64.2292410714,-0.0183035714285
2012-09-05 09:33:40,2782,1,64.0944196429,-0.134821428571
2012-09-05 09:33:41,2783,1,63.8320684524,-0.262351190476
2012-09-05 09:33:42,2784,1,63.4458333333,-0.386235119048
2012-09-05 09:33:43,2785,1,62.9647321429,-0.481101190476
2012-09-05 09:33:44,2786,1,62.468452381,-0.496279761905
2012-09-05 09:33:45,2787,1,62.0867559524,-0.381696428571
2012-09-05 09:33:46,2788,1,61.9491815476,-0.137574404762
2012-09-05 09:33:47,2789,1,62.1212797619,0.172098214286
2012-09-05 09:33:48,2790,1,62.5702380952,0.448958333333
2012-09-05 09:33:49,2791,1,63.1814732143,0.611235119048
2012-09-05 09:33:50,2792,1,63.8223214286,0.640848214286
2012-09-05 09:33:51,2793,1,64.4020833333,0.579761904762
2012-09-05 09:33:52,2794,1,64.8826636905,0.480580357143
2012-09-05 09:33:53,2795,1,65.2582589286,0.375595238095
2012-09-05 09:33:54,2796,1,65.5390625,0.280803571429
2012-09-05 09:33:55,2797,1,65.7417410714,0.202678571429
2012-09-05 09:33:56,2798,1,65.8792410714,0.1375
2012-09-05 09:33:57,2799,1,65.9520833333,0.0728422619047
2012-09-05 09:33:58,2800,1,65.9462053571,-0.0058779761904
2012-09-05 09:33:59,2801,1,65.840625,-0.105580357143
2012-09-05 09:34:00,2802,1,65.6250744048,-0.215550595238
2012-09-05 09:34:01,2803,1,65.3191220238,-0.305952380952
2012-09-05 09:34:02,2804,1,64.9779761905,-0.341145833333
2012-09-05 09:34:03,2805,1,64.6769345238,-0.301041666667
2012-09-05 09:34:04,2806,1,64.479985119,-0.196949404762
2012-09-05 09:34:05,2807,1,64.4094494048,-0.0705357142857
2012-09-05 09:34:06,2808,1,64.4363095238,0.0268601190476
2012-09-05 09:34:07,2809,1,64.4990327381,0.0627232142857
2012-09-05 09:34:08,2810,1,64.5425595238,0.0435267857143
2012-09-05 09:34:09,2811,1,64.5563244048,0.0137648809524
2012-09-05 09:34:10,2812,1,64.5828869048,0.0265625
2012-09-05 09:34:11,2813,1,64.6880208333,0.105133928571
2012-09-05 09:34:12,2814,1,64.9175595238,0.229538690476
2012-09-05 09:34:13,2815,1,65.2708333333,0.353273809524
2012-09-05 09:34:14,2816,1,65.7001488095,0.42931547619
2012-09-05 09:34:15,2817,1,66.1302827381,0.430133928571
2012-09-05 09:34:16,2818,1,66.4859375,0.355654761905
2012-09-05 09:34:17,2819,1,66.7157738095,0.229836309524
2012-09-05 09:34:18,2820,1,66.804389881,0.0886160714286
2012-09-05 09:34:19,2821,1,66.7698660714,-0.0345238095238
2012-09-05 09:34:20,2822,1,66.653125,-0.116741071429
2012-09-05 09:34:21,2823,1,66.5052083333,-0.147916666667
2012-09-05 09:34:22,2824,1,66.3738095238,-0.131398809524
2012-09-05 09:34:23,2825,1,66.2875,-0.0863095238095
2012-09-05 09:34:24,2826,1,66.2391369048,-0.0483630952381
2012-09-05 09:34:25,2827,1,66.185639881,-0.0534970238095
2012-09-05 09:34:26,2828,1,66.0811755952,-0.104464285714
2012-09-05 09:34:27,2829,1,65.922172619,-0.15900297619
2012-09-05 09:34:28,2830,1,65.7584821429,-0.16369047619
2012-09-05 09:34:29,2831,1,65.6572916667,-0.10119047619
2012-09-05 09:34:30,2832,1,65.6501488095,-0.0071428571429
2012-09-05 09:34:31,2833,1,65.7091517857,0.0590029761905
2012-09-05 09:34:32,2834,1,65.7805803571,0.0714285714286
2012-09-05 09:34:33,2835,1,65.8462053571,0.065625
2012-09-05 09:34:34,2836,1,65.9456845238,0.0994791666666
2012-09-05 09:34:35,2837,1,66.1415922619,0.195907738095
2012-09-05 09:34:36,2838,1,66.4681547619,0.3265625
2012-09-05 09:34:37,2839,1,66.9041666667,0.436011904762
2012-09-05 09:34:38,2840,1,67.3838541667,0.4796875
2012-09-05 09:34:39,2841,1,67.8273809524,0.443526785714
2012-09-05 09:34:40,2842,1,68.15625,0.328869047619
2012-09-05 09:34:41,2843,1,68.2944196429,0.138169642857
2012-09-05 09:34:42,2844,1,68.1852678571,-0.109151785714
2012-09-05 09:34:43,2845,1,67.8197916667,-0.365476190476
2012-09-05 09:34:44,2846,1,67.2367559524,-0.583035714286
2012-09-05 09:34:45,2847,1,66.4807291667,-0.756026785714
2012-09-05 09:34:46,2848,1,65.5630208333,-0.917708333333
2012-09-05 09:34:47,2849,1,64.4864583333,-1.0765625
2012-09-05 09:34:48,2850,1,63.3151041667,-1.17135416667
2012-09-05 09:34:49,2851,1,62.1910714286,-1.1240327381
2012-09-05 09:34:50,2852,1,61.2561755952,-0.934895833333
2012-09-05 09:34:51,2853,1,60.5625,-0.693675595238
2012-09-05 09:34:52,2854,1,60.0755208333,-0.486979166667
2012-09-05 09:34:53,2855,1,59.7514136905,-0.324107142857
2012-09-05 09:34:54,2856,1,59.5836309524,-0.167782738095
2012-09-05 09:34:55,2857,1,59.5837797619,0.0001488095238
2012-09-05 09:34:56,2858,1,59.7482142857,0.164434523809
2012-09-05 09:34:57,2859,1,60.051860119,0.303645833333
2012-09-05 09:34:58,2860,1,60.4694196429,0.417559523809
2012-09-05 09:34:59,2861,1,60.9831845238,0.513764880952
2012-09-05 09:35:00,2862,1,61.5401041667,0.556919642857
2012-09-05 09:35:01,2863,1,62.0104910714,0.470386904762
2012-09-05 09:35:02,2864,1,62.2276785714,0.2171875
2012-09-05 09:35:03,2865,1,62.0764136905,-0.151264880952
2012-09-05 09:35:04,2866,1,61.54375,-0.532663690476
2012-09-05 09:35:05,2867,1,60.7176339286,-0.826116071429
2012-09-05 09:35:06,2868,1,59.7545386905,-0.963095238095
2012-09-05 09:35:07,2869,1,58.8273065476,-0.927232142857
2012-09-05 09:35:08,2870,1,58.0808035714,-0.74650297619
2012-09-05 09:35:09,2871,1,57.603422619,-0.477380952381
2012-09-05 09:35:10,2872,1,57.3877232143,-0.215699404762
2012-09-05 09:35:11,2873,1,57.3038690476,-0.0838541666667
2012-09-05 09:35:12,2874,1,57.1572916667,-0.146577380952
2012-09-05 09:35:13,2875,1,56.8212797619,-0.336011904762
2012-09-05 09:35:14,2876,1,56.3178571429,-0.503422619048
2012-09-05 09:35:15,2877,1,55.7583333333,-0.559523809524
2012-09-05 09:35:16,2878,1,55.2228422619,-0.535491071428
2012-09-05 09:35:17,2879,1,54.7071428571,-0.515699404762
2012-09-05 09:35:18,2880,1,54.1563988095,-0.550744047619
2012-09-05 09:35:19,2881,1,53.5360119048,-0.620386904762
2012-09-05 09:35:20,2882,1,52.883110119,-0.652901785714
2012-09-05 09:35:21,2883,1,52.2955357143,-0.587574404762
2012-09-05 09:35:22,2884,1,51.8801339286,-0.415401785714
2012-09-05 09:35:23,2885,1,51.7107142857,-0.169419642857
2012-09-05 09:35:24,2886,1,51.8016369048,0.0909226190476
2012-09-05 09:35:25,2887,1,52.0994791667,0.297842261905
2012-09-05 09:35:26,2888,1,52.5115327381,0.412053571429
2012-09-05 09:35:27,2889,1,52.9529761905,0.441443452381
2012-09-05 09:35:28,2890,1,53.3712053571,0.418229166667
2012-09-05 09:35:29,2891,1,53.7415178571,0.3703125
2012-09-05 09:35:30,2892,1,54.059672619,0.318154761905
2012-09-05 09:35:31,2893,1,54.339360119,0.2796875
2012-09-05 09:35:32,2894,1,54.6027529762,0.263392857143
2012-09-05 09:35:33,2895,1,54.8668154762,0.2640625
2012-09-05 09:35:34,2896,1,55.1383184524,0.27150297619
2012-09-05 09:35:35,2897,1,55.418452381,0.280133928571
2012-09-05 09:35:36,2898,1,55.7043154762,0.285863095238
2012-09-05 09:35:37,2899,1,55.9683035714,0.263988095238
2012-09-05 09:35:38,2900,1,56.1274553571,0.159151785714
2012-09-05 09:35:39,2901,1,56.0645833333,-0.0628720238096
2012-09-05 09:35:40,2902,1,55.7179315476,-0.346651785714
2012-09-05 09:35:41,2903,1,55.1494791667,-0.568452380952
2012-09-05 09:35:42,2904,1,54.5139880952,-0.635491071429
2012-09-05 09:35:43,2905,1,53.9563244048,-0.557663690476
2012-09-05 09:35:44,2906,1,53.5210565476,-0.435267857143
2012-09-05 09:35:45,2907,1,53.149702381,-0.371354166667
2012-09-05 09:35:46,2908,1,52.754985119,-0.394717261905
2012-09-05 09:35:47,2909,1,52.2674107143,-0.487574404762
2012-09-05 09:35:48,2910,1,51.6166666667,-0.650744047619
2012-09-05 09:35:49,2911,1,50.7276785714,-0.888988095238
2012-09-05 09:35:50,2912,1,49.5645833333,-1.1630952381
2012-09-05 09:35:51,2913,1,48.1670386905,-1.39754464286
2012-09-05 09:35:52,2914,1,46.6473958333,-1.51964285714
2012-09-05 09:35:53,2915,1,45.1680059524,-1.47938988095
2012-09-05 09:35:54,2916,1,43.9129464286,-1.25505952381
2012-09-05 09:35:55,2917,1,43.0396577381,-0.873288690476
2012-09-05 09:35:56,2918,1,42.604985119,-0.434672619048
2012-09-05 09:35:57,2919,1,42.5104910714,-0.094494047619
2012-09-05 09:35:58,2920,1,42.5232886905,0.0127976190476
2012-09-05 09:35:59,2921,1,42.3594494048,-0.163839285714
2012-09-05 09:36:00,2922,1,41.7540178571,-0.605431547619
2012-09-05 09:36:01,2923,1,40.4941220238,-1.25989583333
2012-09-05 09:36:02,2924,1,38.4779017857,-2.0162202381
2012-09-05 09:36:03,2925,1,35.8154017857,-2.6625
2012-09-05 09:36:04,2926,1,32.8711309524,-2.94427083333
2012-09-05 09:36:05,2927,1,30.1276785714,-2.74345238095
2012-09-05 09:36:06,2928,1,27.8996279762,-2.22805059524
2012-09-05 09:36:07,2929,1,26.1432291667,-1.75639880952
2012-09-05 09:36:08,2930,1,24.5551339286,-1.5880952381
2012-09-05 09:36:09,2931,1,22.836235119,-1.71889880952
2012-09-05 09:36:10,2932,1,20.8732142857,-1.96302083333
2012-09-05 09:36:11,2933,1,18.7263392857,-2.146875
2012-09-05 09:36:12,2934,1,16.4543154762,-2.27202380952
2012-09-05 09:36:13,2935,1,13.9691220238,-2.48519345238
2012-09-05 09:36:14,2936,1,11.1848214286,-2.78430059524
2012-09-05 09:36:15,2937,1,8.38831845238,-2.79650297619
2012-09-05 09:36:16,2938,1,6.3505952381,-2.03772321429
2012-09-05 09:36:17,2939,1,5.92276785714,-0.427827380952
2012-09-05 09:36:18,2940,1,7.446875,1.52410714286
2012-09-05 09:36:19,2941,1,10.4714285714,3.02455357143
2012-09-05 09:36:20,2942,1,13.9875744048,3.51614583333
2012-09-05 09:36:21,2943,1,16.9908482143,3.00327380952
2012-09-05 09:36:22,2944,1,18.9145089286,1.92366071429
2012-09-05 09:36:23,2945,1,19.7129464286,0.7984375
2012-09-05 09:36:24,2946,1,19.731547619,0.0186011904762
2012-09-05 09:36:25,2947,1,19.475297619,-0.25625
2012-09-05 09:36:26,2948,1,19.3058779762,-0.169419642857
2012-09-05 09:36:27,2949,1,19.2218005952,-0.0840773809524
2012-09-05 09:36:28,2950,1,18.9016369048,-0.320163690476
2012-09-05 09:36:29,2951,1,17.9764880952,-0.925148809524
2012-09-05 09:36:30,2952,1,16.2983630952,-1.678125
2012-09-05 09:36:31,2953,1,14.0040922619,-2.29427083333
2012-09-05 09:36:32,2954,1,11.362202381,-2.64188988095
2012-09-05 09:36:33,2955,1,8.57470238095,-2.7875
2012-09-05 09:36:34,2956,1,5.77194940476,-2.80275297619
2012-09-05 09:36:35,2957,1,3.23869047619,-2.53325892857
2012-09-05 09:36:36,2958,1,0.0,-3.23869047619
2012-09-05 09:36:58,2980,22,0.0,0.0
2012-09-05 09:36:59,2981,1,2.57053571429,2.57053571429
2012-09-05 09:37:00,2982,1,5.32589285714,2.75535714286
2012-09-05 09:37:01,2983,1,9.04427083333,3.71837797619
2012-09-05 09:37:02,2984,1,13.0017113095,3.95744047619
2012-09-05 09:37:03,2985,1,16.3104910714,3.3087797619
2012-09-05 09:37:04,2986,1,18.2828869048,1.97239583333
2012-09-05 09:37:05,2987,1,18.8248511905,0.541964285714
2012-09-05 09:37:06,2988,1,18.4357886905,-0.3890625
2012-09-05 09:37:07,2989,1,17.8035714286,-0.632217261905
2012-09-05 09:37:08,2990,1,17.4256696429,-0.377901785714
2012-09-05 09:37:09,2991,1,17.5584077381,0.132738095238
2012-09-05 09:37:10,2992,1,18.349702381,0.791294642857
2012-09-05 09:37:11,2993,1,19.8622767857,1.51257440476
2012-09-05 09:37:12,2994,1,21.9718005952,2.10952380952
2012-09-05 09:37:13,2995,1,24.3319940476,2.36019345238
2012-09-05 09:37:14,2996,1,26.4819196429,2.14992559524
2012-09-05 09:37:15,2997,1,28.025,1.54308035714
2012-09-05 09:37:16,2998,1,28.7686755952,0.743675595238
2012-09-05 09:37:17,2999,1,28.7438988095,-0.0247767857143
2012-09-05 09:37:18,3000,1,28.1333333333,-0.61056547619
2012-09-05 09:37:19,3001,1,27.1669642857,-0.966369047619
2012-09-05 09:37:20,3002,1,25.9869047619,-1.18005952381
2012-09-05 09:37:21,3003,1,24.5457589286,-1.44114583333
2012-09-05 09:37:22,3004,1,22.6577380952,-1.88802083333
2012-09-05 09:37:23,3005,1,20.181547619,-2.47619047619
2012-09-05 09:37:24,3006,1,17.183110119,-2.9984375
2012-09-05 09:37:25,3007,1,13.9604910714,-3.22261904762
2012-09-05 09:37:26,3008,1,10.9190882035,-3.04140286797
2012-09-05 09:37:27,3009,1,8.38597808442,-2.53311011905
2012-09-05 09:37:28,3010,1,6.49108495671,-1.89489312771
2012-09-05 09:37:29,3011,1,5.18256899351,-1.3085159632
2012-09-05 09:37:30,3012,1,4.32949810606,-0.853070887446
2012-09-05 09:37:31,3013,1,3.80953733766,-0.519960768398
2012-09-05 09:37:32,3014,1,3.53898133117,-0.270556006494
2012-09-05 09:37:33,3015,1,3.45778544372,-0.0811958874459
2012-09-05 09:37:34,3016,1,3.49676677489,0.0389813311688
2012-09-05 09:37:35,3017,1,3.57978896104,0.0830221861472
2012-09-05 09:37:36,3018,1,3.66174242424,0.0819534632035
2012-09-05 09:37:37,3019,1,3.73185876623,0.0701163419913
2012-09-05 09:37:38,3020,1,3.78174377706,0.0498850108225
2012-09-05 09:37:39,3021,1,3.82667072511,0.0449269480519
2012-09-05 09:37:40,3022,1,3.98633658009,0.159665854978
2012-09-05 09:37:41,3023,1,4.48244724026,0.496110660173
2012-09-05 09:37:42,3024,1,5.48443587662,1.00198863636
2012-09-05 09:37:43,3025,1,6.96060606061,1.47617018398
2012-09-05 09:37:44,3026,1,8.70351731602,1.74291125541
2012-09-05 09:37:45,3027,1,10.5115936147,1.8080762987
2012-09-05 09:37:46,3028,1,12.355762987,1.84416937229
2012-09-05 09:37:47,3029,1,14.3425933442,1.98683035714
2012-09-05 09:37:48,3030,1,16.4905505952,2.14795725108
2012-09-05 09:37:49,3031,1,18.5795386905,2.08898809524
2012-09-05 09:37:50,3032,1,20.254985119,1.67544642857
2012-09-05 09:37:51,3033,1,21.2573660714,1.00238095238
2012-09-05 09:37:52,3034,1,21.5381696429,0.280803571428
2012-09-05 09:37:53,3035,1,21.2094494048,-0.328720238095
2012-09-05 09:37:54,3036,1,20.4335565476,-0.775892857143
2012-09-05 09:37:55,3037,1,19.3352678571,-1.09828869048
2012-09-05 09:37:56,3038,1,17.9558779762,-1.37938988095
2012-09-05 09:37:57,3039,1,16.2425967262,-1.71328125
2012-09-05 09:37:58,3040,1,14.084765625,-2.15783110119
2012-09-05 09:37:59,3041,1,11.4431919643,-2.64157366071
2012-09-05 09:38:00,3042,1,8.52289806548,-2.92029389881
2012-09-05 09:38:01,3043,1,5.78604910714,-2.73684895833
2012-09-05 09:38:02,3044,1,3.70913318452,-2.07691592262
2012-09-05 09:38:03,3045,1,2.49542410714,-1.21370907738
2012-09-05 09:38:04,3046,1,2.02217261905,-0.473251488095
2012-09-05 09:38:05,3047,1,2.01417410714,-0.00799851190476
2012-09-05 09:38:06,3048,1,2.22397693452,0.209802827381
2012-09-05 09:38:07,3049,1,2.52756696429,0.303590029762
2012-09-05 09:38:08,3050,1,2.92003348214,0.392466517857
2012-09-05 09:38:09,3051,1,3.39148065476,0.471447172619
2012-09-05 09:38:10,3052,1,3.84774925595,0.45626860119
2012-09-05 09:38:11,3053,1,4.15554315476,0.30779389881
2012-09-05 09:38:12,3054,1,4.19084821429,0.0353050595238
2012-09-05 09:38:13,3055,1,3.94412202381,-0.246726190476
2012-09-05 09:38:14,3056,1,3.61369047619,-0.330431547619
2012-09-05 09:38:15,3057,1,3.42578125,-0.18790922619
2012-09-05 09:38:16,3058,1,3.38745039683,-0.0383308531746
2012-09-05 09:38:17,3059,1,3.3220734127,-0.065376984127
2012-09-05 09:38:18,3060,1,3.07797619048,-0.244097222222
2012-09-05 09:38:19,3061,1,2.68530505952,-0.392671130952
2012-09-05 09:38:20,3062,1,2.35610119048,-0.329203869048
2012-09-05 09:38:21,3063,1,2.34800347222,-0.00809771825397
2012-09-05 09:38:22,3064,1,2.85912698413,0.511123511905
2012-09-05 09:38:23,3065,1,3.94350198413,1.084375
2012-09-05 09:38:24,3066,1,5.33839285714,1.39489087302
2012-09-05 09:38:25,3067,1,6.41510416667,1.07671130952
2012-09-05 09:38:26,3068,1,6.47358630952,0.0584821428571
2012-09-05 09:38:27,3069,1,5.2439360119,-1.22965029762
2012-09-05 09:38:28,3070,1,3.27564484127,-1.96829117063
2012-09-05 09:38:29,3071,1,0.0,-3.27564484127
2012-09-05 18:43:19,35761,32690,0.0,0.0
2012-09-05 18:43:20,35762,1,4.1267485119,4.1267485119
2012-09-05 18:43:21,35763,1,7.31251860119,3.18577008929
2012-09-05 18:43:22,35764,1,10.3391369048,3.02661830357
2012-09-05 18:43:23,35765,1,12.1703931052,1.8312562004
2012-09-05 18:43:24,35766,1,12.274516369,0.104123263889
2012-09-05 18:43:25,35767,1,10.7257254464,-1.54879092262
2012-09-05 18:43:26,35768,1,8.17183779762,-2.55388764881
2012-09-05 18:43:27,35769,1,5.5666108631,-2.60522693452
2012-09-05 18:43:28,35770,1,3.78113839286,-1.78547247024
2012-09-05 18:43:29,35771,1,3.32834821429,-0.452790178571
2012-09-05 18:43:30,35772,1,4.26004464286,0.931696428571
2012-09-05 18:43:31,35773,1,6.25141369048,1.99136904762
2012-09-05 18:43:32,35774,1,8.84561011905,2.59419642857
2012-09-05 18:43:33,35775,1,11.6427827381,2.79717261905
2012-09-05 18:43:34,35776,1,14.309672619,2.66688988095
2012-09-05 18:43:35,35777,1,16.5416666667,2.23199404762
2012-09-05 18:43:36,35778,1,18.0756696429,1.53400297619
2012-09-05 18:43:37,35779,1,18.7465029762,0.670833333333
2012-09-05 18:43:38,35780,1,18.5632440476,-0.183258928571
2012-09-05 18:43:39,35781,1,17.698735119,-0.864508928571
2012-09-05 18:43:40,35782,1,16.3555059524,-1.34322916667
2012-09-05 18:43:41,35783,1,14.6588541667,-1.69665178571
2012-09-05 18:43:42,35784,1,12.6639880952,-1.99486607143
2012-09-05 18:43:43,35785,1,10.44375,-2.22023809524
2012-09-05 18:43:44,35786,1,8.20811011905,-2.23563988095
2012-09-05 18:43:45,35787,1,6.34203869048,-1.86607142857
2012-09-05 18:43:46,35788,1,5.29352678571,-1.04851190476
2012-09-05 18:43:47,35789,1,5.39367559524,0.100148809524
2012-09-05 18:43:48,35790,1,6.71026785714,1.3165922619
2012-09-05 18:43:49,35791,1,9.00066964286,2.29040178571
2012-09-05 18:43:50,35792,1,11.7932291667,2.79255952381
2012-09-05 18:43:51,35793,1,14.5602678571,2.76703869048
2012-09-05 18:43:52,35794,1,16.8988839286,2.33861607143
2012-09-05 18:43:53,35795,1,18.5982142857,1.69933035714
2012-09-05 18:43:54,35796,1,19.5550595238,0.956845238095
2012-09-05 18:43:55,35797,1,19.7107886905,0.155729166667
2012-09-05 18:43:56,35798,1,19.1572172619,-0.553571428571
2012-09-05 18:43:57,35799,1,18.2499255952,-0.907291666667
2012-09-05 18:43:58,35800,1,17.4839285714,-0.76599702381
2012-09-05 18:43:59,35801,1,17.1915178571,-0.292410714286
2012-09-05 18:44:00,35802,1,17.3482142857,0.156696428571
2012-09-05 18:44:01,35803,1,17.6648809524,0.316666666667
2012-09-05 18:44:02,35804,1,17.8800595238,0.215178571428
2012-09-05 18:44:03,35805,1,17.9558779762,0.075818452381
2012-09-05 18:44:04,35806,1,17.9890625,0.0331845238095
2012-09-05 18:44:05,35807,1,18.023139881,0.0340773809524
2012-09-05 18:44:06,35808,1,18.0120535714,-0.0110863095238
2012-09-05 18:44:07,35809,1,17.8711309524,-0.140922619048
2012-09-05 18:44:08,35810,1,17.4816964286,-0.38943452381
2012-09-05 18:44:09,35811,1,16.7397321429,-0.741964285714
2012-09-05 18:44:10,35812,1,15.7133184524,-1.02641369048
2012-09-05 18:44:11,35813,1,14.7404761905,-0.972842261905
2012-09-05 18:44:12,35814,1,14.2936011905,-0.446875
2012-09-05 18:44:13,35815,1,14.6626488095,0.369047619048
2012-09-05 18:44:14,35816,1,15.7276785714,1.0650297619
2012-09-05 18:44:15,35817,1,17.0582589286,1.33058035714
2012-09-05 18:44:16,35818,1,18.2449404762,1.18668154762
2012-09-05 18:44:17,35819,1,19.1223958333,0.877455357143
2012-09-05 18:44:18,35820,1,19.7029017857,0.580505952381
2012-09-05 18:44:19,35821,1,20.008110119,0.305208333333
2012-09-05 18:44:20,35822,1,20.0506696429,0.0425595238095
2012-09-05 18:44:21,35823,1,19.8943452381,-0.156324404762
2012-09-05 18:44:22,35824,1,19.6250744048,-0.269270833333
2012-09-05 18:44:23,35825,1,19.2866071429,-0.338467261905
2012-09-05 18:44:24,35826,1,18.8744047619,-0.412202380952
2012-09-05 18:44:25,35827,1,18.395014881,-0.479389880952
2012-09-05 18:44:26,35828,1,17.9306547619,-0.464360119048
2012-09-05 18:44:27,35829,1,17.5916666667,-0.338988095238
2012-09-05 18:44:28,35830,1,17.3969494048,-0.194717261905
2012-09-05 18:44:29,35831,1,17.2595238095,-0.137425595238
2012-09-05 18:44:30,35832,1,17.0822172619,-0.177306547619
2012-09-05 18:44:31,35833,1,16.8383184524,-0.243898809524
2012-09-05 18:44:32,35834,1,16.5767113095,-0.261607142857
2012-09-05 18:44:33,35835,1,16.3551339286,-0.221577380952
2012-09-05 18:44:34,35836,1,16.1575892857,-0.197544642857
2012-09-05 18:44:35,35837,1,15.8673363095,-0.290252976191
2012-09-05 18:44:36,35838,1,15.3026041667,-0.564732142857
2012-09-05 18:44:37,35839,1,14.2739583333,-1.02864583333
2012-09-05 18:44:38,35840,1,12.6431547619,-1.63080357143
2012-09-05 18:44:39,35841,1,10.3930059524,-2.25014880952
2012-09-05 18:44:40,35842,1,7.69174107143,-2.70126488095
2012-09-05 18:44:41,35843,1,4.90870535714,-2.78303571429
2012-09-05 18:44:42,35844,1,2.57038690476,-2.33831845238
2012-09-05 18:44:43,35845,1,0.0,-2.57038690476
2012-09-05 18:45:06,35868,23,0.0,0.0
2012-09-05 18:45:07,35869,1,3.10260416667,3.10260416667
2012-09-05 18:45:08,35870,1,5.91183035714,2.80922619048
2012-09-05 18:45:09,35871,1,9.04479166667,3.13296130952
2012-09-05 18:45:10,35872,1,11.6319940476,2.58720238095
2012-09-05 18:45:11,35873,1,13.0284970238,1.39650297619
2012-09-05 18:45:12,35874,1,13.0234375,-0.0050595238095
2012-09-05 18:45:13,35875,1,11.8338541667,-1.18958333333
2012-09-05 18:45:14,35876,1,9.89211309524,-1.94174107143
2012-09-05 18:45:15,35877,1,7.66696428571,-2.22514880952
2012-09-05 18:45:16,35878,1,5.59992559524,-2.06703869048
2012-09-05 18:45:17,35879,1,4.02172619048,-1.57819940476
2012-09-05 18:45:18,35880,1,3.05632440476,-0.965401785714
2012-09-05 18:45:19,35881,1,2.62425595238,-0.432068452381
2012-09-05 18:45:20,35882,1,2.55587797619,-0.0683779761905
2012-09-05 18:45:21,35883,1,2.73318452381,0.177306547619
2012-09-05 18:45:22,35884,1,3.11063988095,0.377455357143
2012-09-05 18:45:23,35885,1,3.55811011905,0.447470238095
2012-09-05 18:45:24,35886,1,3.74196428571,0.183854166667
2012-09-05 18:45:25,35887,1,3.30052083333,-0.441443452381
2012-09-05 18:45:26,35888,1,2.25453869048,-1.04598214286
2012-09-05 18:45:27,35889,1,0.0,-2.25453869048
2012-09-05 18:45:55,35917,28,0.0,0.0
2012-09-05 18:45:56,35918,1,0.561755952381,0.561755952381
2012-09-05 18:45:57,35919,1,0.599553571429,0.0377976190476
2012-09-05 18:45:58,35920,1,0.0,-0.599553571429
2012-09-05 18:46:23,35945,25,0.0,0.0
2012-09-05 18:46:24,35946,1,5.37105654762,5.37105654762
2012-09-05 18:46:25,35947,1,9.42477678571,4.0537202381
2012-09-05 18:46:26,35948,1,13.11875,3.69397321429
2012-09-05 18:46:27,35949,1,15.3674107143,2.24866071429
2012-09-05 18:46:28,35950,1,15.9665178571,0.599107142857
2012-09-05 18:46:29,35951,1,15.442485119,-0.524032738095
2012-09-05 18:46:30,35952,1,14.434077381,-1.0084077381
2012-09-05 18:46:31,35953,1,13.2941964286,-1.13988095238
2012-09-05 18:46:32,35954,1,12.129077381,-1.16511904762
2012-09-05 18:46:33,35955,1,10.9014657738,-1.22761160714
2012-09-05 18:46:34,35956,1,9.48504464286,-1.41642113095
2012-09-05 18:46:35,35957,1,7.81496279762,-1.67008184524
2012-09-05 18:46:36,35958,1,6.03660714286,-1.77835565476
2012-09-05 18:46:37,35959,1,4.46566964286,-1.5709375
2012-09-05 18:46:38,35960,1,3.38433035714,-1.08133928571
2012-09-05 18:46:39,35961,1,2.84776041667,-0.536569940476
2012-09-05 18:46:40,35962,1,2.67092261905,-0.176837797619
2012-09-05 18:46:41,35963,1,2.61192708333,-0.0589955357143
2012-09-05 18:46:42,35964,1,2.54502314815,-0.0669039351852
2012-09-05 18:46:43,35965,1,2.4567650463,-0.0882581018518
2012-09-05 18:46:44,35966,1,2.36253472222,-0.0942303240741
2012-09-05 18:46:45,35967,1,2.28024884259,-0.0822858796296
2012-09-05 18:46:46,35968,1,2.23976851852,-0.0404803240741
2012-09-05 18:46:47,35969,1,2.27319444444,0.0334259259259
2012-09-05 18:46:48,35970,1,2.39421296296,0.121018518519
2012-09-05 18:46:49,35971,1,2.58913773148,0.194924768519
2012-09-05 18:46:50,35972,1,2.82586805556,0.236730324074
2012-09-05 18:46:51,35973,1,3.06761491402,0.241746858466
2012-09-05 18:46:52,35974,1,3.27966931217,0.212054398148
2012-09-05 18:46:53,35975,1,3.48298611111,0.203316798942
2012-09-05 18:46:54,35976,1,3.86591435185,0.382928240741
2012-09-05 18:46:55,35977,1,4.7699239418,0.904009589947
2012-09-05 18:46:56,35978,1,6.45525793651,1.68533399471
2012-09-05 18:46:57,35979,1,8.85171957672,2.39646164021
2012-09-05 18:46:58,35980,1,11.4684937169,2.61677414021
2012-09-05 18:46:59,35981,1,13.5111483135,2.04265459656
2012-09-05 18:47:00,35982,1,14.2273830192,0.716234705688
2012-09-05 18:47:01,35983,1,13.3027075066,-0.924675512566
2012-09-05 18:47:02,35984,1,11.0404575893,-2.26224991733
2012-09-05 18:47:03,35985,1,8.22287946429,-2.817578125
2012-09-05 18:47:04,35986,1,5.69968377976,-2.52319568452
2012-09-05 18:47:05,35987,1,3.99877232143,-1.70091145833
2012-09-05 18:47:06,35988,1,3.30275297619,-0.696019345238
2012-09-05 18:47:07,35989,1,3.65881696429,0.356063988095
2012-09-05 18:47:08,35990,1,5.0279203869,1.36910342262
2012-09-05 18:47:09,35991,1,7.11826636905,2.09034598214
2012-09-05 18:47:10,35992,1,9.29324776786,2.17498139881
2012-09-05 18:47:11,35993,1,10.8135044643,1.52025669643
2012-09-05 18:47:12,35994,1,11.2678385417,0.454334077381
2012-09-05 18:47:13,35995,1,10.7234002976,-0.544438244048
2012-09-05 18:47:14,35996,1,9.45788690476,-1.26551339286
2012-09-05 18:47:15,35997,1,7.65796130952,-1.79992559524
2012-09-05 18:47:16,35998,1,5.44464285714,-2.21331845238
2012-09-05 18:47:17,35999,1,3.16751945971,-2.27712339744
2012-09-05 18:47:18,36000,1,0.0,-3.16751945971
2012-09-05 18:47:49,36031,31,0.0,0.0
2012-09-05 18:47:50,36032,1,1.25727449634,1.25727449634
2012-09-05 18:47:51,36033,1,1.88406593407,0.626791437729
2012-09-05 18:47:52,36034,1,2.28804945055,0.403983516484
2012-09-05 18:47:53,36035,1,2.39848901099,0.11043956044
2012-09-05 18:47:54,36036,1,2.37347184066,-0.0250171703297
2012-09-05 18:47:55,36037,1,2.33485576923,-0.0386160714286
2012-09-05 18:47:56,36038,1,2.30791552198,-0.0269402472528
2012-09-05 18:47:57,36039,1,2.28464972527,-0.0232657967033
2012-09-05 18:47:58,36040,1,2.26153846154,-0.0231112637363
2012-09-05 18:47:59,36041,1,2.23846153846,-0.0230769230769
2012-09-05 18:48:00,36042,1,2.21460622711,-0.0238553113553
2012-09-05 18:48:01,36043,1,2.18754578755,-0.0270604395604
2012-09-05 18:48:02,36044,1,2.15963827839,-0.0279075091575
2012-09-05 18:48:03,36045,1,2.15137934982,-0.00825892857143
2012-09-05 18:48:04,36046,1,2.19764194139,0.0462625915751
2012-09-05 18:48:05,36047,1,2.32199519231,0.124353250916
2012-09-05 18:48:06,36048,1,2.53550251832,0.213507326007
2012-09-05 18:48:07,36049,1,2.8817135989,0.346211080586
2012-09-05 18:48:08,36050,1,3.46213369963,0.580420100733
2012-09-05 18:48:09,36051,1,4.3625,0.900366300366
2012-09-05 18:48:10,36052,1,5.51053113553,1.14803113553
2012-09-05 18:48:11,36053,1,6.61800595238,1.10747481685
2012-09-05 18:48:12,36054,1,7.31651785714,0.698511904762
2012-09-05 18:48:13,36055,1,7.40431547619,0.0877976190476
2012-09-05 18:48:14,36056,1,6.99360119048,-0.410714285714
2012-09-05 18:48:15,36057,1,6.43095238095,-0.562648809524
2012-09-05 18:48:16,36058,1,6.10119047619,-0.329761904762
2012-09-05 18:48:17,36059,1,6.27574404762,0.174553571429
2012-09-05 18:48:18,36060,1,6.98452380952,0.708779761905
2012-09-05 18:48:19,36061,1,7.94449404762,0.959970238095
2012-09-05 18:48:20,36062,1,8.70357142857,0.759077380952
2012-09-05 18:48:21,36063,1,8.93563988095,0.232068452381
2012-09-05 18:48:22,36064,1,8.65379464286,-0.281845238095
2012-09-05 18:48:23,36065,1,8.18363095238,-0.470163690476
2012-09-05 18:48:24,36066,1,7.88973214286,-0.293898809524
2012-09-05 18:48:25,36067,1,7.92217261905,0.0324404761905
2012-09-05 18:48:26,36068,1,8.24069940476,0.318526785714
2012-09-05 18:48:27,36069,1,8.77834821429,0.537648809524
2012-09-05 18:48:28,36070,1,9.50029761905,0.721949404762
2012-09-05 18:48:29,36071,1,10.348735119,0.8484375
2012-09-05 18:48:30,36072,1,11.1955357143,0.846800595238
2012-09-05 18:48:31,36073,1,11.8754464286,0.679910714286
2012-09-05 18:48:32,36074,1,12.2510416667,0.375595238095
2012-09-05 18:48:33,36075,1,12.2380952381,-0.0129464285715
2012-09-05 18:48:34,36076,1,11.8107886905,-0.427306547619
2012-09-05 18:48:35,36077,1,11.0204613095,-0.790327380952
2012-09-05 18:48:36,36078,1,10.001264881,-1.01919642857
2012-09-05 18:48:37,36079,1,8.92723214286,-1.0740327381
2012-09-05 18:48:38,36080,1,7.9396577381,-0.987574404762
2012-09-05 18:48:39,36081,1,7.10163690476,-0.838020833333
2012-09-05 18:48:40,36082,1,6.38816964286,-0.713467261905
2012-09-05 18:48:41,36083,1,5.67589285714,-0.712276785714
2012-09-05 18:48:42,36084,1,4.76636904762,-0.909523809524
2012-09-05 18:48:43,36085,1,3.5296875,-1.23668154762
2012-09-05 18:48:44,36086,1,2.13117559524,-1.39851190476
2012-09-05 18:48:45,36087,1,0.0,-2.13117559524
2012-09-05 18:49:02,36104,17,0.0,0.0
2012-09-05 18:49:03,36105,1,1.37633928571,1.37633928571
2012-09-05 18:49:04,36106,1,2.3005952381,0.924255952381
2012-09-05 18:49:05,36107,1,3.15602678571,0.855431547619
2012-09-05 18:49:06,36108,1,3.75922619048,0.603199404762
2012-09-05 18:49:07,36109,1,4.12418154762,0.364955357143
2012-09-05 18:49:08,36110,1,4.31726190476,0.193080357143
2012-09-05 18:49:09,36111,1,4.34337797619,0.0261160714286
2012-09-05 18:49:10,36112,1,4.06383928571,-0.279538690476
2012-09-05 18:49:11,36113,1,3.29040178571,-0.7734375
2012-09-05 18:49:12,36114,1,2.13928571429,-1.15111607143
2012-09-05 18:49:13,36115,1,0.0,-2.13928571429
2012-09-05 18:50:30,36192,77,0.0,0.0
2012-09-05 18:50:31,36193,1,2.02373511905,2.02373511905
2012-09-05 18:50:32,36194,1,2.93508184524,0.91134672619
2012-09-05 18:50:33,36195,1,3.33854166667,0.403459821429
2012-09-05 18:50:34,36196,1,3.21875,-0.119791666667
2012-09-05 18:50:35,36197,1,2.90238095238,-0.316369047619
2012-09-05 18:50:36,36198,1,2.64099702381,-0.261383928571
2012-09-05 18:50:37,36199,1,2.45974702381,-0.18125
2012-09-05 18:50:38,36200,1,2.21960565476,-0.240141369048
2012-09-05 18:50:39,36201,1,1.76733630952,-0.452269345238
2012-09-05 18:50:40,36202,1,1.13917410714,-0.628162202381
2012-09-05 18:50:41,36203,1,0.0,-1.13917410714
2012-09-05 18:51:59,36281,78,0.0,0.0
2012-09-05 18:52:00,36282,1,1.11488095238,1.11488095238
2012-09-05 18:52:01,36283,1,1.71160714286,0.596726190476
2012-09-05 18:52:02,36284,1,2.11607142857,0.404464285714
2012-09-05 18:52:03,36285,1,2.28444940476,0.16837797619
2012-09-05 18:52:04,36286,1,2.3037202381,0.0192708333333
2012-09-05 18:52:05,36287,1,2.15424107143,-0.149479166667
2012-09-05 18:52:06,36288,1,1.73095238095,-0.423288690476
2012-09-05 18:52:07,36289,1,1.1349702381,-0.595982142857
2012-09-05 18:52:08,36290,1,0.0,-1.1349702381
2012-09-05 18:53:21,36363,73,0.0,0.0
2012-09-05 18:53:22,36364,1,2.88943452381,2.88943452381
2012-09-05 18:53:23,36365,1,4.28854166667,1.39910714286
2012-09-05 18:53:24,36366,1,4.75833333333,0.469791666667
2012-09-05 18:53:25,36367,1,4.015625,-0.742708333333
2012-09-05 18:53:26,36368,1,2.5802827381,-1.4353422619
2012-09-05 18:53:27,36369,1,0.0,-2.5802827381
2012-09-05 18:53:53,36395,26,0.0,0.0
2012-09-05 18:53:54,36396,1,3.65342261905,3.65342261905
2012-09-05 18:53:55,36397,1,6.2712797619,2.61785714286
2012-09-05 18:53:56,36398,1,8.8290922619,2.5578125
2012-09-05 18:53:57,36399,1,11.0165178571,2.18742559524
2012-09-05 18:53:58,36400,1,13.1235119048,2.10699404762
2012-09-05 18:53:59,36401,1,15.6333333333,2.50982142857
2012-09-05 18:54:00,36402,1,18.7412946429,3.10796130952
2012-09-05 18:54:01,36403,1,22.1805803571,3.43928571429
2012-09-05 18:54:02,36404,1,25.4444196429,3.26383928571
2012-09-05 18:54:03,36405,1,28.1253720238,2.68095238095
2012-09-05 18:54:04,36406,1,30.1080357143,1.98266369048
2012-09-05 18:54:05,36407,1,31.5407738095,1.43273809524
2012-09-05 18:54:06,36408,1,32.6497767857,1.10900297619
2012-09-05 18:54:07,36409,1,33.576264881,0.926488095238
2012-09-05 18:54:08,36410,1,34.354985119,0.778720238095
2012-09-05 18:54:09,36411,1,34.9710565476,0.616071428572
2012-09-05 18:54:10,36412,1,35.412202381,0.441145833333
2012-09-05 18:54:11,36413,1,35.7041666667,0.291964285714
2012-09-05 18:54:12,36414,1,35.921577381,0.217410714286
2012-09-05 18:54:13,36415,1,36.1618303571,0.24025297619
2012-09-05 18:54:14,36416,1,36.4954613095,0.333630952381
2012-09-05 18:54:15,36417,1,36.9292410714,0.433779761905
2012-09-05 18:54:16,36418,1,37.4026785714,0.4734375
2012-09-05 18:54:17,36419,1,37.7982886905,0.395610119048
2012-09-05 18:54:18,36420,1,37.9605654762,0.162276785714
2012-09-05 18:54:19,36421,1,37.753422619,-0.207142857143
2012-09-05 18:54:20,36422,1,37.1313244048,-0.622098214286
2012-09-05 18:54:21,36423,1,36.1511160714,-0.980208333333
2012-09-05 18:54:22,36424,1,34.9194196429,-1.23169642857
2012-09-05 18:54:23,36425,1,33.5357142857,-1.38370535714
2012-09-05 18:54:24,36426,1,32.0845238095,-1.45119047619
2012-09-05 18:54:25,36427,1,30.6821428571,-1.40238095238
2012-09-05 18:54:26,36428,1,29.5015625,-1.18058035714
2012-09-05 18:54:27,36429,1,28.7090029762,-0.792559523809
2012-09-05 18:54:28,36430,1,28.3661458333,-0.342857142857
2012-09-05 18:54:29,36431,1,28.3765625,0.0104166666667
2012-09-05 18:54:30,36432,1,28.4961309524,0.119568452381
2012-09-05 18:54:31,36433,1,28.4152529762,-0.0808779761905
2012-09-05 18:54:32,36434,1,27.8808035714,-0.534449404762
2012-09-05 18:54:33,36435,1,26.7802827381,-1.10052083333
2012-09-05 18:54:34,36436,1,25.1630208333,-1.61726190476
2012-09-05 18:54:35,36437,1,23.222172619,-1.94084821429
2012-09-05 18:54:36,36438,1,21.2496279762,-1.97254464286
2012-09-05 18:54:37,36439,1,19.5757440476,-1.67388392857
2012-09-05 18:54:38,36440,1,18.4953125,-1.08043154762
2012-09-05 18:54:39,36441,1,18.1511904762,-0.34412202381
2012-09-05 18:54:40,36442,1,18.3753720238,0.224181547619
2012-09-05 18:54:41,36443,1,18.6161458333,0.240773809524
2012-09-05 18:54:42,36444,1,18.1614583333,-0.4546875
2012-09-05 18:54:43,36445,1,16.6152529762,-1.54620535714
2012-09-05 18:54:44,36446,1,14.2080357143,-2.4072172619
2012-09-05 18:54:45,36447,1,11.6345238095,-2.57351190476
2012-09-05 18:54:46,36448,1,9.58020833333,-2.05431547619
2012-09-05 18:54:47,36449,1,8.32269345238,-1.25751488095
2012-09-05 18:54:48,36450,1,7.69092261905,-0.631770833333
2012-09-05 18:54:49,36451,1,7.36592261905,-0.325
2012-09-05 18:54:50,36452,1,7.19508928571,-0.170833333333
2012-09-05 18:54:51,36453,1,7.24694940476,0.0518601190476
2012-09-05 18:54:52,36454,1,7.65297619048,0.406026785714
2012-09-05 18:54:53,36455,1,8.39613095238,0.743154761905
2012-09-05 18:54:54,36456,1,9.15610119048,0.759970238095
2012-09-05 18:54:55,36457,1,9.35044642857,0.194345238095
2012-09-05 18:54:56,36458,1,8.4490327381,-0.901413690476
2012-09-05 18:54:57,36459,1,6.39523809524,-2.05379464286
2012-09-05 18:54:58,36460,1,3.82380952381,-2.57142857143
2012-09-05 18:54:59,36461,1,0.0,-3.82380952381
2012-09-05 18:55:26,36488,27,0.0,0.0
2012-09-05 18:55:27,36489,1,1.54233630952,1.54233630952
2012-09-05 18:55:28,36490,1,2.49806547619,0.955729166667
2012-09-05 18:55:29,36491,1,3.2796875,0.78162202381
2012-09-05 18:55:30,36492,1,3.62425595238,0.344568452381
2012-09-05 18:55:31,36493,1,3.54427083333,-0.0799851190476
2012-09-05 18:55:32,36494,1,3.09620535714,-0.44806547619
2012-09-05 18:55:33,36495,1,2.32730654762,-0.768898809524
2012-09-05 18:55:34,36496,1,1.43697916667,-0.890327380952
2012-09-05 18:55:35,36497,1,0.0,-1.43697916667
2012-09-05 18:56:19,36541,44,0.0,0.0
2012-09-05 18:56:20,36542,1,3.22150297619,3.22150297619
2012-09-05 18:56:21,36543,1,6.06845238095,2.84694940476
2012-09-05 18:56:22,36544,1,9.36331845238,3.29486607143
2012-09-05 18:56:23,36545,1,12.5063244048,3.14300595238
2012-09-05 18:56:24,36546,1,15.090625,2.58430059524
2012-09-05 18:56:25,36547,1,16.9758928571,1.88526785714
2012-09-05 18:56:26,36548,1,18.2633184524,1.28742559524
2012-09-05 18:56:27,36549,1,19.2123511905,0.949032738095
2012-09-05 18:56:28,36550,1,20.1442708333,0.931919642857
2012-09-05 18:56:29,36551,1,21.3202380952,1.1759672619
2012-09-05 18:56:30,36552,1,22.8513392857,1.53110119048
2012-09-05 18:56:31,36553,1,24.6980654762,1.84672619048
2012-09-05 18:56:32,36554,1,26.6798363095,1.98177083333
2012-09-05 18:56:33,36555,1,28.5203125,1.84047619048
2012-09-05 18:56:34,36556,1,30.0342261905,1.51391369048
2012-09-05 18:56:35,36557,1,31.2677083333,1.23348214286
2012-09-05 18:56:36,36558,1,32.4160714286,1.14836309524
2012-09-05 18:56:37,36559,1,33.6589285714,1.24285714286
2012-09-05 18:56:38,36560,1,35.0045386905,1.34561011905
2012-09-05 18:56:39,36561,1,36.2258184524,1.2212797619
2012-09-05 18:56:40,36562,1,37.0226190476,0.796800595238
2012-09-05 18:56:41,36563,1,37.2490327381,0.226413690476
2012-09-05 18:56:42,36564,1,36.9897321429,-0.259300595238
2012-09-05 18:56:43,36565,1,36.5055059524,-0.484226190476
2012-09-05 18:56:44,36566,1,36.0919642857,-0.413541666667
2012-09-05 18:56:45,36567,1,35.9206845238,-0.171279761905
2012-09-05 18:56:46,36568,1,35.987202381,0.0665178571429
2012-09-05 18:56:47,36569,1,36.1867559524,0.199553571429
2012-09-05 18:56:48,36570,1,36.4241071429,0.237351190476
2012-09-05 18:56:49,36571,1,36.6532738095,0.229166666667
2012-09-05 18:56:50,36572,1,36.8412946429,0.188020833333
2012-09-05 18:56:51,36573,1,36.9363095238,0.0950148809524
2012-09-05 18:56:52,36574,1,36.8867559524,-0.0495535714285
2012-09-05 18:56:53,36575,1,36.6783482143,-0.208407738095
2012-09-05 18:56:54,36576,1,36.3213541667,-0.356994047619
2012-09-05 18:56:55,36577,1,35.7904761905,-0.530877976191
2012-09-05 18:56:56,36578,1,35.0039434524,-0.786532738095
2012-09-05 18:56:57,36579,1,33.8772321429,-1.12671130952
2012-09-05 18:56:58,36580,1,32.4013392857,-1.47589285714
2012-09-05 18:56:59,36581,1,30.6982142857,-1.703125
2012-09-05 18:57:00,36582,1,29.0086309524,-1.68958333333
2012-09-05 18:57:01,36583,1,27.5749255952,-1.43370535714
2012-09-05 18:57:02,36584,1,26.4828125,-1.09211309524
2012-09-05 18:57:03,36585,1,25.5994791667,-0.883333333333
2012-09-05 18:57:04,36586,1,24.6577380952,-0.941741071429
2012-09-05 18:57:05,36587,1,23.4269345238,-1.23080357143
2012-09-05 18:57:06,36588,1,21.8930059524,-1.53392857143
2012-09-05 18:57:07,36589,1,20.3404017857,-1.55260416667
2012-09-05 18:57:08,36590,1,19.2358630952,-1.10453869048
2012-09-05 18:57:09,36591,1,18.9804315476,-0.255431547619
2012-09-05 18:57:10,36592,1,19.708110119,0.727678571429
2012-09-05 18:57:11,36593,1,21.2316964286,1.52358630952
2012-09-05 18:57:12,36594,1,23.1578125,1.92611607143
2012-09-05 18:57:13,36595,1,25.1123511905,1.95453869048
2012-09-05 18:57:14,36596,1,26.9026785714,1.79032738095
2012-09-05 18:57:15,36597,1,28.5052083333,1.6025297619
2012-09-05 18:57:16,36598,1,29.9564732143,1.45126488095
2012-09-05 18:57:17,36599,1,31.2777529762,1.3212797619
2012-09-05 18:57:18,36600,1,32.4749255952,1.19717261905
2012-09-05 18:57:19,36601,1,33.5627232143,1.08779761905
2012-09-05 18:57:20,36602,1,34.5586309524,0.995907738095
2012-09-05 18:57:21,36603,1,35.4642113095,0.905580357143
2012-09-05 18:57:22,36604,1,36.2666666667,0.802455357143
2012-09-05 18:57:23,36605,1,36.9508184524,0.684151785714
2012-09-05 18:57:24,36606,1,37.5109375,0.560119047619
2012-09-05 18:57:25,36607,1,37.9567708333,0.445833333333
2012-09-05 18:57:26,36608,1,38.3030505952,0.346279761905
2012-09-05 18:57:27,36609,1,38.5541666667,0.251116071429
2012-09-05 18:57:28,36610,1,38.6979910714,0.143824404762
2012-09-05 18:57:29,36611,1,38.7084821429,0.0104910714285
2012-09-05 18:57:30,36612,1,38.5675595238,-0.140922619048
2012-09-05 18:57:31,36613,1,38.3037202381,-0.263839285714
2012-09-05 18:57:32,36614,1,38.0083333333,-0.295386904762
2012-09-05 18:57:33,36615,1,37.8016369048,-0.206696428571
2012-09-05 18:57:34,36616,1,37.7715029762,-0.0301339285714
2012-09-05 18:57:35,36617,1,37.9353422619,0.163839285714
2012-09-05 18:57:36,36618,1,38.2456845238,0.310342261905
2012-09-05 18:57:37,36619,1,38.6158482143,0.370163690476
2012-09-05 18:57:38,36620,1,38.9470238095,0.331175595238
2012-09-05 18:57:39,36621,1,39.1592261905,0.212202380952
2012-09-05 18:57:40,36622,1,39.2206845238,0.0614583333333
2012-09-05 18:57:41,36623,1,39.157514881,-0.0631696428571
2012-09-05 18:57:42,36624,1,39.0273065476,-0.130208333333
2012-09-05 18:57:43,36625,1,38.8744791667,-0.152827380952
2012-09-05 18:57:44,36626,1,38.7124255952,-0.162053571429
2012-09-05 18:57:45,36627,1,38.5271577381,-0.185267857143
2012-09-05 18:57:46,36628,1,38.2741071429,-0.253050595238
2012-09-05 18:57:47,36629,1,37.8953869048,-0.378720238095
2012-09-05 18:57:48,36630,1,37.365922619,-0.529464285714
2012-09-05 18:57:49,36631,1,36.7265625,-0.639360119048
2012-09-05 18:57:50,36632,1,36.0857142857,-0.640848214286
2012-09-05 18:57:51,36633,1,35.5686011905,-0.517113095238
2012-09-05 18:57:52,36634,1,35.2124255952,-0.356175595238
2012-09-05 18:57:53,36635,1,34.9026785714,-0.309747023809
2012-09-05 18:57:54,36636,1,34.4306547619,-0.472023809524
2012-09-05 18:57:55,36637,1,33.6223958333,-0.808258928571
2012-09-05 18:57:56,36638,1,32.4341517857,-1.18824404762
2012-09-05 18:57:57,36639,1,30.9490327381,-1.48511904762
2012-09-05 18:57:58,36640,1,29.2902529762,-1.6587797619
2012-09-05 18:57:59,36641,1,27.5423363095,-1.74791666667
2012-09-05 18:58:00,36642,1,25.752827381,-1.78950892857
2012-09-05 18:58:01,36643,1,23.9774553571,-1.77537202381
2012-09-05 18:58:02,36644,1,22.2965029762,-1.68095238095
2012-09-05 18:58:03,36645,1,20.8140625,-1.48244047619
2012-09-05 18:58:04,36646,1,19.6604166667,-1.15364583333
2012-09-05 18:58:05,36647,1,18.9482142857,-0.712202380952
2012-09-05 18:58:06,36648,1,18.687202381,-0.261011904762
2012-09-05 18:58:07,36649,1,18.756547619,0.0693452380952
2012-09-05 18:58:08,36650,1,18.9892857143,0.232738095238
2012-09-05 18:58:09,36651,1,19.3034970238,0.314211309524
2012-09-05 18:58:10,36652,1,19.7444940476,0.44099702381
2012-09-05 18:58:11,36653,1,20.3848958333,0.640401785714
2012-09-05 18:58:12,36654,1,21.2098214286,0.824925595238
2012-09-05 18:58:13,36655,1,22.1258184524,0.91599702381
2012-09-05 18:58:14,36656,1,23.0569940476,0.931175595238
2012-09-05 18:58:15,36657,1,24.0001488095,0.943154761905
2012-09-05 18:58:16,36658,1,24.9892113095,0.9890625
2012-09-05 18:58:17,36659,1,26.034672619,1.04546130952
2012-09-05 18:58:18,36660,1,27.1148809524,1.08020833333
2012-09-05 18:58:19,36661,1,28.199702381,1.08482142857
2012-09-05 18:58:20,36662,1,29.2491071429,1.0494047619
2012-09-05 18:58:21,36663,1,30.2005952381,0.951488095238
2012-09-05 18:58:22,36664,1,30.985639881,0.785044642857
2012-09-05 18:58:23,36665,1,31.5656994048,0.580059523809
2012-09-05 18:58:24,36666,1,31.9572172619,0.391517857143
2012-09-05 18:58:25,36667,1,32.2290178571,0.271800595238
2012-09-05 18:58:26,36668,1,32.4735863095,0.244568452381
2012-09-05 18:58:27,36669,1,32.7702380952,0.296651785714
2012-09-05 18:58:28,36670,1,33.1572916667,0.387053571429
2012-09-05 18:58:29,36671,1,33.6244047619,0.467113095238
2012-09-05 18:58:30,36672,1,34.1310267857,0.506622023809
2012-09-05 18:58:31,36673,1,34.6399553571,0.508928571429
2012-09-05 18:58:32,36674,1,35.1417410714,0.501785714286
2012-09-05 18:58:33,36675,1,35.6483630952,0.50662202381
2012-09-05 18:58:34,36676,1,36.1625744048,0.514211309524
2012-09-05 18:58:35,36677,1,36.6614583333,0.498883928571
2012-09-05 18:58:36,36678,1,37.1108630952,0.449404761905
2012-09-05 18:58:37,36679,1,37.484077381,0.373214285714
2012-09-05 18:58:38,36680,1,37.7631696429,0.279092261905
2012-09-05 18:58:39,36681,1,37.9301339286,0.166964285714
2012-09-05 18:58:40,36682,1,37.9692708333,0.0391369047619
2012-09-05 18:58:41,36683,1,37.8901041667,-0.0791666666666
2012-09-05 18:58:42,36684,1,37.7479166667,-0.1421875
2012-09-05 18:58:43,36685,1,37.6366815476,-0.111235119048
2012-09-05 18:58:44,36686,1,37.6561011905,0.0194196428572
2012-09-05 18:58:45,36687,1,37.8666666667,0.210565476191
2012-09-05 18:58:46,36688,1,38.2488839286,0.382217261905
2012-09-05 18:58:47,36689,1,38.679389881,0.430505952381
2012-09-05 18:58:48,36690,1,38.9544642857,0.275074404762
2012-09-05 18:58:49,36691,1,38.9029017857,-0.0515625
2012-09-05 18:58:50,36692,1,38.5197172619,-0.383184523809
2012-09-05 18:58:51,36693,1,37.9723958333,-0.547321428572
2012-09-05 18:58:52,36694,1,37.4704613095,-0.50193452381
2012-09-05 18:58:53,36695,1,37.1209077381,-0.349553571429
2012-09-05 18:58:54,36696,1,36.8790178571,-0.241889880952
2012-09-05 18:58:55,36697,1,36.6328125,-0.246205357143
2012-09-05 18:58:56,36698,1,36.3222470238,-0.31056547619
2012-09-05 18:58:57,36699,1,35.9574404762,-0.364806547619
2012-09-05 18:58:58,36700,1,35.5668154762,-0.390625
2012-09-05 18:58:59,36701,1,35.1867559524,-0.38005952381
2012-09-05 18:59:00,36702,1,34.8886160714,-0.298139880952
2012-09-05 18:59:01,36703,1,34.7591517857,-0.129464285714
2012-09-05 18:59:02,36704,1,34.8288690476,0.0697172619047
2012-09-05 18:59:03,36705,1,35.0366071429,0.207738095238
2012-09-05 18:59:04,36706,1,35.2673363095,0.230729166667
2012-09-05 18:59:05,36707,1,35.4063244048,0.138988095238
2012-09-05 18:59:06,36708,1,35.3844494048,-0.021875
2012-09-05 18:59:07,36709,1,35.2258184524,-0.158630952381
2012-09-05 18:59:08,36710,1,35.0379464286,-0.187872023809
2012-09-05 18:59:09,36711,1,34.9256696429,-0.112276785714
2012-09-05 18:59:10,36712,1,34.9308035714,0.0051339285715
2012-09-05 18:59:11,36713,1,35.0245535714,0.09375
2012-09-05 18:59:12,36714,1,35.1306547619,0.106101190476
2012-09-05 18:59:13,36715,1,35.2098214286,0.0791666666666
2012-09-05 18:59:14,36716,1,35.3110863095,0.101264880952
2012-09-05 18:59:15,36717,1,35.4944196429,0.183333333333
2012-09-05 18:59:16,36718,1,35.75625,0.261830357143
2012-09-05 18:59:17,36719,1,36.0495535714,0.293303571429
2012-09-05 18:59:18,36720,1,36.3051339286,0.255580357143
2012-09-05 18:59:19,36721,1,36.4125,0.107366071429
2012-09-05 18:59:20,36722,1,36.2327380952,-0.179761904762
2012-09-05 18:59:21,36723,1,35.6825892857,-0.550148809524
2012-09-05 18:59:22,36724,1,34.8280505952,-0.854538690476
2012-09-05 18:59:23,36725,1,33.8957589286,-0.932291666667
2012-09-05 18:59:24,36726,1,33.1649553571,-0.730803571428
2012-09-05 18:59:25,36727,1,32.7959077381,-0.369047619048
2012-09-05 18:59:26,36728,1,32.7378720238,-0.0580357142857
2012-09-05 18:59:27,36729,1,32.8056547619,0.0677827380953
2012-09-05 18:59:28,36730,1,32.8325892857,0.0269345238095
2012-09-05 18:59:29,36731,1,32.7558035714,-0.0767857142857
2012-09-05 18:59:30,36732,1,32.609077381,-0.146726190476
2012-09-05 18:59:31,36733,1,32.4808779762,-0.128199404762
2012-09-05 18:59:32,36734,1,32.4739583333,-0.0069196428572
2012-09-05 18:59:33,36735,1,32.663764881,0.189806547619
2012-09-05 18:59:34,36736,1,33.0577380952,0.393973214286
2012-09-05 18:59:35,36737,1,33.5915178571,0.533779761905
2012-09-05 18:59:36,36738,1,34.1787946429,0.587276785714
2012-09-05 18:59:37,36739,1,34.7520089286,0.573214285714
2012-09-05 18:59:38,36740,1,35.2290178571,0.477008928572
2012-09-05 18:59:39,36741,1,35.4607886905,0.231770833333
2012-09-05 18:59:40,36742,1,35.2741071429,-0.186681547619
2012-09-05 18:59:41,36743,1,34.6046875,-0.669419642857
2012-09-05 18:59:42,36744,1,33.5845238095,-1.02016369048
2012-09-05 18:59:43,36745,1,32.485639881,-1.09888392857
2012-09-05 18:59:44,36746,1,31.5734375,-0.912202380952
2012-09-05 18:59:45,36747,1,31.0087053571,-0.564732142857
2012-09-05 18:59:46,36748,1,30.8634672619,-0.145238095238
2012-09-05 18:59:47,36749,1,31.1705357143,0.307068452381
2012-09-05 18:59:48,36750,1,31.9150297619,0.744494047619
2012-09-05 18:59:49,36751,1,33.0071428571,1.09211309524
2012-09-05 18:59:50,36752,1,34.3095238095,1.30238095238
2012-09-05 18:59:51,36753,1,35.6900297619,1.38050595238
2012-09-05 18:59:52,36754,1,37.0416666667,1.35163690476
2012-09-05 18:59:53,36755,1,38.2767857143,1.23511904762
2012-09-05 18:59:54,36756,1,39.329389881,1.05260416667
2012-09-05 18:59:55,36757,1,40.174702381,0.8453125
2012-09-05 18:59:56,36758,1,40.8408482143,0.666145833333
2012-09-05 18:59:57,36759,1,41.3882440476,0.547395833333
2012-09-05 18:59:58,36760,1,41.8792410714,0.49099702381
2012-09-05 18:59:59,36761,1,42.3673363095,0.488095238095
2012-09-05 19:00:00,36762,1,42.8915922619,0.524255952381
2012-09-05 19:00:01,36763,1,43.4555803571,0.563988095238
2012-09-05 19:00:02,36764,1,43.9947172619,0.539136904762
2012-09-05 19:00:03,36765,1,44.35625,0.361532738095
2012-09-05 19:00:04,36766,1,44.3322916667,-0.0239583333333
2012-09-05 19:00:05,36767,1,43.7611607143,-0.571130952381
2012-09-05 19:00:06,36768,1,42.6492559524,-1.1119047619
2012-09-05 19:00:07,36769,1,41.229389881,-1.41986607143
2012-09-05 19:00:08,36770,1,39.8921130952,-1.33727678571
2012-09-05 19:00:09,36771,1,39.0063244048,-0.885788690476
2012-09-05 19:00:10,36772,1,38.7446428571,-0.261681547619
2012-09-05 19:00:11,36773,1,39.0397321429,0.295089285714
2012-09-05 19:00:12,36774,1,39.6845982143,0.644866071429
2012-09-05 19:00:13,36775,1,40.4748511905,0.790252976191
2012-09-05 19:00:14,36776,1,41.2883184524,0.813467261905
2012-09-05 19:00:15,36777,1,42.0817708333,0.793452380952
2012-09-05 19:00:16,36778,1,42.8545386905,0.772767857143
2012-09-05 19:00:17,36779,1,43.6175595238,0.763020833333
2012-09-05 19:00:18,36780,1,44.3625744048,0.745014880952
2012-09-05 19:00:19,36781,1,45.0348958333,0.672321428571
2012-09-05 19:00:20,36782,1,45.5382440476,0.503348214286
2012-09-05 19:00:21,36783,1,45.7779017857,0.239657738095
2012-09-05 19:00:22,36784,1,45.7064732143,-0.0714285714286
2012-09-05 19:00:23,36785,1,45.3253720238,-0.381101190476
2012-09-05 19:00:24,36786,1,44.6541666667,-0.671205357143
2012-09-05 19:00:25,36787,1,43.737202381,-0.916964285714
2012-09-05 19:00:26,36788,1,42.6819196429,-1.0552827381
2012-09-05 19:00:27,36789,1,41.643452381,-1.0384672619
2012-09-05 19:00:28,36790,1,40.7466517857,-0.896800595238
2012-09-05 19:00:29,36791,1,40.0207589286,-0.725892857143
2012-09-05 19:00:30,36792,1,39.4067708333,-0.613988095238
2012-09-05 19:00:31,36793,1,38.840922619,-0.565848214286
2012-09-05 19:00:32,36794,1,38.334077381,-0.506845238095
2012-09-05 19:00:33,36795,1,37.9575892857,-0.376488095238
2012-09-05 19:00:34,36796,1,37.7704613095,-0.18712797619
2012-09-05 19:00:35,36797,1,37.7801339286,0.0096726190476
2012-09-05 19:00:36,36798,1,37.9441964286,0.1640625
2012-09-05 19:00:37,36799,1,38.1844494048,0.24025297619
2012-09-05 19:00:38,36800,1,38.4180059524,0.233556547619
2012-09-05 19:00:39,36801,1,38.5773809524,0.159375
2012-09-05 19:00:40,36802,1,38.579985119,0.0026041666666
2012-09-05 19:00:41,36803,1,38.3142857143,-0.265699404762
2012-09-05 19:00:42,36804,1,37.7348958333,-0.579389880952
2012-09-05 19:00:43,36805,1,36.9883928571,-0.74650297619
2012-09-05 19:00:44,36806,1,36.3888392857,-0.599553571429
2012-09-05 19:00:45,36807,1,36.20625,-0.182589285714
2012-09-05 19:00:46,36808,1,36.4349702381,0.228720238095
2012-09-05 19:00:47,36809,1,36.7613095238,0.326339285714
2012-09-05 19:00:48,36810,1,36.7916666667,0.0303571428572
2012-09-05 19:00:49,36811,1,36.3383184524,-0.453348214286
2012-09-05 19:00:50,36812,1,35.4997767857,-0.838541666667
2012-09-05 19:00:51,36813,1,34.5232142857,-0.9765625
2012-09-05 19:00:52,36814,1,33.6491815476,-0.874032738095
2012-09-05 19:00:53,36815,1,33.0419642857,-0.607217261905
2012-09-05 19:00:54,36816,1,32.720610119,-0.321354166667
2012-09-05 19:00:55,36817,1,32.4508928571,-0.269717261905
2012-09-05 19:00:56,36818,1,31.7449404762,-0.705952380952
2012-09-05 19:00:57,36819,1,30.1077380952,-1.63720238095
2012-09-05 19:00:58,36820,1,27.4063244048,-2.70141369048
2012-09-05 19:00:59,36821,1,24.0236607143,-3.38266369048
2012-09-05 19:01:00,36822,1,20.6141369048,-3.40952380952
2012-09-05 19:01:01,36823,1,17.6714285714,-2.94270833333
2012-09-05 19:01:02,36824,1,15.2883184524,-2.38311011905
2012-09-05 19:01:03,36825,1,13.2652529762,-2.02306547619
2012-09-05 19:01:04,36826,1,11.382514881,-1.88273809524
2012-09-05 19:01:05,36827,1,9.55401785714,-1.82849702381
2012-09-05 19:01:06,36828,1,7.79508928571,-1.75892857143
2012-09-05 19:01:07,36829,1,6.14352678571,-1.6515625
2012-09-05 19:01:08,36830,1,4.65788690476,-1.48563988095
2012-09-05 19:01:09,36831,1,3.4943452381,-1.16354166667
2012-09-05 19:01:10,36832,1,2.95766369048,-0.536681547619
2012-09-05 19:01:11,36833,1,3.41488095238,0.457217261905
2012-09-05 19:01:12,36834,1,5.08854166667,1.67366071429
2012-09-05 19:01:13,36835,1,7.87150297619,2.78296130952
2012-09-05 19:01:14,36836,1,11.3122767857,3.44077380952
2012-09-05 19:01:15,36837,1,14.8148809524,3.50260416667
2012-09-05 19:01:16,36838,1,17.9166666667,3.10178571429
2012-09-05 19:01:17,36839,1,20.433110119,2.51644345238
2012-09-05 19:01:18,36840,1,22.4168154762,1.98370535714
2012-09-05 19:01:19,36841,1,24.0365327381,1.6197172619
2012-09-05 19:01:20,36842,1,25.4657738095,1.42924107143
2012-09-05 19:01:21,36843,1,26.8197916667,1.35401785714
2012-09-05 19:01:22,36844,1,28.1550595238,1.33526785714
2012-09-05 19:01:23,36845,1,29.5020833333,1.34702380952
2012-09-05 19:01:24,36846,1,30.8879464286,1.38586309524
2012-09-05 19:01:25,36847,1,32.3302827381,1.44233630952
2012-09-05 19:01:26,36848,1,33.8108630952,1.48058035714
2012-09-05 19:01:27,36849,1,35.2592261905,1.44836309524
2012-09-05 19:01:28,36850,1,36.5709821429,1.31175595238
2012-09-05 19:01:29,36851,1,37.6515625,1.08058035714
2012-09-05 19:01:30,36852,1,38.4588541667,0.807291666667
2012-09-05 19:01:31,36853,1,39.0181547619,0.559300595238
2012-09-05 19:01:32,36854,1,39.3949404762,0.376785714286
2012-09-05 19:01:33,36855,1,39.6504464286,0.255505952381
2012-09-05 19:01:34,36856,1,39.8212797619,0.170833333333
2012-09-05 19:01:35,36857,1,39.9249255952,0.103645833333
2012-09-05 19:01:36,36858,1,39.9708333333,0.0459077380952
2012-09-05 19:01:37,36859,1,39.9683779762,-0.0024553571428
2012-09-05 19:01:38,36860,1,39.9244791667,-0.0438988095238
2012-09-05 19:01:39,36861,1,39.8384672619,-0.0860119047619
2012-09-05 19:01:40,36862,1,39.7165922619,-0.121875
2012-09-05 19:01:41,36863,1,39.5951636905,-0.121428571429
2012-09-05 19:01:42,36864,1,39.5342261905,-0.0609375
2012-09-05 19:01:43,36865,1,39.5732886905,0.0390625
2012-09-05 19:01:44,36866,1,39.6863095238,0.113020833333
2012-09-05 19:01:45,36867,1,39.7837053571,0.0973958333334
2012-09-05 19:01:46,36868,1,39.7658482143,-0.0178571428572
2012-09-05 19:01:47,36869,1,39.5851190476,-0.180729166667
2012-09-05 19:01:48,36870,1,39.2757440476,-0.309375
2012-09-05 19:01:49,36871,1,38.9331845238,-0.34255952381
2012-09-05 19:01:50,36872,1,38.6537946429,-0.279389880952
2012-09-05 19:01:51,36873,1,38.4822916667,-0.17150297619
2012-09-05 19:01:52,36874,1,38.4072172619,-0.0750744047619
2012-09-05 19:01:53,36875,1,38.3955357143,-0.0116815476191
2012-09-05 19:01:54,36876,1,38.428125,0.0325892857143
2012-09-05 19:01:55,36877,1,38.505952381,0.0778273809524
2012-09-05 19:01:56,36878,1,38.6259672619,0.120014880952
2012-09-05 19:01:57,36879,1,38.7519345238,0.125967261905
2012-09-05 19:01:58,36880,1,38.815625,0.0636904761905
2012-09-05 19:01:59,36881,1,38.7577380952,-0.0578869047619
2012-09-05 19:02:00,36882,1,38.558110119,-0.199627976191
2012-09-05 19:02:01,36883,1,38.2134672619,-0.344642857143
2012-09-05 19:02:02,36884,1,37.7123511905,-0.501116071429
2012-09-05 19:02:03,36885,1,37.0672619048,-0.645089285714
2012-09-05 19:02:04,36886,1,36.3660714286,-0.70119047619
2012-09-05 19:02:05,36887,1,35.7580357143,-0.608035714286
2012-09-05 19:02:06,36888,1,35.3526785714,-0.405357142857
2012-09-05 19:02:07,36889,1,35.1077380952,-0.244940476191
2012-09-05 19:02:08,36890,1,34.8279761905,-0.279761904762
2012-09-05 19:02:09,36891,1,34.3095238095,-0.518452380952
2012-09-05 19:02:10,36892,1,33.5007440476,-0.808779761905
2012-09-05 19:02:11,36893,1,32.5273809524,-0.973363095238
2012-09-05 19:02:12,36894,1,31.5832589286,-0.94412202381
2012-09-05 19:02:13,36895,1,30.8086309524,-0.774627976191
2012-09-05 19:02:14,36896,1,30.2572916667,-0.551339285714
2012-09-05 19:02:15,36897,1,29.9497767857,-0.307514880952
2012-09-05 19:02:16,36898,1,29.9241071429,-0.0256696428572
2012-09-05 19:02:17,36899,1,30.216889881,0.292782738095
2012-09-05 19:02:18,36900,1,30.8022321429,0.585342261905
2012-09-05 19:02:19,36901,1,31.5601190476,0.757886904762
2012-09-05 19:02:20,36902,1,32.3214285714,0.76130952381
2012-09-05 19:02:21,36903,1,32.9844494048,0.663020833333
2012-09-05 19:02:22,36904,1,33.5991815476,0.614732142857
2012-09-05 19:02:23,36905,1,34.2988095238,0.699627976191
2012-09-05 19:02:24,36906,1,35.1430059524,0.844196428572
2012-09-05 19:02:25,36907,1,36.0375744048,0.894568452381
2012-09-05 19:02:26,36908,1,36.7828869048,0.7453125
2012-09-05 19:02:27,36909,1,37.2236607143,0.440773809524
2012-09-05 19:02:28,36910,1,37.3863839286,0.162723214286
2012-09-05 19:02:29,36911,1,37.4499255952,0.0635416666667
2012-09-05 19:02:30,36912,1,37.5970238095,0.147098214286
2012-09-05 19:02:31,36913,1,37.9095238095,0.3125
2012-09-05 19:02:32,36914,1,38.3398065476,0.430282738095
2012-09-05 19:02:33,36915,1,38.7426339286,0.402827380952
2012-09-05 19:02:34,36916,1,38.9683779762,0.225744047619
2012-09-05 19:02:35,36917,1,38.958110119,-0.0102678571429
2012-09-05 19:02:36,36918,1,38.7745535714,-0.183556547619
2012-09-05 19:02:37,36919,1,38.5645089286,-0.210044642857
2012-09-05 19:02:38,36920,1,38.4794642857,-0.0850446428571
2012-09-05 19:02:39,36921,1,38.6048363095,0.125372023809
2012-09-05 19:02:40,36922,1,38.9476934524,0.342857142857
2012-09-05 19:02:41,36923,1,39.4669642857,0.519270833333
2012-09-05 19:02:42,36924,1,40.1005208333,0.633556547619
2012-09-05 19:02:43,36925,1,40.7788690476,0.678348214286
2012-09-05 19:02:44,36926,1,41.4321428571,0.653273809524
2012-09-05 19:02:45,36927,1,42.0021577381,0.570014880952
2012-09-05 19:02:46,36928,1,42.4636904762,0.461532738095
2012-09-05 19:02:47,36929,1,42.8316220238,0.367931547619
2012-09-05 19:02:48,36930,1,43.1412202381,0.309598214286
2012-09-05 19:02:49,36931,1,43.4232142857,0.281994047619
2012-09-05 19:02:50,36932,1,43.6947172619,0.27150297619
2012-09-05 19:02:51,36933,1,43.9628720238,0.268154761905
2012-09-05 19:02:52,36934,1,44.2285714286,0.265699404762
2012-09-05 19:02:53,36935,1,44.4864583333,0.257886904762
2012-09-05 19:02:54,36936,1,44.7243303571,0.23787202381
2012-09-05 19:02:55,36937,1,44.9255208333,0.20119047619
2012-09-05 19:02:56,36938,1,45.0773065476,0.151785714286
2012-09-05 19:02:57,36939,1,45.1799107143,0.102604166667
2012-09-05 19:02:58,36940,1,45.2412946429,0.0613839285714
2012-09-05 19:02:59,36941,1,45.2644345238,0.0231398809524
2012-09-05 19:03:00,36942,1,45.2531994048,-0.0112351190476
2012-09-05 19:03:01,36943,1,45.2232886905,-0.0299107142857
2012-09-05 19:03:02,36944,1,45.1871279762,-0.0361607142857
2012-09-05 19:03:03,36945,1,45.134375,-0.0527529761905
2012-09-05 19:03:04,36946,1,45.0407738095,-0.0936011904762
2012-09-05 19:03:05,36947,1,44.8968005952,-0.143973214286
2012-09-05 19:03:06,36948,1,44.7302083333,-0.166592261905
2012-09-05 19:03:07,36949,1,44.5979166667,-0.132291666667
2012-09-05 19:03:08,36950,1,44.5508928571,-0.0470238095238
2012-09-05 19:03:09,36951,1,44.6136160714,0.0627232142857
2012-09-05 19:03:10,36952,1,44.7976190476,0.18400297619
2012-09-05 19:03:11,36953,1,45.1218005952,0.324181547619
2012-09-05 19:03:12,36954,1,45.6093005952,0.4875
2012-09-05 19:03:13,36955,1,46.2583333333,0.649032738095
2012-09-05 19:03:14,36956,1,47.0072916667,0.748958333333
2012-09-05 19:03:15,36957,1,47.7170386905,0.709747023809
2012-09-05 19:03:16,36958,1,48.1975446429,0.480505952381
2012-09-05 19:03:17,36959,1,48.2944196429,0.0968750000001
2012-09-05 19:03:18,36960,1,47.9819940476,-0.312425595238
2012-09-05 19:03:19,36961,1,47.3802827381,-0.601711309524
2012-09-05 19:03:20,36962,1,46.6773809524,-0.702901785714
2012-09-05 19:03:21,36963,1,46.0024553571,-0.674925595238
2012-09-05 19:03:22,36964,1,45.3496279762,-0.652827380952
2012-09-05 19:03:23,36965,1,44.6470982143,-0.702529761905
2012-09-05 19:03:24,36966,1,43.9043154762,-0.742782738095
2012-09-05 19:03:25,36967,1,43.2634672619,-0.640848214286
2012-09-05 19:03:26,36968,1,42.9082589286,-0.355208333333
2012-09-05 19:03:27,36969,1,42.9337053571,0.0254464285715
2012-09-05 19:03:28,36970,1,43.2913690476,0.357663690476
2012-09-05 19:03:29,36971,1,43.8503720238,0.55900297619
2012-09-05 19:03:30,36972,1,44.5038690476,0.653497023809
2012-09-05 19:03:31,36973,1,45.2027529762,0.698883928572
2012-09-05 19:03:32,36974,1,45.9029017857,0.700148809524
2012-09-05 19:03:33,36975,1,46.5200892857,0.6171875
2012-09-05 19:03:34,36976,1,46.944047619,0.423958333333
2012-09-05 19:03:35,36977,1,47.0823660714,0.138318452381
2012-09-05 19:03:36,36978,1,46.9008184524,-0.181547619048
2012-09-05 19:03:37,36979,1,46.4460565476,-0.454761904762
2012-09-05 19:03:38,36980,1,45.8435267857,-0.602529761905
2012-09-05 19:03:39,36981,1,45.2699404762,-0.573586309524
2012-09-05 19:03:40,36982,1,44.8913690476,-0.378571428571
2012-09-05 19:03:41,36983,1,44.7594494048,-0.131919642857
2012-09-05 19:03:42,36984,1,44.728125,-0.0313244047619
2012-09-05 19:03:43,36985,1,44.503422619,-0.224702380952
2012-09-05 19:03:44,36986,1,43.8200892857,-0.683333333333
2012-09-05 19:03:45,36987,1,42.5938988095,-1.22619047619
2012-09-05 19:03:46,36988,1,40.939360119,-1.65453869048
2012-09-05 19:03:47,36989,1,39.0652529762,-1.87410714286
2012-09-05 19:03:48,36990,1,37.1386160714,-1.92663690476
2012-09-05 19:03:49,36991,1,35.2293154762,-1.90930059524
2012-09-05 19:03:50,36992,1,33.351264881,-1.87805059524
2012-09-05 19:03:51,36993,1,31.4991071429,-1.8521577381
2012-09-05 19:03:52,36994,1,29.6274553571,-1.87165178571
2012-09-05 19:03:53,36995,1,27.6408482143,-1.98660714286
2012-09-05 19:03:54,36996,1,25.4337797619,-2.20706845238
2012-09-05 19:03:55,36997,1,22.9145833333,-2.51919642857
2012-09-05 19:03:56,36998,1,20.0129464286,-2.90163690476
2012-09-05 19:03:57,36999,1,16.7529017857,-3.26004464286
2012-09-05 19:03:58,37000,1,13.3219122024,-3.43098958333
2012-09-05 19:03:59,37001,1,10.0162946429,-3.30561755952
2012-09-05 19:04:00,37002,1,7.13236607143,-2.88392857143
2012-09-05 19:04:01,37003,1,4.91116071429,-2.22120535714
2012-09-05 19:04:02,37004,1,3.56395089286,-1.34720982143
2012-09-05 19:04:03,37005,1,3.33526785714,-0.228683035714
2012-09-05 19:04:04,37006,1,4.44274553571,1.10747767857
2012-09-05 19:04:05,37007,1,6.86607142857,2.42332589286
2012-09-05 19:04:06,37008,1,10.2398809524,3.37380952381
2012-09-05 19:04:07,37009,1,14.0074404762,3.76755952381
2012-09-05 19:04:08,37010,1,17.6888020833,3.68136160714
2012-09-05 19:04:09,37011,1,21.037202381,3.34840029762
2012-09-05 19:04:10,37012,1,24.0031994048,2.96599702381
2012-09-05 19:04:11,37013,1,26.620014881,2.61681547619
2012-09-05 19:04:12,37014,1,28.9424107143,2.32239583333
2012-09-05 19:04:13,37015,1,31.0294642857,2.08705357143
2012-09-05 19:04:14,37016,1,32.9168154762,1.88735119048
2012-09-05 19:04:15,37017,1,34.5988095238,1.68199404762
2012-09-05 19:04:16,37018,1,36.0566220238,1.4578125
2012-09-05 19:04:17,37019,1,37.3020833333,1.24546130952
2012-09-05 19:04:18,37020,1,38.3805803571,1.07849702381
2012-09-05 19:04:19,37021,1,39.3230654762,0.942485119048
2012-09-05 19:04:20,37022,1,40.0962053571,0.773139880952
2012-09-05 19:04:21,37023,1,40.6176339286,0.521428571429
2012-09-05 19:04:22,37024,1,40.8366071429,0.218973214286
2012-09-05 19:04:23,37025,1,40.7999255952,-0.036681547619
2012-09-05 19:04:24,37026,1,40.645014881,-0.154910714286
2012-09-05 19:04:25,37027,1,40.5321428571,-0.11287202381
2012-09-05 19:04:26,37028,1,40.5667410714,0.0345982142857
2012-09-05 19:04:27,37029,1,40.7692708333,0.202529761905
2012-09-05 19:04:28,37030,1,41.0970982143,0.327827380952
2012-09-05 19:04:29,37031,1,41.4760416667,0.378943452381
2012-09-05 19:04:30,37032,1,41.8367559524,0.360714285714
2012-09-05 19:04:31,37033,1,42.1616071429,0.324851190476
2012-09-05 19:04:32,37034,1,42.5043154762,0.342708333333
2012-09-05 19:04:33,37035,1,42.9578125,0.45349702381
2012-09-05 19:04:34,37036,1,43.572172619,0.614360119048
2012-09-05 19:04:35,37037,1,44.2488095238,0.676636904762
2012-09-05 19:04:36,37038,1,44.7283482143,0.479538690476
2012-09-05 19:04:37,37039,1,44.7693452381,0.0409970238095
2012-09-05 19:04:38,37040,1,44.380952381,-0.388392857143
2012-09-05 19:04:39,37041,1,43.8660714286,-0.514880952381
2012-09-05 19:04:40,37042,1,43.6246279762,-0.241443452381
2012-09-05 19:04:41,37043,1,43.8771577381,0.252529761905
2012-09-05 19:04:42,37044,1,44.5270833333,0.649925595238
2012-09-05 19:04:43,37045,1,45.2765625,0.749479166667
2012-09-05 19:04:44,37046,1,45.8615327381,0.584970238095
2012-09-05 19:04:45,37047,1,46.1650297619,0.30349702381
2012-09-05 19:04:46,37048,1,46.1680803571,0.0030505952381
2012-09-05 19:04:47,37049,1,45.8735863095,-0.294494047619
2012-09-05 19:04:48,37050,1,45.2933035714,-0.580282738095
2012-09-05 19:04:49,37051,1,44.4933779762,-0.799925595238
2012-09-05 19:04:50,37052,1,43.6351190476,-0.858258928572
2012-09-05 19:04:51,37053,1,42.9246279762,-0.710491071428
2012-09-05 19:04:52,37054,1,42.4650297619,-0.459598214286
2012-09-05 19:04:53,37055,1,42.140327381,-0.324702380952
2012-09-05 19:04:54,37056,1,41.6764880952,-0.463839285714
2012-09-05 19:04:55,37057,1,40.8661458333,-0.810342261905
2012-09-05 19:04:56,37058,1,39.7572916667,-1.10885416667
2012-09-05 19:04:57,37059,1,38.614360119,-1.14293154762
2012-09-05 19:04:58,37060,1,37.6886904762,-0.925669642857
2012-09-05 19:04:59,37061,1,37.0248511905,-0.663839285714
2012-09-05 19:05:00,37062,1,36.4720982143,-0.55275297619
2012-09-05 19:05:01,37063,1,35.8614583333,-0.610639880952
2012-09-05 19:05:02,37064,1,35.1668154762,-0.694642857143
2012-09-05 19:05:03,37065,1,34.5155505952,-0.651264880952
2012-09-05 19:05:04,37066,1,34.0756696429,-0.439880952381
2012-09-05 19:05:05,37067,1,33.93125,-0.144419642857
2012-09-05 19:05:06,37068,1,34.0171130952,0.0858630952381
2012-09-05 19:05:07,37069,1,34.1213541667,0.104241071429
2012-09-05 19:05:08,37070,1,33.9444940476,-0.176860119048
2012-09-05 19:05:09,37071,1,33.2055803571,-0.738913690476
2012-09-05 19:05:10,37072,1,31.7753720238,-1.43020833333
2012-09-05 19:05:11,37073,1,29.7849702381,-1.99040178571
2012-09-05 19:05:12,37074,1,27.6174107143,-2.16755952381
2012-09-05 19:05:13,37075,1,25.726860119,-1.89055059524
2012-09-05 19:05:14,37076,1,24.3918154762,-1.33504464286
2012-09-05 19:05:15,37077,1,23.6024553571,-0.789360119048
2012-09-05 19:05:16,37078,1,23.152827381,-0.449627976191
2012-09-05 19:05:17,37079,1,22.8113839286,-0.341443452381
2012-09-05 19:05:18,37080,1,22.39375,-0.417633928571
2012-09-05 19:05:19,37081,1,21.7171875,-0.6765625
2012-09-05 19:05:20,37082,1,20.6002232143,-1.11696428571
2012-09-05 19:05:21,37083,1,18.9939732143,-1.60625
2012-09-05 19:05:22,37084,1,17.0867559524,-1.9072172619
2012-09-05 19:05:23,37085,1,15.2148065476,-1.87194940476
2012-09-05 19:05:24,37086,1,13.6456845238,-1.56912202381
2012-09-05 19:05:25,37087,1,12.4296130952,-1.21607142857
2012-09-05 19:05:26,37088,1,11.4249255952,-1.0046875
2012-09-05 19:05:27,37089,1,10.4366071429,-0.988318452381
2012-09-05 19:05:28,37090,1,9.3302827381,-1.10632440476
2012-09-05 19:05:29,37091,1,8.06629464286,-1.26398809524
2012-09-05 19:05:30,37092,1,6.69642857143,-1.36986607143
2012-09-05 19:05:31,37093,1,5.34464285714,-1.35178571429
2012-09-05 19:05:32,37094,1,4.1337797619,-1.21086309524
2012-09-05 19:05:33,37095,1,3.07723214286,-1.05654761905
2012-09-05 19:05:34,37096,1,2.09211309524,-0.985119047619
2012-09-05 19:05:35,37097,1,1.22522321429,-0.866889880952
2012-09-05 19:05:36,37098,1,0.0,-1.22522321429
2012-09-05 19:05:52,37114,16,0.0,0.0
2012-09-05 19:05:53,37115,1,3.06473214286,3.06473214286
2012-09-05 19:05:54,37116,1,5.10074404762,2.03601190476
2012-09-05 19:05:55,37117,1,6.87790178571,1.7771577381
2012-09-05 19:05:56,37118,1,8.08556547619,1.20766369048
2012-09-05 19:05:57,37119,1,8.78697916667,0.701413690476
2012-09-05 19:05:58,37120,1,9.19985119048,0.41287202381
2012-09-05 19:05:59,37121,1,9.55855654762,0.358705357143
2012-09-05 19:06:00,37122,1,10.061235119,0.502678571429
2012-09-05 19:06:01,37123,1,10.8177083333,0.756473214286
2012-09-05 19:06:02,37124,1,11.8001488095,0.98244047619
2012-09-05 19:06:03,37125,1,12.8666666667,1.06651785714
2012-09-05 19:06:04,37126,1,13.8585565476,0.991889880952
2012-09-05 19:06:05,37127,1,14.6875744048,0.829017857143
2012-09-05 19:06:06,37128,1,15.3581845238,0.670610119048
2012-09-05 19:06:07,37129,1,15.9400297619,0.581845238095
2012-09-05 19:06:08,37130,1,16.5331845238,0.593154761905
2012-09-05 19:06:09,37131,1,17.2287946429,0.695610119048
2012-09-05 19:06:10,37132,1,18.025,0.796205357143
2012-09-05 19:06:11,37133,1,18.742485119,0.717485119048
2012-09-05 19:06:12,37134,1,19.0889880952,0.346502976191
2012-09-05 19:06:13,37135,1,18.9000744048,-0.188913690476
2012-09-05 19:06:14,37136,1,18.3389880952,-0.561086309524
2012-09-05 19:06:15,37137,1,17.8330357143,-0.505952380952
2012-09-05 19:06:16,37138,1,17.7978422619,-0.0351934523809
2012-09-05 19:06:17,37139,1,18.4020089286,0.604166666667
2012-09-05 19:06:18,37140,1,19.5416666667,1.1396577381
2012-09-05 19:06:19,37141,1,20.9540178571,1.41235119048
2012-09-05 19:06:20,37142,1,22.2655505952,1.3115327381
2012-09-05 19:06:21,37143,1,22.9569940476,0.691443452381
2012-09-05 19:06:22,37144,1,22.46875,-0.488244047619
2012-09-05 19:06:23,37145,1,20.4969866071,-1.97176339286
2012-09-05 19:06:24,37146,1,17.2146577381,-3.28232886905
2012-09-05 19:06:25,37147,1,13.2,-4.0146577381
2012-09-05 19:06:26,37148,1,9.13415178571,-4.06584821429
2012-09-05 19:06:27,37149,1,5.54501488095,-3.58913690476
2012-09-05 19:06:28,37150,1,2.84389880952,-2.70111607143
2012-09-05 19:06:29,37151,1,0.0,-2.84389880952
2012-09-05 19:07:51,37233,82,0.0,0.0
2012-09-05 19:07:52,37234,1,4.97354910714,4.97354910714
2012-09-05 19:07:53,37235,1,9.40275297619,4.42920386905
2012-09-05 19:07:54,37236,1,14.5570684524,5.15431547619
2012-09-05 19:07:55,37237,1,19.5683035714,5.01123511905
2012-09-05 19:07:56,37238,1,23.9148065476,4.34650297619
2012-09-05 19:07:57,37239,1,27.4406994048,3.52589285714
2012-09-05 19:07:58,37240,1,30.2023065476,2.76160714286
2012-09-05 19:07:59,37241,1,32.313764881,2.11145833333
2012-09-05 19:08:00,37242,1,33.878422619,1.5646577381
2012-09-05 19:08:01,37243,1,34.984375,1.10595238095
2012-09-05 19:08:02,37244,1,35.7308779762,0.74650297619
2012-09-05 19:08:03,37245,1,36.2375,0.506622023809
2012-09-05 19:08:04,37246,1,36.6218005952,0.384300595238
2012-09-05 19:08:05,37247,1,36.9733630952,0.3515625
2012-09-05 19:08:06,37248,1,37.3293154762,0.355952380952
2012-09-05 19:08:07,37249,1,37.6755952381,0.346279761905
2012-09-05 19:08:08,37250,1,37.9901041667,0.314508928571
2012-09-05 19:08:09,37251,1,38.2744047619,0.284300595238
2012-09-05 19:08:10,37252,1,38.5547619048,0.280357142857
2012-09-05 19:08:11,37253,1,38.8851190476,0.330357142857
2012-09-05 19:08:12,37254,1,39.3364583333,0.451339285714
2012-09-05 19:08:13,37255,1,39.9541666667,0.617708333333
2012-09-05 19:08:14,37256,1,40.7216517857,0.767485119048
2012-09-05 19:08:15,37257,1,41.5610863095,0.83943452381
2012-09-05 19:08:16,37258,1,42.3655505952,0.804464285714
2012-09-05 19:08:17,37259,1,43.0461309524,0.680580357143
2012-09-05 19:08:18,37260,1,43.5657738095,0.519642857143
2012-09-05 19:08:19,37261,1,43.9412202381,0.375446428571
2012-09-05 19:08:20,37262,1,44.2270089286,0.285788690476
2012-09-05 19:08:21,37263,1,44.4869791667,0.259970238095
2012-09-05 19:08:22,37264,1,44.7473214286,0.260342261905
2012-09-05 19:08:23,37265,1,44.9647321429,0.217410714286
2012-09-05 19:08:24,37266,1,45.054985119,0.0902529761905
2012-09-05 19:08:25,37267,1,44.9720238095,-0.0829613095238
2012-09-05 19:08:26,37268,1,44.7693452381,-0.202678571429
2012-09-05 19:08:27,37269,1,44.5776041667,-0.191741071428
2012-09-05 19:08:28,37270,1,44.5142857143,-0.063318452381
2012-09-05 19:08:29,37271,1,44.6139136905,0.0996279761905
2012-09-05 19:08:30,37272,1,44.8302827381,0.216369047619
2012-09-05 19:08:31,37273,1,45.0790178571,0.248735119048
2012-09-05 19:08:32,37274,1,45.2604017857,0.181383928571
2012-09-05 19:08:33,37275,1,45.2428720238,-0.0175297619048
2012-09-05 19:08:34,37276,1,44.876860119,-0.366011904762
2012-09-05 19:08:35,37277,1,44.1036160714,-0.773244047619
2012-09-05 19:08:36,37278,1,43.0540922619,-1.04952380952
2012-09-05 19:08:37,37279,1,41.9945386905,-1.05955357143
2012-09-05 19:08:38,37280,1,41.1642410714,-0.830297619048
2012-09-05 19:08:39,37281,1,40.6441517857,-0.520089285714
2012-09-05 19:08:40,37282,1,40.3451041667,-0.299047619048
2012-09-05 19:08:41,37283,1,40.1227529762,-0.222351190476
2012-09-05 19:08:42,37284,1,39.8973214286,-0.225431547619
2012-09-05 19:08:43,37285,1,39.6592410714,-0.238080357143
2012-09-05 19:08:44,37286,1,39.4112946429,-0.247946428571
2012-09-05 19:08:45,37287,1,39.1533928571,-0.257901785714
2012-09-05 19:08:46,37288,1,38.9255654762,-0.227827380952
2012-09-05 19:08:47,37289,1,38.8338839286,-0.0916815476191
2012-09-05 19:08:48,37290,1,38.9861607143,0.152276785714
2012-09-05 19:08:49,37291,1,39.389985119,0.403824404762
2012-09-05 19:08:50,37292,1,39.9213541667,0.531369047619
2012-09-05 19:08:51,37293,1,40.3864434524,0.465089285714
2012-09-05 19:08:52,37294,1,40.6402678571,0.253824404762
2012-09-05 19:08:53,37295,1,40.6703869048,0.030119047619
2012-09-05 19:08:54,37296,1,40.5546875,-0.115699404762
2012-09-05 19:08:55,37297,1,40.3720238095,-0.182663690476
2012-09-05 19:08:56,37298,1,40.1851190476,-0.186904761905
2012-09-05 19:08:57,37299,1,40.0508184524,-0.134300595238
2012-09-05 19:08:58,37300,1,39.9922619048,-0.0585565476191
2012-09-05 19:08:59,37301,1,39.9694196429,-0.0228422619048
2012-09-05 19:09:00,37302,1,39.8969494048,-0.0724702380952
2012-09-05 19:09:01,37303,1,39.7085565476,-0.188392857143
2012-09-05 19:09:02,37304,1,39.4144345238,-0.294122023809
2012-09-05 19:09:03,37305,1,39.0948660714,-0.319568452381
2012-09-05 19:09:04,37306,1,38.8360863095,-0.258779761905
2012-09-05 19:09:05,37307,1,38.6715029762,-0.164583333333
2012-09-05 19:09:06,37308,1,38.5841517857,-0.0873511904762
2012-09-05 19:09:07,37309,1,38.5488095238,-0.0353422619048
2012-09-05 19:09:08,37310,1,38.5445684524,-0.0042410714286
2012-09-05 19:09:09,37311,1,38.5329613095,-0.0116071428571
2012-09-05 19:09:10,37312,1,38.4511904762,-0.0817708333333
2012-09-05 19:09:11,37313,1,38.2370535714,-0.214136904762
2012-09-05 19:09:12,37314,1,37.873735119,-0.363318452381
2012-09-05 19:09:13,37315,1,37.4254464286,-0.448288690476
2012-09-05 19:09:14,37316,1,37.0130208333,-0.412425595238
2012-09-05 19:09:15,37317,1,36.7358630952,-0.277157738095
2012-09-05 19:09:16,37318,1,36.6224702381,-0.113392857143
2012-09-05 19:09:17,37319,1,36.6472470238,0.0247767857143
2012-09-05 19:09:18,37320,1,36.7722470238,0.125
2012-09-05 19:09:19,37321,1,36.971875,0.19962797619
2012-09-05 19:09:20,37322,1,37.2202380952,0.248363095238
2012-09-05 19:09:21,37323,1,37.4515625,0.231324404762
2012-09-05 19:09:22,37324,1,37.5616071429,0.110044642857
2012-09-05 19:09:23,37325,1,37.4845238095,-0.0770833333333
2012-09-05 19:09:24,37326,1,37.2602678571,-0.224255952381
2012-09-05 19:09:25,37327,1,37.0165178571,-0.24375
2012-09-05 19:09:26,37328,1,36.8959821429,-0.120535714286
2012-09-05 19:09:27,37329,1,36.9805803571,0.0845982142858
2012-09-05 19:09:28,37330,1,37.2580357143,0.277455357143
2012-09-05 19:09:29,37331,1,37.658110119,0.400074404762
2012-09-05 19:09:30,37332,1,38.0994791667,0.441369047619
2012-09-05 19:09:31,37333,1,38.4944940476,0.395014880952
2012-09-05 19:09:32,37334,1,38.7587053571,0.264211309524
2012-09-05 19:09:33,37335,1,38.8577380952,0.0990327380952
2012-09-05 19:09:34,37336,1,38.8433779762,-0.0143601190476
2012-09-05 19:09:35,37337,1,38.8258928571,-0.0174851190476
2012-09-05 19:09:36,37338,1,38.8834077381,0.0575148809523
2012-09-05 19:09:37,37339,1,38.9836309524,0.100223214286
2012-09-05 19:09:38,37340,1,39.0078869048,0.024255952381
2012-09-05 19:09:39,37341,1,38.8574404762,-0.150446428571
2012-09-05 19:09:40,37342,1,38.5386160714,-0.318824404762
2012-09-05 19:09:41,37343,1,38.1677083333,-0.370907738095
2012-09-05 19:09:42,37344,1,37.8952380952,-0.272470238095
2012-09-05 19:09:43,37345,1,37.8011160714,-0.0941220238095
2012-09-05 19:09:44,37346,1,37.8476190476,0.0465029761905
2012-09-05 19:09:45,37347,1,37.912202381,0.0645833333333
2012-09-05 19:09:46,37348,1,37.8660714286,-0.046130952381
2012-09-05 19:09:47,37349,1,37.6706845238,-0.195386904762
2012-09-05 19:09:48,37350,1,37.430952381,-0.239732142857
2012-09-05 19:09:49,37351,1,37.3445684524,-0.0863839285715
2012-09-05 19:09:50,37352,1,37.5642857143,0.219717261905
2012-09-05 19:09:51,37353,1,38.0630208333,0.498735119048
2012-09-05 19:09:52,37354,1,38.6249255952,0.561904761905
2012-09-05 19:09:53,37355,1,38.9865327381,0.361607142857
2012-09-05 19:09:54,37356,1,39.0016369048,0.0151041666667
2012-09-05 19:09:55,37357,1,38.717485119,-0.284151785714
2012-09-05 19:09:56,37358,1,38.3290178571,-0.388467261905
2012-09-05 19:09:57,37359,1,38.036235119,-0.292782738095
2012-09-05 19:09:58,37360,1,37.9283482143,-0.107886904762
2012-09-05 19:09:59,37361,1,37.9916666667,0.063318452381
2012-09-05 19:10:00,37362,1,38.1836309524,0.191964285714
2012-09-05 19:10:01,37363,1,38.4888392857,0.305208333333
2012-09-05 19:10:02,37364,1,38.9281994048,0.439360119048
2012-09-05 19:10:03,37365,1,39.5100446429,0.581845238095
2012-09-05 19:10:04,37366,1,40.170610119,0.66056547619
2012-09-05 19:10:05,37367,1,40.7818452381,0.611235119048
2012-09-05 19:10:06,37368,1,41.2173363095,0.435491071429
2012-09-05 19:10:07,37369,1,41.4055803571,0.188244047619
2012-09-05 19:10:08,37370,1,41.3399553571,-0.065625
2012-09-05 19:10:09,37371,1,41.0629464286,-0.277008928571
2012-09-05 19:10:10,37372,1,40.6534970238,-0.409449404762
2012-09-05 19:10:11,37373,1,40.2261904762,-0.427306547619
2012-09-05 19:10:12,37374,1,39.9162202381,-0.309970238095
2012-09-05 19:10:13,37375,1,39.8264136905,-0.089806547619
2012-09-05 19:10:14,37376,1,39.9633928571,0.136979166667
2012-09-05 19:10:15,37377,1,40.2290178571,0.265625
2012-09-05 19:10:16,37378,1,40.4883928571,0.259375
2012-09-05 19:10:17,37379,1,40.6455357143,0.157142857143
2012-09-05 19:10:18,37380,1,40.6671130952,0.0215773809524
2012-09-05 19:10:19,37381,1,40.5709821429,-0.096130952381
2012-09-05 19:10:20,37382,1,40.4001488095,-0.170833333333
2012-09-05 19:10:21,37383,1,40.2005952381,-0.199553571429
2012-09-05 19:10:22,37384,1,40.0337053571,-0.166889880952
2012-09-05 19:10:23,37385,1,39.9904761905,-0.0432291666667
2012-09-05 19:10:24,37386,1,40.1578125,0.167336309524
2012-09-05 19:10:25,37387,1,40.5620535714,0.404241071429
2012-09-05 19:10:26,37388,1,41.1280505952,0.56599702381
2012-09-05 19:10:27,37389,1,41.6876488095,0.559598214286
2012-09-05 19:10:28,37390,1,42.0780505952,0.390401785714
2012-09-05 19:10:29,37391,1,42.2680803571,0.190029761905
2012-09-05 19:10:30,37392,1,42.3723958333,0.10431547619
2012-09-05 19:10:31,37393,1,42.5297619048,0.157366071429
2012-09-05 19:10:32,37394,1,42.7710565476,0.241294642857
2012-09-05 19:10:33,37395,1,43.0005208333,0.229464285714
2012-09-05 19:10:34,37396,1,43.0915922619,0.0910714285715
2012-09-05 19:10:35,37397,1,42.9941220238,-0.0974702380953
2012-09-05 19:10:36,37398,1,42.759672619,-0.234449404762
2012-09-05 19:10:37,37399,1,42.4858630952,-0.273809523809
2012-09-05 19:10:38,37400,1,42.2540178571,-0.231845238095
2012-09-05 19:10:39,37401,1,42.1126488095,-0.141369047619
2012-09-05 19:10:40,37402,1,42.0860863095,-0.0265625
2012-09-05 19:10:41,37403,1,42.1732886905,0.0872023809524
2012-09-05 19:10:42,37404,1,42.3357142857,0.162425595238
2012-09-05 19:10:43,37405,1,42.4911458333,0.155431547619
2012-09-05 19:10:44,37406,1,42.5459821429,0.0548363095238
2012-09-05 19:10:45,37407,1,42.4676339286,-0.0783482142857
2012-09-05 19:10:46,37408,1,42.3222470238,-0.145386904762
2012-09-05 19:10:47,37409,1,42.229389881,-0.0928571428571
2012-09-05 19:10:48,37410,1,42.2797619048,0.0503720238095
2012-09-05 19:10:49,37411,1,42.4786458333,0.198883928571
2012-09-05 19:10:50,37412,1,42.7480654762,0.269419642857
2012-09-05 19:10:51,37413,1,42.9719494048,0.223883928571
2012-09-05 19:10:52,37414,1,43.036235119,0.0642857142857
2012-09-05 19:10:53,37415,1,42.8640625,-0.172172619048
2012-09-05 19:10:54,37416,1,42.4607886905,-0.403273809524
2012-09-05 19:10:55,37417,1,41.9249255952,-0.535863095238
2012-09-05 19:10:56,37418,1,41.3915922619,-0.533333333333
2012-09-05 19:10:57,37419,1,40.9502232143,-0.441369047619
2012-09-05 19:10:58,37420,1,40.6090029762,-0.341220238095
2012-09-05 19:10:59,37421,1,40.3335565476,-0.275446428572
2012-09-05 19:11:00,37422,1,40.1110863095,-0.222470238095
2012-09-05 19:11:01,37423,1,39.96875,-0.142336309524
2012-09-05 19:11:02,37424,1,39.9344494048,-0.0343005952381
2012-09-05 19:11:03,37425,1,39.9973958333,0.0629464285714
2012-09-05 19:11:04,37426,1,40.1142113095,0.116815476191
2012-09-05 19:11:05,37427,1,40.2377232143,0.123511904762
2012-09-05 19:11:06,37428,1,40.3286458333,0.0909226190476
2012-09-05 19:11:07,37429,1,40.3438988095,0.0152529761905
2012-09-05 19:11:08,37430,1,40.2213541667,-0.122544642857
2012-09-05 19:11:09,37431,1,39.8912202381,-0.330133928571
2012-09-05 19:11:10,37432,1,39.3173363095,-0.573883928571
2012-09-05 19:11:11,37433,1,38.5324404762,-0.784895833333
2012-09-05 19:11:12,37434,1,37.6371279762,-0.8953125
2012-09-05 19:11:13,37435,1,36.7616815476,-0.875446428572
2012-09-05 19:11:14,37436,1,36.0194940476,-0.7421875
2012-09-05 19:11:15,37437,1,35.4879464286,-0.531547619048
2012-09-05 19:11:16,37438,1,35.211235119,-0.276711309524
2012-09-05 19:11:17,37439,1,35.2020089286,-0.0092261904762
2012-09-05 19:11:18,37440,1,35.4531994048,0.25119047619
2012-09-05 19:11:19,37441,1,35.952827381,0.499627976191
2012-09-05 19:11:20,37442,1,36.6505208333,0.697693452381
2012-09-05 19:11:21,37443,1,37.4005208333,0.75
2012-09-05 19:11:22,37444,1,37.9944196429,0.593898809524
2012-09-05 19:11:23,37445,1,38.2959077381,0.301488095238
2012-09-05 19:11:24,37446,1,38.3477678571,0.0518601190477
2012-09-05 19:11:25,37447,1,38.3474702381,-0.0002976190477
2012-09-05 19:11:26,37448,1,38.5016369048,0.154166666667
2012-09-05 19:11:27,37449,1,38.8736607143,0.372023809524
2012-09-05 19:11:28,37450,1,39.3601190476,0.486458333333
2012-09-05 19:11:29,37451,1,39.7994791667,0.439360119048
2012-09-05 19:11:30,37452,1,40.0919642857,0.292485119048
2012-09-05 19:11:31,37453,1,40.2383184524,0.146354166667
2012-09-05 19:11:32,37454,1,40.2979910714,0.0596726190477
2012-09-05 19:11:33,37455,1,40.3264880952,0.0284970238095
2012-09-05 19:11:34,37456,1,40.3433035714,0.0168154761905
2012-09-05 19:11:35,37457,1,40.3404017857,-0.0029017857143
2012-09-05 19:11:36,37458,1,40.309375,-0.0310267857143
2012-09-05 19:11:37,37459,1,40.2382440476,-0.071130952381
2012-09-05 19:11:38,37460,1,40.0756696429,-0.162574404762
2012-09-05 19:11:39,37461,1,39.7338541667,-0.34181547619
2012-09-05 19:11:40,37462,1,39.1390625,-0.594791666667
2012-09-05 19:11:41,37463,1,38.2514880952,-0.887574404762
2012-09-05 19:11:42,37464,1,37.0192708333,-1.2322172619
2012-09-05 19:11:43,37465,1,35.3286458333,-1.690625
2012-09-05 19:11:44,37466,1,33.0436011905,-2.28504464286
2012-09-05 19:11:45,37467,1,30.1058779762,-2.93772321429
2012-09-05 19:11:46,37468,1,26.5489831349,-3.55689484127
2012-09-05 19:11:47,37469,1,22.434796627,-4.11418650794
2012-09-05 19:11:48,37470,1,17.8923363095,-4.54246031746
2012-09-05 19:11:49,37471,1,13.2560267857,-4.63630952381
2012-09-05 19:11:50,37472,1,9.07217261905,-4.18385416667
2012-09-05 19:11:51,37473,1,5.89486607143,-3.17730654762
2012-09-05 19:11:52,37474,1,4.06282242063,-1.83204365079
2012-09-05 19:11:53,37475,1,3.62594246032,-0.436879960317
2012-09-05 19:11:54,37476,1,4.43087797619,0.804935515873
2012-09-05 19:11:55,37477,1,6.25602678571,1.82514880952
2012-09-05 19:11:56,37478,1,8.81837797619,2.56235119048
2012-09-05 19:11:57,37479,1,11.6767857143,2.8584077381
2012-09-05 19:11:58,37480,1,14.2921378968,2.61535218254
2012-09-05 19:11:59,37481,1,16.2797371032,1.98759920635
2012-09-05 19:12:00,37482,1,17.5867559524,1.30701884921
2012-09-05 19:12:01,37483,1,18.4443452381,0.857589285714
2012-09-05 19:12:02,37484,1,19.1726190476,0.728273809524
2012-09-05 19:12:03,37485,1,19.9587053571,0.786086309524
2012-09-05 19:12:04,37486,1,20.7339285714,0.775223214286
2012-09-05 19:12:05,37487,1,21.256547619,0.522619047619
2012-09-05 19:12:06,37488,1,21.3159970238,0.0594494047619
2012-09-05 19:12:07,37489,1,20.8550595238,-0.4609375
2012-09-05 19:12:08,37490,1,19.9784970238,-0.8765625
2012-09-05 19:12:09,37491,1,18.9364583333,-1.04203869048
2012-09-05 19:12:10,37492,1,18.0532738095,-0.883184523809
2012-09-05 19:12:11,37493,1,17.5610119048,-0.492261904762
2012-09-05 19:12:12,37494,1,17.4604166667,-0.100595238095
2012-09-05 19:12:13,37495,1,17.5329613095,0.0725446428571
2012-09-05 19:12:14,37496,1,17.4854910714,-0.0474702380952
2012-09-05 19:12:15,37497,1,17.1533482143,-0.332142857143
2012-09-05 19:12:16,37498,1,16.6244047619,-0.528943452381
2012-09-05 19:12:17,37499,1,16.1444940476,-0.479910714286
2012-09-05 19:12:18,37500,1,15.9055059524,-0.238988095238
2012-09-05 19:12:19,37501,1,15.940922619,0.0354166666666
2012-09-05 19:12:20,37502,1,16.1662202381,0.225297619048
2012-09-05 19:12:21,37503,1,16.4785714286,0.312351190476
2012-09-05 19:12:22,37504,1,16.8484375,0.369866071429
2012-09-05 19:12:23,37505,1,17.3240327381,0.475595238095
2012-09-05 19:12:24,37506,1,17.9270089286,0.602976190476
2012-09-05 19:12:25,37507,1,18.5492559524,0.62224702381
2012-09-05 19:12:26,37508,1,18.975,0.425744047619
2012-09-05 19:12:27,37509,1,19.0415178571,0.0665178571429
2012-09-05 19:12:28,37510,1,18.813764881,-0.22775297619
2012-09-05 19:12:29,37511,1,18.5901785714,-0.223586309524
2012-09-05 19:12:30,37512,1,18.6996279762,0.109449404762
2012-09-05 19:12:31,37513,1,19.253125,0.55349702381
2012-09-05 19:12:32,37514,1,20.0476934524,0.794568452381
2012-09-05 19:12:33,37515,1,20.6991071429,0.651413690476
2012-09-05 19:12:34,37516,1,20.878422619,0.179315476191
2012-09-05 19:12:35,37517,1,20.4132440476,-0.465178571429
2012-09-05 19:12:36,37518,1,19.1897321429,-1.22351190476
2012-09-05 19:12:37,37519,1,17.0566964286,-2.13303571429
2012-09-05 19:12:38,37520,1,13.9719494048,-3.08474702381
2012-09-05 19:12:39,37521,1,10.364360119,-3.60758928571
2012-09-05 19:12:40,37522,1,7.28742559524,-3.07693452381
2012-09-05 19:12:41,37523,1,5.97269345238,-1.31473214286
2012-09-05 19:12:42,37524,1,7.02202380952,1.04933035714
2012-09-05 19:12:43,37525,1,9.92827380952,2.90625
2012-09-05 19:12:44,37526,1,13.3564732143,3.42819940476
2012-09-05 19:12:45,37527,1,15.969047619,2.61257440476
2012-09-05 19:12:46,37528,1,17.127827381,1.1587797619
2012-09-05 19:12:47,37529,1,17.0256696429,-0.102157738095
2012-09-05 19:12:48,37530,1,16.385639881,-0.640029761905
2012-09-05 19:12:49,37531,1,16.0421875,-0.343452380952
2012-09-05 19:12:50,37532,1,16.5697916667,0.527604166667
2012-09-05 19:12:51,37533,1,18.0820684524,1.51227678571
2012-09-05 19:12:52,37534,1,20.2707589286,2.18869047619
2012-09-05 19:12:53,37535,1,22.6381696429,2.36741071429
2012-09-05 19:12:54,37536,1,24.7921130952,2.15394345238
2012-09-05 19:12:55,37537,1,26.6026041667,1.81049107143
2012-09-05 19:12:56,37538,1,28.1250744048,1.5224702381
2012-09-05 19:12:57,37539,1,29.4388392857,1.31376488095
2012-09-05 19:12:58,37540,1,30.5634672619,1.12462797619
2012-09-05 19:12:59,37541,1,31.4444940476,0.881026785714
2012-09-05 19:13:00,37542,1,31.9755952381,0.531101190476
2012-09-05 19:13:01,37543,1,32.0747767857,0.0991815476191
2012-09-05 19:13:02,37544,1,31.7717261905,-0.303050595238
2012-09-05 19:13:03,37545,1,31.227827381,-0.543898809524
2012-09-05 19:13:04,37546,1,30.6754464286,-0.552380952381
2012-09-05 19:13:05,37547,1,30.3042410714,-0.371205357143
2012-09-05 19:13:06,37548,1,30.1561011905,-0.148139880952
2012-09-05 19:13:07,37549,1,30.1283482143,-0.0277529761905
2012-09-05 19:13:08,37550,1,30.0964285714,-0.0319196428571
2012-09-05 19:13:09,37551,1,30.0283482143,-0.0680803571429
2012-09-05 19:13:10,37552,1,29.9848214286,-0.0435267857143
2012-09-05 19:13:11,37553,1,30.0328125,0.0479910714286
2012-09-05 19:13:12,37554,1,30.1618303571,0.129017857143
2012-09-05 19:13:13,37555,1,30.262797619,0.100967261905
2012-09-05 19:13:14,37556,1,30.1676339286,-0.0951636904762
2012-09-05 19:13:15,37557,1,29.6925595238,-0.475074404762
2012-09-05 19:13:16,37558,1,28.6448660714,-1.04769345238
2012-09-05 19:13:17,37559,1,26.8087797619,-1.83608630952
2012-09-05 19:13:18,37560,1,23.9629464286,-2.84583333333
2012-09-05 19:13:19,37561,1,20.0345238095,-3.92842261905
2012-09-05 19:13:20,37562,1,15.4,-4.63452380952
2012-09-05 19:13:21,37563,1,11.0263392857,-4.37366071429
2012-09-05 19:13:22,37564,1,8.10208333333,-2.92425595238
2012-09-05 19:13:23,37565,1,7.32797619048,-0.774107142857
2012-09-05 19:13:24,37566,1,8.5,1.17202380952
2012-09-05 19:13:25,37567,1,10.7680803571,2.26808035714
2012-09-05 19:13:26,37568,1,13.2964285714,2.52834821429
2012-09-05 19:13:27,37569,1,15.717485119,2.42105654762
2012-09-05 19:13:28,37570,1,18.0369047619,2.31941964286
2012-09-05 19:13:29,37571,1,20.250297619,2.21339285714
2012-09-05 19:13:30,37572,1,22.1835565476,1.93325892857
2012-09-05 19:13:31,37573,1,23.6450892857,1.4615327381
2012-09-05 19:13:32,37574,1,24.5840029762,0.938913690476
2012-09-05 19:13:33,37575,1,25.087202381,0.503199404762
2012-09-05 19:13:34,37576,1,25.2800595238,0.192857142857
2012-09-05 19:13:35,37577,1,25.2223214286,-0.0577380952381
2012-09-05 19:13:36,37578,1,24.8944196429,-0.327901785714
2012-09-05 19:13:37,37579,1,24.3191964286,-0.575223214286
2012-09-05 19:13:38,37580,1,23.6734375,-0.645758928571
2012-09-05 19:13:39,37581,1,23.2240327381,-0.449404761905
2012-09-05 19:13:40,37582,1,23.1537202381,-0.0703125
2012-09-05 19:13:41,37583,1,23.4431547619,0.28943452381
2012-09-05 19:13:42,37584,1,23.9063988095,0.463244047619
2012-09-05 19:13:43,37585,1,24.3578125,0.451413690476
2012-09-05 19:13:44,37586,1,24.73125,0.3734375
2012-09-05 19:13:45,37587,1,25.0285714286,0.297321428571
2012-09-05 19:13:46,37588,1,25.213764881,0.185193452381
2012-09-05 19:13:47,37589,1,25.192485119,-0.0212797619048
2012-09-05 19:13:48,37590,1,24.8678571429,-0.32462797619
2012-09-05 19:13:49,37591,1,24.1985119048,-0.669345238095
2012-09-05 19:13:50,37592,1,23.1964285714,-1.00208333333
2012-09-05 19:13:51,37593,1,21.854985119,-1.34144345238
2012-09-05 19:13:52,37594,1,20.0752232143,-1.77976190476
2012-09-05 19:13:53,37595,1,17.6926339286,-2.38258928571
2012-09-05 19:13:54,37596,1,14.6675595238,-3.02507440476
2012-09-05 19:13:55,37597,1,11.3459821429,-3.32157738095
2012-09-05 19:13:56,37598,1,8.50126488095,-2.8447172619
2012-09-05 19:13:57,37599,1,6.98869047619,-1.51257440476
2012-09-05 19:13:58,37600,1,7.27180059524,0.283110119048
2012-09-05 19:13:59,37601,1,9.20186011905,1.93005952381
2012-09-05 19:14:00,37602,1,12.1466517857,2.94479166667
2012-09-05 19:14:01,37603,1,15.3349702381,3.18831845238
2012-09-05 19:14:02,37604,1,18.1757440476,2.84077380952
2012-09-05 19:14:03,37605,1,20.3537946429,2.17805059524
2012-09-05 19:14:04,37606,1,21.7807291667,1.42693452381
2012-09-05 19:14:05,37607,1,22.5546875,0.773958333333
2012-09-05 19:14:06,37608,1,22.8830357143,0.328348214286
2012-09-05 19:14:07,37609,1,22.9455357143,0.0625
2012-09-05 19:14:08,37610,1,22.8148065476,-0.130729166667
2012-09-05 19:14:09,37611,1,22.49375,-0.321056547619
2012-09-05 19:14:10,37612,1,22.0280505952,-0.465699404762
2012-09-05 19:14:11,37613,1,21.5813988095,-0.446651785714
2012-09-05 19:14:12,37614,1,21.3668154762,-0.214583333333
2012-09-05 19:14:13,37615,1,21.4923363095,0.125520833333
2012-09-05 19:14:14,37616,1,21.8760416667,0.383705357143
2012-09-05 19:14:15,37617,1,22.2869047619,0.410863095238
2012-09-05 19:14:16,37618,1,22.4522321429,0.165327380952
2012-09-05 19:14:17,37619,1,22.1425595238,-0.309672619048
2012-09-05 19:14:18,37620,1,21.1899305556,-0.952628968254
2012-09-05 19:14:19,37621,1,19.4648313492,-1.72509920635
2012-09-05 19:14:20,37622,1,16.9044642857,-2.56036706349
2012-09-05 19:14:21,37623,1,13.6497767857,-3.2546875
2012-09-05 19:14:22,37624,1,10.1298363095,-3.51994047619
2012-09-05 19:14:23,37625,1,6.93608630952,-3.19375
2012-09-05 19:14:24,37626,1,4.62073412698,-2.31535218254
2012-09-05 19:14:25,37627,1,3.52584325397,-1.09489087302
2012-09-05 19:14:26,37628,1,3.64575892857,0.119915674603
2012-09-05 19:14:27,37629,1,4.67522321429,1.02946428571
2012-09-05 19:14:28,37630,1,6.22641369048,1.55119047619
2012-09-05 19:14:29,37631,1,7.9880952381,1.76168154762
2012-09-05 19:14:30,37632,1,9.80205853175,1.81396329365
2012-09-05 19:14:31,37633,1,11.6499503968,1.84789186508
2012-09-05 19:14:32,37634,1,13.5036458333,1.85369543651
2012-09-05 19:14:33,37635,1,15.2195684524,1.71592261905
2012-09-05 19:14:34,37636,1,16.5880208333,1.36845238095
2012-09-05 19:14:35,37637,1,17.4433035714,0.855282738095
2012-09-05 19:14:36,37638,1,17.786235119,0.342931547619
2012-09-05 19:14:37,37639,1,17.8275297619,0.0412946428572
2012-09-05 19:14:38,37640,1,17.8651785714,0.0376488095238
2012-09-05 19:14:39,37641,1,18.1100446429,0.244866071429
2012-09-05 19:14:40,37642,1,18.5790178571,0.468973214286
2012-09-05 19:14:41,37643,1,19.0826636905,0.503645833333
2012-09-05 19:14:42,37644,1,19.3355654762,0.252901785714
2012-09-05 19:14:43,37645,1,19.1415922619,-0.193973214286
2012-09-05 19:14:44,37646,1,18.5341517857,-0.607440476191
2012-09-05 19:14:45,37647,1,17.7865327381,-0.747619047619
2012-09-05 19:14:46,37648,1,17.2772321429,-0.509300595238
2012-09-05 19:14:47,37649,1,17.2874255952,0.010193452381
2012-09-05 19:14:48,37650,1,17.862202381,0.574776785714
2012-09-05 19:14:49,37651,1,18.8180059524,0.955803571429
2012-09-05 19:14:50,37652,1,19.8545386905,1.0365327381
2012-09-05 19:14:51,37653,1,20.6703869048,0.815848214286
2012-09-05 19:14:52,37654,1,21.0678571429,0.397470238095
2012-09-05 19:14:53,37655,1,21.0529761905,-0.0148809523809
2012-09-05 19:14:54,37656,1,20.8438244048,-0.209151785714
2012-09-05 19:14:55,37657,1,20.7360119048,-0.1078125
2012-09-05 19:14:56,37658,1,20.8997767857,0.163764880952
2012-09-05 19:14:57,37659,1,21.2552083333,0.355431547619
2012-09-05 19:14:58,37660,1,21.5540178571,0.29880952381
2012-09-05 19:14:59,37661,1,21.5967261905,0.0427083333333
2012-09-05 19:15:00,37662,1,21.348735119,-0.247991071429
2012-09-05 19:15:01,37663,1,20.8858630952,-0.462872023809
2012-09-05 19:15:02,37664,1,20.3074404762,-0.578422619048
2012-09-05 19:15:03,37665,1,19.7037202381,-0.603720238095
2012-09-05 19:15:04,37666,1,19.1716517857,-0.532068452381
2012-09-05 19:15:05,37667,1,18.8273065476,-0.344345238095
2012-09-05 19:15:06,37668,1,18.7401041667,-0.0872023809523
2012-09-05 19:15:07,37669,1,18.8563244048,0.116220238095
2012-09-05 19:15:08,37670,1,19.0380208333,0.181696428571
2012-09-05 19:15:09,37671,1,19.1635416667,0.125520833333
2012-09-05 19:15:10,37672,1,19.1973214286,0.0337797619047
2012-09-05 19:15:11,37673,1,19.1935267857,-0.0037946428571
2012-09-05 19:15:12,37674,1,19.2155505952,0.0220238095238
2012-09-05 19:15:13,37675,1,19.2792410714,0.0636904761905
2012-09-05 19:15:14,37676,1,19.3802827381,0.101041666667
2012-09-05 19:15:15,37677,1,19.4900297619,0.10974702381
2012-09-05 19:15:16,37678,1,19.5271577381,0.0371279761904
2012-09-05 19:15:17,37679,1,19.4165178571,-0.110639880952
2012-09-05 19:15:18,37680,1,19.1798363095,-0.236681547619
2012-09-05 19:15:19,37681,1,18.9416666667,-0.238169642857
2012-09-05 19:15:20,37682,1,18.8455357143,-0.096130952381
2012-09-05 19:15:21,37683,1,18.945610119,0.100074404762
2012-09-05 19:15:22,37684,1,19.1609375,0.215327380952
2012-09-05 19:15:23,37685,1,19.3485863095,0.187648809524
2012-09-05 19:15:24,37686,1,19.4165922619,0.068005952381
2012-09-05 19:15:25,37687,1,19.3367559524,-0.0798363095238
2012-09-05 19:15:26,37688,1,19.0905505952,-0.246205357143
2012-09-05 19:15:27,37689,1,18.6915178571,-0.399032738095
2012-09-05 19:15:28,37690,1,18.2438988095,-0.447619047619
2012-09-05 19:15:29,37691,1,17.8831845238,-0.360714285714
2012-09-05 19:15:30,37692,1,17.626860119,-0.256324404762
2012-09-05 19:15:31,37693,1,17.3005208333,-0.326339285714
2012-09-05 19:15:32,37694,1,16.6180059524,-0.682514880952
2012-09-05 19:15:33,37695,1,15.3531994048,-1.26480654762
2012-09-05 19:15:34,37696,1,13.4592261905,-1.89397321429
2012-09-05 19:15:35,37697,1,11.0680059524,-2.3912202381
2012-09-05 19:15:36,37698,1,8.45498511905,-2.61302083333
2012-09-05 19:15:37,37699,1,6.0042906746,-2.45069444444
2012-09-05 19:15:38,37700,1,4.09236111111,-1.91192956349
2012-09-05 19:15:39,37701,1,2.91078869048,-1.18157242063
2012-09-05 19:15:40,37702,1,2.3855406746,-0.525248015873
2012-09-05 19:15:41,37703,1,2.27666170635,-0.108878968254
2012-09-05 19:15:42,37704,1,2.36577380952,0.0891121031746
2012-09-05 19:15:43,37705,1,2.55562996032,0.189856150794
2012-09-05 19:15:44,37706,1,2.81929563492,0.263665674603
2012-09-05 19:15:45,37707,1,3.14203869048,0.322743055556
2012-09-05 19:15:46,37708,1,3.5792906746,0.437251984127
2012-09-05 19:15:47,37709,1,4.29697420635,0.717683531746
2012-09-05 19:15:48,37710,1,5.43712797619,1.14015376984
2012-09-05 19:15:49,37711,1,6.93933531746,1.50220734127
2012-09-05 19:15:50,37712,1,8.54020337302,1.60086805556
2012-09-05 19:15:51,37713,1,9.97113095238,1.43092757937
2012-09-05 19:15:52,37714,1,11.1814484127,1.21031746032
2012-09-05 19:15:53,37715,1,12.3457093254,1.1642609127
2012-09-05 19:15:54,37716,1,13.613764881,1.26805555556
2012-09-05 19:15:55,37717,1,14.9080357143,1.29427083333
2012-09-05 19:15:56,37718,1,16.0011160714,1.09308035714
2012-09-05 19:15:57,37719,1,16.7130208333,0.711904761905
2012-09-05 19:15:58,37720,1,16.9808779762,0.267857142857
2012-09-05 19:15:59,37721,1,16.7717261905,-0.209151785714
2012-09-05 19:16:00,37722,1,15.9928030303,-0.778923160173
2012-09-05 19:16:01,37723,1,14.5382643398,-1.45453869048
2012-09-05 19:16:02,37724,1,12.4329680736,-2.10529626623
2012-09-05 19:16:03,37725,1,9.93908955628,-2.49387851732
2012-09-05 19:16:04,37726,1,7.50883387446,-2.43025568182
2012-09-05 19:16:05,37727,1,5.56935200216,-1.93948187229
2012-09-05 19:16:06,37728,1,4.32019751082,-1.24915449134
2012-09-05 19:16:07,37729,1,3.6936620671,-0.626535443723
2012-09-05 19:16:08,37730,1,3.4443655303,-0.249296536797
2012-09-05 19:16:09,37731,1,3.31519209957,-0.129173430736
2012-09-05 19:16:10,37732,1,3.1770021645,-0.138189935065
2012-09-05 19:16:11,37733,1,3.01332521645,-0.163676948052
2012-09-05 19:16:12,37734,1,2.82193587662,-0.191389339827
2012-09-05 19:16:13,37735,1,2.61084280303,-0.211093073593
2012-09-05 19:16:14,37736,1,2.51266233766,-0.098180465368
2012-09-05 19:16:15,37737,1,2.85413284632,0.341470508658
2012-09-05 19:16:16,37738,1,4.0270021645,1.17286931818
2012-09-05 19:16:17,37739,1,6.22345779221,2.19645562771
2012-09-05 19:16:18,37740,1,9.24588068182,3.02242288961
2012-09-05 19:16:19,37741,1,12.5479843074,3.30210362554
2012-09-05 19:16:20,37742,1,15.5000541126,2.95206980519
2012-09-05 19:16:21,37743,1,17.6771374459,2.17708333333
2012-09-05 19:16:22,37744,1,18.9583333333,1.28119588745
2012-09-05 19:16:23,37745,1,19.4414434524,0.483110119048
2012-09-05 19:16:24,37746,1,19.3134672619,-0.127976190476
2012-09-05 19:16:25,37747,1,18.7651041667,-0.548363095238
2012-09-05 19:16:26,37748,1,17.977827381,-0.787276785714
2012-09-05 19:16:27,37749,1,17.183110119,-0.794717261905
2012-09-05 19:16:28,37750,1,16.7058779762,-0.477232142857
2012-09-05 19:16:29,37751,1,16.8714285714,0.165550595238
2012-09-05 19:16:30,37752,1,17.809672619,0.938244047619
2012-09-05 19:16:31,37753,1,19.3326636905,1.52299107143
2012-09-05 19:16:32,37754,1,20.9995535714,1.66688988095
2012-09-05 19:16:33,37755,1,22.3301339286,1.33058035714
2012-09-05 19:16:34,37756,1,23.0228422619,0.692708333333
2012-09-05 19:16:35,37757,1,23.0290922619,0.00625
2012-09-05 19:16:36,37758,1,22.4635416667,-0.565550595238
2012-09-05 19:16:37,37759,1,21.4770089286,-0.986532738095
2012-09-05 19:16:38,37760,1,20.1909970238,-1.28601190476
2012-09-05 19:16:39,37761,1,18.677827381,-1.51316964286
2012-09-05 19:16:40,37762,1,16.9669642857,-1.71086309524
2012-09-05 19:16:41,37763,1,15.0485119048,-1.91845238095
2012-09-05 19:16:42,37764,1,12.8366815476,-2.21183035714
2012-09-05 19:16:43,37765,1,10.1952380952,-2.64144345238
2012-09-05 19:16:44,37766,1,7.14099702381,-3.05424107143
2012-09-05 19:16:45,37767,1,4.10967261905,-3.03132440476
2012-09-05 19:16:46,37768,1,0.0,-4.10967261905
2012-09-05 19:17:23,37805,37,0.0,0.0
2012-09-05 19:17:24,37806,1,2.60081845238,2.60081845238
2012-09-05 19:17:25,37807,1,5.12180059524,2.52098214286
2012-09-05 19:17:26,37808,1,8.34375,3.22194940476
2012-09-05 19:17:27,37809,1,11.7677083333,3.42395833333
2012-09-05 19:17:28,37810,1,15.05625,3.28854166667
2012-09-05 19:17:29,37811,1,18.0122767857,2.95602678571
2012-09-05 19:17:30,37812,1,20.5595982143,2.54732142857
2012-09-05 19:17:31,37813,1,22.6641369048,2.10453869048
2012-09-05 19:17:32,37814,1,24.2515625,1.58742559524
2012-09-05 19:17:33,37815,1,25.259672619,1.00811011905
2012-09-05 19:17:34,37816,1,25.7425595238,0.482886904762
2012-09-05 19:17:35,37817,1,25.8825892857,0.140029761905
2012-09-05 19:17:36,37818,1,25.926860119,0.0442708333333
2012-09-05 19:17:37,37819,1,26.0696428571,0.142782738095
2012-09-05 19:17:38,37820,1,26.3220238095,0.252380952381
2012-09-05 19:17:39,37821,1,26.5207589286,0.198735119048
2012-09-05 19:17:40,37822,1,26.5134672619,-0.0072916666666
2012-09-05 19:17:41,37823,1,26.3292410714,-0.184226190476
2012-09-05 19:17:42,37824,1,26.1588541667,-0.170386904762
2012-09-05 19:17:43,37825,1,26.1747767857,0.0159226190476
2012-09-05 19:17:44,37826,1,26.357514881,0.182738095238
2012-09-05 19:17:45,37827,1,26.4833333333,0.125818452381
2012-09-05 19:17:46,37828,1,26.2898809524,-0.193452380952
2012-09-05 19:17:47,37829,1,25.6651041667,-0.624776785714
2012-09-05 19:17:48,37830,1,24.7166666667,-0.9484375
2012-09-05 19:17:49,37831,1,23.7229166667,-0.99375
2012-09-05 19:17:50,37832,1,23.0093005952,-0.713616071429
2012-09-05 19:17:51,37833,1,22.7942708333,-0.215029761905
2012-09-05 19:17:52,37834,1,23.0820684524,0.287797619048
2012-09-05 19:17:53,37835,1,23.673139881,0.591071428571
2012-09-05 19:17:54,37836,1,24.3034970238,0.630357142857
2012-09-05 19:17:55,37837,1,24.8084821429,0.504985119048
2012-09-05 19:17:56,37838,1,25.153422619,0.344940476191
2012-09-05 19:17:57,37839,1,25.3299107143,0.176488095238
2012-09-05 19:17:58,37840,1,25.2835565476,-0.0463541666666
2012-09-05 19:17:59,37841,1,24.9750744048,-0.308482142857
2012-09-05 19:18:00,37842,1,24.4898065476,-0.485267857143
2012-09-05 19:18:01,37843,1,24.0316220238,-0.458184523809
2012-09-05 19:18:02,37844,1,23.7563988095,-0.275223214286
2012-09-05 19:18:03,37845,1,23.5900297619,-0.166369047619
2012-09-05 19:18:04,37846,1,23.194047619,-0.395982142857
2012-09-05 19:18:05,37847,1,22.094047619,-1.1
2012-09-05 19:18:06,37848,1,19.8936755952,-2.20037202381
2012-09-05 19:18:07,37849,1,16.509077381,-3.38459821429
2012-09-05 19:18:08,37850,1,12.3593005952,-4.14977678571
2012-09-05 19:18:09,37851,1,8.36525297619,-3.99404761905
2012-09-05 19:18:10,37852,1,5.60037202381,-2.76488095238
2012-09-05 19:18:11,37853,1,4.73043154762,-0.86994047619
2012-09-05 19:18:12,37854,1,5.69151785714,0.961086309524
2012-09-05 19:18:13,37855,1,7.87797619048,2.18645833333
2012-09-05 19:18:14,37856,1,10.617485119,2.73950892857
2012-09-05 19:18:15,37857,1,13.4938244048,2.87633928571
2012-09-05 19:18:16,37858,1,16.3220982143,2.82827380952
2012-09-05 19:18:17,37859,1,18.9448660714,2.62276785714
2012-09-05 19:18:18,37860,1,21.1198660714,2.175
2012-09-05 19:18:19,37861,1,22.5867559524,1.46688988095
2012-09-05 19:18:20,37862,1,23.203125,0.616369047619
2012-09-05 19:18:21,37863,1,23.0336309524,-0.169494047619
2012-09-05 19:18:22,37864,1,22.3573660714,-0.676264880952
2012-09-05 19:18:23,37865,1,21.5757440476,-0.78162202381
2012-09-05 19:18:24,37866,1,21.0337053571,-0.542038690476
2012-09-05 19:18:25,37867,1,20.8613839286,-0.172321428572
2012-09-05 19:18:26,37868,1,20.9691220238,0.107738095238
2012-09-05 19:18:27,37869,1,21.1959821429,0.226860119048
2012-09-05 19:18:28,37870,1,21.452827381,0.256845238095
2012-09-05 19:18:29,37871,1,21.7285714286,0.275744047619
2012-09-05 19:18:30,37872,1,21.9939732143,0.265401785714
2012-09-05 19:18:31,37873,1,22.1287202381,0.13474702381
2012-09-05 19:18:32,37874,1,21.9620535714,-0.166666666667
2012-09-05 19:18:33,37875,1,21.4104166667,-0.551636904762
2012-09-05 19:18:34,37876,1,20.5959077381,-0.814508928571
2012-09-05 19:18:35,37877,1,19.8226934524,-0.773214285714
2012-09-05 19:18:36,37878,1,19.3991071429,-0.423586309524
2012-09-05 19:18:37,37879,1,19.441889881,0.0427827380953
2012-09-05 19:18:38,37880,1,19.8226190476,0.380729166667
2012-09-05 19:18:39,37881,1,20.2866815476,0.4640625
2012-09-05 19:18:40,37882,1,20.6442708333,0.357589285714
2012-09-05 19:18:41,37883,1,20.8842261905,0.239955357143
2012-09-05 19:18:42,37884,1,21.1226934524,0.238467261905
2012-09-05 19:18:43,37885,1,21.4584077381,0.335714285714
2012-09-05 19:18:44,37886,1,21.8877232143,0.42931547619
2012-09-05 19:18:45,37887,1,22.3302827381,0.442559523809
2012-09-05 19:18:46,37888,1,22.7017113095,0.371428571429
2012-09-05 19:18:47,37889,1,22.9692708333,0.267559523809
2012-09-05 19:18:48,37890,1,23.1489583333,0.1796875
2012-09-05 19:18:49,37891,1,23.2305803571,0.0816220238096
2012-09-05 19:18:50,37892,1,23.0919642857,-0.138616071429
2012-09-05 19:18:51,37893,1,22.4801339286,-0.611830357143
2012-09-05 19:18:52,37894,1,21.0860863095,-1.39404761905
2012-09-05 19:18:53,37895,1,18.7124255952,-2.37366071429
2012-09-05 19:18:54,37896,1,15.4553571429,-3.25706845238
2012-09-05 19:18:55,37897,1,11.7504464286,-3.70491071429
2012-09-05 19:18:56,37898,1,8.25223214286,-3.49821428571
2012-09-05 19:18:57,37899,1,5.64456845238,-2.60766369048
2012-09-05 19:18:58,37900,1,4.44211309524,-1.20245535714
2012-09-05 19:18:59,37901,1,4.84263392857,0.400520833333
2012-09-05 19:19:00,37902,1,6.70520833333,1.86257440476
2012-09-05 19:19:01,37903,1,9.63735119048,2.93214285714
2012-09-05 19:19:02,37904,1,13.1284970238,3.49114583333
2012-09-05 19:19:03,37905,1,16.6633928571,3.53489583333
2012-09-05 19:19:04,37906,1,19.7505208333,3.08712797619
2012-09-05 19:19:05,37907,1,21.9398809524,2.18936011905
2012-09-05 19:19:06,37908,1,22.954389881,1.01450892857
2012-09-05 19:19:07,37909,1,22.8654761905,-0.0889136904762
2012-09-05 19:19:08,37910,1,22.125297619,-0.740178571429
2012-09-05 19:19:09,37911,1,21.3390625,-0.786235119048
2012-09-05 19:19:10,37912,1,20.8924107143,-0.446651785714
2012-09-05 19:19:11,37913,1,20.7804315476,-0.111979166667
2012-09-05 19:19:12,37914,1,20.7782738095,-0.0021577380952
2012-09-05 19:19:13,37915,1,20.698139881,-0.0801339285714
2012-09-05 19:19:14,37916,1,20.4944940476,-0.203645833333
2012-09-05 19:19:15,37917,1,20.217485119,-0.277008928572
2012-09-05 19:19:16,37918,1,19.9398809524,-0.277604166667
2012-09-05 19:19:17,37919,1,19.7527529762,-0.18712797619
2012-09-05 19:19:18,37920,1,19.7680803571,0.0153273809524
2012-09-05 19:19:19,37921,1,20.0369047619,0.268824404762
2012-09-05 19:19:20,37922,1,20.445610119,0.408705357143
2012-09-05 19:19:21,37923,1,20.7133184524,0.267708333333
2012-09-05 19:19:22,37924,1,20.5111607143,-0.202157738095
2012-09-05 19:19:23,37925,1,19.6188244048,-0.892336309524
2012-09-05 19:19:24,37926,1,18.0340029762,-1.58482142857
2012-09-05 19:19:25,37927,1,16.0051339286,-2.02886904762
2012-09-05 19:19:26,37928,1,13.9760416667,-2.0290922619
2012-09-05 19:19:27,37929,1,12.4344494048,-1.5415922619
2012-09-05 19:19:28,37930,1,11.71875,-0.715699404762
2012-09-05 19:19:29,37931,1,11.9098214286,0.191071428571
2012-09-05 19:19:30,37932,1,12.8646577381,0.954836309524
2012-09-05 19:19:31,37933,1,14.3196428571,1.45498511905
2012-09-05 19:19:32,37934,1,15.995014881,1.67537202381
2012-09-05 19:19:33,37935,1,17.6701636905,1.67514880952
2012-09-05 19:19:34,37936,1,19.199702381,1.52953869048
2012-09-05 19:19:35,37937,1,20.4874255952,1.28772321429
2012-09-05 19:19:36,37938,1,21.467485119,0.980059523809
2012-09-05 19:19:37,37939,1,22.1105654762,0.643080357143
2012-09-05 19:19:38,37940,1,22.4418154762,0.33125
2012-09-05 19:19:39,37941,1,22.5420386905,0.100223214286
2012-09-05 19:19:40,37942,1,22.5031994048,-0.0388392857143
2012-09-05 19:19:41,37943,1,22.3550595238,-0.148139880952
2012-09-05 19:19:42,37944,1,22.0392113095,-0.315848214286
2012-09-05 19:19:43,37945,1,21.4640625,-0.575148809524
2012-09-05 19:19:44,37946,1,20.5614583333,-0.902604166667
2012-09-05 19:19:45,37947,1,19.265922619,-1.29553571429
2012-09-05 19:19:46,37948,1,17.4607886905,-1.80513392857
2012-09-05 19:19:47,37949,1,15.0216517857,-2.43913690476
2012-09-05 19:19:48,37950,1,12.0165922619,-3.00505952381
2012-09-05 19:19:49,37951,1,8.90476190476,-3.11183035714
2012-09-05 19:19:50,37952,1,6.45491071429,-2.44985119048
2012-09-05 19:19:51,37953,1,5.35104166667,-1.10386904762
2012-09-05 19:19:52,37954,1,5.81875,0.467708333333
2012-09-05 19:19:53,37955,1,7.578125,1.759375
2012-09-05 19:19:54,37956,1,10.0901785714,2.51205357143
2012-09-05 19:19:55,37957,1,12.8613095238,2.77113095238
2012-09-05 19:19:56,37958,1,15.5892857143,2.72797619048
2012-09-05 19:19:57,37959,1,18.1098214286,2.52053571429
2012-09-05 19:19:58,37960,1,20.2944940476,2.18467261905
2012-09-05 19:19:59,37961,1,22.009077381,1.71458333333
2012-09-05 19:20:00,37962,1,23.1258184524,1.11674107143
2012-09-05 19:20:01,37963,1,23.6011160714,0.475297619048
2012-09-05 19:20:02,37964,1,23.5703869048,-0.0307291666667
2012-09-05 19:20:03,37965,1,23.3248511905,-0.245535714286
2012-09-05 19:20:04,37966,1,23.1576636905,-0.1671875
2012-09-05 19:20:05,37967,1,23.2098214286,0.0521577380952
2012-09-05 19:20:06,37968,1,23.4305803571,0.220758928572
2012-09-05 19:20:07,37969,1,23.6763392857,0.245758928571
2012-09-05 19:20:08,37970,1,23.854389881,0.178050595238
2012-09-05 19:20:09,37971,1,23.9724702381,0.118080357143
2012-09-05 19:20:10,37972,1,24.0730654762,0.100595238095
2012-09-05 19:20:11,37973,1,24.1486607143,0.0755952380952
2012-09-05 19:20:12,37974,1,24.1173363095,-0.0313244047619
2012-09-05 19:20:13,37975,1,23.8925595238,-0.224776785714
2012-09-05 19:20:14,37976,1,23.5046875,-0.387872023809
2012-09-05 19:20:15,37977,1,23.1246279762,-0.380059523809
2012-09-05 19:20:16,37978,1,22.937797619,-0.186830357143
2012-09-05 19:20:17,37979,1,23.015922619,0.078125
2012-09-05 19:20:18,37980,1,23.2975446429,0.28162202381
2012-09-05 19:20:19,37981,1,23.65625,0.358705357143
2012-09-05 19:20:20,37982,1,23.9989583333,0.342708333333
2012-09-05 19:20:21,37983,1,24.3133184524,0.314360119048
2012-09-05 19:20:22,37984,1,24.6260416667,0.312723214286
2012-09-05 19:20:23,37985,1,24.9445684524,0.318526785714
2012-09-05 19:20:24,37986,1,25.2453125,0.300744047619
2012-09-05 19:20:25,37987,1,25.4727678571,0.227455357143
2012-09-05 19:20:26,37988,1,25.5330357143,0.0602678571428
2012-09-05 19:20:27,37989,1,25.3365327381,-0.19650297619
2012-09-05 19:20:28,37990,1,24.8680059524,-0.468526785714
2012-09-05 19:20:29,37991,1,24.1939732143,-0.674032738095
2012-09-05 19:20:30,37992,1,23.4130952381,-0.78087797619
2012-09-05 19:20:31,37993,1,22.6,-0.813095238095
2012-09-05 19:20:32,37994,1,21.7485863095,-0.851413690476
2012-09-05 19:20:33,37995,1,20.751860119,-0.996726190476
2012-09-05 19:20:34,37996,1,19.4725446429,-1.27931547619
2012-09-05 19:20:35,37997,1,17.8688244048,-1.6037202381
2012-09-05 19:20:36,37998,1,16.0773809524,-1.79144345238
2012-09-05 19:20:37,37999,1,14.398139881,-1.67924107143
2012-09-05 19:20:38,38000,1,13.1913690476,-1.20677083333
2012-09-05 19:20:39,38001,1,12.7353422619,-0.456026785714
2012-09-05 19:20:40,38002,1,13.1191220238,0.383779761905
2012-09-05 19:20:41,38003,1,14.2295386905,1.11041666667
2012-09-05 19:20:42,38004,1,15.8148809524,1.5853422619
2012-09-05 19:20:43,38005,1,17.5659970238,1.75111607143
2012-09-05 19:20:44,38006,1,19.1857142857,1.6197172619
2012-09-05 19:20:45,38007,1,20.4344494048,1.24873511905
2012-09-05 19:20:46,38008,1,21.1432291667,0.708779761905
2012-09-05 19:20:47,38009,1,21.2270089286,0.0837797619047
2012-09-05 19:20:48,38010,1,20.7351190476,-0.491889880952
2012-09-05 19:20:49,38011,1,19.8902529762,-0.844866071429
2012-09-05 19:20:50,38012,1,19.0287202381,-0.861532738095
2012-09-05 19:20:51,38013,1,18.4522321429,-0.576488095238
2012-09-05 19:20:52,38014,1,18.2999255952,-0.152306547619
2012-09-05 19:20:53,38015,1,18.5147321429,0.214806547619
2012-09-05 19:20:54,38016,1,18.8870535714,0.372321428571
2012-09-05 19:20:55,38017,1,19.1382440476,0.25119047619
2012-09-05 19:20:56,38018,1,19.0243303571,-0.113913690476
2012-09-05 19:20:57,38019,1,18.4320684524,-0.592261904762
2012-09-05 19:20:58,38020,1,17.4328125,-0.999255952381
2012-09-05 19:20:59,38021,1,16.2533482143,-1.17946428571
2012-09-05 19:21:00,38022,1,15.1425595238,-1.11078869048
2012-09-05 19:21:01,38023,1,14.220610119,-0.921949404762
2012-09-05 19:21:02,38024,1,13.4427083333,-0.777901785714
2012-09-05 19:21:03,38025,1,12.6755208333,-0.7671875
2012-09-05 19:21:04,38026,1,11.7870535714,-0.888467261905
2012-09-05 19:21:05,38027,1,10.6884672619,-1.09858630952
2012-09-05 19:21:06,38028,1,9.32165178571,-1.36681547619
2012-09-05 19:21:07,38029,1,7.68720238095,-1.63444940476
2012-09-05 19:21:08,38030,1,6.00349702381,-1.68370535714
2012-09-05 19:21:09,38031,1,4.80431547619,-1.19918154762
2012-09-05 19:21:10,38032,1,4.71904761905,-0.0852678571429
2012-09-05 19:21:11,38033,1,6.07991071429,1.36086309524
2012-09-05 19:21:12,38034,1,8.70915178571,2.62924107143
2012-09-05 19:21:13,38035,1,12.0418154762,3.33266369048
2012-09-05 19:21:14,38036,1,15.4805059524,3.43869047619
2012-09-05 19:21:15,38037,1,18.6720982143,3.1915922619
2012-09-05 19:21:16,38038,1,21.4911458333,2.81904761905
2012-09-05 19:21:17,38039,1,23.8932291667,2.40208333333
2012-09-05 19:21:18,38040,1,25.868452381,1.97522321429
2012-09-05 19:21:19,38041,1,27.4657738095,1.59732142857
2012-09-05 19:21:20,38042,1,28.7776785714,1.3119047619
2012-09-05 19:21:21,38043,1,29.8897321429,1.11205357143
2012-09-05 19:21:22,38044,1,30.8507440476,0.961011904762
2012-09-05 19:21:23,38045,1,31.6775297619,0.826785714286
2012-09-05 19:21:24,38046,1,32.3791666667,0.701636904762
2012-09-05 19:21:25,38047,1,32.9787946429,0.59962797619
2012-09-05 19:21:26,38048,1,33.5087797619,0.529985119048
2012-09-05 19:21:27,38049,1,33.9919642857,0.48318452381
2012-09-05 19:21:28,38050,1,34.4374255952,0.445461309524
2012-09-05 19:21:29,38051,1,34.8385416667,0.401116071429
2012-09-05 19:21:30,38052,1,35.1594494048,0.320907738095
2012-09-05 19:21:31,38053,1,35.3519345238,0.192485119048
2012-09-05 19:21:32,38054,1,35.4276785714,0.0757440476191
2012-09-05 19:21:33,38055,1,35.468452381,0.0407738095238
2012-09-05 19:21:34,38056,1,35.5010416667,0.0325892857143
2012-09-05 19:21:35,38057,1,35.4236607143,-0.077380952381
2012-09-05 19:21:36,38058,1,35.0930803571,-0.330580357143
2012-09-05 19:21:37,38059,1,34.4394345238,-0.653645833333
2012-09-05 19:21:38,38060,1,33.542485119,-0.896949404762
2012-09-05 19:21:39,38061,1,32.6163690476,-0.926116071429
2012-09-05 19:21:40,38062,1,31.8476190476,-0.76875
2012-09-05 19:21:41,38063,1,31.2601190476,-0.5875
2012-09-05 19:21:42,38064,1,30.7244047619,-0.535714285714
2012-09-05 19:21:43,38065,1,30.006547619,-0.717857142857
2012-09-05 19:21:44,38066,1,28.8699404762,-1.13660714286
2012-09-05 19:21:45,38067,1,27.2770089286,-1.59293154762
2012-09-05 19:21:46,38068,1,25.5144345238,-1.76257440476
2012-09-05 19:21:47,38069,1,24.0835565476,-1.43087797619
2012-09-05 19:21:48,38070,1,23.438764881,-0.644791666667
2012-09-05 19:21:49,38071,1,23.7642857143,0.325520833333
2012-09-05 19:21:50,38072,1,24.9245535714,1.16026785714
2012-09-05 19:21:51,38073,1,26.5929315476,1.66837797619
2012-09-05 19:21:52,38074,1,28.434672619,1.84174107143
2012-09-05 19:21:53,38075,1,30.2198660714,1.78519345238
2012-09-05 19:21:54,38076,1,31.8452380952,1.62537202381
2012-09-05 19:21:55,38077,1,33.3014880952,1.45625
2012-09-05 19:21:56,38078,1,34.6194940476,1.31800595238
2012-09-05 19:21:57,38079,1,35.8261160714,1.20662202381
2012-09-05 19:21:58,38080,1,36.929389881,1.10327380952
2012-09-05 19:21:59,38081,1,37.923139881,0.99375
2012-09-05 19:22:00,38082,1,38.7943452381,0.871205357143
2012-09-05 19:22:01,38083,1,39.533110119,0.738764880952
2012-09-05 19:22:02,38084,1,40.1444196429,0.61130952381
2012-09-05 19:22:03,38085,1,40.6525297619,0.508110119048
2012-09-05 19:22:04,38086,1,41.0938988095,0.441369047619
2012-09-05 19:22:05,38087,1,41.499702381,0.405803571429
2012-09-05 19:22:06,38088,1,41.8761904762,0.376488095238
2012-09-05 19:22:07,38089,1,42.203125,0.326934523809
2012-09-05 19:22:08,38090,1,42.4534970238,0.250372023809
2012-09-05 19:22:09,38091,1,42.6108630952,0.157366071429
2012-09-05 19:22:10,38092,1,42.6782738095,0.0674107142857
2012-09-05 19:22:11,38093,1,42.6852678571,0.0069940476191
2012-09-05 19:22:12,38094,1,42.6784970238,-0.0067708333334
2012-09-05 19:22:13,38095,1,42.6962797619,0.0177827380953
2012-09-05 19:22:14,38096,1,42.7525297619,0.05625
2012-09-05 19:22:15,38097,1,42.8373511905,0.0848214285714
2012-09-05 19:22:16,38098,1,42.9293154762,0.0919642857143
2012-09-05 19:22:17,38099,1,43.0176339286,0.0883184523809
2012-09-05 19:22:18,38100,1,43.114360119,0.0967261904762
2012-09-05 19:22:19,38101,1,43.2380952381,0.123735119048
2012-09-05 19:22:20,38102,1,43.3910714286,0.152976190476
2012-09-05 19:22:21,38103,1,43.5551339286,0.1640625
2012-09-05 19:22:22,38104,1,43.6999255952,0.144791666667
2012-09-05 19:22:23,38105,1,43.7972470238,0.0973214285714
2012-09-05 19:22:24,38106,1,43.8371279762,0.039880952381
2012-09-05 19:22:25,38107,1,43.8270089286,-0.0101190476191
2012-09-05 19:22:26,38108,1,43.7761160714,-0.0508928571428
2012-09-05 19:22:27,38109,1,43.6891369048,-0.0869791666667
2012-09-05 19:22:28,38110,1,43.568452381,-0.12068452381
2012-09-05 19:22:29,38111,1,43.398139881,-0.1703125
2012-09-05 19:22:30,38112,1,43.1162202381,-0.281919642857
2012-09-05 19:22:31,38113,1,42.6329613095,-0.483258928571
2012-09-05 19:22:32,38114,1,41.9130952381,-0.719866071429
2012-09-05 19:22:33,38115,1,41.0435267857,-0.869568452381
2012-09-05 19:22:34,38116,1,40.2050595238,-0.838467261905
2012-09-05 19:22:35,38117,1,39.5540922619,-0.650967261905
2012-09-05 19:22:36,38118,1,39.0989583333,-0.455133928571
2012-09-05 19:22:37,38119,1,38.6769345238,-0.422023809524
2012-09-05 19:22:38,38120,1,38.0503720238,-0.6265625
2012-09-05 19:22:39,38121,1,37.0194940476,-1.03087797619
2012-09-05 19:22:40,38122,1,35.4819940476,-1.5375
2012-09-05 19:22:41,38123,1,33.4769345238,-2.00505952381
2012-09-05 19:22:42,38124,1,31.210639881,-2.26629464286
2012-09-05 19:22:43,38125,1,28.9470982143,-2.26354166667
2012-09-05 19:22:44,38126,1,26.7302827381,-2.21681547619
2012-09-05 19:22:45,38127,1,24.2026041667,-2.52767857143
2012-09-05 19:22:46,38128,1,20.8324404762,-3.37016369048
2012-09-05 19:22:47,38129,1,16.4521577381,-4.3802827381
2012-09-05 19:22:48,38130,1,11.6525297619,-4.79962797619
2012-09-05 19:22:49,38131,1,7.6390625,-4.0134672619
2012-09-05 19:22:50,38132,1,5.55848214286,-2.08058035714
2012-09-05 19:23:05,38147,15,5.82574404762,0.0178174603175
2012-09-05 19:23:06,38148,1,7.99479166667,2.16904761905
2012-09-05 19:23:07,38149,1,11.1264136905,3.13162202381
2012-09-05 19:23:08,38150,1,14.2631696429,3.13675595238
2012-09-05 19:23:09,38151,1,16.74375,2.48058035714
2012-09-05 19:23:10,38152,1,18.2738095238,1.53005952381
2012-09-05 19:23:11,38153,1,18.8416666667,0.567857142857
2012-09-05 19:23:12,38154,1,18.6191220238,-0.222544642857
2012-09-05 19:23:13,38155,1,17.8980654762,-0.721056547619
2012-09-05 19:23:14,38156,1,17.0679315476,-0.830133928571
2012-09-05 19:23:15,38157,1,16.5787202381,-0.489211309524
2012-09-05 19:23:16,38158,1,16.8084077381,0.2296875
2012-09-05 19:23:17,38159,1,17.8965029762,1.0880952381
2012-09-05 19:23:18,38160,1,19.6885416667,1.79203869048
2012-09-05 19:23:19,38161,1,21.8427827381,2.15424107143
2012-09-05 19:23:20,38162,1,24.0293154762,2.1865327381
2012-09-05 19:23:21,38163,1,26.0726190476,2.04330357143
2012-09-05 19:23:22,38164,1,27.9406994048,1.86808035714
2012-09-05 19:23:23,38165,1,29.6498511905,1.70915178571
2012-09-05 19:23:24,38166,1,31.2068452381,1.55699404762
2012-09-05 19:23:25,38167,1,32.6130952381,1.40625
2012-09-05 19:23:26,38168,1,33.8820684524,1.26897321429
2012-09-05 19:23:27,38169,1,35.0313244048,1.14925595238
2012-09-05 19:23:28,38170,1,36.0479166667,1.0165922619
2012-09-05 19:23:29,38171,1,36.8635416667,0.815625
2012-09-05 19:23:30,38172,1,37.3877232143,0.524181547619
2012-09-05 19:23:31,38173,1,37.5892113095,0.201488095238
2012-09-05 19:23:32,38174,1,37.5488839286,-0.0403273809524
2012-09-05 19:23:33,38175,1,37.4301339286,-0.11875
2012-09-05 19:23:34,38176,1,37.3869791667,-0.0431547619047
2012-09-05 19:23:35,38177,1,37.4818452381,0.0948660714285
2012-09-05 19:23:36,38178,1,37.6805059524,0.198660714286
2012-09-05 19:23:37,38179,1,37.9152529762,0.23474702381
2012-09-05 19:23:38,38180,1,38.1436011905,0.228348214286
2012-09-05 19:23:39,38181,1,38.3584077381,0.214806547619
2012-09-05 19:23:40,38182,1,38.5639136905,0.205505952381
2012-09-05 19:23:41,38183,1,38.7523065476,0.188392857143
2012-09-05 19:23:42,38184,1,38.8985863095,0.146279761905
2012-09-05 19:23:43,38185,1,38.9713541667,0.0727678571429
2012-09-05 19:23:44,38186,1,38.9569196429,-0.0144345238095
2012-09-05 19:23:45,38187,1,38.879389881,-0.0775297619048
2012-09-05 19:23:46,38188,1,38.7772321429,-0.102157738095
2012-09-05 19:23:47,38189,1,38.6404017857,-0.136830357143
2012-09-05 19:23:48,38190,1,38.3829613095,-0.257440476191
2012-09-05 19:23:49,38191,1,37.9026041667,-0.480357142857
2012-09-05 19:23:50,38192,1,37.1774553571,-0.725148809524
2012-09-05 19:23:51,38193,1,36.3069196429,-0.870535714286
2012-09-05 19:23:52,38194,1,35.4558035714,-0.851116071428
2012-09-05 19:23:53,38195,1,34.7476190476,-0.70818452381
2012-09-05 19:23:54,38196,1,34.2037946429,-0.543824404762
2012-09-05 19:23:55,38197,1,33.7671130952,-0.436681547619
2012-09-05 19:23:56,38198,1,33.3523809524,-0.414732142857
2012-09-05 19:23:57,38199,1,32.8869047619,-0.465476190476
2012-09-05 19:23:58,38200,1,32.351860119,-0.535044642857
2012-09-05 19:23:59,38201,1,31.8017113095,-0.550148809524
2012-09-05 19:24:00,38202,1,31.334672619,-0.467038690476
2012-09-05 19:24:01,38203,1,31.0415178571,-0.293154761905
2012-09-05 19:24:02,38204,1,30.9724702381,-0.0690476190477
2012-09-05 19:24:03,38205,1,31.1377232143,0.16525297619
2012-09-05 19:24:04,38206,1,31.5270833333,0.389360119048
2012-09-05 19:24:05,38207,1,32.1122767857,0.585193452381
2012-09-05 19:24:06,38208,1,32.8308779762,0.718601190476
2012-09-05 19:24:07,38209,1,33.5926339286,0.761755952381
2012-09-05 19:24:08,38210,1,34.3127232143,0.720089285714
2012-09-05 19:24:09,38211,1,34.937797619,0.625074404762
2012-09-05 19:24:10,38212,1,35.4511160714,0.513318452381
2012-09-05 19:24:11,38213,1,35.8619791667,0.410863095238
2012-09-05 19:24:12,38214,1,36.1886904762,0.326711309524
2012-09-05 19:24:13,38215,1,36.4455357143,0.256845238095
2012-09-05 19:24:14,38216,1,36.6367559524,0.191220238095
2012-09-05 19:24:15,38217,1,36.7589285714,0.122172619048
2012-09-05 19:24:16,38218,1,36.7982886905,0.0393601190476
2012-09-05 19:24:17,38219,1,36.7063988095,-0.0918898809524
2012-09-05 19:24:18,38220,1,36.3894345238,-0.316964285714
2012-09-05 19:24:19,38221,1,35.7516369048,-0.637797619048
2012-09-05 19:24:20,38222,1,34.7604910714,-0.991145833333
2012-09-05 19:24:21,38223,1,33.4758928571,-1.28459821429
2012-09-05 19:24:22,38224,1,32.0195684524,-1.45632440476
2012-09-05 19:24:23,38225,1,30.507514881,-1.51205357143
2012-09-05 19:24:24,38226,1,29.012202381,-1.4953125
2012-09-05 19:24:25,38227,1,27.5804315476,-1.43177083333
2012-09-05 19:24:26,38228,1,26.2441220238,-1.33630952381
2012-09-05 19:24:27,38229,1,24.990327381,-1.25379464286
2012-09-05 19:24:28,38230,1,23.7525297619,-1.23779761905
2012-09-05 19:24:29,38231,1,22.4807291667,-1.27180059524
2012-09-05 19:24:30,38232,1,21.2511160714,-1.22961309524
2012-09-05 19:24:31,38233,1,20.2948660714,-0.95625
2012-09-05 19:24:32,38234,1,19.8758928571,-0.418973214286
2012-09-05 19:24:33,38235,1,20.1144345238,0.238541666667
2012-09-05 19:24:34,38236,1,20.9115327381,0.797098214286
2012-09-05 19:24:35,38237,1,22.017485119,1.10595238095
2012-09-05 19:24:36,38238,1,23.1766369048,1.15915178571
2012-09-05 19:24:37,38239,1,24.2367559524,1.06011904762
2012-09-05 19:24:38,38240,1,25.1580357143,0.921279761905
2012-09-05 19:24:39,38241,1,25.9675595238,0.809523809524
2012-09-05 19:24:40,38242,1,26.7176339286,0.750074404762
2012-09-05 19:24:41,38243,1,27.4497767857,0.732142857143
2012-09-05 19:24:42,38244,1,28.1657738095,0.715997023809
2012-09-05 19:24:43,38245,1,28.8033482143,0.637574404762
2012-09-05 19:24:44,38246,1,29.2219494048,0.418601190476
2012-09-05 19:24:45,38247,1,29.2549107143,0.0329613095238
2012-09-05 19:24:46,38248,1,28.8293154762,-0.425595238095
2012-09-05 19:24:47,38249,1,28.0432291667,-0.786086309524
2012-09-05 19:24:48,38250,1,27.1244791667,-0.91875
2012-09-05 19:24:49,38251,1,26.303125,-0.821354166667
2012-09-05 19:24:50,38252,1,25.6810267857,-0.622098214286
2012-09-05 19:24:51,38253,1,25.1904017857,-0.490625
2012-09-05 19:24:52,38254,1,24.6645089286,-0.525892857143
2012-09-05 19:24:53,38255,1,23.9430059524,-0.721502976191
2012-09-05 19:24:54,38256,1,22.9510416667,-0.991964285714
2012-09-05 19:24:55,38257,1,21.7555059524,-1.19553571429
2012-09-05 19:24:56,38258,1,20.570610119,-1.18489583333
2012-09-05 19:24:57,38259,1,19.65625,-0.914360119048
2012-09-05 19:24:58,38260,1,19.1444196429,-0.511830357143
2012-09-05 19:24:59,38261,1,18.929389881,-0.215029761905
2012-09-05 19:25:00,38262,1,18.7189732143,-0.210416666667
2012-09-05 19:25:01,38263,1,18.2101934524,-0.508779761905
2012-09-05 19:25:02,38264,1,17.2694940476,-0.940699404762
2012-09-05 19:25:03,38265,1,16.0101190476,-1.259375
2012-09-05 19:25:04,38266,1,14.721577381,-1.28854166667
2012-09-05 19:25:05,38267,1,13.7058779762,-1.01569940476
2012-09-05 19:25:06,38268,1,13.1484375,-0.557440476191
2012-09-05 19:25:07,38269,1,13.1011160714,-0.0473214285714
2012-09-05 19:25:08,38270,1,13.5641369048,0.463020833333
2012-09-05 19:25:09,38271,1,14.6016369048,1.0375
2012-09-05 19:25:10,38272,1,16.3617559524,1.76011904762
2012-09-05 19:25:11,38273,1,18.9170386905,2.5552827381
2012-09-05 19:25:12,38274,1,22.0635416667,3.14650297619
2012-09-05 19:25:13,38275,1,25.3151041667,3.2515625
2012-09-05 19:25:14,38276,1,28.1327380952,2.81763392857
2012-09-05 19:25:15,38277,1,30.1977678571,2.0650297619
2012-09-05 19:25:16,38278,1,31.517485119,1.3197172619
2012-09-05 19:25:17,38279,1,32.3125744048,0.795089285714
2012-09-05 19:25:18,38280,1,32.8182291667,0.505654761905
2012-09-05 19:25:19,38281,1,33.179389881,0.361160714286
2012-09-05 19:25:20,38282,1,33.4770833333,0.297693452381
2012-09-05 19:25:21,38283,1,33.7569196429,0.279836309524
2012-09-05 19:25:22,38284,1,33.98125,0.224330357143
2012-09-05 19:25:23,38285,1,34.0116071429,0.0303571428571
2012-09-05 19:25:24,38286,1,33.7202380952,-0.291369047619
2012-09-05 19:25:25,38287,1,33.1311755952,-0.5890625
2012-09-05 19:25:26,38288,1,32.4411458333,-0.690029761905
2012-09-05 19:25:27,38289,1,31.9063988095,-0.53474702381
2012-09-05 19:25:28,38290,1,31.6861607143,-0.220238095238
2012-09-05 19:25:29,38291,1,31.7711309524,0.0849702380953
2012-09-05 19:25:30,38292,1,32.0572172619,0.286086309524
2012-09-05 19:25:31,38293,1,32.4536458333,0.396428571428
2012-09-05 19:25:32,38294,1,32.9,0.446354166667
2012-09-05 19:25:33,38295,1,33.3326636905,0.432663690476
2012-09-05 19:25:34,38296,1,33.6920386905,0.359375
2012-09-05 19:25:35,38297,1,33.9619047619,0.269866071429
2012-09-05 19:25:36,38298,1,34.1801339286,0.218229166667
2012-09-05 19:25:37,38299,1,34.404389881,0.224255952381
2012-09-05 19:25:38,38300,1,34.6641369048,0.259747023809
2012-09-05 19:25:39,38301,1,34.934672619,0.270535714286
2012-09-05 19:25:40,38302,1,35.1550595238,0.220386904762
2012-09-05 19:25:41,38303,1,35.2785714286,0.123511904762
2012-09-05 19:25:42,38304,1,35.3060267857,0.0274553571429
2012-09-05 19:25:43,38305,1,35.273139881,-0.0328869047619
2012-09-05 19:25:44,38306,1,35.2085565476,-0.0645833333334
2012-09-05 19:25:45,38307,1,35.0850446429,-0.123511904762
2012-09-05 19:25:46,38308,1,34.7948660714,-0.290178571428
2012-09-05 19:25:47,38309,1,34.1875,-0.607366071429
2012-09-05 19:25:48,38310,1,33.1619791667,-1.02552083333
2012-09-05 19:25:49,38311,1,31.745610119,-1.41636904762
2012-09-05 19:25:50,38312,1,30.0838541667,-1.66175595238
2012-09-05 19:25:51,38313,1,28.3532738095,-1.73058035714
2012-09-05 19:25:52,38314,1,26.7090029762,-1.64427083333
2012-09-05 19:25:53,38315,1,25.3205357143,-1.3884672619
2012-09-05 19:25:54,38316,1,24.4069196429,-0.913616071429
2012-09-05 19:25:55,38317,1,24.1787202381,-0.228199404762
2012-09-05 19:25:56,38318,1,24.7125744048,0.533854166667
2012-09-05 19:25:57,38319,1,25.8744047619,1.16183035714
2012-09-05 19:25:58,38320,1,27.3805059524,1.50610119048
2012-09-05 19:25:59,38321,1,28.9299107143,1.5494047619
2012-09-05 19:26:00,38322,1,30.2607142857,1.33080357143
2012-09-05 19:26:01,38323,1,31.1359375,0.875223214286
2012-09-05 19:26:02,38324,1,31.3817708333,0.245833333333
2012-09-05 19:26:03,38325,1,30.9697916667,-0.411979166667
2012-09-05 19:26:04,38326,1,30.004389881,-0.965401785714
2012-09-05 19:26:05,38327,1,28.5841517857,-1.42023809524
2012-09-05 19:26:06,38328,1,26.7094494048,-1.87470238095
2012-09-05 19:26:07,38329,1,24.3781994048,-2.33125
2012-09-05 19:26:08,38330,1,21.7276785714,-2.65052083333
2012-09-05 19:26:09,38331,1,18.977827381,-2.74985119048
2012-09-05 19:26:10,38332,1,16.2158482143,-2.76197916667
2012-09-05 19:26:11,38333,1,13.3319940476,-2.88385416667
2012-09-05 19:26:12,38334,1,10.2571056548,-3.07488839286
2012-09-05 19:26:13,38335,1,7.23074776786,-3.0263578869
2012-09-05 19:26:14,38336,1,4.73478422619,-2.49596354167
2012-09-05 19:26:15,38337,1,3.13316592262,-1.60161830357
2012-09-05 19:26:16,38338,1,2.40677083333,-0.726395089286
2012-09-05 19:26:17,38339,1,2.23251488095,-0.174255952381
2012-09-05 19:26:18,38340,1,2.26964285714,0.0371279761905
2012-09-05 19:26:19,38341,1,2.34447544643,0.0748325892857
2012-09-05 19:26:20,38342,1,2.41413690476,0.0696614583333
2012-09-05 19:26:21,38343,1,2.45662202381,0.0424851190476
2012-09-05 19:26:22,38344,1,2.47879464286,0.0221726190476
2012-09-05 19:26:23,38345,1,2.65306919643,0.174274553571
2012-09-05 19:26:24,38346,1,3.371875,0.718805803571
2012-09-05 19:26:25,38347,1,5.05178571429,1.67991071429
2012-09-05 19:26:26,38348,1,7.82120535714,2.76941964286
2012-09-05 19:26:27,38349,1,11.3556733631,3.53446800595
2012-09-05 19:26:28,38350,1,14.9998139881,3.644140625
2012-09-05 19:26:29,38351,1,18.1110677083,3.11125372024
2012-09-05 19:26:30,38352,1,20.3538318452,2.2427641369
2012-09-05 19:26:31,38353,1,21.7339285714,1.38009672619
2012-09-05 19:26:32,38354,1,22.4645089286,0.730580357143
2012-09-05 19:26:33,38355,1,22.8407738095,0.376264880952
2012-09-05 19:26:34,38356,1,23.156547619,0.315773809524
2012-09-05 19:26:35,38357,1,23.6228422619,0.466294642857
2012-09-05 19:26:36,38358,1,24.3055059524,0.682663690476
2012-09-05 19:26:37,38359,1,25.143452381,0.837946428571
2012-09-05 19:26:38,38360,1,26.0290922619,0.885639880952
2012-09-05 19:26:39,38361,1,26.854389881,0.825297619048
2012-09-05 19:26:40,38362,1,27.4989583333,0.644568452381
2012-09-05 19:26:41,38363,1,27.8383928571,0.33943452381
2012-09-05 19:26:42,38364,1,27.8152529762,-0.0231398809524
2012-09-05 19:26:43,38365,1,27.5043154762,-0.3109375
2012-09-05 19:26:44,38366,1,27.0851190476,-0.419196428571
2012-09-05 19:26:45,38367,1,26.7273065476,-0.3578125
2012-09-05 19:26:46,38368,1,26.4931547619,-0.234151785714
2012-09-05 19:26:47,38369,1,26.3552083333,-0.137946428571
2012-09-05 19:26:48,38370,1,26.2832589286,-0.0719494047619
2012-09-05 19:26:49,38371,1,26.2712797619,-0.0119791666666
2012-09-05 19:26:50,38372,1,26.2956845238,0.0244047619047
2012-09-05 19:26:51,38373,1,26.3055059524,0.0098214285715
2012-09-05 19:26:52,38374,1,26.2739583333,-0.0315476190477
2012-09-05 19:26:53,38375,1,26.2289434524,-0.0450148809523
2012-09-05 19:26:54,38376,1,26.192485119,-0.0364583333334
2012-09-05 19:26:55,38377,1,26.0766369048,-0.115848214286
2012-09-05 19:26:56,38378,1,25.6458333333,-0.430803571429
2012-09-05 19:26:57,38379,1,24.6104166667,-1.03541666667
2012-09-05 19:26:58,38380,1,22.8354910714,-1.77492559524
2012-09-05 19:26:59,38381,1,20.5378720238,-2.29761904762
2012-09-05 19:27:00,38382,1,18.2822916667,-2.25558035714
2012-09-05 19:27:01,38383,1,16.7213541667,-1.5609375
2012-09-05 19:27:02,38384,1,16.2524553571,-0.468898809524
2012-09-05 19:27:03,38385,1,16.8444196429,0.591964285714
2012-09-05 19:27:04,38386,1,18.1411458333,1.29672619048
2012-09-05 19:27:05,38387,1,19.721577381,1.58043154762
2012-09-05 19:27:06,38388,1,21.2943452381,1.57276785714
2012-09-05 19:27:07,38389,1,22.7206845238,1.42633928571
2012-09-05 19:27:08,38390,1,23.9473958333,1.22671130952
2012-09-05 19:27:09,38391,1,24.9542410714,1.0068452381
2012-09-05 19:27:10,38392,1,25.7149553571,0.760714285714
2012-09-05 19:27:11,38393,1,26.1667410714,0.451785714286
2012-09-05 19:27:12,38394,1,26.2281994048,0.0614583333333
2012-09-05 19:27:13,38395,1,25.8613839286,-0.36681547619
2012-09-05 19:27:14,38396,1,25.1265625,-0.734821428571
2012-09-05 19:27:15,38397,1,24.1794642857,-0.947098214286
2012-09-05 19:27:16,38398,1,23.1980654762,-0.981398809524
2012-09-05 19:27:17,38399,1,22.2986607143,-0.899404761905
2012-09-05 19:27:18,38400,1,21.5078869048,-0.790773809524
2012-09-05 19:27:19,38401,1,20.7896577381,-0.718229166667
2012-09-05 19:27:20,38402,1,20.0912946429,-0.698363095238
2012-09-05 19:27:21,38403,1,19.3756696429,-0.715625
2012-09-05 19:27:22,38404,1,18.625,-0.750669642857
2012-09-05 19:27:23,38405,1,17.8099702381,-0.815029761905
2012-09-05 19:27:24,38406,1,16.824702381,-0.985267857143
2012-09-05 19:27:25,38407,1,15.468452381,-1.35625
2012-09-05 19:27:26,38408,1,13.5604166667,-1.90803571429
2012-09-05 19:27:27,38409,1,11.1148809524,-2.44553571429
2012-09-05 19:27:28,38410,1,8.44382440476,-2.67105654762
2012-09-05 19:27:29,38411,1,6.11369047619,-2.33013392857
2012-09-05 19:27:30,38412,1,4.70163690476,-1.41205357143
2012-09-05 19:27:31,38413,1,4.42470238095,-0.27693452381
2012-09-05 19:27:32,38414,1,4.9384672619,0.513764880952
2012-09-05 19:27:33,38415,1,5.57023809524,0.631770833333
2012-09-05 19:27:34,38416,1,5.86569940476,0.295461309524
2012-09-05 19:27:35,38417,1,5.95922619048,0.0935267857143
2012-09-05 19:27:36,38418,1,6.4056547619,0.446428571429
2012-09-05 19:27:37,38419,1,7.64866071429,1.24300595238
2012-09-05 19:27:38,38420,1,9.64404761905,1.99538690476
2012-09-05 19:27:39,38421,1,11.9722470238,2.32819940476
2012-09-05 19:27:40,38422,1,14.2514136905,2.27916666667
2012-09-05 19:27:41,38423,1,16.3682291667,2.11681547619
2012-09-05 19:27:42,38424,1,18.3601190476,1.99188988095
2012-09-05 19:27:43,38425,1,20.2087053571,1.84858630952
2012-09-05 19:27:44,38426,1,21.7688244048,1.56011904762
2012-09-05 19:27:45,38427,1,22.843452381,1.07462797619
2012-09-05 19:27:46,38428,1,23.3355654762,0.492113095238
2012-09-05 19:27:47,38429,1,23.3531994048,0.0176339285714
2012-09-05 19:27:48,38430,1,23.1522321429,-0.200967261905
2012-09-05 19:27:49,38431,1,22.9451636905,-0.207068452381
2012-09-05 19:27:50,38432,1,22.7485119048,-0.196651785714
2012-09-05 19:27:51,38433,1,22.4452380952,-0.303273809524
2012-09-05 19:27:52,38434,1,22.0200892857,-0.425148809524
2012-09-05 19:27:53,38435,1,21.6871279762,-0.332961309524
2012-09-05 19:27:54,38436,1,21.7424107143,0.0552827380952
2012-09-05 19:27:55,38437,1,22.3087053571,0.566294642857
2012-09-05 19:27:56,38438,1,23.2441220238,0.935416666667
2012-09-05 19:27:57,38439,1,24.283110119,1.03898809524
2012-09-05 19:27:58,38440,1,25.232514881,0.949404761905
2012-09-05 19:27:59,38441,1,26.0316220238,0.799107142857
2012-09-05 19:28:00,38442,1,26.679389881,0.647767857143
2012-09-05 19:28:01,38443,1,27.1522321429,0.472842261905
2012-09-05 19:28:02,38444,1,27.3859375,0.233705357143
2012-09-05 19:28:03,38445,1,27.2951636905,-0.0907738095238
2012-09-05 19:28:04,38446,1,26.7686755952,-0.526488095238
2012-09-05 19:28:05,38447,1,25.686235119,-1.08244047619
2012-09-05 19:28:06,38448,1,24.06875,-1.61748511905
2012-09-05 19:28:07,38449,1,22.2508184524,-1.81793154762
2012-09-05 19:28:08,38450,1,20.8046130952,-1.44620535714
2012-09-05 19:28:09,38451,1,20.2083333333,-0.596279761905
2012-09-05 19:28:10,38452,1,20.5383928571,0.33005952381
2012-09-05 19:28:11,38453,1,21.4363839286,0.897991071428
2012-09-05 19:28:12,38454,1,22.3866071429,0.950223214286
2012-09-05 19:28:13,38455,1,23.0514880952,0.664880952381
2012-09-05 19:28:14,38456,1,23.3595982143,0.308110119048
2012-09-05 19:28:15,38457,1,23.3720982143,0.0125
2012-09-05 19:28:16,38458,1,23.1542410714,-0.217857142857
2012-09-05 19:28:17,38459,1,22.7263392857,-0.427901785714
2012-09-05 19:28:18,38460,1,22.0611607143,-0.665178571429
2012-09-05 19:28:19,38461,1,21.1334821429,-0.927678571429
2012-09-05 19:28:20,38462,1,19.9912946429,-1.1421875
2012-09-05 19:28:21,38463,1,18.7363095238,-1.25498511905
2012-09-05 19:28:22,38464,1,17.3720982143,-1.36421130952
2012-09-05 19:28:23,38465,1,15.68125,-1.69084821429
2012-09-05 19:28:24,38466,1,13.3404017857,-2.34084821429
2012-09-05 19:28:25,38467,1,10.2386160714,-3.10178571429
2012-09-05 19:28:26,38468,1,6.72641369048,-3.51220238095
2012-09-05 19:28:27,38469,1,3.58794642857,-3.1384672619
2012-09-05 19:28:28,38470,1,0.0,-3.58794642857
2012-09-05 19:29:03,38505,35,0.0,0.0
2012-09-05 19:29:04,38506,1,4.10424107143,4.10424107143
2012-09-05 19:29:05,38507,1,7.88601190476,3.78177083333
2012-09-05 19:29:06,38508,1,12.4357142857,4.54970238095
2012-09-05 19:29:07,38509,1,16.9819196429,4.54620535714
2012-09-05 19:29:08,38510,1,21.0197172619,4.03779761905
2012-09-05 19:29:09,38511,1,24.3625,3.3427827381
2012-09-05 19:29:10,38512,1,27.0376488095,2.67514880952
2012-09-05 19:29:11,38513,1,29.1515625,2.11391369048
2012-09-05 19:29:12,38514,1,30.7905505952,1.63898809524
2012-09-05 19:29:13,38515,1,31.9588541667,1.16830357143
2012-09-05 19:29:14,38516,1,32.5921875,0.633333333333
2012-09-05 19:29:15,38517,1,32.6529761905,0.0607886904762
2012-09-05 19:29:16,38518,1,32.2276785714,-0.425297619048
2012-09-05 19:29:17,38519,1,31.538764881,-0.688913690476
2012-09-05 19:29:18,38520,1,30.8508184524,-0.687946428572
2012-09-05 19:29:19,38521,1,30.3546875,-0.496130952381
2012-09-05 19:29:20,38522,1,30.1443452381,-0.210342261905
2012-09-05 19:29:21,38523,1,30.2698660714,0.125520833333
2012-09-05 19:29:22,38524,1,30.7566964286,0.486830357143
2012-09-05 19:29:23,38525,1,31.567485119,0.810788690476
2012-09-05 19:29:24,38526,1,32.5781994048,1.01071428571
2012-09-05 19:29:25,38527,1,33.6267857143,1.04858630952
2012-09-05 19:29:26,38528,1,34.5951636905,0.96837797619
2012-09-05 19:29:27,38529,1,35.422172619,0.827008928571
2012-09-05 19:29:28,38530,1,36.0395833333,0.617410714286
2012-09-05 19:29:29,38531,1,36.3378720238,0.298288690476
2012-09-05 19:29:30,38532,1,36.2191220238,-0.11875
2012-09-05 19:29:31,38533,1,35.6709821429,-0.548139880952
2012-09-05 19:29:32,38534,1,34.7766369048,-0.894345238095
2012-09-05 19:29:33,38535,1,33.6597470238,-1.11688988095
2012-09-05 19:29:34,38536,1,32.4046130952,-1.25513392857
2012-09-05 19:29:35,38537,1,30.987202381,-1.41741071429
2012-09-05 19:29:36,38538,1,29.2828869048,-1.70431547619
2012-09-05 19:29:37,38539,1,27.1863839286,-2.09650297619
2012-09-05 19:29:38,38540,1,24.7571428571,-2.42924107143
2012-09-05 19:29:39,38541,1,22.2520833333,-2.50505952381
2012-09-05 19:29:40,38542,1,19.9910714286,-2.26101190476
2012-09-05 19:29:41,38543,1,18.132514881,-1.85855654762
2012-09-05 19:29:42,38544,1,16.5348958333,-1.59761904762
2012-09-05 19:29:43,38545,1,14.8555803571,-1.67931547619
2012-09-05 19:29:44,38546,1,12.8147321429,-2.04084821429
2012-09-05 19:29:45,38547,1,10.3619791667,-2.45275297619
2012-09-05 19:29:46,38548,1,7.64568452381,-2.71629464286
2012-09-05 19:29:47,38549,1,4.94069940476,-2.70498511905
2012-09-05 19:29:48,38550,1,2.66205357143,-2.27864583333
2012-09-05 19:29:49,38551,1,0.0,-2.66205357143
2012-09-05 19:30:07,38569,18,0.0,0.0
2012-09-05 19:30:08,38570,1,3.36592261905,3.36592261905
2012-09-05 19:30:09,38571,1,6.22142857143,2.85550595238
2012-09-05 19:30:10,38572,1,9.390625,3.16919642857
2012-09-05 19:30:11,38573,1,12.1566964286,2.76607142857
2012-09-05 19:30:12,38574,1,14.0657738095,1.90907738095
2012-09-05 19:30:13,38575,1,15.054389881,0.988616071429
2012-09-05 19:30:14,38576,1,15.4354166667,0.381026785714
2012-09-05 19:30:15,38577,1,15.7303571429,0.29494047619
2012-09-05 19:30:16,38578,1,16.424702381,0.694345238095
2012-09-05 19:30:17,38579,1,17.7675595238,1.34285714286
2012-09-05 19:30:18,38580,1,19.7363839286,1.96882440476
2012-09-05 19:30:19,38581,1,22.1411458333,2.40476190476
2012-09-05 19:30:20,38582,1,24.7264136905,2.58526785714
2012-09-05 19:30:21,38583,1,27.2255952381,2.49918154762
2012-09-05 19:30:22,38584,1,29.4138392857,2.18824404762
2012-09-05 19:30:23,38585,1,31.1520089286,1.73816964286
2012-09-05 19:30:24,38586,1,32.387797619,1.23578869048
2012-09-05 19:30:25,38587,1,33.1238839286,0.736086309524
2012-09-05 19:30:26,38588,1,33.3875744048,0.26369047619
2012-09-05 19:30:27,38589,1,33.2425595238,-0.145014880952
2012-09-05 19:30:28,38590,1,32.8246279762,-0.417931547619
2012-09-05 19:30:29,38591,1,32.3233630952,-0.501264880952
2012-09-05 19:30:30,38592,1,31.908110119,-0.415252976191
2012-09-05 19:30:31,38593,1,31.6677083333,-0.240401785714
2012-09-05 19:30:32,38594,1,31.6005208333,-0.0671875
2012-09-05 19:30:33,38595,1,31.646875,0.0463541666667
2012-09-05 19:30:34,38596,1,31.7103422619,0.0634672619048
2012-09-05 19:30:35,38597,1,31.6406994048,-0.0696428571429
2012-09-05 19:30:36,38598,1,31.259672619,-0.381026785714
2012-09-05 19:30:37,38599,1,30.4841517857,-0.775520833333
2012-09-05 19:30:38,38600,1,29.4430803571,-1.04107142857
2012-09-05 19:30:39,38601,1,28.4405505952,-1.0025297619
2012-09-05 19:30:40,38602,1,27.7680803571,-0.672470238095
2012-09-05 19:30:41,38603,1,27.537797619,-0.230282738095
2012-09-05 19:30:42,38604,1,27.6773065476,0.139508928572
2012-09-05 19:30:43,38605,1,28.0452380952,0.367931547619
2012-09-05 19:30:44,38606,1,28.5325892857,0.487351190476
2012-09-05 19:30:45,38607,1,29.0798363095,0.547247023809
2012-09-05 19:30:46,38608,1,29.6497767857,0.569940476191
2012-09-05 19:30:47,38609,1,30.2253720238,0.575595238095
2012-09-05 19:30:48,38610,1,30.8327380952,0.607366071429
2012-09-05 19:30:49,38611,1,31.5325892857,0.699851190476
2012-09-05 19:30:50,38612,1,32.3584821429,0.825892857143
2012-09-05 19:30:51,38613,1,33.2513392857,0.892857142857
2012-09-05 19:30:52,38614,1,34.0505208333,0.799181547619
2012-09-05 19:30:53,38615,1,34.5489583333,0.4984375
2012-09-05 19:30:54,38616,1,34.578125,0.0291666666667
2012-09-05 19:30:55,38617,1,34.0811011905,-0.497023809524
2012-09-05 19:30:56,38618,1,33.1383184524,-0.942782738095
2012-09-05 19:30:57,38619,1,31.9316220238,-1.20669642857
2012-09-05 19:30:58,38620,1,30.6642113095,-1.26741071429
2012-09-05 19:30:59,38621,1,29.4866815476,-1.1775297619
2012-09-05 19:31:00,38622,1,28.4788690476,-1.0078125
2012-09-05 19:31:01,38623,1,27.6738095238,-0.80505952381
2012-09-05 19:31:02,38624,1,27.0625744048,-0.611235119048
2012-09-05 19:31:03,38625,1,26.5665178571,-0.496056547619
2012-09-05 19:31:04,38626,1,26.0334821429,-0.533035714286
2012-09-05 19:31:05,38627,1,25.3005952381,-0.732886904762
2012-09-05 19:31:06,38628,1,24.2871279762,-1.0134672619
2012-09-05 19:31:07,38629,1,23.0363839286,-1.25074404762
2012-09-05 19:31:08,38630,1,21.6572916667,-1.3790922619
2012-09-05 19:31:09,38631,1,20.2050595238,-1.45223214286
2012-09-05 19:31:10,38632,1,18.6287202381,-1.57633928571
2012-09-05 19:31:11,38633,1,16.8589285714,-1.76979166667
2012-09-05 19:31:12,38634,1,14.9307291667,-1.92819940476
2012-09-05 19:31:13,38635,1,12.9984375,-1.93229166667
2012-09-05 19:31:14,38636,1,11.2374255952,-1.76101190476
2012-09-05 19:31:15,38637,1,9.72760416667,-1.50982142857
2012-09-05 19:31:16,38638,1,8.41793154762,-1.30967261905
2012-09-05 19:31:17,38639,1,7.20744047619,-1.21049107143
2012-09-05 19:31:18,38640,1,6.06592261905,-1.14151785714
2012-09-05 19:31:19,38641,1,5.07001488095,-0.995907738095
2012-09-05 19:31:20,38642,1,4.32455357143,-0.745461309524
2012-09-05 19:31:21,38643,1,3.86413690476,-0.460416666667
2012-09-05 19:31:22,38644,1,3.64702380952,-0.217113095238
2012-09-05 19:31:23,38645,1,3.66339285714,0.016369047619
2012-09-05 19:31:24,38646,1,4.04412202381,0.380729166667
2012-09-05 19:31:25,38647,1,5.01941964286,0.975297619048
2012-09-05 19:31:26,38648,1,6.74575892857,1.72633928571
2012-09-05 19:31:27,38649,1,9.16160714286,2.41584821429
2012-09-05 19:31:28,38650,1,11.9584821429,2.796875
2012-09-05 19:31:29,38651,1,14.6599702381,2.70148809524
2012-09-05 19:31:30,38652,1,16.7962053571,2.13623511905
2012-09-05 19:31:31,38653,1,18.1248511905,1.32864583333
2012-09-05 19:31:32,38654,1,18.7723958333,0.647544642857
2012-09-05 19:31:33,38655,1,19.1673363095,0.394940476191
2012-09-05 19:31:34,38656,1,19.7651041667,0.597767857143
2012-09-05 19:31:35,38657,1,20.7514136905,0.986309523809
2012-09-05 19:31:36,38658,1,21.9675595238,1.21614583333
2012-09-05 19:31:37,38659,1,23.0884672619,1.1209077381
2012-09-05 19:31:38,38660,1,23.8311755952,0.742708333333
2012-09-05 19:31:39,38661,1,24.0319940476,0.200818452381
2012-09-05 19:31:40,38662,1,23.6597470238,-0.37224702381
2012-09-05 19:31:41,38663,1,22.8576636905,-0.802083333333
2012-09-05 19:31:42,38664,1,21.9582589286,-0.899404761905
2012-09-05 19:31:43,38665,1,21.3718005952,-0.586458333333
2012-09-05 19:31:44,38666,1,21.3853422619,0.0135416666667
2012-09-05 19:31:45,38667,1,22.0289434524,0.643601190476
2012-09-05 19:31:46,38668,1,23.1101190476,1.08117559524
2012-09-05 19:31:47,38669,1,24.3700892857,1.2599702381
2012-09-05 19:31:48,38670,1,25.6218005952,1.25171130952
2012-09-05 19:31:49,38671,1,26.7661458333,1.1443452381
2012-09-05 19:31:50,38672,1,27.7238095238,0.957663690476
2012-09-05 19:31:51,38673,1,28.4031994048,0.679389880952
2012-09-05 19:31:52,38674,1,28.7494791667,0.346279761905
2012-09-05 19:31:53,38675,1,28.8013392857,0.0518601190476
2012-09-05 19:31:54,38676,1,28.6761904762,-0.125148809524
2012-09-05 19:31:55,38677,1,28.4974702381,-0.178720238095
2012-09-05 19:31:56,38678,1,28.3314732143,-0.165997023809
2012-09-05 19:31:57,38679,1,28.1769345238,-0.154538690476
2012-09-05 19:31:58,38680,1,28.0040178571,-0.172916666667
2012-09-05 19:31:59,38681,1,27.7859375,-0.218080357143
2012-09-05 19:32:00,38682,1,27.4791666667,-0.306770833333
2012-09-05 19:32:01,38683,1,27.0049107143,-0.474255952381
2012-09-05 19:32:02,38684,1,26.2872767857,-0.717633928571
2012-09-05 19:32:03,38685,1,25.302827381,-0.984449404762
2012-09-05 19:32:04,38686,1,24.0803571429,-1.2224702381
2012-09-05 19:32:05,38687,1,22.6614583333,-1.41889880952
2012-09-05 19:32:06,38688,1,21.0826636905,-1.57879464286
2012-09-05 19:32:07,38689,1,19.4140625,-1.66860119048
2012-09-05 19:32:08,38690,1,17.8050595238,-1.60900297619
2012-09-05 19:32:09,38691,1,16.465625,-1.33943452381
2012-09-05 19:32:10,38692,1,15.5788690476,-0.886755952381
2012-09-05 19:32:11,38693,1,15.1976934524,-0.381175595238
2012-09-05 19:32:12,38694,1,15.1945684524,-0.003125
2012-09-05 19:32:13,38695,1,15.3023809524,0.1078125
2012-09-05 19:32:14,38696,1,15.2159970238,-0.0863839285715
2012-09-05 19:32:15,38697,1,14.7019345238,-0.5140625
2012-09-05 19:32:16,38698,1,13.6793154762,-1.02261904762
2012-09-05 19:32:17,38699,1,12.2322916667,-1.44702380952
2012-09-05 19:32:18,38700,1,10.5462053571,-1.68608630952
2012-09-05 19:32:19,38701,1,8.82142857143,-1.72477678571
2012-09-05 19:32:20,38702,1,7.21875,-1.60267857143
2012-09-05 19:32:21,38703,1,5.85319940476,-1.36555059524
2012-09-05 19:32:22,38704,1,4.81793154762,-1.03526785714
2012-09-05 19:32:23,38705,1,4.17901785714,-0.638913690476
2012-09-05 19:32:24,38706,1,3.92418154762,-0.254836309524
2012-09-05 19:32:25,38707,1,3.94657738095,0.0223958333333
2012-09-05 19:32:26,38708,1,4.10677083333,0.160193452381
2012-09-05 19:32:27,38709,1,4.30848214286,0.201711309524
2012-09-05 19:32:28,38710,1,4.5240327381,0.215550595238
2012-09-05 19:32:29,38711,1,4.75706845238,0.233035714286
2012-09-05 19:32:30,38712,1,4.99375,0.236681547619
2012-09-05 19:32:31,38713,1,5.2228422619,0.229092261905
2012-09-05 19:32:32,38714,1,5.49077380952,0.267931547619
2012-09-05 19:32:33,38715,1,5.87805059524,0.387276785714
2012-09-05 19:32:34,38716,1,6.40223214286,0.524181547619
2012-09-05 19:32:35,38717,1,6.96123511905,0.55900297619
2012-09-05 19:32:36,38718,1,7.38050595238,0.419270833333
2012-09-05 19:32:37,38719,1,7.51822916667,0.137723214286
2012-09-05 19:32:38,38720,1,7.33125,-0.186979166667
2012-09-05 19:32:39,38721,1,6.85677083333,-0.474479166667
2012-09-05 19:32:40,38722,1,6.1646577381,-0.692113095238
2012-09-05 19:32:41,38723,1,5.3515625,-0.813095238095
2012-09-05 19:32:42,38724,1,4.55424107143,-0.797321428571
2012-09-05 19:32:43,38725,1,3.9162202381,-0.638020833333
2012-09-05 19:32:44,38726,1,3.51674107143,-0.399479166667
2012-09-05 19:32:45,38727,1,3.31688988095,-0.199851190476
2012-09-05 19:32:46,38728,1,3.15193452381,-0.164955357143
2012-09-05 19:32:47,38729,1,2.79494047619,-0.356994047619
2012-09-05 19:32:48,38730,1,2.11852678571,-0.676413690476
2012-09-05 19:32:49,38731,1,1.31889880952,-0.79962797619
2012-09-05 19:32:50,38732,1,0.0,-1.31889880952
