timestamp,cycle_sec,timestep,speed_mph,accel_meters_ps
2012-10-24 13:51:12,0,59454,0.0,0.0
2012-10-24 13:51:13,1,1,3.97380952381,3.97380952381
2012-10-24 13:51:14,2,1,7.32604166667,3.35223214286
2012-10-24 13:51:15,3,1,11.237797619,3.91175595238
2012-10-24 13:51:16,4,1,15.2907738095,4.05297619048
2012-10-24 13:51:17,5,1,19.2994047619,4.00863095238
2012-10-24 13:51:18,6,1,23.1372767857,3.83787202381
2012-10-24 13:51:19,7,1,26.6652529762,3.52797619048
2012-10-24 13:51:20,8,1,29.7770089286,3.11175595238
2012-10-24 13:51:21,9,1,32.4482886905,2.6712797619
2012-10-24 13:51:22,10,1,34.7220982143,2.27380952381
2012-10-24 13:51:23,11,1,36.6685267857,1.94642857143
2012-10-24 13:51:24,12,1,38.3529761905,1.68444940476
2012-10-24 13:51:25,13,1,39.7895089286,1.4365327381
2012-10-24 13:51:26,14,1,40.9180059524,1.12849702381
2012-10-24 13:51:27,15,1,41.6670386905,0.749032738095
2012-10-24 13:51:28,16,1,42.0386160714,0.371577380952
2012-10-24 13:51:29,17,1,42.1305059524,0.0918898809524
2012-10-24 13:51:30,18,1,42.0973958333,-0.0331101190477
2012-10-24 13:51:31,19,1,42.0683779762,-0.0290178571428
2012-10-24 13:51:32,20,1,42.082514881,0.0141369047619
2012-10-24 13:51:33,21,1,42.1171875,0.0346726190476
2012-10-24 13:51:34,22,1,42.1491071429,0.0319196428571
2012-10-24 13:51:35,23,1,42.148139881,-0.000967261904698
2012-10-24 13:51:36,24,1,42.0255208333,-0.122619047619
2012-10-24 13:51:37,25,1,41.6054315476,-0.420089285714
2012-10-24 13:51:38,26,1,40.6636904762,-0.941741071428
2012-10-24 13:51:39,27,1,39.0597470238,-1.60394345238
2012-10-24 13:51:40,28,1,36.8920386905,-2.16770833333
2012-10-24 13:51:41,29,1,34.516889881,-2.37514880952
2012-10-24 13:51:42,30,1,32.3808035714,-2.13608630952
2012-10-24 13:51:43,31,1,30.7922619048,-1.58854166667
2012-10-24 13:51:44,32,1,29.7936011905,-0.998660714286
2012-10-24 13:51:45,33,1,29.2255208333,-0.568080357143
2012-10-24 13:51:46,34,1,28.9186011905,-0.306919642857
2012-10-24 13:51:47,35,1,28.7959821429,-0.122619047619
2012-10-24 13:51:48,36,1,28.8110119048,0.0150297619048
2012-10-24 13:51:49,37,1,28.8837053571,0.072693452381
2012-10-24 13:51:50,38,1,28.9357142857,0.0520089285714
2012-10-24 13:51:51,39,1,28.9563244048,0.0206101190476
2012-10-24 13:51:52,40,1,29.0166666667,0.0603422619048
2012-10-24 13:51:53,41,1,29.1959077381,0.179241071428
2012-10-24 13:51:54,42,1,29.4910714286,0.295163690476
2012-10-24 13:51:55,43,1,29.8299107143,0.338839285714
2012-10-24 13:51:56,44,1,30.1503720238,0.320461309524
2012-10-24 13:51:57,45,1,30.4264880952,0.276116071429
2012-10-24 13:51:58,46,1,30.634375,0.207886904762
2012-10-24 13:51:59,47,1,30.721875,0.0875
2012-10-24 13:52:00,48,1,30.6273065476,-0.0945684523809
2012-10-24 13:52:01,49,1,30.3476190476,-0.2796875
2012-10-24 13:52:02,50,1,29.9835565476,-0.3640625
2012-10-24 13:52:03,51,1,29.7043154762,-0.279241071428
2012-10-24 13:52:04,52,1,29.6685267857,-0.0357886904762
2012-10-24 13:52:05,53,1,29.9551339286,0.286607142857
2012-10-24 13:52:06,54,1,30.534077381,0.578943452381
2012-10-24 13:52:07,55,1,31.2928571429,0.758779761905
2012-10-24 13:52:08,56,1,32.0794642857,0.786607142857
2012-10-24 13:52:09,57,1,32.7061755952,0.626711309524
2012-10-24 13:52:10,58,1,32.9209077381,0.214732142857
2012-10-24 13:52:11,59,1,32.4039434524,-0.516964285714
2012-10-24 13:52:12,60,1,30.865625,-1.53831845238
2012-10-24 13:52:13,61,1,28.2332589286,-2.63236607143
2012-10-24 13:52:14,62,1,24.7470238095,-3.48623511905
2012-10-24 13:52:15,63,1,20.8404017857,-3.90662202381
2012-10-24 13:52:16,64,1,16.9185267857,-3.921875
2012-10-24 13:52:17,65,1,13.1912946429,-3.72723214286
2012-10-24 13:52:18,66,1,9.65825892857,-3.53303571429
2012-10-24 13:52:19,67,1,6.31421130952,-3.34404761905
2012-10-24 13:52:20,68,1,3.45558035714,-2.85863095238
2012-10-24 13:52:21,69,1,0.0,-3.45558035714
2012-10-24 13:54:00,168,99,0.0,0.0
2012-10-24 13:54:01,169,1,3.42254464286,3.42254464286
2012-10-24 13:54:02,170,1,6.00431547619,2.58177083333
2012-10-24 13:54:03,171,1,8.6537202381,2.6494047619
2012-10-24 13:54:04,172,1,10.9404761905,2.28675595238
2012-10-24 13:54:05,173,1,12.8906994048,1.95022321429
2012-10-24 13:54:06,174,1,14.771875,1.88117559524
2012-10-24 13:54:07,175,1,16.8392857143,2.06741071429
2012-10-24 13:54:08,176,1,19.1546130952,2.31532738095
2012-10-24 13:54:09,177,1,21.5585565476,2.40394345238
2012-10-24 13:54:10,178,1,23.762797619,2.20424107143
2012-10-24 13:54:11,179,1,25.4805803571,1.7177827381
2012-10-24 13:54:12,180,1,26.5700892857,1.08950892857
2012-10-24 13:54:13,181,1,27.106547619,0.536458333333
2012-10-24 13:54:14,182,1,27.2953125,0.188764880952
2012-10-24 13:54:15,183,1,27.3305803571,0.0352678571429
2012-10-24 13:54:16,184,1,27.3402529762,0.0096726190476
2012-10-24 13:54:17,185,1,27.3918154762,0.0515625
2012-10-24 13:54:18,186,1,27.5040922619,0.112276785714
2012-10-24 13:54:19,187,1,27.6635416667,0.159449404762
2012-10-24 13:54:20,188,1,27.8323660714,0.168824404762
2012-10-24 13:54:21,189,1,27.9546130952,0.122247023809
2012-10-24 13:54:22,190,1,27.9892857143,0.0346726190476
2012-10-24 13:54:23,191,1,27.9514136905,-0.0378720238095
2012-10-24 13:54:24,192,1,27.9133184524,-0.0380952380952
2012-10-24 13:54:25,193,1,27.9630208333,0.0497023809523
2012-10-24 13:54:26,194,1,28.1537202381,0.190699404762
2012-10-24 13:54:27,195,1,28.4698660714,0.316145833333
2012-10-24 13:54:28,196,1,28.8334821429,0.363616071428
2012-10-24 13:54:29,197,1,29.1505952381,0.317113095238
2012-10-24 13:54:30,198,1,29.3456845238,0.195089285714
2012-10-24 13:54:31,199,1,29.3696428571,0.0239583333334
2012-10-24 13:54:32,200,1,29.2223214286,-0.147321428571
2012-10-24 13:54:33,201,1,28.9705357143,-0.251785714286
2012-10-24 13:54:34,202,1,28.7149553571,-0.255580357143
2012-10-24 13:54:35,203,1,28.5285714286,-0.186383928572
2012-10-24 13:54:36,204,1,28.4141369048,-0.114434523809
2012-10-24 13:54:37,205,1,28.3125744048,-0.1015625
2012-10-24 13:54:38,206,1,28.1638392857,-0.148735119048
2012-10-24 13:54:39,207,1,27.9623511905,-0.201488095238
2012-10-24 13:54:40,208,1,27.7579613095,-0.204389880952
2012-10-24 13:54:41,209,1,27.605952381,-0.152008928571
2012-10-24 13:54:42,210,1,27.4750744048,-0.13087797619
2012-10-24 13:54:43,211,1,27.1790922619,-0.295982142857
2012-10-24 13:54:44,212,1,26.4430059524,-0.736086309524
2012-10-24 13:54:45,213,1,25.0692708333,-1.37373511905
2012-10-24 13:54:46,214,1,23.0517857143,-2.01748511905
2012-10-24 13:54:47,215,1,20.5824404762,-2.4693452381
2012-10-24 13:54:48,216,1,18.0008928571,-2.58154761905
2012-10-24 13:54:49,217,1,15.75625,-2.24464285714
2012-10-24 13:54:50,218,1,14.3745535714,-1.38169642857
2012-10-24 13:54:51,219,1,14.3176339286,-0.0569196428572
2012-10-24 13:54:52,220,1,15.7351934524,1.41755952381
2012-10-24 13:54:53,221,1,18.3248511905,2.5896577381
2012-10-24 13:54:54,222,1,21.4526041667,3.12775297619
2012-10-24 13:54:55,223,1,24.4498511905,2.99724702381
2012-10-24 13:54:56,224,1,26.8656994048,2.41584821429
2012-10-24 13:54:57,225,1,28.5226934524,1.65699404762
2012-10-24 13:54:58,226,1,29.4328125,0.910119047619
2012-10-24 13:54:59,227,1,29.7130208333,0.280208333333
2012-10-24 13:55:00,228,1,29.5327380952,-0.180282738095
2012-10-24 13:55:01,229,1,29.0476190476,-0.485119047619
2012-10-24 13:55:02,230,1,28.3126488095,-0.734970238095
2012-10-24 13:55:03,231,1,27.237797619,-1.07485119048
2012-10-24 13:55:04,232,1,25.654985119,-1.5828125
2012-10-24 13:55:05,233,1,23.475297619,-2.1796875
2012-10-24 13:55:06,234,1,20.8133928571,-2.6619047619
2012-10-24 13:55:07,235,1,17.9686011905,-2.84479166667
2012-10-24 13:55:08,236,1,15.2869047619,-2.68169642857
2012-10-24 13:55:09,237,1,13.0209077381,-2.26599702381
2012-10-24 13:55:10,238,1,11.2610119048,-1.75989583333
2012-10-24 13:55:11,239,1,9.94136904762,-1.31964285714
2012-10-24 13:55:12,240,1,8.89047619048,-1.05089285714
2012-10-24 13:55:13,241,1,7.88883928571,-1.00163690476
2012-10-24 13:55:14,242,1,6.75245535714,-1.13638392857
2012-10-24 13:55:15,243,1,5.45327380952,-1.29918154762
2012-10-24 13:55:16,244,1,4.15930059524,-1.29397321429
2012-10-24 13:55:17,245,1,3.11436011905,-1.04494047619
2012-10-24 13:55:18,246,1,2.47001488095,-0.644345238095
2012-10-24 13:55:19,247,1,2.20386904762,-0.266145833333
2012-10-24 13:55:20,248,1,2.16138392857,-0.0424851190476
2012-10-24 13:55:21,249,1,2.18125,0.0198660714286
2012-10-24 13:55:22,250,1,2.19382440476,0.0125744047619
2012-10-24 13:55:23,251,1,2.21488095238,0.021056547619
2012-10-24 13:55:24,252,1,2.25394345238,0.0390625
2012-10-24 13:55:25,253,1,2.21324404762,-0.0406994047619
2012-10-24 13:55:26,254,1,1.9134672619,-0.299776785714
2012-10-24 13:55:27,255,1,1.3087797619,-0.6046875
2012-10-24 13:55:28,256,1,0.0,-1.3087797619
2012-10-24 13:55:29,257,1,0.0,0.0
2012-10-24 13:55:30,258,1,0.0,0.0
2012-10-24 13:55:31,259,1,0.0,0.0
2012-10-24 13:55:32,260,1,0.0,0.0
2012-10-24 13:55:33,261,1,0.0,0.0
