timestamp,cycle_sec,timestep,speed_mph,accel_meters_ps
2013-02-02 09:45:28,0,1,0.0,0.0
2013-02-02 09:45:29,1,1,0.0,0.0
2013-02-02 09:45:30,2,1,0.0,0.0
2013-02-02 09:45:31,3,1,0.0,0.0
2013-02-02 09:45:32,4,1,0.0,0.0
2013-02-02 09:45:33,5,1,0.0,0.0
2013-02-02 09:45:34,6,1,1.77224684077,1.77224684077
2013-02-02 09:45:35,7,1,2.69754445089,0.925297610119
2013-02-02 09:45:36,8,1,3.27090761905,0.573363168155
2013-02-02 09:45:37,9,1,3.47355651979,0.202648900744
2013-02-02 09:45:38,10,1,3.45813989613,-0.0154166236607
2013-02-02 09:45:39,11,1,3.31994045536,-0.138199440774
2013-02-02 09:45:40,12,1,3.10626473452,-0.213675720833
2013-02-02 09:45:41,13,1,2.88058001786,-0.225684716667
2013-02-02 09:45:42,14,1,2.68724649821,-0.193333519643
2013-02-02 09:45:43,15,1,2.53113033884,-0.156116159375
2013-02-02 09:45:44,16,1,2.41367502738,-0.117455311458
2013-02-02 09:45:45,17,1,2.36794597708,-0.0457290502976
2013-02-02 09:45:46,18,1,2.4649996433,0.0970536662202
2013-02-02 09:45:47,19,1,2.75813956577,0.29313992247
2013-02-02 09:45:48,20,1,3.21257408333,0.45443451756
2013-02-02 09:45:49,21,1,3.72624962634,0.513675543006
2013-02-02 09:45:50,22,1,4.21324359226,0.486993965923
2013-02-02 09:45:51,23,1,4.63761850119,0.424374908929
2013-02-02 09:45:52,24,1,4.97413627411,0.336517772917
2013-02-02 09:45:53,25,1,5.16004396875,0.185907694643
2013-02-02 09:45:54,26,1,5.11249932664,-0.0475446421131
2013-02-02 09:45:55,27,1,4.8166659933,-0.295833333333
2013-02-02 09:45:56,28,1,4.37499932738,-0.441666665923
2013-02-02 09:45:57,29,1,3.9416660439,-0.433333283482
2013-02-02 09:45:58,30,1,3.63928517708,-0.302380866815
2013-02-02 09:45:59,31,1,3.55133879613,-0.0879463809524
2013-02-02 09:46:00,32,1,3.73950840104,0.188169604911
2013-02-02 09:46:01,33,1,4.23727615253,0.497767751488
2013-02-02 09:46:02,34,1,5.03013320164,0.792857049107
2013-02-02 09:46:03,35,1,6.03653202158,1.00639881994
2013-02-02 09:46:04,36,1,7.12135357664,1.08482155506
2013-02-02 09:46:05,37,1,8.14464240774,1.0232888311
2013-02-02 09:46:06,38,1,9.00163649851,0.856994090774
2013-02-02 09:46:07,39,1,9.64144299405,0.639806495536
2013-02-02 09:46:08,40,1,10.0692703229,0.427827328869
2013-02-02 09:46:09,41,1,10.3265620231,0.257291700149
2013-02-02 09:46:10,42,1,10.4651782321,0.138616209077
2013-02-02 09:46:11,43,1,10.5322171042,0.0670388720238
2013-02-02 09:46:12,44,1,10.5624255722,0.0302084680059
2013-02-02 09:46:13,45,1,10.5778274048,0.0154018325893
2013-02-02 09:46:14,46,1,10.5921874851,0.0143600803571
2013-02-02 09:46:15,47,1,10.6122022344,0.020014749256
2013-02-02 09:46:16,48,1,10.637499631,0.0252973965774
2013-02-02 09:46:17,49,1,10.663615439,0.0261158080357
2013-02-02 09:46:18,50,1,10.6846717604,0.0210563214286
2013-02-02 09:46:19,51,1,10.6972460424,0.012574281994
2013-02-02 09:46:20,52,1,10.7048353326,0.0075892901786
2013-02-02 09:46:21,53,1,10.7133175692,0.0084822366071
2013-02-02 09:46:22,54,1,10.7223950513,0.0090774821429
2013-02-02 09:46:23,55,1,10.7270081823,0.0046131309524
2013-02-02 09:46:24,56,1,10.7230646845,-0.0039434977679
2013-02-02 09:46:25,57,1,10.7087045067,-0.0143601778274
2013-02-02 09:46:26,58,1,10.6869039524,-0.0218005543154
2013-02-02 09:46:27,59,1,10.6678565134,-0.0190474389881
2013-02-02 09:46:28,60,1,10.6630948348,-0.0047616785715
2013-02-02 09:46:29,61,1,10.677231881,0.014137046131
2013-02-02 09:46:30,62,1,10.7040919948,0.0268601138393
2013-02-02 09:46:31,63,1,10.7281246027,0.0240326078869
2013-02-02 09:46:32,64,1,10.7357137024,0.0075890997024
2013-02-02 09:46:33,65,1,10.727454596,-0.0082591063989
2013-02-02 09:46:34,66,1,10.7133175603,-0.0141370357142
2013-02-02 09:46:35,67,1,10.6994782299,-0.0138393303572
2013-02-02 09:46:36,68,1,10.6867550699,-0.0127231599702
2013-02-02 09:46:37,69,1,10.6764128966,-0.0103421733631
2013-02-02 09:46:38,70,1,10.6723950811,-0.0040178154762
2013-02-02 09:46:39,71,1,10.6800587693,0.007663688244
2013-02-02 09:46:40,72,1,10.7014873765,0.0214286071429
2013-02-02 09:46:41,73,1,10.7320678698,0.0305804933036
2013-02-02 09:46:42,74,1,10.7659966257,0.0339287559523
2013-02-02 09:46:43,75,1,10.8013389762,0.0353423504465
2013-02-02 09:46:44,76,1,10.8353418624,0.0340028861607
2013-02-02 09:46:45,77,1,10.8616065521,0.0262646897321
2013-02-02 09:46:46,78,1,10.8746272463,0.0130206941965
2013-02-02 09:46:47,79,1,10.8727671324,-0.0018601138393
2013-02-02 09:46:48,80,1,10.8595232113,-0.013243921131
2013-02-02 09:46:49,81,1,10.8438983571,-0.0156248541666
2013-02-02 09:46:50,82,1,10.8351930885,-0.0087052686012
2013-02-02 09:46:51,83,1,10.8385413393,0.003348250744
2013-02-02 09:46:52,84,1,10.8558032545,0.0172619151786
2013-02-02 09:46:53,85,1,10.883481814,0.0276785595238
2013-02-02 09:46:54,86,1,10.9106395104,0.0271576964286
2013-02-02 09:46:55,87,1,10.9307287113,0.0200892008928
2013-02-02 09:46:56,88,1,10.9561006347,0.0253719233631
2013-02-02 09:46:57,89,1,10.9982880938,0.0421874590774
2013-02-02 09:46:58,90,1,11.0220976629,0.0238095691964
2013-02-02 09:46:59,91,1,10.9450888259,-0.0770088370535
2013-02-02 09:47:00,92,1,10.6950145119,-0.250074313988
2013-02-02 09:47:01,93,1,10.251487776,-0.443526735863
2013-02-02 09:47:02,94,1,9.64888360491,-0.602604171131
2013-02-02 09:47:03,95,1,8.96264844048,-0.686235164435
2013-02-02 09:47:04,96,1,8.27715728125,-0.685491159226
2013-02-02 09:47:05,97,1,7.6675589628,-0.609598318452
2013-02-02 09:47:06,98,1,7.21272261979,-0.454836343006
2013-02-02 09:47:07,99,1,6.97805008259,-0.234672537202
2013-02-02 09:47:08,100,1,6.96897283705,-0.00907724553572
2013-02-02 09:47:09,101,1,7.1279015067,0.158928669643
2013-02-02 09:47:10,102,1,7.3690473683,0.241145861607
2013-02-02 09:47:11,103,1,7.60334796354,0.234300595238
2013-02-02 09:47:12,104,1,7.75982121577,0.156473252232
2013-02-02 09:47:13,105,1,7.81257428274,0.0527530669643
2013-02-02 09:47:14,106,1,7.7819940186,-0.0305802641369
2013-02-02 09:47:15,107,1,7.70781250893,-0.0741815096726
2013-02-02 09:47:16,108,1,7.63392854241,-0.0738839665179
2013-02-02 09:47:17,109,1,7.59947904315,-0.0344494992559
2013-02-02 09:47:18,110,1,7.61718727902,0.0177082358631
2013-02-02 09:47:19,111,1,7.67016342857,0.0529761495536
2013-02-02 09:47:20,112,1,7.73154739955,0.0613839709821
2013-02-02 09:47:21,113,1,7.77983619271,0.0482887931548
2013-02-02 09:47:22,114,1,7.8100446183,0.0302084255952
2013-02-02 09:47:23,115,1,7.82782735565,0.0177827373512
2013-02-02 09:47:24,116,1,7.81428556696,-0.0135417886905
2013-02-02 09:47:25,117,1,7.70543120908,-0.108854357887
2013-02-02 09:47:26,118,1,7.42983579762,-0.275595411458
2013-02-02 09:47:27,119,1,6.97752915997,-0.452306637649
2013-02-02 09:47:28,120,1,6.42678511979,-0.550744040179
2013-02-02 09:47:29,121,1,5.89516315551,-0.531621964286
2013-02-02 09:47:30,122,1,5.46123462128,-0.433928534226
2013-02-02 09:47:31,123,1,5.1238089933,-0.337425627976
2013-02-02 09:47:32,124,1,4.82730592411,-0.296503069196
2013-02-02 09:47:33,125,1,4.5244784442,-0.302827479911
2013-02-02 09:47:34,126,1,4.20952304092,-0.314955403274
2013-02-02 09:47:35,127,1,3.9049843936,-0.304538647321
2013-02-02 09:47:36,128,1,3.64285655357,-0.26212784003
2013-02-02 09:47:37,129,1,3.45059482738,-0.19226172619
2013-02-02 09:47:38,130,1,3.34040151116,-0.11019331622
2013-02-02 09:47:39,131,1,3.30446405283,-0.0359374583333
2013-02-02 09:47:40,132,1,3.2979907872,-0.006473265625
2013-02-02 09:47:41,133,1,3.2397317619,-0.0582590252976
2013-02-02 09:47:42,134,1,3.06994004092,-0.169791720982
2013-02-02 09:47:43,135,1,2.80394306696,-0.265996973958
2013-02-02 09:47:44,136,1,2.52038664807,-0.283556418899
2013-02-02 09:47:45,137,1,2.30803559375,-0.212351054315
2013-02-02 09:47:46,138,1,2.20677080432,-0.101264789435
2013-02-02 09:47:47,139,1,2.18697917262,-0.0197916316964
2013-02-02 09:47:48,140,1,2.19404762574,0.007068453125
2013-02-02 09:47:49,141,1,2.19910714435,0.00505951860119
2013-02-02 09:47:50,142,1,2.20029761905,0.00119047470238
2013-02-02 09:47:51,143,1,2.20461309524,0.00431547619048
2013-02-02 09:47:52,144,1,2.21889880952,0.0142857142857
2013-02-02 09:47:53,145,1,2.21629464286,-0.00260416666667
2013-02-02 09:47:54,146,1,2.08735119048,-0.128943452381
2013-02-02 09:47:55,147,1,1.69962797619,-0.387723214286
2013-02-02 09:47:56,148,1,1.13020833333,-0.569419642857
2013-02-02 09:47:57,149,1,0.0,-1.13020833333
2013-02-02 09:48:46,198,49,0.0,0.0
2013-02-02 09:48:47,199,1,2.19769345387,2.19769345387
2013-02-02 09:48:48,200,1,2.89270834226,0.695014888393
2013-02-02 09:48:49,201,1,2.69375002232,-0.19895831994
2013-02-02 09:48:50,202,1,1.79174109375,-0.902008928571
2013-02-02 09:48:51,203,1,0.0,-1.79174109375
