timestamp,cycle_sec,timestep,speed_mph,accel_meters_ps
2012-10-03 11:50:27,0,75591,0.0,0.0
2012-10-03 11:50:28,1,1,4.55475777116,4.55475777116
2012-10-03 11:50:29,2,1,8.28740906085,3.73265128968
2012-10-03 11:50:30,3,1,12.5334821429,4.24607308201
2012-10-03 11:50:31,4,1,16.8560433201,4.32256117725
2012-10-03 11:50:32,5,1,21.1784060847,4.32236276455
2012-10-03 11:50:33,6,1,25.5033978175,4.3249917328
2012-10-03 11:50:34,7,1,29.5525628307,4.04916501323
2012-10-03 11:50:35,8,1,32.6513310185,3.09876818783
2012-10-03 11:50:36,9,1,34.0568700397,1.40553902116
2012-10-03 11:50:37,10,1,33.4449074074,-0.611962632275
2012-10-03 11:50:38,11,1,31.1218584656,-2.3230489418
2012-10-03 11:50:39,12,1,27.775094246,-3.34676421958
2012-10-03 11:50:40,13,1,23.9524024471,-3.82269179894
2012-10-03 11:50:41,14,1,19.8298693783,-4.12253306878
2012-10-03 11:50:42,15,1,15.5321577381,-4.29771164021
2012-10-03 11:50:43,16,1,11.4837797619,-4.04837797619
2012-10-03 11:50:44,17,1,8.26976190476,-3.21401785714
2012-10-03 11:50:45,18,1,6.21379464286,-2.0559672619
2012-10-03 11:50:46,19,1,5.21836309524,-0.995431547619
2012-10-03 11:50:47,20,1,5.07813988095,-0.140223214286
2012-10-03 11:50:48,21,1,5.87489583333,0.796755952381
2012-10-03 11:50:49,22,1,7.91267857143,2.0377827381
2012-10-03 11:50:50,23,1,11.2717261905,3.35904761905
2012-10-03 11:50:51,24,1,15.5426190476,4.27089285714
2012-10-03 11:50:52,25,1,20.0332589286,4.49063988095
2012-10-03 11:50:53,26,1,24.2205059524,4.18724702381
2012-10-03 11:50:54,27,1,27.9762946429,3.75578869048
2012-10-03 11:50:55,28,1,31.3944940476,3.41819940476
2012-10-03 11:50:56,29,1,34.5375744048,3.14308035714
2012-10-03 11:50:57,30,1,37.3866071429,2.8490327381
2012-10-03 11:50:58,31,1,39.9167410714,2.53013392857
2012-10-03 11:50:59,32,1,42.1438244048,2.22708333333
2012-10-03 11:51:00,33,1,44.1084821429,1.9646577381
2012-10-03 11:51:01,34,1,45.8272321429,1.71875
2012-10-03 11:51:02,35,1,47.2595238095,1.43229166667
2012-10-03 11:51:03,36,1,48.3302083333,1.07068452381
2012-10-03 11:51:04,37,1,48.9878720238,0.657663690476
2012-10-03 11:51:05,38,1,49.2447172619,0.256845238095
2012-10-03 11:51:06,39,1,49.1745535714,-0.0701636904762
2012-10-03 11:51:07,40,1,48.8691220238,-0.305431547619
2012-10-03 11:51:08,41,1,48.387797619,-0.481324404762
2012-10-03 11:51:09,42,1,47.7702380952,-0.61755952381
2012-10-03 11:51:10,43,1,47.0898065476,-0.680431547619
2012-10-03 11:51:11,44,1,46.4410714286,-0.648735119048
2012-10-03 11:51:12,45,1,45.8586309524,-0.58244047619
2012-10-03 11:51:13,46,1,45.2716517857,-0.586979166667
2012-10-03 11:51:14,47,1,44.5502232143,-0.721428571429
2012-10-03 11:51:15,48,1,43.6070684524,-0.943154761905
2012-10-03 11:51:16,49,1,42.4786458333,-1.12842261905
2012-10-03 11:51:17,50,1,41.3260416667,-1.15260416667
2012-10-03 11:51:18,51,1,40.3555059524,-0.970535714286
2012-10-03 11:51:19,52,1,39.7250744048,-0.630431547619
2012-10-03 11:51:20,53,1,39.4997767857,-0.225297619048
2012-10-03 11:51:21,54,1,39.6473958333,0.147619047619
2012-10-03 11:51:22,55,1,40.0460565476,0.398660714286
2012-10-03 11:51:23,56,1,40.5048363095,0.458779761905
2012-10-03 11:51:24,57,1,40.8025297619,0.297693452381
2012-10-03 11:51:25,58,1,40.7491815476,-0.0533482142858
2012-10-03 11:51:26,59,1,40.2613095238,-0.48787202381
2012-10-03 11:51:27,60,1,39.378422619,-0.882886904762
2012-10-03 11:51:28,61,1,38.1482886905,-1.23013392857
2012-10-03 11:51:29,62,1,36.4680803571,-1.68020833333
2012-10-03 11:51:30,63,1,34.0938244048,-2.37425595238
2012-10-03 11:51:31,64,1,30.8879464286,-3.20587797619
2012-10-03 11:51:32,65,1,27.0949404762,-3.79300595238
2012-10-03 11:51:33,66,1,23.3508184524,-3.74412202381
2012-10-03 11:51:34,67,1,20.3621279762,-2.98869047619
2012-10-03 11:51:35,68,1,18.4886904762,-1.8734375
2012-10-03 11:51:36,69,1,17.5529761905,-0.935714285714
2012-10-03 11:51:37,70,1,17.0822916667,-0.47068452381
2012-10-03 11:51:38,71,1,16.8322916667,-0.25
2012-10-03 11:51:39,72,1,17.0460565476,0.213764880952
2012-10-03 11:51:40,73,1,18.1717261905,1.12566964286
2012-10-03 11:51:41,74,1,20.4209821429,2.24925595238
2012-10-03 11:51:42,75,1,23.5824404762,3.16145833333
2012-10-03 11:51:43,76,1,27.1539434524,3.57150297619
2012-10-03 11:51:44,77,1,30.6633184524,3.509375
2012-10-03 11:51:45,78,1,33.8656994048,3.20238095238
2012-10-03 11:51:46,79,1,36.6607142857,2.79501488095
2012-10-03 11:51:47,80,1,38.99375,2.33303571429
2012-10-03 11:51:48,81,1,40.8986607143,1.90491071429
2012-10-03 11:51:49,82,1,42.509375,1.61071428571
2012-10-03 11:51:50,83,1,43.970014881,1.46063988095
2012-10-03 11:51:51,84,1,45.3506696429,1.3806547619
2012-10-03 11:51:52,85,1,46.6319940476,1.28132440476
2012-10-03 11:51:53,86,1,47.748735119,1.11674107143
2012-10-03 11:51:54,87,1,48.6495535714,0.900818452381
2012-10-03 11:51:55,88,1,49.3290178571,0.679464285714
2012-10-03 11:51:56,89,1,49.823735119,0.494717261905
2012-10-03 11:51:57,90,1,50.192485119,0.36875
2012-10-03 11:51:58,91,1,50.4970238095,0.304538690476
2012-10-03 11:51:59,92,1,50.7851190476,0.288095238095
2012-10-03 11:52:00,93,1,51.0761160714,0.29099702381
2012-10-03 11:52:01,94,1,51.3601934524,0.284077380952
2012-10-03 11:52:02,95,1,51.6170386905,0.256845238095
2012-10-03 11:52:03,96,1,51.8423363095,0.225297619048
2012-10-03 11:52:04,97,1,52.0623511905,0.220014880952
2012-10-03 11:52:05,98,1,52.3158482143,0.25349702381
2012-10-03 11:52:06,99,1,52.6044642857,0.288616071429
2012-10-03 11:52:07,100,1,52.857514881,0.253050595238
2012-10-03 11:52:08,101,1,52.9546875,0.0971726190476
2012-10-03 11:52:09,102,1,52.7792410714,-0.175446428571
2012-10-03 11:52:10,103,1,52.2388392857,-0.540401785714
2012-10-03 11:52:11,104,1,51.2470238095,-0.99181547619
2012-10-03 11:52:12,105,1,49.7060267857,-1.54099702381
2012-10-03 11:52:13,106,1,47.50625,-2.19977678571
2012-10-03 11:52:14,107,1,44.5319196429,-2.97433035714
2012-10-03 11:52:15,108,1,40.678125,-3.85379464286
2012-10-03 11:52:16,109,1,35.9148809524,-4.76324404762
2012-10-03 11:52:17,110,1,30.4157738095,-5.49910714286
2012-10-03 11:52:18,111,1,24.6266989087,-5.78907490079
2012-10-03 11:52:19,112,1,19.0975012401,-5.52919766865
2012-10-03 11:52:20,113,1,14.2021949405,-4.8953062996
2012-10-03 11:52:21,114,1,10.0801029266,-4.12209201389
2012-10-03 11:52:22,115,1,6.80012400794,-3.27997891865
2012-10-03 11:52:23,116,1,4.46733630952,-2.33278769841
2012-10-03 11:52:24,117,1,3.15339781746,-1.31393849206
2012-10-03 11:52:25,118,1,2.73999875992,-0.41339905754
2012-10-03 11:52:26,119,1,2.87816220238,0.13816344246
2012-10-03 11:52:27,120,1,3.18916790675,0.311005704365
2012-10-03 11:52:28,121,1,3.48473462302,0.29556671627
2012-10-03 11:52:29,122,1,3.75,0.265265376984
2012-10-03 11:52:30,123,1,4.00127728175,0.251277281746
2012-10-03 11:52:31,124,1,4.22273685516,0.221459573413
2012-10-03 11:52:32,125,1,4.43322172619,0.210484871032
2012-10-03 11:52:33,126,1,4.82451016865,0.39128844246
2012-10-03 11:52:34,127,1,5.76125992063,0.936749751984
2012-10-03 11:52:35,128,1,7.54211309524,1.7808531746
2012-10-03 11:52:36,129,1,10.1771081349,2.63499503968
2012-10-03 11:52:37,130,1,13.401891121,3.22478298611
2012-10-03 11:52:38,131,1,16.8718377976,3.46994667659
2012-10-03 11:52:39,132,1,20.3805493552,3.50871155754
2012-10-03 11:52:40,133,1,23.8991195437,3.51857018849
2012-10-03 11:52:41,134,1,27.4020833333,3.50296378968
2012-10-03 11:52:42,135,1,30.7577380952,3.3556547619
2012-10-03 11:52:43,136,1,33.8179315476,3.06019345238
2012-10-03 11:52:44,137,1,36.5191220238,2.70119047619
2012-10-03 11:52:45,138,1,38.8723214286,2.35319940476
2012-10-03 11:52:46,139,1,40.8984375,2.02611607143
2012-10-03 11:52:47,140,1,42.5824404762,1.68400297619
2012-10-03 11:52:48,141,1,43.8892113095,1.30677083333
2012-10-03 11:52:49,142,1,44.8213541667,0.932142857143
2012-10-03 11:52:50,143,1,45.4453125,0.623958333333
2012-10-03 11:52:51,144,1,45.8633184524,0.418005952381
2012-10-03 11:52:52,145,1,46.1707589286,0.307440476191
2012-10-03 11:52:53,146,1,46.4261160714,0.255357142857
2012-10-03 11:52:54,147,1,46.6374255952,0.211309523809
2012-10-03 11:52:55,148,1,46.7614583333,0.124032738095
2012-10-03 11:52:56,149,1,46.716889881,-0.0445684523809
2012-10-03 11:52:57,150,1,46.4284970238,-0.288392857143
2012-10-03 11:52:58,151,1,45.890625,-0.537872023809
2012-10-03 11:52:59,152,1,45.1895833333,-0.701041666667
2012-10-03 11:53:00,153,1,44.4501488095,-0.739434523809
2012-10-03 11:53:01,154,1,43.7443452381,-0.705803571429
2012-10-03 11:53:02,155,1,43.0349702381,-0.709375
2012-10-03 11:53:03,156,1,42.1986607143,-0.836309523809
2012-10-03 11:53:04,157,1,41.1066220238,-1.09203869048
2012-10-03 11:53:05,158,1,39.6871279762,-1.41949404762
2012-10-03 11:53:06,159,1,37.9068452381,-1.7802827381
2012-10-03 11:53:07,160,1,35.6985119048,-2.20833333333
2012-10-03 11:53:08,161,1,32.9447172619,-2.75379464286
2012-10-03 11:53:09,162,1,29.5775297619,-3.3671875
2012-10-03 11:53:10,163,1,25.704985119,-3.87254464286
2012-10-03 11:53:11,164,1,21.6535714286,-4.05141369048
2012-10-03 11:53:12,165,1,17.9566964286,-3.696875
2012-10-03 11:53:13,166,1,15.2985119048,-2.65818452381
2012-10-03 11:53:14,167,1,14.2970982143,-1.00141369048
2012-10-03 11:53:15,168,1,15.1886160714,0.891517857143
2012-10-03 11:53:16,169,1,17.6694940476,2.48087797619
2012-10-03 11:53:17,170,1,21.0151785714,3.34568452381
2012-10-03 11:53:18,171,1,24.418452381,3.40327380952
2012-10-03 11:53:19,172,1,27.3462797619,2.92782738095
2012-10-03 11:53:20,173,1,29.6404761905,2.29419642857
2012-10-03 11:53:21,174,1,31.3573660714,1.71688988095
2012-10-03 11:53:22,175,1,32.6002232143,1.24285714286
2012-10-03 11:53:23,176,1,33.4594494048,0.859226190476
2012-10-03 11:53:24,177,1,34.0013392857,0.541889880952
2012-10-03 11:53:25,178,1,34.2834077381,0.282068452381
2012-10-03 11:53:26,179,1,34.3965029762,0.113095238095
2012-10-03 11:53:27,180,1,34.472172619,0.0756696428571
2012-10-03 11:53:28,181,1,34.6176339286,0.145461309524
2012-10-03 11:53:29,182,1,34.8436755952,0.226041666667
2012-10-03 11:53:30,183,1,35.0680803571,0.224404761905
2012-10-03 11:53:31,184,1,35.1915178571,0.1234375
2012-10-03 11:53:32,185,1,35.1703125,-0.0212053571429
2012-10-03 11:53:33,186,1,35.027827381,-0.142485119048
2012-10-03 11:53:34,187,1,34.813764881,-0.2140625
2012-10-03 11:53:35,188,1,34.548735119,-0.265029761905
2012-10-03 11:53:36,189,1,34.1848958333,-0.363839285714
2012-10-03 11:53:37,190,1,33.6082589286,-0.576636904762
2012-10-03 11:53:38,191,1,32.6913690476,-0.916889880952
2012-10-03 11:53:39,192,1,31.3796875,-1.31168154762
2012-10-03 11:53:40,193,1,29.750297619,-1.62938988095
2012-10-03 11:53:41,194,1,27.9619791667,-1.78831845238
2012-10-03 11:53:42,195,1,26.1203869048,-1.8415922619
2012-10-03 11:53:43,196,1,24.2004464286,-1.91994047619
2012-10-03 11:53:44,197,1,22.1152529762,-2.08519345238
2012-10-03 11:53:45,198,1,19.8605654762,-2.2546875
2012-10-03 11:53:46,199,1,17.5930059524,-2.26755952381
2012-10-03 11:53:47,200,1,15.5813244048,-2.01168154762
2012-10-03 11:53:48,201,1,14.0813244048,-1.5
2012-10-03 11:53:49,202,1,13.2334821429,-0.847842261905
2012-10-03 11:53:50,203,1,13.050297619,-0.18318452381
2012-10-03 11:53:51,204,1,13.451264881,0.400967261905
2012-10-03 11:53:52,205,1,14.2838541667,0.832589285714
2012-10-03 11:53:53,206,1,15.3520833333,1.06822916667
2012-10-03 11:53:54,207,1,16.4453125,1.09322916667
2012-10-03 11:53:55,208,1,17.3425595238,0.897247023809
2012-10-03 11:53:56,209,1,17.8375744048,0.495014880952
2012-10-03 11:53:57,210,1,17.7710565476,-0.0665178571428
2012-10-03 11:53:58,211,1,17.0313244048,-0.739732142857
2012-10-03 11:53:59,212,1,15.5774553571,-1.45386904762
2012-10-03 11:54:00,213,1,13.484672619,-2.0927827381
2012-10-03 11:54:01,214,1,10.9587053571,-2.5259672619
2012-10-03 11:54:02,215,1,8.33244047619,-2.62626488095
2012-10-03 11:54:03,216,1,6.01674107143,-2.31569940476
2012-10-03 11:54:04,217,1,4.35379464286,-1.66294642857
2012-10-03 11:54:05,218,1,3.45349702381,-0.900297619048
2012-10-03 11:54:06,219,1,3.14858630952,-0.304910714286
2012-10-03 11:54:07,220,1,3.11063988095,-0.0379464285714
2012-10-03 11:54:08,221,1,3.0537202381,-0.0569196428571
2012-10-03 11:54:09,222,1,2.87738095238,-0.176339285714
2012-10-03 11:54:10,223,1,2.62053571429,-0.256845238095
2012-10-03 11:54:11,224,1,2.28370535714,-0.336830357143
2012-10-03 11:54:12,225,1,1.78035714286,-0.503348214286
2012-10-03 11:54:13,226,1,1.13973214286,-0.640625
2012-10-03 11:54:14,227,1,0.0,-1.13973214286
