timestamp,cycle_sec,timestep,speed_mph,accel_meters_ps
2012-11-05 05:29:52,0,77934,0.0,0.0
2012-11-05 05:29:53,1,1,1.00437127976,1.00437127976
2012-11-05 05:29:54,2,1,1.51536458333,0.510993303571
2012-11-05 05:29:55,3,1,1.841015625,0.325651041667
2012-11-05 05:29:56,4,1,1.94576822917,0.104752604167
2012-11-05 05:29:57,5,1,1.95279017857,0.00702194940476
2012-11-05 05:29:58,6,1,1.95297619048,0.00018601190476
2012-11-05 05:29:59,7,1,1.9634796627,0.0105034722222
2012-11-05 05:30:00,8,1,1.97561073909,0.0121310763889
2012-11-05 05:30:01,9,1,1.9818452381,0.00623449900794
2012-11-05 05:30:02,10,1,1.97886904762,-0.00297619047619
2012-11-05 05:30:03,11,1,1.97180059524,-0.00706845238095
2012-11-05 05:30:04,12,1,1.97290736607,0.00110677083333
2012-11-05 05:30:05,13,1,1.99162326389,0.0187158978175
2012-11-05 05:30:06,14,1,2.02588975694,0.0342664930555
2012-11-05 05:30:07,15,1,2.06274181548,0.0368520585318
2012-11-05 05:30:08,16,1,2.08861607143,0.0258742559524
2012-11-05 05:30:09,17,1,2.09970238095,0.0110863095238
2012-11-05 05:30:10,18,1,2.10148809524,0.00178571428571
2012-11-05 05:30:11,19,1,2.10079365079,-0.00069444444444
2012-11-05 05:30:12,20,1,2.10082837302,3.47222222201e-05
2012-11-05 05:30:13,21,1,2.10068452381,-0.00014384920635
2012-11-05 05:30:14,22,1,2.09635416667,-0.00433035714285
2012-11-05 05:30:15,23,1,2.08523809524,-0.0111160714286
2012-11-05 05:30:16,24,1,2.07202380952,-0.0132142857143
2012-11-05 05:30:17,25,1,2.06797619048,-0.00404761904762
2012-11-05 05:30:18,26,1,2.08373511905,0.0157589285714
2012-11-05 05:30:19,27,1,2.12235119048,0.0386160714286
2012-11-05 05:30:20,28,1,2.17739583333,0.0550446428571
2012-11-05 05:30:21,29,1,2.23860119048,0.0612053571429
2012-11-05 05:30:22,30,1,2.29761904762,0.0590178571429
2012-11-05 05:30:23,31,1,2.34607142857,0.0484523809524
2012-11-05 05:30:24,32,1,2.38845238095,0.0423809523809
2012-11-05 05:30:25,33,1,2.48494047619,0.0964880952381
2012-11-05 05:30:26,34,1,2.76306547619,0.278125
2012-11-05 05:30:27,35,1,3.34430059524,0.581235119048
2012-11-05 05:30:28,36,1,4.2515625,0.907261904762
2012-11-05 05:30:29,37,1,5.39251488095,1.14095238095
2012-11-05 05:30:30,38,1,6.62782738095,1.2353125
2012-11-05 05:30:31,39,1,7.8612202381,1.23339285714
2012-11-05 05:30:32,40,1,9.06616071429,1.20494047619
2012-11-05 05:30:33,41,1,10.2400297619,1.17386904762
2012-11-05 05:30:34,42,1,11.3732886905,1.13325892857
2012-11-05 05:30:35,43,1,12.4716517857,1.09836309524
2012-11-05 05:30:36,44,1,13.569047619,1.09739583333
2012-11-05 05:30:37,45,1,14.6821428571,1.1130952381
2012-11-05 05:30:38,46,1,15.7447916667,1.06264880952
2012-11-05 05:30:39,47,1,16.603422619,0.858630952381
2012-11-05 05:30:40,48,1,17.0973214286,0.493898809524
2012-11-05 05:30:41,49,1,17.1578869048,0.0605654761905
2012-11-05 05:30:42,50,1,16.8385416667,-0.319345238095
2012-11-05 05:30:43,51,1,16.2642113095,-0.574330357143
2012-11-05 05:30:44,52,1,15.572172619,-0.692038690476
2012-11-05 05:30:45,53,1,14.8871279762,-0.685044642857
2012-11-05 05:30:46,54,1,14.3092261905,-0.577901785714
2012-11-05 05:30:47,55,1,13.8883184524,-0.420907738095
2012-11-05 05:30:48,56,1,13.5885416667,-0.299776785714
2012-11-05 05:30:49,57,1,13.2980654762,-0.290476190476
2012-11-05 05:30:50,58,1,12.9135416667,-0.384523809524
2012-11-05 05:30:51,59,1,12.4188988095,-0.494642857143
2012-11-05 05:30:52,60,1,11.8770089286,-0.541889880952
2012-11-05 05:30:53,61,1,11.3619047619,-0.515104166667
2012-11-05 05:30:54,62,1,10.9063988095,-0.455505952381
2012-11-05 05:30:55,63,1,10.5024553571,-0.403943452381
2012-11-05 05:30:56,64,1,10.135639881,-0.36681547619
2012-11-05 05:30:57,65,1,9.80677083333,-0.328869047619
2012-11-05 05:30:58,66,1,9.52239583333,-0.284375
2012-11-05 05:30:59,67,1,9.28370535714,-0.23869047619
2012-11-05 05:31:00,68,1,9.09367559524,-0.190029761905
2012-11-05 05:31:01,69,1,8.95758928571,-0.136086309524
2012-11-05 05:31:02,70,1,8.86726190476,-0.0903273809524
2012-11-05 05:31:03,71,1,8.80275297619,-0.0645089285714
2012-11-05 05:31:04,72,1,8.75863095238,-0.0441220238095
2012-11-05 05:31:05,73,1,8.7505952381,-0.00803571428571
2012-11-05 05:31:06,74,1,8.78288690476,0.0322916666667
2012-11-05 05:31:07,75,1,8.81837797619,0.0354910714286
2012-11-05 05:31:08,76,1,8.78921130952,-0.0291666666667
2012-11-05 05:31:09,77,1,8.63556547619,-0.153645833333
2012-11-05 05:31:10,78,1,8.35267857143,-0.282886904762
2012-11-05 05:31:11,79,1,8.02619047619,-0.326488095238
2012-11-05 05:31:12,80,1,7.80029761905,-0.225892857143
2012-11-05 05:31:13,81,1,7.77075892857,-0.0295386904762
2012-11-05 05:31:14,82,1,7.9037202381,0.132961309524
2012-11-05 05:31:15,83,1,8.05944940476,0.155729166667
2012-11-05 05:31:16,84,1,8.09866071429,0.0392113095238
2012-11-05 05:31:17,85,1,7.99389880952,-0.104761904762
2012-11-05 05:31:18,86,1,7.84427083333,-0.14962797619
2012-11-05 05:31:19,87,1,7.77180059524,-0.0724702380952
2012-11-05 05:31:20,88,1,7.81629464286,0.044494047619
2012-11-05 05:31:21,89,1,7.92849702381,0.112202380952
2012-11-05 05:31:22,90,1,8.04092261905,0.112425595238
2012-11-05 05:31:23,91,1,8.13229166667,0.0913690476191
2012-11-05 05:31:24,92,1,8.22299107143,0.0906994047619
2012-11-05 05:31:25,93,1,8.32991071429,0.106919642857
2012-11-05 05:31:26,94,1,8.43995535714,0.110044642857
2012-11-05 05:31:27,95,1,8.5103422619,0.0703869047619
2012-11-05 05:31:28,96,1,8.5,-0.0103422619048
2012-11-05 05:31:29,97,1,8.41086309524,-0.0891369047619
2012-11-05 05:31:30,98,1,8.27857142857,-0.132291666667
2012-11-05 05:31:31,99,1,8.14025297619,-0.138318452381
2012-11-05 05:31:32,100,1,8.04553571429,-0.0947172619048
2012-11-05 05:31:33,101,1,8.05885416667,0.013318452381
2012-11-05 05:31:34,102,1,8.19144345238,0.132589285714
2012-11-05 05:31:35,103,1,8.33519345238,0.14375
2012-11-05 05:31:36,104,1,8.2990327381,-0.0361607142857
2012-11-05 05:31:37,105,1,7.94642857143,-0.352604166667
2012-11-05 05:31:38,106,1,7.3224702381,-0.623958333333
2012-11-05 05:31:39,107,1,6.62819940476,-0.694270833333
2012-11-05 05:31:40,108,1,6.05066964286,-0.577529761905
2012-11-05 05:31:41,109,1,5.63645833333,-0.414211309524
2012-11-05 05:31:42,110,1,5.31889880952,-0.31755952381
2012-11-05 05:31:43,111,1,5.02321428571,-0.29568452381
2012-11-05 05:31:44,112,1,4.734375,-0.288839285714
2012-11-05 05:31:45,113,1,4.47931547619,-0.25505952381
2012-11-05 05:31:46,114,1,4.27239583333,-0.206919642857
2012-11-05 05:31:47,115,1,4.09263392857,-0.179761904762
2012-11-05 05:31:48,116,1,3.89665178571,-0.195982142857
2012-11-05 05:31:49,117,1,3.65989583333,-0.236755952381
2012-11-05 05:31:50,118,1,3.40714285714,-0.25275297619
2012-11-05 05:31:51,119,1,3.18087797619,-0.226264880952
2012-11-05 05:31:52,120,1,3.00654761905,-0.174330357143
2012-11-05 05:31:53,121,1,2.89717261905,-0.109375
2012-11-05 05:31:54,122,1,2.84828869048,-0.0488839285714
2012-11-05 05:31:55,123,1,2.84211309524,-0.00617559523809
2012-11-05 05:31:56,124,1,2.87224702381,0.0301339285714
2012-11-05 05:31:57,125,1,2.9240327381,0.0517857142857
2012-11-05 05:31:58,126,1,2.9484375,0.0244047619048
2012-11-05 05:31:59,127,1,2.90766369048,-0.0407738095238
2012-11-05 05:32:00,128,1,2.8287202381,-0.0789434523809
2012-11-05 05:32:01,129,1,2.78712797619,-0.0415922619048
2012-11-05 05:32:02,130,1,2.84181547619,0.0546875
2012-11-05 05:32:03,131,1,2.94270833333,0.100892857143
2012-11-05 05:32:04,132,1,2.87574404762,-0.0669642857143
2012-11-05 05:32:05,133,1,2.4040922619,-0.471651785714
2012-11-05 05:32:06,134,1,1.58526785714,-0.818824404762
2012-11-05 05:32:07,135,1,0.0,-1.58526785714
2012-11-05 05:44:00,848,713,0.0,0.0
2012-11-05 05:44:01,849,1,1.31086309524,1.31086309524
2012-11-05 05:44:02,850,1,1.96205357143,0.65119047619
2012-11-05 05:44:03,851,1,2.35357142857,0.391517857143
2012-11-05 05:44:04,852,1,2.45163690476,0.0980654761905
2012-11-05 05:44:05,853,1,2.42678571429,-0.0248511904762
2012-11-05 05:44:06,854,1,2.40267857143,-0.0241071428571
2012-11-05 05:44:07,855,1,2.39866071429,-0.00401785714286
2012-11-05 05:44:08,856,1,2.39970238095,0.00104166666667
2012-11-05 05:44:09,857,1,2.4,0.00029761904762
2012-11-05 05:44:10,858,1,2.4,0.0
2012-11-05 05:44:11,859,1,2.40357142857,0.00357142857143
2012-11-05 05:44:12,860,1,2.41964285714,0.0160714285714
2012-11-05 05:44:13,861,1,2.42619047619,0.00654761904762
2012-11-05 05:44:14,862,1,2.30714285714,-0.119047619048
2012-11-05 05:44:15,863,1,1.90535714286,-0.401785714286
2012-11-05 05:44:16,864,1,1.26808035714,-0.637276785714
2012-11-05 05:44:17,865,1,0.0,-1.26808035714
2012-11-05 05:44:41,889,24,0.0,0.0
2012-11-05 05:44:42,890,1,1.85892857143,1.85892857143
2012-11-05 05:44:43,891,1,2.88616071429,1.02723214286
2012-11-05 05:44:44,892,1,3.65691964286,0.770758928571
2012-11-05 05:44:45,893,1,4.13772321429,0.480803571429
2012-11-05 05:44:46,894,1,4.51808035714,0.380357142857
2012-11-05 05:44:47,895,1,4.90848214286,0.390401785714
2012-11-05 05:44:48,896,1,5.26607142857,0.357589285714
2012-11-05 05:44:49,897,1,5.51830357143,0.252232142857
2012-11-05 05:44:50,898,1,5.65282738095,0.134523809524
2012-11-05 05:44:51,899,1,5.69769345238,0.0448660714286
2012-11-05 05:44:52,900,1,5.6880952381,-0.00959821428571
2012-11-05 05:44:53,901,1,5.65505952381,-0.0330357142857
2012-11-05 05:44:54,902,1,5.6193452381,-0.0357142857143
2012-11-05 05:44:55,903,1,5.59270833333,-0.0266369047619
2012-11-05 05:44:56,904,1,5.58013392857,-0.0125744047619
2012-11-05 05:44:57,905,1,5.5818452381,0.00171130952381
2012-11-05 05:44:58,906,1,5.59761904762,0.0157738095238
2012-11-05 05:44:59,907,1,5.62693452381,0.0293154761905
2012-11-05 05:45:00,908,1,5.66681547619,0.039880952381
2012-11-05 05:45:01,909,1,5.70967261905,0.0428571428571
2012-11-05 05:45:02,910,1,5.74025297619,0.0305803571429
2012-11-05 05:45:03,911,1,5.73779761905,-0.00245535714286
2012-11-05 05:45:04,912,1,5.68973214286,-0.0480654761905
2012-11-05 05:45:05,913,1,5.61145833333,-0.0782738095238
2012-11-05 05:45:06,914,1,5.54955357143,-0.0619047619048
2012-11-05 05:45:07,915,1,5.55305059524,0.00349702380953
2012-11-05 05:45:08,916,1,5.63683035714,0.0837797619048
2012-11-05 05:45:09,917,1,5.77462797619,0.137797619048
2012-11-05 05:45:10,918,1,5.92537202381,0.150744047619
2012-11-05 05:45:11,919,1,6.06733630952,0.141964285714
2012-11-05 05:45:12,920,1,6.2115327381,0.144196428571
2012-11-05 05:45:13,921,1,6.38125,0.169717261905
2012-11-05 05:45:14,922,1,6.57976190476,0.198511904762
2012-11-05 05:45:15,923,1,6.78273809524,0.202976190476
2012-11-05 05:45:16,924,1,6.95825892857,0.175520833333
2012-11-05 05:45:17,925,1,7.08258928571,0.124330357143
2012-11-05 05:45:18,926,1,7.13519345238,0.0526041666667
2012-11-05 05:45:19,927,1,7.09918154762,-0.0360119047619
2012-11-05 05:45:20,928,1,6.97991071429,-0.119270833333
2012-11-05 05:45:21,929,1,6.81369047619,-0.166220238095
2012-11-05 05:45:22,930,1,6.65915178571,-0.154538690476
2012-11-05 05:45:23,931,1,6.57693452381,-0.0822172619048
2012-11-05 05:45:24,932,1,6.59561011905,0.0186755952381
2012-11-05 05:45:25,933,1,6.6990327381,0.103422619048
2012-11-05 05:45:26,934,1,6.8537202381,0.1546875
2012-11-05 05:45:27,935,1,7.03191964286,0.178199404762
2012-11-05 05:45:28,936,1,7.2119047619,0.179985119048
2012-11-05 05:45:29,937,1,7.37522321429,0.163318452381
2012-11-05 05:45:30,938,1,7.50401785714,0.128794642857
2012-11-05 05:45:31,939,1,7.58549107143,0.0814732142857
2012-11-05 05:45:32,940,1,7.63459821429,0.0491071428571
2012-11-05 05:45:33,941,1,7.70944940476,0.0748511904762
2012-11-05 05:45:34,942,1,7.86889880952,0.159449404762
2012-11-05 05:45:35,943,1,8.0875,0.218601190476
2012-11-05 05:45:36,944,1,8.25483630952,0.167336309524
2012-11-05 05:45:37,945,1,8.31324404762,0.0584077380952
2012-11-05 05:45:38,946,1,8.3759672619,0.0627232142857
2012-11-05 05:45:39,947,1,8.67425595238,0.298288690476
2012-11-05 05:45:40,948,1,9.36019345238,0.6859375
2012-11-05 05:45:41,949,1,10.3098958333,0.949702380952
2012-11-05 05:45:42,950,1,11.1423363095,0.832440476191
2012-11-05 05:45:43,951,1,11.5188244048,0.376488095238
2012-11-05 05:45:44,952,1,11.4352678571,-0.083556547619
2012-11-05 05:45:45,953,1,11.2119047619,-0.223363095238
2012-11-05 05:45:46,954,1,11.2381696429,0.0262648809523
2012-11-05 05:45:47,955,1,11.709077381,0.470907738095
2012-11-05 05:45:48,956,1,12.5310267857,0.821949404762
2012-11-05 05:45:49,957,1,13.4475446429,0.916517857143
2012-11-05 05:45:50,958,1,14.250297619,0.802752976191
2012-11-05 05:45:51,959,1,14.8747767857,0.624479166667
2012-11-05 05:45:52,960,1,15.3504464286,0.475669642857
2012-11-05 05:45:53,961,1,15.7185267857,0.368080357143
2012-11-05 05:45:54,962,1,15.9847470238,0.266220238095
2012-11-05 05:45:55,963,1,16.1196428571,0.134895833333
2012-11-05 05:45:56,964,1,16.1089285714,-0.0107142857143
2012-11-05 05:45:57,965,1,15.9985119048,-0.110416666667
2012-11-05 05:45:58,966,1,15.8712797619,-0.127232142857
2012-11-05 05:45:59,967,1,15.7817708333,-0.0895089285715
2012-11-05 05:46:00,968,1,15.7076636905,-0.0741071428571
2012-11-05 05:46:01,969,1,15.5305059524,-0.177157738095
2012-11-05 05:46:02,970,1,15.0547619048,-0.475744047619
2012-11-05 05:46:03,971,1,14.1081845238,-0.946577380952
2012-11-05 05:46:04,972,1,12.6992559524,-1.40892857143
2012-11-05 05:46:05,973,1,11.0921875,-1.60706845238
2012-11-05 05:46:06,974,1,9.69404761905,-1.39813988095
2012-11-05 05:46:07,975,1,8.8,-0.894047619048
2012-11-05 05:46:08,976,1,8.39129464286,-0.408705357143
2012-11-05 05:46:09,977,1,8.19263392857,-0.198660714286
2012-11-05 05:46:10,978,1,7.93958333333,-0.253050595238
2012-11-05 05:46:11,979,1,7.57611607143,-0.363467261905
2012-11-05 05:46:12,980,1,7.2228422619,-0.353273809524
2012-11-05 05:46:13,981,1,7.01361607143,-0.209226190476
2012-11-05 05:46:14,982,1,6.98794642857,-0.0256696428571
2012-11-05 05:46:15,983,1,7.10401785714,0.116071428571
2012-11-05 05:46:16,984,1,7.28206845238,0.178050595238
2012-11-05 05:46:17,985,1,7.40825892857,0.12619047619
2012-11-05 05:46:18,986,1,7.3537202381,-0.0545386904762
2012-11-05 05:46:19,987,1,7.06837797619,-0.285342261905
2012-11-05 05:46:20,988,1,6.64985119048,-0.418526785714
2012-11-05 05:46:21,989,1,6.25089285714,-0.398958333333
2012-11-05 05:46:22,990,1,5.9197172619,-0.331175595238
2012-11-05 05:46:23,991,1,5.56979166667,-0.349925595238
2012-11-05 05:46:24,992,1,5.08772321429,-0.482068452381
2012-11-05 05:46:25,993,1,4.43571428571,-0.652008928571
2012-11-05 05:46:26,994,1,3.6328125,-0.802901785714
2012-11-05 05:46:27,995,1,2.68348214286,-0.949330357143
2012-11-05 05:46:28,996,1,1.64680059524,-1.03668154762
2012-11-05 05:46:29,997,1,0.0,-1.64680059524
2012-11-05 05:46:30,998,1,0.0,0.0
2012-11-05 05:46:31,999,1,0.0,0.0
2012-11-05 05:46:32,1000,1,0.0,0.0
2012-11-05 05:46:33,1001,1,0.0,0.0
2012-11-05 05:46:34,1002,1,0.0,0.0
