timestamp,cycle_sec,timestep,speed_mph,accel_meters_ps
2012-11-12 05:49:49,0,34687,0.0,0.0
2012-11-12 05:49:50,1,1,1.38348214286,1.38348214286
2012-11-12 05:49:51,2,1,2.18467261905,0.80119047619
2012-11-12 05:49:52,3,1,2.74754464286,0.56287202381
2012-11-12 05:49:53,4,1,2.95267857143,0.205133928571
2012-11-12 05:49:54,5,1,2.93311011905,-0.019568452381
2012-11-12 05:49:55,6,1,2.88973214286,-0.0433779761905
2012-11-12 05:49:56,7,1,3.05788690476,0.168154761905
2012-11-12 05:49:57,8,1,3.67946428571,0.621577380952
2012-11-12 05:49:58,9,1,4.87321428571,1.19375
2012-11-12 05:49:59,10,1,6.54360119048,1.67038690476
2012-11-12 05:50:00,11,1,8.40647321429,1.86287202381
2012-11-12 05:50:01,12,1,10.0954613095,1.68898809524
2012-11-12 05:50:02,13,1,11.2868303571,1.19136904762
2012-11-12 05:50:03,14,1,11.7560267857,0.469196428571
2012-11-12 05:50:04,15,1,11.3788690476,-0.377157738095
2012-11-12 05:50:05,16,1,10.1946428571,-1.18422619048
2012-11-12 05:50:06,17,1,8.54583333333,-1.64880952381
2012-11-12 05:50:07,18,1,7.10550595238,-1.44032738095
2012-11-12 05:50:08,19,1,6.61770833333,-0.487797619048
2012-11-12 05:50:09,20,1,7.50513392857,0.887425595238
2012-11-12 05:50:10,21,1,9.6677827381,2.16264880952
2012-11-12 05:50:11,22,1,12.5802827381,2.9125
2012-11-12 05:50:12,23,1,15.5869047619,3.00662202381
2012-11-12 05:50:13,24,1,18.1951636905,2.60825892857
2012-11-12 05:50:14,25,1,20.1805803571,1.98541666667
2012-11-12 05:50:15,26,1,21.5441220238,1.36354166667
2012-11-12 05:50:16,27,1,22.4544642857,0.910342261905
2012-11-12 05:50:17,28,1,23.1506696429,0.696205357143
2012-11-12 05:50:18,29,1,23.800297619,0.649627976191
2012-11-12 05:50:19,30,1,24.4304315476,0.630133928571
2012-11-12 05:50:20,31,1,24.9779761905,0.547544642857
2012-11-12 05:50:21,32,1,25.4054315476,0.427455357143
2012-11-12 05:50:22,33,1,25.7988095238,0.393377976191
2012-11-12 05:50:23,34,1,26.3281994048,0.529389880952
2012-11-12 05:50:24,35,1,27.0656994048,0.7375
2012-11-12 05:50:25,36,1,27.8875744048,0.821875
2012-11-12 05:50:26,37,1,28.616889881,0.729315476191
2012-11-12 05:50:27,38,1,29.2144345238,0.597544642857
2012-11-12 05:50:28,39,1,29.7755208333,0.561086309524
2012-11-12 05:50:29,40,1,30.3746279762,0.599107142857
2012-11-12 05:50:30,41,1,30.8995535714,0.524925595238
2012-11-12 05:50:31,42,1,31.0212053571,0.121651785714
2012-11-12 05:50:32,43,1,30.4823660714,-0.538839285714
2012-11-12 05:50:33,44,1,29.476264881,-1.00610119048
2012-11-12 05:50:34,45,1,28.587202381,-0.8890625
2012-11-12 05:50:35,46,1,28.3569940476,-0.230208333333
2012-11-12 05:50:36,47,1,28.9552083333,0.598214285714
2012-11-12 05:50:37,48,1,30.1290922619,1.17388392857
2012-11-12 05:50:38,49,1,31.4348958333,1.30580357143
2012-11-12 05:50:39,50,1,32.5950892857,1.16019345238
2012-11-12 05:50:40,51,1,33.6083333333,1.01324404762
2012-11-12 05:50:41,52,1,34.5667410714,0.958407738095
2012-11-12 05:50:42,53,1,35.5011904762,0.934449404762
2012-11-12 05:50:43,54,1,36.3697916667,0.868601190476
2012-11-12 05:50:44,55,1,37.0895833333,0.719791666667
2012-11-12 05:50:45,56,1,37.5886904762,0.499107142857
2012-11-12 05:50:46,57,1,37.869047619,0.280357142857
2012-11-12 05:50:47,58,1,38.0145833333,0.145535714286
2012-11-12 05:50:48,59,1,38.1392857143,0.124702380952
2012-11-12 05:50:49,60,1,38.327827381,0.188541666667
2012-11-12 05:50:50,61,1,38.6042410714,0.276413690476
2012-11-12 05:50:51,62,1,38.9391369048,0.334895833333
2012-11-12 05:50:52,63,1,39.2834077381,0.344270833333
2012-11-12 05:50:53,64,1,39.6024553571,0.319047619048
2012-11-12 05:50:54,65,1,39.8876488095,0.285193452381
2012-11-12 05:50:55,66,1,40.1443452381,0.256696428571
2012-11-12 05:50:56,67,1,40.3776041667,0.233258928572
2012-11-12 05:50:57,68,1,40.5823660714,0.204761904762
2012-11-12 05:50:58,69,1,40.7412946429,0.158928571428
2012-11-12 05:50:59,70,1,40.8391369048,0.0978422619048
2012-11-12 05:51:00,71,1,40.8727678571,0.033630952381
2012-11-12 05:51:01,72,1,40.8464285714,-0.0263392857143
2012-11-12 05:51:02,73,1,40.7805803571,-0.0658482142857
2012-11-12 05:51:03,74,1,40.7267113095,-0.0538690476191
2012-11-12 05:51:04,75,1,40.7532738095,0.0265625
2012-11-12 05:51:05,76,1,40.9162202381,0.162946428571
2012-11-12 05:51:06,77,1,41.235639881,0.319419642857
2012-11-12 05:51:07,78,1,41.6779761905,0.442336309524
2012-11-12 05:51:08,79,1,42.170014881,0.492038690476
2012-11-12 05:51:09,80,1,42.6496279762,0.479613095238
2012-11-12 05:51:10,81,1,43.0956845238,0.446056547619
2012-11-12 05:51:11,82,1,43.514360119,0.418675595238
2012-11-12 05:51:12,83,1,43.9134672619,0.399107142857
2012-11-12 05:51:13,84,1,44.2819940476,0.368526785714
2012-11-12 05:51:14,85,1,44.5900297619,0.308035714286
2012-11-12 05:51:15,86,1,44.8150297619,0.225
2012-11-12 05:51:16,87,1,44.9555059524,0.140476190476
2012-11-12 05:51:17,88,1,45.0101934524,0.0546874999999
2012-11-12 05:51:18,89,1,44.9608630952,-0.0493303571428
2012-11-12 05:51:19,90,1,44.7943452381,-0.166517857143
2012-11-12 05:51:20,91,1,44.5424107143,-0.251934523809
2012-11-12 05:51:21,92,1,44.2833333333,-0.259077380952
2012-11-12 05:51:22,93,1,44.0895833333,-0.19375
2012-11-12 05:51:23,94,1,43.9752232143,-0.114360119048
2012-11-12 05:51:24,95,1,43.894047619,-0.0811755952381
2012-11-12 05:51:25,96,1,43.7800595238,-0.113988095238
2012-11-12 05:51:26,97,1,43.5819940476,-0.198065476191
2012-11-12 05:51:27,98,1,43.259672619,-0.322321428571
2012-11-12 05:51:28,99,1,42.7674107143,-0.492261904762
2012-11-12 05:51:29,100,1,42.0587053571,-0.708705357143
2012-11-12 05:51:30,101,1,41.1030505952,-0.955654761905
2012-11-12 05:51:31,102,1,39.903125,-1.19992559524
2012-11-12 05:51:32,103,1,38.5021577381,-1.4009672619
2012-11-12 05:51:33,104,1,36.9639880952,-1.53816964286
2012-11-12 05:51:34,105,1,35.351860119,-1.61212797619
2012-11-12 05:51:35,106,1,33.7296875,-1.62217261905
2012-11-12 05:51:36,107,1,32.1492559524,-1.58043154762
2012-11-12 05:51:37,108,1,30.6049107143,-1.5443452381
2012-11-12 05:51:38,109,1,28.995014881,-1.60989583333
2012-11-12 05:51:39,110,1,27.1398809524,-1.85513392857
2012-11-12 05:51:40,111,1,24.8667410714,-2.27313988095
2012-11-12 05:51:41,112,1,22.1024553571,-2.76428571429
2012-11-12 05:51:42,113,1,18.8949404762,-3.20751488095
2012-11-12 05:51:43,114,1,15.3465029762,-3.5484375
2012-11-12 05:51:44,115,1,11.5497767857,-3.79672619048
2012-11-12 05:51:45,116,1,7.68087797619,-3.86889880952
2012-11-12 05:51:46,117,1,4.24378720238,-3.43709077381
2012-11-12 05:51:47,118,1,0.0,-4.24378720238
2012-11-12 05:52:23,154,36,0.0,0.0
2012-11-12 05:52:24,155,1,4.1765625,4.1765625
2012-11-12 05:52:25,156,1,7.61436011905,3.43779761905
2012-11-12 05:52:26,157,1,11.5025297619,3.88816964286
2012-11-12 05:52:27,158,1,15.2500744048,3.74754464286
2012-11-12 05:52:28,159,1,18.5541666667,3.3040922619
2012-11-12 05:52:29,160,1,21.2652157738,2.71104910714
2012-11-12 05:52:30,161,1,23.3171130952,2.05189732143
2012-11-12 05:52:31,162,1,24.691889881,1.37477678571
2012-11-12 05:52:32,163,1,25.4253720238,0.733482142857
2012-11-12 05:52:33,164,1,25.5517857143,0.126413690476
2012-11-12 05:52:34,165,1,24.9889136905,-0.56287202381
2012-11-12 05:52:35,166,1,23.5701636905,-1.41875
2012-11-12 05:52:36,167,1,21.2511904762,-2.31897321429
2012-11-12 05:52:37,168,1,18.3173363095,-2.93385416667
2012-11-12 05:52:38,169,1,15.4127232143,-2.90461309524
2012-11-12 05:52:39,170,1,13.2694940476,-2.14322916667
2012-11-12 05:52:40,171,1,12.2933035714,-0.97619047619
2012-11-12 05:52:41,172,1,12.3593005952,0.0659970238095
2012-11-12 05:52:42,173,1,12.9458333333,0.586532738095
2012-11-12 05:52:43,174,1,13.4898809524,0.544047619048
2012-11-12 05:52:44,175,1,13.7196428571,0.229761904762
2012-11-12 05:52:45,176,1,13.6786458333,-0.0409970238096
2012-11-12 05:52:46,177,1,13.4957589286,-0.182886904762
2012-11-12 05:52:47,178,1,13.2124255952,-0.283333333333
2012-11-12 05:52:48,179,1,12.754985119,-0.457440476191
2012-11-12 05:52:49,180,1,11.9986607143,-0.756324404762
2012-11-12 05:52:50,181,1,10.884672619,-1.11398809524
2012-11-12 05:52:51,182,1,9.46822916667,-1.41644345238
2012-11-12 05:52:52,183,1,7.83363095238,-1.63459821429
2012-11-12 05:52:53,184,1,6.01212797619,-1.82150297619
2012-11-12 05:52:54,185,1,4.06383928571,-1.94828869048
2012-11-12 05:52:55,186,1,2.28251488095,-1.78132440476
2012-11-12 05:52:56,187,1,0.0,-2.28251488095
2012-11-12 06:18:37,1728,1541,0.0,0.0
2012-11-12 06:18:38,1729,1,3.37961309524,3.37961309524
2012-11-12 06:18:39,1730,1,6.01391369048,2.63430059524
2012-11-12 06:18:40,1731,1,8.68229166667,2.66837797619
2012-11-12 06:18:41,1732,1,10.758110119,2.07581845238
2012-11-12 06:18:42,1733,1,11.9430059524,1.18489583333
2012-11-12 06:18:43,1734,1,12.2273065476,0.284300595238
2012-11-12 06:18:44,1735,1,11.8363839286,-0.390922619048
2012-11-12 06:18:45,1736,1,11.103125,-0.733258928571
2012-11-12 06:18:46,1737,1,10.269047619,-0.834077380952
2012-11-12 06:18:47,1738,1,9.39084821429,-0.878199404762
2012-11-12 06:18:48,1739,1,8.43883928571,-0.952008928571
2012-11-12 06:18:49,1740,1,7.45505952381,-0.983779761905
2012-11-12 06:18:50,1741,1,6.63273809524,-0.822321428571
2012-11-12 06:18:51,1742,1,6.28058035714,-0.352157738095
2012-11-12 06:18:52,1743,1,6.67604166667,0.395461309524
2012-11-12 06:18:53,1744,1,7.88266369048,1.20662202381
2012-11-12 06:18:54,1745,1,9.65044642857,1.7677827381
2012-11-12 06:18:55,1746,1,11.4563244048,1.80587797619
2012-11-12 06:18:56,1747,1,12.7049107143,1.24858630952
2012-11-12 06:18:57,1748,1,13.0357142857,0.330803571429
2012-11-12 06:18:58,1749,1,12.5035714286,-0.532142857143
2012-11-12 06:18:59,1750,1,11.4463541667,-1.0572172619
2012-11-12 06:19:00,1751,1,10.1915391156,-1.25481505102
2012-11-12 06:19:01,1752,1,8.88540603741,-1.30613307823
2012-11-12 06:19:02,1753,1,7.53900935374,-1.34639668367
2012-11-12 06:19:03,1754,1,6.20036139456,-1.33864795918
2012-11-12 06:19:04,1755,1,5.05710034014,-1.14326105442
2012-11-12 06:19:05,1756,1,4.34252763605,-0.714572704082
2012-11-12 06:19:06,1757,1,4.17384141156,-0.16868622449
2012-11-12 06:19:07,1758,1,4.48620323129,0.312361819728
2012-11-12 06:19:08,1759,1,5.07480867347,0.588605442177
2012-11-12 06:19:09,1760,1,5.75636692177,0.681558248299
2012-11-12 06:19:10,1761,1,6.56513605442,0.808769132653
2012-11-12 06:19:11,1762,1,7.73627763605,1.17114158163
2012-11-12 06:19:12,1763,1,9.46900510204,1.73272746599
2012-11-12 06:19:13,1764,1,11.748480017,2.27947491497
2012-11-12 06:19:14,1765,1,14.3552189626,2.60673894558
2012-11-12 06:19:15,1766,1,17.0013180272,2.64609906463
2012-11-12 06:19:16,1767,1,19.4964392007,2.49512117347
2012-11-12 06:19:17,1768,1,21.7914221939,2.2949829932
2012-11-12 06:19:18,1769,1,23.8788690476,2.08744685374
2012-11-12 06:19:19,1770,1,25.7270089286,1.84813988095
2012-11-12 06:19:20,1771,1,27.3099702381,1.58296130952
2012-11-12 06:19:21,1772,1,28.6426339286,1.33266369048
2012-11-12 06:19:22,1773,1,29.7803571429,1.13772321429
2012-11-12 06:19:23,1774,1,30.7972470238,1.01688988095
2012-11-12 06:19:24,1775,1,31.7563988095,0.959151785714
2012-11-12 06:19:25,1776,1,32.6930059524,0.936607142857
2012-11-12 06:19:26,1777,1,33.6171130952,0.924107142857
2012-11-12 06:19:27,1778,1,34.5247767857,0.907663690476
2012-11-12 06:19:28,1779,1,35.4074404762,0.882663690476
2012-11-12 06:19:29,1780,1,36.2482886905,0.840848214286
2012-11-12 06:19:30,1781,1,37.0060267857,0.757738095238
2012-11-12 06:19:31,1782,1,37.6161458333,0.610119047619
2012-11-12 06:19:32,1783,1,38.0296875,0.413541666667
2012-11-12 06:19:33,1784,1,38.2569940476,0.227306547619
2012-11-12 06:19:34,1785,1,38.3696428571,0.112648809524
2012-11-12 06:19:35,1786,1,38.4598214286,0.0901785714285
2012-11-12 06:19:36,1787,1,38.5972470238,0.137425595238
2012-11-12 06:19:37,1788,1,38.8158482143,0.218601190476
2012-11-12 06:19:38,1789,1,39.128422619,0.312574404762
2012-11-12 06:19:39,1790,1,39.5423363095,0.413913690476
2012-11-12 06:19:40,1791,1,40.0490327381,0.506696428571
2012-11-12 06:19:41,1792,1,40.5890625,0.540029761905
2012-11-12 06:19:42,1793,1,41.0319940476,0.442931547619
2012-11-12 06:19:43,1794,1,41.2122767857,0.180282738095
2012-11-12 06:19:44,1795,1,41.0087797619,-0.20349702381
2012-11-12 06:19:45,1796,1,40.4037946429,-0.604985119048
2012-11-12 06:19:46,1797,1,39.4795386905,-0.924255952381
2012-11-12 06:19:47,1798,1,38.3761160714,-1.10342261905
2012-11-12 06:19:48,1799,1,37.2539434524,-1.12217261905
2012-11-12 06:19:49,1800,1,36.2666666667,-0.987276785714
2012-11-12 06:19:50,1801,1,35.5250744048,-0.741592261905
2012-11-12 06:19:51,1802,1,35.0541666667,-0.470907738095
2012-11-12 06:19:52,1803,1,34.7867559524,-0.267410714286
2012-11-12 06:19:53,1804,1,34.6313244048,-0.155431547619
2012-11-12 06:19:54,1805,1,34.5663690476,-0.0649553571429
2012-11-12 06:19:55,1806,1,34.6593005952,0.0929315476191
2012-11-12 06:19:56,1807,1,34.984672619,0.325372023809
2012-11-12 06:19:57,1808,1,35.5210565476,0.536383928571
2012-11-12 06:19:58,1809,1,36.1301339286,0.609077380952
2012-11-12 06:19:59,1810,1,36.651860119,0.521726190476
2012-11-12 06:20:00,1811,1,37.0276041667,0.375744047619
2012-11-12 06:20:01,1812,1,37.3370535714,0.309449404762
2012-11-12 06:20:02,1813,1,37.7281994048,0.391145833333
2012-11-12 06:20:03,1814,1,38.2924107143,0.564211309524
2012-11-12 06:20:04,1815,1,38.9727678571,0.680357142857
2012-11-12 06:20:05,1816,1,39.5884672619,0.615699404762
2012-11-12 06:20:06,1817,1,39.9569196429,0.368452380952
2012-11-12 06:20:07,1818,1,40.0039434524,0.0470238095238
2012-11-12 06:20:08,1819,1,39.7848214286,-0.21912202381
2012-11-12 06:20:09,1820,1,39.4287202381,-0.356101190476
2012-11-12 06:20:10,1821,1,39.0620535714,-0.366666666667
2012-11-12 06:20:11,1822,1,38.7571428571,-0.304910714286
2012-11-12 06:20:12,1823,1,38.527827381,-0.229315476191
2012-11-12 06:20:13,1824,1,38.3555059524,-0.172321428571
2012-11-12 06:20:14,1825,1,38.2088541667,-0.146651785714
2012-11-12 06:20:15,1826,1,38.0537946429,-0.15505952381
2012-11-12 06:20:16,1827,1,37.8676339286,-0.186160714286
2012-11-12 06:20:17,1828,1,37.643452381,-0.224181547619
2012-11-12 06:20:18,1829,1,37.3725446429,-0.270907738095
2012-11-12 06:20:19,1830,1,37.0186011905,-0.353943452381
2012-11-12 06:20:20,1831,1,36.5105654762,-0.508035714286
2012-11-12 06:20:21,1832,1,35.7793154762,-0.73125
2012-11-12 06:20:22,1833,1,34.8116815476,-0.967633928571
2012-11-12 06:20:23,1834,1,33.6593005952,-1.15238095238
2012-11-12 06:20:24,1835,1,32.3998511905,-1.25944940476
2012-11-12 06:20:25,1836,1,31.0927083333,-1.30714285714
2012-11-12 06:20:26,1837,1,29.7599702381,-1.33273809524
2012-11-12 06:20:27,1838,1,28.4113839286,-1.34858630952
2012-11-12 06:20:28,1839,1,27.0615327381,-1.34985119048
2012-11-12 06:20:29,1840,1,25.6748511905,-1.38668154762
2012-11-12 06:20:30,1841,1,24.1270089286,-1.5478422619
2012-11-12 06:20:31,1842,1,22.290625,-1.83638392857
2012-11-12 06:20:32,1843,1,20.1558035714,-2.13482142857
2012-11-12 06:20:33,1844,1,17.8732886905,-2.28251488095
2012-11-12 06:20:34,1845,1,15.7703125,-2.10297619048
2012-11-12 06:20:35,1846,1,14.3326636905,-1.43764880952
2012-11-12 06:20:36,1847,1,14.0279761905,-0.3046875
2012-11-12 06:20:37,1848,1,15.0504464286,1.0224702381
2012-11-12 06:20:38,1849,1,17.188764881,2.13831845238
2012-11-12 06:20:39,1850,1,19.8550595238,2.66629464286
2012-11-12 06:20:40,1851,1,22.3223214286,2.46726190476
2012-11-12 06:20:41,1852,1,24.1080357143,1.78571428571
2012-11-12 06:20:42,1853,1,25.1428571429,1.03482142857
2012-11-12 06:20:43,1854,1,25.6378720238,0.495014880952
2012-11-12 06:20:44,1855,1,25.9170386905,0.279166666667
2012-11-12 06:20:45,1856,1,26.2623511905,0.3453125
2012-11-12 06:20:46,1857,1,26.7569196429,0.494568452381
2012-11-12 06:20:47,1858,1,27.2715029762,0.514583333333
2012-11-12 06:20:48,1859,1,27.5895089286,0.318005952381
2012-11-12 06:20:49,1860,1,27.5267857143,-0.0627232142857
2012-11-12 06:20:50,1861,1,26.9993303571,-0.527455357143
2012-11-12 06:20:51,1862,1,26.0446428571,-0.9546875
2012-11-12 06:20:52,1863,1,24.7867559524,-1.25788690476
2012-11-12 06:20:53,1864,1,23.3614583333,-1.42529761905
2012-11-12 06:20:54,1865,1,21.8250744048,-1.53638392857
2012-11-12 06:20:55,1866,1,20.0991815476,-1.72589285714
2012-11-12 06:20:56,1867,1,18.0685267857,-2.0306547619
2012-11-12 06:20:57,1868,1,15.7966517857,-2.271875
2012-11-12 06:20:58,1869,1,13.6215029762,-2.17514880952
2012-11-12 06:20:59,1870,1,12.012797619,-1.60870535714
2012-11-12 06:21:00,1871,1,11.2810267857,-0.731770833333
2012-11-12 06:21:01,1872,1,11.3541666667,0.0731398809524
2012-11-12 06:21:02,1873,1,11.8337053571,0.479538690476
2012-11-12 06:21:03,1874,1,12.2486607143,0.414955357143
2012-11-12 06:21:04,1875,1,12.2665922619,0.0179315476191
2012-11-12 06:21:05,1876,1,11.7928571429,-0.473735119048
2012-11-12 06:21:06,1877,1,10.951264881,-0.841592261905
2012-11-12 06:21:07,1878,1,9.95751488095,-0.99375
2012-11-12 06:21:08,1879,1,8.99680059524,-0.960714285714
2012-11-12 06:21:09,1880,1,8.1609375,-0.835863095238
2012-11-12 06:21:10,1881,1,7.43802083333,-0.722916666667
2012-11-12 06:21:11,1882,1,6.75811011905,-0.679910714286
2012-11-12 06:21:12,1883,1,6.02075892857,-0.737351190476
2012-11-12 06:21:13,1884,1,5.07648809524,-0.944270833333
2012-11-12 06:21:14,1885,1,3.80394345238,-1.27254464286
2012-11-12 06:21:15,1886,1,2.321875,-1.48206845238
2012-11-12 06:21:16,1887,1,0.0,-2.321875
2012-11-12 06:21:17,1888,1,0.0,0.0
2012-11-12 06:21:18,1889,1,0.0,0.0
2012-11-12 06:21:19,1890,1,0.0,0.0
2012-11-12 06:21:20,1891,1,0.0,0.0
2012-11-12 06:21:21,1892,1,0.0,0.0
