timestamp,cycle_sec,timestep,speed_mph,accel_meters_ps
2012-06-18 15:10:33,0,67764,0.0,0.0
2012-06-18 15:10:34,1,1,4.70837053571,4.70837053571
2012-06-18 15:10:35,2,1,8.62795758929,3.91958705357
2012-06-18 15:10:36,3,1,13.0324404762,4.4044828869
2012-06-18 15:10:37,4,1,17.1861049107,4.15366443452
2012-06-18 15:10:38,5,1,20.6365699405,3.45046502976
2012-06-18 15:10:39,6,1,23.1627418155,2.526171875
2012-06-18 15:10:40,7,1,24.7697544643,1.60701264881
2012-06-18 15:10:41,8,1,25.6741629464,0.904408482143
2012-06-18 15:10:42,9,1,26.1765997024,0.502436755952
2012-06-18 15:10:43,10,1,26.5072916667,0.330691964286
2012-06-18 15:10:44,11,1,26.7779761905,0.270684523809
2012-06-18 15:10:45,12,1,27.0154017857,0.237425595238
2012-06-18 15:10:46,13,1,27.2023809524,0.186979166667
2012-06-18 15:10:47,14,1,27.3067708333,0.104389880952
2012-06-18 15:10:48,15,1,27.3013392857,-0.005431547619
2012-06-18 15:10:49,16,1,27.1777529762,-0.123586309524
2012-06-18 15:10:50,17,1,26.9463541667,-0.231398809524
2012-06-18 15:10:51,18,1,26.6276785714,-0.318675595238
2012-06-18 15:10:52,19,1,26.2536458333,-0.374032738095
2012-06-18 15:10:53,20,1,25.864360119,-0.389285714286
2012-06-18 15:10:54,21,1,25.4885416667,-0.375818452381
2012-06-18 15:10:55,22,1,25.1014136905,-0.38712797619
2012-06-18 15:10:56,23,1,24.5476934524,-0.553720238095
2012-06-18 15:10:57,24,1,23.5295386905,-1.0181547619
2012-06-18 15:10:58,25,1,21.8025297619,-1.72700892857
2012-06-18 15:10:59,26,1,19.465625,-2.3369047619
2012-06-18 15:11:00,27,1,17.0189732143,-2.44665178571
2012-06-18 15:11:01,28,1,15.0816220238,-1.93735119048
2012-06-18 15:11:02,29,1,14.0494791667,-1.03214285714
2012-06-18 15:11:03,30,1,13.9854910714,-0.0639880952381
2012-06-18 15:11:04,31,1,14.725297619,0.739806547619
2012-06-18 15:11:05,32,1,16.0222470238,1.29694940476
2012-06-18 15:11:06,33,1,17.5779761905,1.55572916667
2012-06-18 15:11:07,34,1,18.9711309524,1.3931547619
2012-06-18 15:11:08,35,1,19.7139880952,0.742857142857
2012-06-18 15:11:09,36,1,19.4707589286,-0.243229166667
2012-06-18 15:11:10,37,1,18.1548363095,-1.31592261905
2012-06-18 15:11:11,38,1,15.8563988095,-2.2984375
2012-06-18 15:11:12,39,1,12.8577380952,-2.99866071429
2012-06-18 15:11:13,40,1,9.78035714286,-3.07738095238
2012-06-18 15:11:14,41,1,7.57805059524,-2.20230654762
2012-06-18 15:11:15,42,1,7.14657738095,-0.431473214286
2012-06-18 15:11:16,43,1,8.75081845238,1.60424107143
2012-06-18 15:11:17,44,1,11.8120535714,3.06123511905
2012-06-18 15:11:18,45,1,15.313764881,3.50171130952
2012-06-18 15:11:19,46,1,18.4381696429,3.1244047619
2012-06-18 15:11:20,47,1,20.8808779762,2.44270833333
2012-06-18 15:11:21,48,1,22.6983630952,1.81748511905
2012-06-18 15:11:22,49,1,23.9785714286,1.28020833333
2012-06-18 15:11:23,50,1,24.7311011905,0.752529761905
2012-06-18 15:11:24,51,1,25.0376488095,0.306547619048
2012-06-18 15:11:25,52,1,25.1326636905,0.0950148809524
2012-06-18 15:11:26,53,1,25.2735119048,0.140848214286
2012-06-18 15:11:27,54,1,25.585639881,0.31212797619
2012-06-18 15:11:28,55,1,26.0113095238,0.425669642857
2012-06-18 15:11:29,56,1,26.3661458333,0.354836309524
2012-06-18 15:11:30,57,1,26.4938244048,0.127678571429
2012-06-18 15:11:31,58,1,26.4036458333,-0.0901785714286
2012-06-18 15:11:32,59,1,26.2191964286,-0.184449404762
2012-06-18 15:11:33,60,1,25.965922619,-0.253273809524
2012-06-18 15:11:34,61,1,25.4296130952,-0.536309523809
2012-06-18 15:11:35,62,1,24.2369047619,-1.19270833333
2012-06-18 15:11:36,63,1,22.0739583333,-2.16294642857
2012-06-18 15:11:37,64,1,18.8726934524,-3.20126488095
2012-06-18 15:11:38,65,1,14.929985119,-3.94270833333
2012-06-18 15:11:39,66,1,10.9910714286,-3.93891369048
2012-06-18 15:11:40,67,1,8.13058035714,-2.86049107143
2012-06-18 15:11:41,68,1,7.2587797619,-0.871800595238
2012-06-18 15:11:42,69,1,8.54151785714,1.28273809524
2012-06-18 15:11:43,70,1,11.2714285714,2.72991071429
2012-06-18 15:11:44,71,1,14.3317708333,3.0603422619
2012-06-18 15:11:45,72,1,16.8654761905,2.53370535714
2012-06-18 15:11:46,73,1,18.6051339286,1.7396577381
2012-06-18 15:11:47,74,1,19.6780505952,1.07291666667
2012-06-18 15:11:48,75,1,20.2642857143,0.586235119048
2012-06-18 15:11:49,76,1,20.499702381,0.235416666667
2012-06-18 15:11:50,77,1,20.5409970238,0.0412946428571
2012-06-18 15:11:51,78,1,20.5658482143,0.0248511904762
2012-06-18 15:11:52,79,1,20.6952380952,0.129389880952
2012-06-18 15:11:53,80,1,20.9344494048,0.239211309524
2012-06-18 15:11:54,81,1,21.1811011905,0.246651785714
2012-06-18 15:11:55,82,1,21.2867559524,0.105654761905
2012-06-18 15:11:56,83,1,21.1254464286,-0.16130952381
2012-06-18 15:11:57,84,1,20.5744047619,-0.551041666667
2012-06-18 15:11:58,85,1,19.3986607143,-1.17574404762
2012-06-18 15:11:59,86,1,17.2785714286,-2.12008928571
2012-06-18 15:12:00,87,1,14.1888392857,-3.08973214286
2012-06-18 15:12:01,88,1,10.8525297619,-3.33630952381
2012-06-18 15:12:02,89,1,8.61696428571,-2.23556547619
2012-06-18 15:12:03,90,1,8.58013392857,-0.0368303571429
2012-06-18 15:12:04,91,1,10.7613839286,2.18125
2012-06-18 15:12:05,92,1,14.1442708333,3.38288690476
2012-06-18 15:12:06,93,1,17.4608630952,3.3165922619
2012-06-18 15:12:07,94,1,19.9619791667,2.50111607143
2012-06-18 15:12:08,95,1,21.5845238095,1.62254464286
2012-06-18 15:12:09,96,1,22.5383928571,0.953869047619
2012-06-18 15:12:10,97,1,22.8953869048,0.356994047619
2012-06-18 15:12:11,98,1,22.6067708333,-0.288616071429
2012-06-18 15:12:12,99,1,21.7369791667,-0.869791666667
2012-06-18 15:12:13,100,1,20.5651041667,-1.171875
2012-06-18 15:12:14,101,1,19.5142857143,-1.05081845238
2012-06-18 15:12:15,102,1,18.9626488095,-0.551636904762
2012-06-18 15:12:16,103,1,19.0287202381,0.0660714285714
2012-06-18 15:12:17,104,1,19.4831845238,0.454464285714
2012-06-18 15:12:18,105,1,19.7725446429,0.289360119048
2012-06-18 15:12:19,106,1,19.1539434524,-0.618601190476
2012-06-18 15:12:20,107,1,17.10625,-2.04769345238
2012-06-18 15:12:21,108,1,13.8715029762,-3.23474702381
2012-06-18 15:12:22,109,1,10.5880208333,-3.28348214286
2012-06-18 15:12:23,110,1,8.68467261905,-1.90334821429
2012-06-18 15:12:24,111,1,8.86473214286,0.18005952381
2012-06-18 15:12:25,112,1,10.5645833333,1.69985119048
2012-06-18 15:12:26,113,1,12.4829613095,1.91837797619
2012-06-18 15:12:27,114,1,13.6949404762,1.21197916667
2012-06-18 15:12:28,115,1,14.2814732143,0.586532738095
2012-06-18 15:12:29,116,1,14.9838541667,0.702380952381
2012-06-18 15:12:30,117,1,16.3556547619,1.37180059524
2012-06-18 15:12:31,118,1,18.2360119048,1.88035714286
2012-06-18 15:12:32,119,1,19.9023065476,1.66629464286
2012-06-18 15:12:33,120,1,20.5837797619,0.681473214286
2012-06-18 15:12:34,121,1,19.8251488095,-0.758630952381
2012-06-18 15:12:35,122,1,17.5732886905,-2.25186011905
2012-06-18 15:12:36,123,1,14.2348214286,-3.3384672619
2012-06-18 15:12:37,124,1,10.7628720238,-3.47194940476
2012-06-18 15:12:38,125,1,8.44040178571,-2.3224702381
2012-06-18 15:12:39,126,1,8.22879464286,-0.211607142857
2012-06-18 15:12:40,127,1,10.159672619,1.93087797619
2012-06-18 15:12:41,128,1,13.3324404762,3.17276785714
2012-06-18 15:12:42,129,1,16.5381696429,3.20572916667
2012-06-18 15:12:43,130,1,18.9665922619,2.42842261905
2012-06-18 15:12:44,131,1,20.3314732143,1.36488095238
2012-06-18 15:12:45,132,1,20.5048363095,0.173363095238
2012-06-18 15:12:46,133,1,19.4557291667,-1.04910714286
2012-06-18 15:12:47,134,1,17.4800595238,-1.97566964286
2012-06-18 15:12:48,135,1,15.0446428571,-2.43541666667
2012-06-18 15:12:49,136,1,12.4869791667,-2.55766369048
2012-06-18 15:12:50,137,1,10.0794642857,-2.40751488095
2012-06-18 15:12:51,138,1,8.21644345238,-1.86302083333
2012-06-18 15:12:52,139,1,7.44419642857,-0.77224702381
2012-06-18 15:12:53,140,1,8.17641369048,0.732217261905
2012-06-18 15:12:54,141,1,10.1322916667,1.95587797619
2012-06-18 15:12:55,142,1,12.2296130952,2.09732142857
2012-06-18 15:12:56,143,1,13.3113095238,1.08169642857
2012-06-18 15:12:57,144,1,12.9124255952,-0.398883928571
2012-06-18 15:12:58,145,1,11.3610119048,-1.55141369048
2012-06-18 15:12:59,146,1,9.37790178571,-1.98311011905
2012-06-18 15:13:00,147,1,7.5552827381,-1.82261904762
2012-06-18 15:13:01,148,1,5.99441964286,-1.56086309524
2012-06-18 15:13:02,149,1,4.41480654762,-1.57961309524
2012-06-18 15:13:03,150,1,2.72313988095,-1.69166666667
2012-06-18 15:13:04,151,1,0.0,-2.72313988095
2012-06-18 15:15:04,271,120,0.0,0.0
2012-06-18 15:15:05,272,1,1.3234375,1.3234375
2012-06-18 15:15:06,273,1,2.01688988095,0.693452380952
2012-06-18 15:15:07,274,1,2.51476934524,0.497879464286
2012-06-18 15:15:08,275,1,2.73928571429,0.224516369048
2012-06-18 15:15:09,276,1,2.79032738095,0.0510416666667
2012-06-18 15:15:10,277,1,2.73467261905,-0.0556547619048
2012-06-18 15:15:11,278,1,2.72444196429,-0.0102306547619
2012-06-18 15:15:12,279,1,3.10453869048,0.38009672619
2012-06-18 15:15:13,280,1,4.22548363095,1.12094494048
2012-06-18 15:15:14,281,1,6.16599702381,1.94051339286
2012-06-18 15:15:15,282,1,8.58988095238,2.42388392857
2012-06-18 15:15:16,283,1,10.8467261905,2.2568452381
2012-06-18 15:15:17,284,1,12.3589657738,1.51223958333
2012-06-18 15:15:18,285,1,12.9898809524,0.630915178572
2012-06-18 15:15:19,286,1,13.0564732143,0.0665922619047
2012-06-18 15:15:20,287,1,13.1011904762,0.0447172619048
2012-06-18 15:15:21,288,1,13.622172619,0.520982142857
2012-06-18 15:15:22,289,1,14.8205357143,1.19836309524
2012-06-18 15:15:23,290,1,16.5287946429,1.70825892857
2012-06-18 15:15:24,291,1,18.352827381,1.8240327381
2012-06-18 15:15:25,292,1,19.7804315476,1.42760416667
2012-06-18 15:15:26,293,1,20.2149553571,0.434523809524
2012-06-18 15:15:27,294,1,19.1385416667,-1.07641369048
2012-06-18 15:15:28,295,1,16.4540922619,-2.68444940476
2012-06-18 15:15:29,296,1,12.8369047619,-3.6171875
2012-06-18 15:15:30,297,1,9.7052827381,-3.13162202381
2012-06-18 15:15:31,298,1,8.49828869048,-1.20699404762
2012-06-18 15:15:32,299,1,9.72239583333,1.22410714286
2012-06-18 15:15:33,300,1,12.6975446429,2.97514880952
2012-06-18 15:15:34,301,1,16.2013392857,3.50379464286
2012-06-18 15:15:35,302,1,19.2854166667,3.08407738095
2012-06-18 15:15:36,303,1,21.5557291667,2.2703125
2012-06-18 15:15:37,304,1,22.8814732143,1.32574404762
2012-06-18 15:15:38,305,1,23.0488839286,0.167410714286
2012-06-18 15:15:39,306,1,21.7991071429,-1.24977678571
2012-06-18 15:15:40,307,1,19.108110119,-2.69099702381
2012-06-18 15:15:41,308,1,15.3621279762,-3.74598214286
2012-06-18 15:15:42,309,1,11.3955357143,-3.9665922619
2012-06-18 15:15:43,310,1,8.36711309524,-3.02842261905
2012-06-18 15:15:44,311,1,7.3040922619,-1.06302083333
2012-06-18 15:15:45,312,1,8.48623511905,1.18214285714
2012-06-18 15:15:46,313,1,11.2303571429,2.74412202381
2012-06-18 15:15:47,314,1,14.3567708333,3.12641369048
2012-06-18 15:15:48,315,1,16.9230654762,2.56629464286
2012-06-18 15:15:49,316,1,18.5770089286,1.65394345238
2012-06-18 15:15:50,317,1,19.3703869048,0.793377976191
2012-06-18 15:15:51,318,1,19.4286458333,0.0582589285714
2012-06-18 15:15:52,319,1,18.835639881,-0.593005952381
2012-06-18 15:15:53,320,1,17.6339285714,-1.20171130952
2012-06-18 15:15:54,321,1,15.7718005952,-1.86212797619
2012-06-18 15:15:55,322,1,13.1913690476,-2.58043154762
2012-06-18 15:15:56,323,1,10.1859375,-3.00543154762
2012-06-18 15:15:57,324,1,7.65744047619,-2.52849702381
2012-06-18 15:15:58,325,1,6.78035714286,-0.877083333333
2012-06-18 15:15:59,326,1,8.14233630952,1.36197916667
2012-06-18 15:16:00,327,1,11.1681547619,3.02581845238
2012-06-18 15:16:01,328,1,14.5011904762,3.33303571429
2012-06-18 15:16:02,329,1,16.9625,2.46130952381
2012-06-18 15:16:03,330,1,18.1304315476,1.16793154762
2012-06-18 15:16:04,331,1,18.1201636905,-0.0102678571428
2012-06-18 15:16:05,332,1,17.0085565476,-1.11160714286
2012-06-18 15:16:06,333,1,14.7256696429,-2.28288690476
2012-06-18 15:16:07,334,1,11.6354166667,-3.09025297619
2012-06-18 15:16:08,335,1,8.96197916667,-2.6734375
2012-06-18 15:16:09,336,1,8.23482142857,-0.727157738095
2012-06-18 15:16:10,337,1,10.1241071429,1.88928571429
2012-06-18 15:16:11,338,1,13.7918154762,3.66770833333
2012-06-18 15:16:12,339,1,17.4647321429,3.67291666667
2012-06-18 15:16:13,340,1,19.8113839286,2.34665178571
2012-06-18 15:16:14,341,1,20.8014880952,0.990104166667
2012-06-18 15:16:15,342,1,21.2584077381,0.456919642857
2012-06-18 15:16:16,343,1,21.8244047619,0.56599702381
2012-06-18 15:16:17,344,1,22.4994791667,0.675074404762
2012-06-18 15:16:18,345,1,23.003125,0.503645833333
2012-06-18 15:16:19,346,1,23.3290922619,0.325967261905
2012-06-18 15:16:20,347,1,23.7830357143,0.453943452381
2012-06-18 15:16:21,348,1,24.4955357143,0.7125
2012-06-18 15:16:22,349,1,25.0797619048,0.584226190476
2012-06-18 15:16:23,350,1,24.8633928571,-0.216369047619
2012-06-18 15:16:24,351,1,23.3998511905,-1.46354166667
2012-06-18 15:16:25,352,1,20.719047619,-2.68080357143
2012-06-18 15:16:26,353,1,17.1947172619,-3.52433035714
2012-06-18 15:16:27,354,1,13.3786458333,-3.81607142857
2012-06-18 15:16:28,355,1,10.0316964286,-3.34694940476
2012-06-18 15:16:29,356,1,8.08720238095,-1.94449404762
2012-06-18 15:16:30,357,1,8.23764880952,0.150446428571
2012-06-18 15:16:31,358,1,10.4311755952,2.19352678571
2012-06-18 15:16:32,359,1,13.9041666667,3.47299107143
2012-06-18 15:16:33,360,1,17.784375,3.88020833333
2012-06-18 15:16:34,361,1,21.5936011905,3.80922619048
2012-06-18 15:16:35,362,1,25.1715029762,3.57790178571
2012-06-18 15:16:36,363,1,28.302827381,3.13132440476
2012-06-18 15:16:37,364,1,30.6519345238,2.34910714286
2012-06-18 15:16:38,365,1,32.084672619,1.43273809524
2012-06-18 15:16:39,366,1,32.8526041667,0.767931547619
2012-06-18 15:16:40,367,1,33.3281994048,0.475595238095
2012-06-18 15:16:41,368,1,33.6276785714,0.299479166667
2012-06-18 15:16:42,369,1,33.5979166667,-0.0297619047619
2012-06-18 15:16:43,370,1,33.1147321429,-0.48318452381
2012-06-18 15:16:44,371,1,32.1914434524,-0.923288690476
2012-06-18 15:16:45,372,1,30.7415178571,-1.44992559524
2012-06-18 15:16:46,373,1,28.4166666667,-2.32485119048
2012-06-18 15:16:47,374,1,24.8384672619,-3.57819940476
2012-06-18 15:16:48,375,1,20.0832589286,-4.75520833333
2012-06-18 15:16:49,376,1,15.0290178571,-5.05424107143
2012-06-18 15:16:50,377,1,11.1352678571,-3.89375
2012-06-18 15:16:51,378,1,9.60200892857,-1.53325892857
2012-06-18 15:16:52,379,1,10.5533482143,0.951339285714
2012-06-18 15:16:53,380,1,13.0226934524,2.4693452381
2012-06-18 15:16:54,381,1,15.730952381,2.70825892857
2012-06-18 15:16:55,382,1,17.9041666667,2.17321428571
2012-06-18 15:16:56,383,1,19.4905505952,1.58638392857
2012-06-18 15:16:57,384,1,20.7683035714,1.27775297619
2012-06-18 15:16:58,385,1,21.8392857143,1.07098214286
2012-06-18 15:16:59,386,1,22.497172619,0.657886904762
2012-06-18 15:17:00,387,1,22.4253720238,-0.0718005952381
2012-06-18 15:17:01,388,1,21.3555059524,-1.06986607143
2012-06-18 15:17:02,389,1,19.1213541667,-2.23415178571
2012-06-18 15:17:03,390,1,15.7767113095,-3.34464285714
2012-06-18 15:17:04,391,1,11.7917410714,-3.9849702381
2012-06-18 15:17:05,392,1,8.14419642857,-3.64754464286
2012-06-18 15:17:06,393,1,6.03608630952,-2.10811011905
2012-06-18 15:17:07,394,1,6.24620535714,0.210119047619
2012-06-18 15:17:08,395,1,8.61726190476,2.37105654762
2012-06-18 15:17:09,396,1,12.1514136905,3.53415178571
2012-06-18 15:17:10,397,1,15.6438244048,3.49241071429
2012-06-18 15:17:11,398,1,18.3430803571,2.69925595238
2012-06-18 15:17:12,399,1,20.1597470238,1.81666666667
2012-06-18 15:17:13,400,1,21.3941964286,1.23444940476
2012-06-18 15:17:14,401,1,22.3571428571,0.962946428571
2012-06-18 15:17:15,402,1,23.2030505952,0.845907738095
2012-06-18 15:17:16,403,1,23.9513392857,0.748288690476
2012-06-18 15:17:17,404,1,24.5307291667,0.579389880952
2012-06-18 15:17:18,405,1,24.8370535714,0.306324404762
2012-06-18 15:17:19,406,1,24.8305059524,-0.0065476190476
2012-06-18 15:17:20,407,1,24.5853422619,-0.245163690476
2012-06-18 15:17:21,408,1,24.2563244048,-0.329017857143
2012-06-18 15:17:22,409,1,24.0253720238,-0.230952380952
2012-06-18 15:17:23,410,1,24.0598214286,0.0344494047619
2012-06-18 15:17:24,411,1,24.4686755952,0.408854166667
2012-06-18 15:17:25,412,1,25.2426339286,0.773958333333
2012-06-18 15:17:26,413,1,26.1995535714,0.956919642857
2012-06-18 15:17:27,414,1,27.0100446429,0.810491071429
2012-06-18 15:17:28,415,1,27.3424107143,0.332366071429
2012-06-18 15:17:29,416,1,27.0342261905,-0.308184523809
2012-06-18 15:17:30,417,1,26.112202381,-0.922023809524
2012-06-18 15:17:31,418,1,24.6125,-1.49970238095
2012-06-18 15:17:32,419,1,22.4366815476,-2.17581845238
2012-06-18 15:17:33,420,1,19.5125,-2.92418154762
2012-06-18 15:17:34,421,1,16.1876488095,-3.32485119048
2012-06-18 15:17:35,422,1,13.4175595238,-2.77008928571
2012-06-18 15:17:36,423,1,12.3342261905,-1.08333333333
2012-06-18 15:17:37,424,1,13.4104910714,1.07626488095
2012-06-18 15:17:38,425,1,15.9917410714,2.58125
2012-06-18 15:17:39,426,1,18.6081845238,2.61644345238
2012-06-18 15:17:40,427,1,19.7853422619,1.1771577381
2012-06-18 15:17:41,428,1,18.8305803571,-0.954761904762
2012-06-18 15:17:42,429,1,16.11875,-2.71183035714
2012-06-18 15:17:43,430,1,12.7203869048,-3.39836309524
2012-06-18 15:17:44,431,1,9.725,-2.99538690476
2012-06-18 15:17:45,432,1,7.71101190476,-2.01398809524
2012-06-18 15:17:46,433,1,6.55751488095,-1.15349702381
2012-06-18 15:17:47,434,1,5.6509672619,-0.906547619048
2012-06-18 15:17:48,435,1,4.40632440476,-1.24464285714
2012-06-18 15:17:49,436,1,2.77351190476,-1.6328125
2012-06-18 15:17:50,437,1,0.0,-2.77351190476
2012-06-18 15:17:51,438,1,0.0,0.0
2012-06-18 15:17:52,439,1,0.0,0.0
2012-06-18 15:17:53,440,1,0.0,0.0
2012-06-18 15:17:54,441,1,0.0,0.0
2012-06-18 15:17:55,442,1,0.0,0.0
