timestamp,cycle_sec,timestep,speed_mph,accel_meters_ps
2012-07-24 06:34:29,0,38257,0.0,0.0
2012-07-24 06:34:30,1,1,1.95029761905,1.95029761905
2012-07-24 06:34:31,2,1,2.93541666667,0.985119047619
2012-07-24 06:34:32,3,1,3.5790922619,0.643675595238
2012-07-24 06:34:33,4,1,3.90394345238,0.324851190476
2012-07-24 06:34:34,5,1,4.16160714286,0.257663690476
2012-07-24 06:34:35,6,1,4.51205357143,0.350446428571
2012-07-24 06:34:36,7,1,5.10037202381,0.588318452381
2012-07-24 06:34:37,8,1,6.2484375,1.14806547619
2012-07-24 06:34:38,9,1,8.33444940476,2.08601190476
2012-07-24 06:34:39,10,1,11.4595982143,3.12514880952
2012-07-24 06:34:40,11,1,15.2698660714,3.81026785714
2012-07-24 06:34:41,12,1,19.1020089286,3.83214285714
2012-07-24 06:34:42,13,1,22.3496279762,3.24761904762
2012-07-24 06:34:43,14,1,24.7537202381,2.4040922619
2012-07-24 06:34:44,15,1,26.3968005952,1.64308035714
2012-07-24 06:34:45,16,1,27.4911458333,1.0943452381
2012-07-24 06:34:46,17,1,28.2099702381,0.718824404762
2012-07-24 06:34:47,18,1,28.6689732143,0.459002976191
2012-07-24 06:34:48,19,1,28.9538690476,0.284895833333
2012-07-24 06:34:49,20,1,29.0818452381,0.127976190476
2012-07-24 06:34:50,21,1,28.936235119,-0.145610119048
2012-07-24 06:34:51,22,1,28.254985119,-0.68125
2012-07-24 06:34:52,23,1,26.7061755952,-1.54880952381
2012-07-24 06:34:53,24,1,24.0574936224,-2.64868197279
2012-07-24 06:34:54,25,1,20.3505314626,-3.70696215986
2012-07-24 06:34:55,26,1,15.9572704082,-4.39326105442
2012-07-24 06:34:56,27,1,11.5182397959,-4.43903061224
2012-07-24 06:34:57,28,1,7.7647002551,-3.75353954082
2012-07-24 06:34:58,29,1,5.22056760204,-2.54413265306
2012-07-24 06:34:59,30,1,3.97355442177,-1.24701318027
2012-07-24 06:35:00,31,1,3.7018920068,-0.271662414966
2012-07-24 06:35:01,32,1,3.90398596939,0.202093962585
2012-07-24 06:35:02,33,1,4.21625212585,0.312266156463
2012-07-24 06:35:03,34,1,4.67295918367,0.456707057823
2012-07-24 06:35:04,35,1,5.68120748299,1.00824829932
2012-07-24 06:35:05,36,1,7.70227465986,2.02106717687
2012-07-24 06:35:06,37,1,10.9150616497,3.2127869898
2012-07-24 06:35:07,38,1,15.0806441327,4.16558248299
2012-07-24 06:35:08,39,1,19.6631909014,4.58254676871
2012-07-24 06:35:09,40,1,24.1207482993,4.45755739796
2012-07-24 06:35:10,41,1,28.112372449,3.99162414966
2012-07-24 06:35:11,42,1,31.4742559524,3.3618835034
2012-07-24 06:35:12,43,1,34.1066220238,2.63236607143
2012-07-24 06:35:13,44,1,35.9152529762,1.80863095238
2012-07-24 06:35:14,45,1,36.7723958333,0.857142857143
2012-07-24 06:35:15,46,1,36.4654761905,-0.306919642857
2012-07-24 06:35:16,47,1,34.7506696429,-1.71480654762
2012-07-24 06:35:17,48,1,31.570014881,-3.1806547619
2012-07-24 06:35:18,49,1,27.2037946429,-4.3662202381
2012-07-24 06:35:19,50,1,22.1944196429,-5.009375
2012-07-24 06:35:20,51,1,17.2386904762,-4.95572916667
2012-07-24 06:35:21,52,1,13.1517857143,-4.0869047619
2012-07-24 06:35:22,53,1,10.7279017857,-2.42388392857
2012-07-24 06:35:23,54,1,10.4610119048,-0.266889880952
2012-07-24 06:35:24,55,1,12.2956845238,1.83467261905
2012-07-24 06:35:25,56,1,15.6164434524,3.32075892857
2012-07-24 06:35:26,57,1,19.5877232143,3.9712797619
2012-07-24 06:35:27,58,1,23.5994047619,4.01168154762
2012-07-24 06:35:28,59,1,27.4074404762,3.80803571429
2012-07-24 06:35:29,60,1,30.9524553571,3.54501488095
2012-07-24 06:35:30,61,1,34.1784970238,3.22604166667
2012-07-24 06:35:31,62,1,37.0154017857,2.8369047619
2012-07-24 06:35:32,63,1,39.4223214286,2.40691964286
2012-07-24 06:35:33,64,1,41.3909970238,1.96867559524
2012-07-24 06:35:34,65,1,42.9317708333,1.54077380952
2012-07-24 06:35:35,66,1,44.072172619,1.14040178571
2012-07-24 06:35:36,67,1,44.8534970238,0.781324404762
2012-07-24 06:35:37,68,1,45.329389881,0.475892857143
2012-07-24 06:35:38,69,1,45.5770089286,0.247619047619
2012-07-24 06:35:39,70,1,45.6988839286,0.121875
2012-07-24 06:35:40,71,1,45.7970238095,0.0981398809524
2012-07-24 06:35:41,72,1,45.9335565476,0.136532738095
2012-07-24 06:35:42,73,1,46.1052827381,0.171726190476
2012-07-24 06:35:43,74,1,46.251860119,0.146577380952
2012-07-24 06:35:44,75,1,46.2964285714,0.044568452381
2012-07-24 06:35:45,76,1,46.1915178571,-0.104910714286
2012-07-24 06:35:46,77,1,45.9378720238,-0.253645833333
2012-07-24 06:35:47,78,1,45.5686011905,-0.369270833333
2012-07-24 06:35:48,79,1,45.1165922619,-0.452008928571
2012-07-24 06:35:49,80,1,44.5872767857,-0.52931547619
2012-07-24 06:35:50,81,1,43.9490327381,-0.638244047619
2012-07-24 06:35:51,82,1,43.1314732143,-0.817559523809
2012-07-24 06:35:52,83,1,42.0174107143,-1.1140625
2012-07-24 06:35:53,-86316,1,40.4505208333,-1.56688988095
2012-07-24 06:35:54,-86315,1,38.2817708333,-2.16875
2012-07-24 06:35:55,-86314,1,35.426264881,-2.85550595238
2012-07-24 06:35:56,-86313,1,31.8991815476,-3.52708333333
2012-07-24 06:35:57,-86312,1,27.8462797619,-4.05290178571
2012-07-24 06:35:58,-86311,1,23.575297619,-4.27098214286
2012-07-24 06:35:59,-86310,1,19.5271577381,-4.04813988095
2012-07-24 06:36:00,-86309,1,16.1741815476,-3.35297619048
2012-07-24 06:36:01,-86308,1,13.9552083333,-2.21897321429
2012-07-24 06:36:02,-86307,1,13.2517113095,-0.703497023809
2012-07-24 06:36:03,-86306,1,14.2889880952,1.03727678571
2012-07-24 06:36:04,-86305,1,17.0172619048,2.72827380952
2012-07-24 06:36:05,-86304,1,21.0935267857,4.07626488095
2012-07-24 06:36:06,-86303,1,25.9630952381,4.86956845238
2012-07-24 06:36:07,-86302,1,31.0345982143,5.07150297619
2012-07-24 06:36:08,-86301,1,35.8670386905,4.83244047619
2012-07-24 06:36:09,-86300,1,40.2078869048,4.34084821429
2012-07-24 06:36:10,-86299,1,43.9240327381,3.71614583333
2012-07-24 06:36:11,-86298,1,46.984077381,3.06004464286
2012-07-24 06:36:12,-86297,1,49.4735863095,2.48950892857
2012-07-24 06:36:13,-86296,1,51.5504464286,2.07686011905
2012-07-24 06:36:14,-86295,1,53.3667410714,1.81629464286
2012-07-24 06:36:15,-86294,1,55.0225446429,1.65580357143
2012-07-24 06:36:16,-86293,1,56.5552827381,1.53273809524
2012-07-24 06:36:17,-86292,1,57.9522321429,1.39694940476
2012-07-24 06:36:18,-86291,1,59.1766369048,1.2244047619
2012-07-24 06:36:19,-86290,1,60.1872767857,1.01063988095
2012-07-24 06:36:20,-86289,1,60.9492559524,0.761979166667
2012-07-24 06:36:21,-86288,1,61.441889881,0.492633928571
2012-07-24 06:36:22,-86287,1,61.665327381,0.2234375
2012-07-24 06:36:23,-86286,1,61.6539434524,-0.0113839285714
2012-07-24 06:36:24,-86285,1,61.4799107143,-0.174032738095
2012-07-24 06:36:25,-86284,1,61.2205357143,-0.259375
2012-07-24 06:36:26,-86283,1,60.9084821429,-0.312053571429
2012-07-24 06:36:27,-86282,1,60.5061011905,-0.402380952381
2012-07-24 06:36:28,-86281,1,59.91875,-0.587351190476
2012-07-24 06:36:29,-86280,1,59.0270089286,-0.891741071429
2012-07-24 06:36:30,-86279,1,57.706547619,-1.32046130952
2012-07-24 06:36:31,-86278,1,55.8276785714,-1.87886904762
2012-07-24 06:36:32,-86277,1,53.2543154762,-2.57336309524
2012-07-24 06:36:33,-86276,1,49.8681547619,-3.38616071429
2012-07-24 06:36:34,-86275,1,45.604389881,-4.26376488095
2012-07-24 06:36:35,-86274,1,40.4516369048,-5.15275297619
2012-07-24 06:36:36,-86273,1,34.4395833333,-6.01205357143
2012-07-24 06:36:37,-86272,1,27.7171875,-6.72239583333
2012-07-24 06:36:38,-86271,1,20.7488095238,-6.96837797619
2012-07-24 06:36:39,-86270,1,14.4441220238,-6.3046875
2012-07-24 06:36:40,-86269,1,9.95186011905,-4.49226190476
2012-07-24 06:36:41,-86268,1,8.15922619048,-1.79263392857
2012-07-24 06:36:42,-86267,1,9.2853422619,1.12611607143
2012-07-24 06:36:43,-86266,1,12.8290922619,3.54375
2012-07-24 06:36:44,-86265,1,17.8459821429,5.01688988095
2012-07-24 06:36:45,-86264,1,23.3642857143,5.51830357143
2012-07-24 06:36:46,-86263,1,28.5938988095,5.22961309524
2012-07-24 06:36:47,-86262,1,32.7842261905,4.19032738095
2012-07-24 06:36:48,-86261,1,35.0886904762,2.30446428571
2012-07-24 06:36:49,-86260,1,34.767485119,-0.321205357143
2012-07-24 06:36:50,-86259,1,31.5824404762,-3.18504464286
2012-07-24 06:36:51,-86258,1,26.0511904762,-5.53125
2012-07-24 06:36:52,-86257,1,19.3318452381,-6.7193452381
2012-07-24 06:36:53,-86256,1,12.7376488095,-6.59419642857
2012-07-24 06:36:54,-86255,1,7.25111607143,-5.4865327381
2012-07-24 06:36:55,-86254,1,3.44211309524,-3.80900297619
2012-07-24 06:36:56,-86253,1,0.0,-3.44211309524
2012-07-24 06:38:19,-86170,83,0.0,0.0
2012-07-24 06:38:20,-86169,1,4.86361607143,4.86361607143
2012-07-24 06:38:21,-86168,1,8.71547619048,3.85186011905
2012-07-24 06:38:22,-86167,1,12.6994047619,3.98392857143
2012-07-24 06:38:23,-86166,1,16.1553571429,3.45595238095
2012-07-24 06:38:24,-86165,1,19.1551339286,2.99977678571
2012-07-24 06:38:25,-86164,1,22.2625,3.10736607143
2012-07-24 06:38:26,-86163,1,26.0286458333,3.76614583333
2012-07-24 06:38:27,-86162,1,30.5843005952,4.5556547619
2012-07-24 06:38:28,-86161,1,35.5759672619,4.99166666667
2012-07-24 06:38:29,-86160,1,40.459375,4.8834077381
2012-07-24 06:38:30,-86159,1,44.8611607143,4.40178571429
2012-07-24 06:38:31,-86158,1,48.6820684524,3.8209077381
2012-07-24 06:38:32,-86157,1,51.970610119,3.28854166667
2012-07-24 06:38:33,-86156,1,54.802827381,2.8322172619
2012-07-24 06:38:34,-86155,1,57.2291666667,2.42633928571
2012-07-24 06:38:35,-86154,1,59.2519345238,2.02276785714
2012-07-24 06:38:36,-86153,1,60.8485863095,1.59665178571
2012-07-24 06:38:37,-86152,1,62.003125,1.15453869048
2012-07-24 06:38:38,-86151,1,62.7078869048,0.704761904762
2012-07-24 06:38:39,-86150,1,62.984077381,0.276190476191
2012-07-24 06:38:40,-86149,1,62.9146577381,-0.0694196428572
2012-07-24 06:38:41,-86148,1,62.6227678571,-0.291889880952
2012-07-24 06:38:42,-86147,1,62.2058035714,-0.416964285714
2012-07-24 06:38:43,-86146,1,61.6922619048,-0.513541666667
2012-07-24 06:38:44,-86145,1,61.0655505952,-0.626711309524
2012-07-24 06:38:45,-86144,1,60.3370535714,-0.72849702381
2012-07-24 06:38:46,-86143,1,59.584672619,-0.752380952381
2012-07-24 06:38:47,-86142,1,58.8860119048,-0.698660714286
2012-07-24 06:38:48,-86141,1,58.1794642857,-0.706547619048
2012-07-24 06:38:49,-86140,1,57.1863839286,-0.993080357143
2012-07-24 06:38:50,-86139,1,55.5032738095,-1.68311011905
2012-07-24 06:38:51,-86138,1,52.8164434524,-2.68683035714
2012-07-24 06:38:52,-86137,1,49.0811011905,-3.7353422619
2012-07-24 06:38:53,-86136,1,44.5497767857,-4.53132440476
2012-07-24 06:38:54,-86135,1,39.6476190476,-4.9021577381
2012-07-24 06:38:55,-86134,1,34.7869047619,-4.86071428571
2012-07-24 06:38:56,-86133,1,30.2300595238,-4.5568452381
2012-07-24 06:38:57,-86132,1,26.0506696429,-4.17938988095
2012-07-24 06:38:58,-86131,1,22.1716517857,-3.87901785714
2012-07-24 06:38:59,-86130,1,18.4233630952,-3.74828869048
2012-07-24 06:39:00,-86129,1,14.6203869048,-3.80297619048
2012-07-24 06:39:01,-86128,1,10.7011904762,-3.91919642857
2012-07-24 06:39:02,-86127,1,6.8728422619,-3.82834821429
2012-07-24 06:39:03,-86126,1,3.67180059524,-3.20104166667
2012-07-24 06:39:04,-86125,1,0.0,-3.67180059524
2012-07-24 06:39:24,-86105,20,0.0,0.0
2012-07-24 06:39:25,-86104,1,5.12857142857,5.12857142857
2012-07-24 06:39:26,-86103,1,9.76495535714,4.63638392857
2012-07-24 06:39:27,-86102,1,15.2241815476,5.45922619048
2012-07-24 06:39:28,-86101,1,20.6506696429,5.42648809524
2012-07-24 06:39:29,-86100,1,25.6916666667,5.04099702381
2012-07-24 06:39:30,-86099,1,30.4275297619,4.73586309524
2012-07-24 06:39:31,-86098,1,35.0080357143,4.58050595238
2012-07-24 06:39:32,-86097,1,39.3745535714,4.36651785714
2012-07-24 06:39:33,-86096,1,43.2984375,3.92388392857
2012-07-24 06:39:34,-86095,1,46.5959077381,3.2974702381
2012-07-24 06:39:35,-86094,1,49.2633928571,2.66748511905
2012-07-24 06:39:36,-86093,1,51.434077381,2.17068452381
2012-07-24 06:39:37,-86092,1,53.2444940476,1.81041666667
2012-07-24 06:39:38,-86091,1,54.7555059524,1.51101190476
2012-07-24 06:39:39,-86090,1,55.9680803571,1.21257440476
2012-07-24 06:39:40,-86089,1,56.8753720238,0.907291666667
2012-07-24 06:39:41,-86088,1,57.5103422619,0.634970238095
2012-07-24 06:39:42,-86087,1,57.9633184524,0.452976190476
2012-07-24 06:39:43,-86086,1,58.3357142857,0.372395833333
2012-07-24 06:39:44,-86085,1,58.6555803571,0.319866071429
2012-07-24 06:39:45,-86084,1,58.8370535714,0.181473214286
2012-07-24 06:39:46,-86083,1,58.7404761905,-0.0965773809524
2012-07-24 06:39:47,-86082,1,58.309077381,-0.431398809524
2012-07-24 06:39:48,-86081,1,57.663764881,-0.6453125
2012-07-24 06:39:49,-86080,1,57.0374255952,-0.626339285714
2012-07-24 06:39:50,-86079,1,56.5951636905,-0.442261904762
2012-07-24 06:39:51,-86078,1,56.3289434524,-0.266220238095
2012-07-24 06:39:52,-86077,1,56.1133928571,-0.215550595238
2012-07-24 06:39:53,-86076,1,55.8125744048,-0.300818452381
2012-07-24 06:39:54,-86075,1,55.3142113095,-0.498363095238
2012-07-24 06:39:55,-86074,1,54.4921130952,-0.822098214286
2012-07-24 06:39:56,-86073,1,53.1662946429,-1.32581845238
2012-07-24 06:39:57,-86072,1,51.1169642857,-2.04933035714
2012-07-24 06:39:58,-86071,1,48.1561011905,-2.96086309524
2012-07-24 06:39:59,-86070,1,44.2055059524,-3.9505952381
2012-07-24 06:40:00,-86069,1,39.345610119,-4.85989583333
2012-07-24 06:40:01,-86068,1,33.8327380952,-5.51287202381
2012-07-24 06:40:02,-86067,1,28.0363095238,-5.79642857143
2012-07-24 06:40:03,-86066,1,22.2907738095,-5.74553571429
2012-07-24 06:40:04,-86065,1,16.8054315476,-5.4853422619
2012-07-24 06:40:05,-86064,1,11.71875,-5.08668154762
2012-07-24 06:40:06,-86063,1,7.22976190476,-4.48898809524
2012-07-24 06:40:07,-86062,1,3.72492559524,-3.50483630952
2012-07-24 06:40:08,-86061,1,0.0,-3.72492559524
2012-07-24 06:40:22,-86047,14,0.0,0.0
2012-07-24 06:40:23,-86046,1,3.8599702381,3.8599702381
2012-07-24 06:40:24,-86045,1,7.240625,3.3806547619
2012-07-24 06:40:25,-86044,1,10.9910714286,3.75044642857
2012-07-24 06:40:26,-86043,1,14.2997767857,3.30870535714
2012-07-24 06:40:27,-86042,1,16.8399553571,2.54017857143
2012-07-24 06:40:28,-86041,1,18.6847470238,1.84479166667
2012-07-24 06:40:29,-86040,1,19.917485119,1.23273809524
2012-07-24 06:40:30,-86039,1,20.3330357143,0.415550595238
2012-07-24 06:40:31,-86038,1,19.5662946429,-0.766741071429
2012-07-24 06:40:32,-86037,1,17.5573660714,-2.00892857143
2012-07-24 06:40:33,-86036,1,14.8396577381,-2.71770833333
2012-07-24 06:40:34,-86035,1,12.2635416667,-2.57611607143
2012-07-24 06:40:35,-86034,1,10.4317708333,-1.83177083333
2012-07-24 06:40:36,-86033,1,9.42566964286,-1.00610119048
2012-07-24 06:40:37,-86032,1,8.95461309524,-0.471056547619
2012-07-24 06:40:38,-86031,1,8.66019345238,-0.294419642857
2012-07-24 06:40:39,-86030,1,8.32232142857,-0.33787202381
2012-07-24 06:40:40,-86029,1,7.8384672619,-0.483854166667
2012-07-24 06:40:41,-86028,1,7.08482142857,-0.753645833333
2012-07-24 06:40:42,-86027,1,5.91212797619,-1.17269345238
2012-07-24 06:40:43,-86026,1,4.30617559524,-1.60595238095
2012-07-24 06:40:44,-86025,1,2.53958333333,-1.7665922619
2012-07-24 06:40:45,-86024,1,0.0,-2.53958333333
2012-07-24 06:40:46,-86023,1,0.0,0.0
2012-07-24 06:40:47,-86022,1,0.0,0.0
2012-07-24 06:40:48,-86021,1,0.0,0.0
2012-07-24 06:40:49,-86020,1,0.0,0.0
2012-07-24 06:40:50,-86019,1,0.0,0.0
