sampno,vehno,day_id,trip_id,mt_cnt,start_ts,end_ts,start_rts,end_rts,absolute_time_duration_hrs,speed_data_duration_hrs,driving_data_duration_hrs,non_recorded_time_hrs,collected_vs_real_time_ratio,mean_estimated_sampling_rate_hz,max_gap_between_samples_s,min_gap_between_samples_s,mean_gap_between_samples_s,median_gap_between_samples_s,std_gap_between_samples_s,var_gap_between_samples_s,gap_25th_percentile_s,gap_75th_percentile_s,gap_inter_quartile_range_s,gap_median_absolute_deviation_s,median_estimated_sampling_rate_hz,max_speed,total_average_speed,total_median_speed,total_root_mean_cubed_speed,total_speed_variance,total_speed_standard_deviation,total_speed_velocity_ratio,total_speed_25th_percentile,total_speed_75th_percentile,total_speed_inter_quartile_range,total_speed_median_absolute_deviation,driving_average_speed,driving_median_speed,driving_root_mean_cubed_speed,driving_speed_variance,driving_speed_standard_deviation,driving_speed_velocity_ratio,driving_speed_25th_percentile,driving_speed_75th_percentile,driving_speed_inter_quartile_range,driving_speed_median_absolute_deviation,zero_seconds,zero_five_seconds,five_ten_seconds,ten_fifteen_seconds,fifteen_twenty_seconds,twenty_twenty_five_seconds,twenty_five_thirty_seconds,thirty_thirty_five_seconds,thirty_five_fourty_seconds,fourty_fourty_five_seconds,fourty_five_fifty_seconds,fifty_fifty_five_seconds,fifty_five_sixty_seconds,sixty_sixty_five_seconds,sixty_five_seventy_seconds,seventy_seventy_five_seconds,seventy_five_plus_seconds,driving_time_seconds,percent_zero,percent_zero_five,percent_five_ten,percent_ten_fifteen,percent_fifteen_twenty,percent_twenty_twenty_five,percent_twenty_five_thirty,percent_thirty_thirty_five,percent_thirty_five_fourty,percent_fourty_fourty_five,percent_fourty_five_fifty,percent_fifty_fifty_five,percent_fifty_five_sixty,percent_sixty_sixty_five,percent_sixty_five_seventy,percent_seventy_seventy_five,percent_seventy_five_plus,percent_distance_zero_five,percent_distance_twenty_twenty_five,percent_distance_twenty_five_thirty,percent_distance_total,percent_distance_thirty_thirty_five,percent_distance_thirty_five_fourty,percent_distance_ten_fifteen,percent_distance_sixty_sixty_five,percent_distance_sixty_five_seventy,percent_distance_seventy_seventy_five,percent_distance_seventy_five_plus,percent_distance_fourty_fourty_five,percent_distance_fourty_five_fifty,percent_distance_five_ten,percent_distance_fifty_five_sixty,percent_distance_fifty_fifty_five,percent_distance_fifteen_twenty,percent_total,distance_zero_five,distance_five_ten,distance_ten_fifteen,distance_fifteen_twenty,distance_twenty_twenty_five,distance_twenty_five_thirty,distance_thirty_thirty_five,distance_thirty_five_fourty,distance_fourty_fourty_five,distance_fourty_five_fifty,distance_fifty_fifty_five,distance_fifty_five_sixty,distance_sixty_sixty_five,distance_sixty_five_seventy,distance_seventy_seventy_five,distance_seventy_five_plus,distance_total,total_number_of_acceleration_events,total_number_of_deceleration_events,acceleration_events_per_mile,deceleration_events_per_mile,max_acceleration_ft_per_second_squared,max_deceleration_ft_per_second_squared,average_acceleration_ft_per_second_squared,average_deceleration_ft_per_second_squared,median_acceleration_ft_per_second_squared,median_deceleration_ft_per_second_squared,std_acceleration_ft_per_second_squared,std_deceleration_ft_per_second_squared,var_acceleration_ft_per_second_squared,var_deceleration_ft_per_second_squared,acceleration_25th_percentile_ft_per_second_squared,deceleration_25th_percentile_ft_per_second_squared,acceleration_75th_percentile_ft_per_second_squared,deceleration_75th_percentile_ft_per_second_squared,acceleration_inter_quartile_range_ft_per_second_squared,deceleration_inter_quartile_range_ft_per_second_squared,acceleration_median_absolute_deviation_ft_per_second_squared,deceleration_median_absolute_deviation_ft_per_second_squared,cumulative_acceleration_duration,cumulative_deceleration_duration,cumulative_acceleration_cycle_duration_percent,cumulative_deceleration_cycle_duration_percent,absolute_time_cumulative_acceleration_duration,absolute_time_cumulative_deceleration_duration,absolute_time_cumulative_acceleration_cycle_duration_percent,absolute_time_cumulative_deceleration_cycle_duration_percent,average_acceleration_event_duration,average_deceleration_event_duration,min_acceleration_event_duration,min_deceleration_event_duration,max_acceleration_event_duration,max_deceleration_event_duration,std_acceleration_event_duration,std_deceleration_event_duration,var_acceleration_event_duration,var_deceleration_event_duration,median_acceleration_event_duration,median_deceleration_event_duration,acceleration_event_duration_25th_percentile,deceleration_event_duration_25th_percentile,acceleration_event_duration_75th_percentile,deceleration_event_duration_75th_percentile,acceleration_event_duration_inter_quartile_range,deceleration_event_duration_inter_quartile_range,acceleration_event_duration_median_absolute_deviation,deceleration_event_duration_median_absolute_deviation,total_stops,stops_0_30,stops_30_60,stops_60_plus,stops_300_plus,stops_1800_plus,stops_3600_plus,stops_per_mile,average_stop_duration,min_stop_duration,max_stop_duration,median_stop_duration,mean_stop_duration,std_stop_duration,var_stop_duration,stop_duration_25th_percentile,stop_duration_75th_percentile,stop_duration_inter_quartile_range,stop_duration_median_absolute_deviation,max_elevation,min_elevation,mean_elevation,median_elevation,std_of_elevation,var_of_elevation,elevation_25th_percentile,elevation_75th_percentile,elevation_inter_quartile_range,elevation_median_absolute_deviation,delta_elevation,delta_elevation_cumulative,absolute_delta_elevation_cumulative,total_elevation_gained,total_elevation_lost,average_absolute_elevation_rate_change,max_climbing_rate,average_climbing_rate,median_climbing_rate,max_descending_rate,average_descending_rate,median_descending_rate,climbing_rate_25th_percentile,descending_rate_25th_percentile,climbing_rate_75th_percentile,descending_rate_75th_percentile,climbing_rate_inter_quartile_range,descending_rate_inter_quartile_range,climbing_rate_median_absolute_deviation,descending_rate_median_absolute_deviation,max_road_grade,min_road_grade,mean_road_grade,median_road_grade,std_of_road_grade,var_of_road_grade,road_grade_25th_percentile,road_grade_75th_percentile,road_grade_inter_quartile_range,road_grade_median_absolute_deviation,maximum_kinetic_power_density_demand,total_kinetic_power_density_demand,average_kinetic_power_density_demand,variance_kinetic_power_density_demand,standard_deivation_kinetic_power_density_demand,maximum_kinetic_power_density_regen,total_kinetic_power_density_regen,average_kinetic_power_density_regen,variance_kinetic_power_density_regen,standard_deivation_kinetic_power_density_regen,maximum_potential_power_density_demand,total_potential_power_density_demand,average_potential_power_density_demand,variance_potential_power_density_demand,standard_deivation_potential_power_density_demand,maximum_potential_power_density_regen,total_potential_power_density_regen,average_potential_power_density_regen,variance_potential_power_density_regen,standard_deivation_potential_power_density_regen,maximum_aerodynamic_power_density_demand,total_aerodynamic_power_density_demand,average_aerodynamic_power_density_demand,variance_aerodynamic_power_density_demand,standard_deivation_aerodynamic_power_density_demand,maximum_aerodynamic_power_density_regen,total_aerodynamic_power_density_regen,average_aerodynamic_power_density_regen,variance_aerodynamic_power_density_regen,standard_deivation_aerodynamic_power_density_regen,maximum_rolling_power_density_demand,total_rolling_power_density_demand,average_rolling_power_density_demand,variance_rolling_power_density_demand,standard_deivation_rolling_power_density_demand,maximum_rolling_power_density_regen,total_rolling_power_density_regen,average_rolling_power_density_regen,variance_rolling_power_density_regen,standard_deivation_rolling_power_density_regen,maximum_instantanteous_potential_energy_density,average_instantanteous_potential_energy_density,cumulative_instanteous_potential_energy_density,maximum_instantanteous_kinetic_energy_density,average_instantanteous_kinetic_energy_density,cumulative_instanteous_kinetic_energy_density,maximum_instantanteous_aerodynamic_energy_density,average_instantanteous_aerodynamic_energy_density,cumulative_instanteous_aerodynamic_energy_density,maximum_instantanteous_rolling_energy_density,average_instantanteous_rolling_energy_density,cumulative_instanteous_rolling_energy_density,characteristic_acceleration,characteristic_deceleration,aerodynamic_speed,kinetic_intensity,ca_standard,cd_standard,as_standard,ki_standard
2555550,1,1,1,1,2012-09-17 09:03:21,2012-09-17 09:08:11,5.0,295.0,0.0808333333333,0.0808333333333,0.0802777777778,0.0,1.0,1.0,1.0,1.0,1.0,1.0,0.0,0.0,1.0,1.0,0.0,0.0,1.0,40.1604901719,24.0618149361,28.0915919301,28.9898319273,156.004422409,12.4901730336,1.20480653701,12.5963166313,34.9346724085,22.3383557772,9.66815487128,24.2283326866,28.1955350379,24.2283326866,153.049590333,12.3713212849,1.0,12.6526782411,34.9491816734,22.2965034323,9.55528331771,2.0,31.0,29.0,21.0,17.0,34.0,29.0,56.0,67.0,5.0,0.0,0.0,0.0,0.0,0.0,0.0,0.0,289.0,0.687285223368,10.6529209622,9.96563573883,7.21649484536,5.84192439863,11.6838487973,9.96563573883,19.2439862543,23.0240549828,1.71821305842,0.0,0.0,0.0,0.0,0.0,0.0,0.0,1.51984651575,10.8809344222,11.5961471582,100.0,25.6725926985,36.393440459,3.73795401763,0.0,0.0,0.0,0.0,2.86311746688,0.0,3.03481829042,0.0,0.0,4.3011489714,100.0,0.0295609646879,0.0590271158224,0.0727030825648,0.0836572058714,0.211633816239,0.225544680404,0.499331082675,0.707851218615,0.0556875404581,0.0,0.0,0.0,0.0,0.0,0.0,0.0,1.94499670734,14.0,14.0,7.19795563004,7.19795563004,6.78947006068,-6.40149956897,1.58404500598,-1.8187183402,0.988909225546,-1.26969268123,1.60047046694,1.71117906485,2.56150571556,2.92813379197,0.294861140476,-2.98396907455,2.28342815889,-0.352153071156,1.98856701842,2.6318160034,0.797937015575,1.0356760946,0.53264604811,0.463917525773,0.183039879076,0.183039879076,155.0,134.0,53.264604811,46.0481099656,11.0714285714,9.57142857143,1.0,2.0,28.0,22.0,7.95939952612,5.38137377195,63.3520408163,28.9591836735,9.0,8.0,6.0,6.0,13.25,12.5,7.25,6.5,3.5,3.0,1.0,0.0,0.0,0.0,0.0,0.0,0.0,0.51413968786,0.0,0.0,0.0,0.0,0.0,0.0,0.0,0.0,0.0,0.0,0.0,51.0255293365,12.7667791787,27.2180625262,24.2457304047,12.8447828001,164.988445182,14.2987499692,40.2379781271,25.9392281579,11.1186260698,-38.2587501578,-38.2587501578,41.9355573275,1.83840358489,-40.0971537427,0.144108444425,0.198669305071,0.029651670724,0.0103596231235,-0.00122899259689,-0.175864709398,-0.112378331915,0.00145018489861,-0.240852997799,0.0250017497049,-0.0218216284827,0.0235515648063,0.219031369316,0.0100605049946,0.0954809044489,0.00483511102844,-0.0162375049751,-0.00322386281462,-0.00149002449771,0.00431895415257,1.8653364972e-05,-0.00451407494959,-0.000322694973571,0.00419137997602,0.00167674698979,23.115341911,682.467160069,4.40301393593,18.2032906886,4.26653145876,-23.267117034,-682.467160069,-5.0553122968,31.2651564598,5.59152541439,0.593835847807,5.49511134119,0.0886308280837,0.021980835285,0.148259351425,-2.39189562482,-119.853075838,-0.525671385256,0.33692005331,0.580448148683,2892.75751673,316371.114318,1090.93487696,955078.992978,977.281429772,0.225506468987,0.0,0.0,0.0,0.0,176.049454463,30696.4696759,105.849895434,2957.57086372,54.3835532465,5.96907465323,0.0,0.0,0.0,0.0,152.518721815,81.3566103236,23674.7736042,161.161307796,73.4404878435,21371.1819624,2893.38464435,1088.29403822,316693.565121,176.062175907,105.486150089,30696.4696759,0.200809065243,-0.237343186084,14.2177060865,0.993400216569,0.65882239253,-0.778684993714,46.6460173443,1.59872267813
2555550,1,1,1,2,2012-09-17 09:50:47,2012-09-17 09:57:36,2851.0,3260.0,0.113888888889,0.107777777778,0.106666666667,0.00611111111111,0.946341463415,0.946210268949,23.0,1.0,1.05684754522,1.0,1.11687705296,1.24741435143,1.0,1.0,0.0,0.0,1.0,42.7517850997,22.2967919336,23.375260144,28.0909299125,166.953155177,12.9210353756,1.25986419913,10.1461864273,34.129630776,23.9834443488,11.5457958408,22.5290501829,23.483481676,22.5290501829,163.45969279,12.7851356187,1.0,10.7238280257,34.1581839896,23.4343559639,11.2816217091,4.0,41.0,50.0,40.0,36.0,43.0,43.0,48.0,49.0,34.0,0.0,0.0,0.0,0.0,0.0,0.0,0.0,384.0,1.03092783505,10.5670103093,12.8865979381,10.3092783505,9.27835051546,11.0824742268,11.0824742268,12.3711340206,12.6288659794,8.76288659794,0.0,0.0,0.0,0.0,0.0,0.0,0.0,1.58652673067,11.3492985885,13.6892515397,100.0,18.2406494809,21.3593691943,5.79253792246,0.0,0.0,0.0,0.0,16.4588874639,0.0,4.3033052759,0.0,0.0,7.22017380364,100.0,0.0381258030206,0.103412672547,0.139200402711,0.173507901815,0.272734845271,0.328966223898,0.438340808027,0.513286720483,0.395523308403,0.0,0.0,0.0,0.0,0.0,0.0,0.0,2.40309868618,18.0,18.0,7.490329092,7.490329092,5.85193564864,-6.07051730615,1.77555040509,-1.65126187674,1.20105197103,-1.10267410453,1.53555547035,1.57764197656,2.35793060253,2.48895420621,0.509295797867,-2.54055869632,2.77108931662,-0.409717246987,2.26179351876,2.13084144934,0.875471613554,0.838477506238,0.479381443299,0.515463917526,0.123551918376,0.123551918376,186.0,198.0,45.3658536585,48.2926829268,10.3333333333,11.0,1.0,2.0,37.0,26.0,8.91939210684,6.88799277326,79.5555555556,47.4444444444,8.0,9.5,5.0,5.25,12.0,16.0,7.0,10.75,4.0,4.5,2.0,1.0,0.0,0.0,0.0,0.0,0.0,0.832258788,12.0,0.0,24.0,12.0,12.0,12.0,144.0,6.0,18.0,12.0,12.0,50.956645614,11.8694658379,29.8482751954,31.5430484645,14.5421124584,211.473034753,14.4475023636,42.2227386824,27.7752363188,15.4360531764,38.0053497063,38.0053497063,48.2317402464,43.1185449763,-5.11319527008,0.124308608883,0.785571254946,0.16332782188,0.0968994098316,-0.00023021189487,-0.04191143664,-0.0205162692664,0.0240933981925,-0.0412415527915,0.251320848028,-0.0108029322063,0.227227449836,0.0304386205853,0.0871951861625,0.0118736675208,0.0168705114667,-0.00533233425573,0.00229730173868,0.00120729220584,0.00435900069665,1.90008870734e-05,-0.000734315217068,0.00396458200609,0.00469889722315,0.00250948307558,20.296657123,902.730859431,4.85339171737,22.9678610123,4.79247963087,-20.8613478411,-902.730859431,-4.51365429716,24.6994021739,4.96984931098,2.34812505146,128.884216427,0.488197789497,0.266189734561,0.515935785308,-0.730892658634,-15.2836828373,-0.12527608883,0.0283583981839,0.168399519548,3488.21468478,383764.953964,994.209725296,1175498.96428,1084.20430006,0.0,0.0,0.0,0.0,0.0,187.383668315,37926.3603225,98.2548194882,3163.59260134,56.245822968,0.0,0.0,0.0,0.0,0.0,152.312823759,89.2184920057,34616.7748982,182.629647135,66.3584616533,25747.0831215,3490.37362167,990.164852221,384183.962662,187.422321698,97.7483513465,37926.3603225,0.246070011004,-0.216696228145,14.0876128525,1.23989204172,0.807316309067,-0.710945630397,46.2192022721,1.99541281799
2555550,1,1,1,3,2012-09-17 11:11:01,2012-09-17 11:21:01,7665.0,8265.0,0.166944444444,0.143055555556,0.141388888889,0.0238888888889,0.85690515807,0.856666666667,57.0,1.0,1.1673151751,1.0,2.79716744404,7.82414571,1.0,1.0,0.0,0.0,1.0,58.8216517269,33.1000311965,36.1505209576,38.5020235295,221.812322886,14.8933650625,1.16320203147,24.7971196464,44.6400668635,19.8429472171,10.0363077612,33.4902083815,36.3677818586,33.4902083815,211.359891224,14.5382217353,1.0,25.6433772805,45.0117556071,19.3683783266,9.88363021875,6.0,19.0,31.0,24.0,26.0,24.0,60.0,51.0,117.0,29.0,70.0,22.0,36.0,0.0,0.0,0.0,0.0,509.0,1.16504854369,3.68932038835,6.01941747573,4.66019417476,5.04854368932,4.66019417476,11.6504854369,9.90291262136,22.7184466019,5.63106796117,13.5922330097,4.27184466019,6.99029126214,0.0,0.0,0.0,0.0,0.429081525079,3.20092391782,9.48291810573,100.0,9.67854856124,25.7491663286,1.71196730158,0.0,0.0,0.0,0.0,7.11671998532,19.5297949706,1.50244338211,12.1778464966,6.74051268066,2.6800767446,100.0,0.0203176253082,0.0711428479215,0.0810641058645,0.126905475793,0.151568336088,0.449029766232,0.45829314874,1.21925993753,0.336986893245,0.924763788157,0.31917293807,0.576638488766,0.0,0.0,0.0,0.0,4.73514335172,27.0,27.0,5.70204490012,5.70204490012,7.68832534229,-12.4206178127,1.52447266228,-1.97566188072,0.680842973289,-0.781239738566,1.74570525402,2.47566763339,3.0474868339,6.12893023104,0.366357679212,-2.78137470773,2.15220232664,-0.238006068676,1.78584464742,2.54336863905,0.513660361781,0.647669528051,0.561165048544,0.433009708738,0.108964087096,0.108964087096,289.0,220.0,48.0865224626,36.6056572379,10.7037037037,8.14814814815,2.0,1.0,36.0,24.0,8.45386089668,5.28942833643,71.4677640604,27.9780521262,8.0,7.0,4.5,4.0,13.5,10.5,9.0,6.5,5.0,3.0,3.0,0.0,2.0,0.0,0.0,0.0,0.0,0.633560544458,30.0,0.0,58.0,32.0,30.0,23.7205958329,562.666666667,16.0,45.0,29.0,26.0,123.851919357,42.0501581056,61.4954295446,55.1782753585,18.9675577599,359.768247374,47.8040864142,65.5376535196,17.7335671054,8.02459281653,-7.31546429132,-7.31546429132,197.924128983,95.304332346,-102.619796637,0.384318697055,2.74205073389,0.425465769402,0.185094371566,-0.000746462171016,-0.356318738324,-0.239173566127,0.081350883322,-0.446951326378,0.506562450272,-0.068155111665,0.42521156695,0.378796214712,0.152277967439,0.177380732674,0.0477858306863,-0.0386926872674,-0.00154194520655,-0.00135246000798,0.0111913175698,0.000125245588949,-0.00616017059705,0.00291088065496,0.00907105125202,0.00450561690797,26.1227507401,1510.26542478,5.22583191966,27.5791674582,5.25158713707,-48.3691895445,-1510.26542478,-6.77249069409,66.6596903193,8.16453858582,8.19617314164,284.871027148,1.27174565691,2.69877780889,1.64279572951,-7.13399241104,-306.737439466,-1.0650605537,1.53052006566,1.23714189391,9090.65679822,1312164.0097,2562.82033145,5831138.18231,2414.7749755,0.0,0.0,0.0,0.0,0.0,257.866996246,74731.3266695,145.959622401,4147.38824422,64.400219287,0.0,0.0,0.0,0.0,0.0,370.201675127,183.813954183,94664.1864042,345.730109788,131.640181382,67794.6934119,9091.19145757,2549.52821692,1313007.03171,257.87205159,145.109372174,74731.3266695,0.203580360577,-0.206449789796,18.5574393726,0.591152837451,0.667914568822,-0.677328706681,60.883987443,0.951368272034
2555550,1,1,1,2,2012-09-17 11:41:32,2012-09-17 11:44:21,9496.0,9665.0,0.0472222222222,0.035,0.0338888888889,0.0122222222222,0.741176470588,0.739644970414,45.0,1.0,1.352,1.0,3.91970611143,15.364096,1.0,1.0,0.0,0.0,1.0,32.3186752731,13.6524973188,11.3595232046,19.1556785274,97.9137408532,9.89513723266,1.40308971173,5.97984555455,22.0848768659,16.1050313113,7.42700901562,14.1001201817,11.6086527887,14.1001201817,94.8124912754,9.73717059907,1.0,6.49391690309,22.4303756514,15.9364587483,7.1579387526,4.0,25.0,32.0,16.0,12.0,12.0,14.0,11.0,0.0,0.0,0.0,0.0,0.0,0.0,0.0,0.0,0.0,122.0,3.1746031746,19.8412698413,25.3968253968,12.6984126984,9.52380952381,9.52380952381,11.1111111111,8.73015873016,0.0,0.0,0.0,0.0,0.0,0.0,0.0,0.0,0.0,4.59768552875,15.6569149056,22.341210205,100.0,19.9540432565,0.0,12.0086597184,0.0,0.0,0.0,0.0,0.0,0.0,13.4779280034,0.0,0.0,11.9635583823,100.0,0.0219694612739,0.0644025815751,0.0573818681128,0.0571663570582,0.0748145960694,0.106754659348,0.0953478827205,0.0,0.0,0.0,0.0,0.0,0.0,0.0,0.0,0.0,0.477837406158,7.0,7.0,14.6493345012,14.6493345012,6.47592386168,-7.14901945355,1.92939302405,-2.26788302827,1.51741123485,-1.5544051119,1.72877827781,1.86192446791,2.98867433383,3.46676272419,0.463230645774,-3.3727885217,3.16643997897,-0.783313866518,2.7032093332,2.58947465518,1.23946461324,1.01324436848,0.531746031746,0.452380952381,0.422020660116,0.422020660116,67.0,55.0,39.4117647059,32.3529411765,9.57142857143,7.85714285714,4.0,2.0,16.0,18.0,3.95897327444,5.64240504518,15.6734693878,31.8367346939,10.0,7.0,6.5,2.5,12.0,11.5,5.5,9.0,3.0,5.0,2.0,0.0,1.0,0.0,0.0,0.0,0.0,4.1855241432,23.0,0.0,46.0,23.0,23.0,23.0,529.0,11.5,34.5,23.0,23.0,44.090731152,42.4629166614,43.230045317,43.2129884304,0.45993270651,0.211538094518,42.8247017288,43.4639881954,0.639286466566,0.348382329526,-0.837595699578,-0.837595699578,5.89183946172,2.52712188107,-3.36471758065,0.0467606306486,0.17630023709,0.105296745045,0.110081991486,-0.00116399440028,-0.0336471758065,-0.0213140434236,0.0636950113133,-0.0484397741379,0.140086691807,-0.00842626558779,0.0763916804934,0.0400135085501,0.0380289852685,0.0140779113338,0.0040981476652,-0.00423059090718,-0.0012076964152,-0.00180210034334,0.00210086372421,4.41362838769e-06,-0.00263303166062,-0.00079240423065,0.00184062742997,0.00100969611269,13.2420857523,267.814262288,3.99722779535,18.7343479137,4.32831929434,-16.6382053601,-267.814262288,-4.69849582962,22.2247826967,4.71431677942,0.526973206674,7.55373641752,0.314739017397,0.0201247749253,0.141861816305,-0.466101916954,-10.0573660155,-0.100573660155,0.0106822656726,0.103355046672,1503.28316915,39416.8357847,317.877707941,200786.176992,448.091706007,0.0,0.0,0.0,0.0,0.0,141.53943412,7541.36055491,60.8174238299,1836.52006142,42.8546387387,0.0,0.0,0.0,0.0,0.0,131.790145965,129.217498407,16281.4047993,104.368604137,28.4083749074,3579.45523833,1507.89051873,313.97985012,39561.4611151,141.683935297,59.8520678961,7541.36055491,0.345567706858,-0.348823381881,10.1249144445,3.37093537667,1.13375231909,-1.14443366759,33.2182232431,5.42499462284
2555550,1,1,1,1,2012-09-17 11:51:50,2012-09-17 11:53:32,10114.0,10216.0,0.0286111111111,0.0286111111111,0.0280555555556,0.0,1.0,1.0,1.0,1.0,1.0,1.0,0.0,0.0,1.0,1.0,0.0,0.0,1.0,27.3023805298,10.8689384516,7.42299046801,15.2720099762,59.429404544,7.70904692838,1.40510593966,5.57408836979,16.9837048906,11.4096165208,3.96243742014,11.0841649556,7.46346698065,11.0841649556,58.2206183629,7.6302436634,1.0,5.64107104688,17.6619042433,12.0208331964,3.67718247173,2.0,17.0,44.0,7.0,14.0,11.0,8.0,0.0,0.0,0.0,0.0,0.0,0.0,0.0,0.0,0.0,0.0,101.0,1.94174757282,16.5048543689,42.7184466019,6.79611650485,13.5922330097,10.6796116505,7.76699029126,0.0,0.0,0.0,0.0,0.0,0.0,0.0,0.0,0.0,0.0,4.46959096315,21.2941725621,18.9369575919,100.0,0.0,0.0,7.62248028247,0.0,0.0,0.0,0.0,0.0,0.0,26.1551672302,0.0,0.0,21.5216313702,100.0,0.0138991945431,0.0813353527505,0.0237038103084,0.0669263348178,0.0662190006903,0.0588887125898,0.0,0.0,0.0,0.0,0.0,0.0,0.0,0.0,0.0,0.0,0.3109724057,7.0,7.0,22.5100358479,22.5100358479,4.78943892902,-5.65747152716,1.53720213585,-1.66268802449,1.21296484297,-1.21811178961,1.30124320695,1.46669404327,1.69323388364,2.15119141656,0.361537528497,-2.38202448185,2.49962683083,-0.573571355952,2.13808930233,1.80845312589,0.886675155022,0.763925037674,0.514563106796,0.47572815534,0.499575831841,0.499575831841,53.0,48.0,51.4563106796,46.6019417476,7.57142857143,6.85714285714,4.0,4.0,13.0,11.0,2.87139303461,2.3560603575,8.24489795918,5.55102040816,8.0,6.0,5.5,5.0,8.5,8.5,3.0,3.5,1.0,2.0,1.0,0.0,0.0,0.0,0.0,0.0,0.0,3.21571940684,0.0,0.0,0.0,0.0,0.0,0.0,0.0,0.0,0.0,0.0,0.0,42.6190688941,40.882365152,41.8977208594,41.9165777651,0.567069146365,0.321567416759,41.4836572481,42.4677838348,0.984126586729,0.522807762704,-0.601444505321,-0.601444505321,2.87196297883,1.13525923675,-1.73670374208,0.0278831357168,0.0709026009276,0.0270299818275,0.020906173547,-0.000810378611902,-0.0289450623679,-0.0168618433468,0.0158657935644,-0.0576202328387,0.0320567252135,-0.0051300136735,0.0161909316491,0.0524902191652,0.00611156925272,0.0141977340106,0.00225068168097,-0.00254642837243,-0.000124048755129,-0.000729742569672,0.00168910632921,2.85308019139e-06,-0.00147187168097,0.00183176829666,0.00330363997763,0.00152554948442,10.1412403626,144.857198778,2.73315469393,10.3161376461,3.21187447546,-13.4108916759,-144.857198778,-2.95626936282,12.6044792074,3.55027875066,0.211932618975,3.39336583021,0.0807944245288,0.00301273617014,0.0548883974091,-0.233558831679,-5.19112370528,-0.0865187284213,0.00658454680535,0.0811452204714,908.410725023,16321.4290663,160.014010454,62307.3384031,249.6143794,0.0302878497458,0.0,0.0,0.0,0.0,119.662502942,4907.85150721,48.1161912471,1120.9206433,33.480152976,3.05686896638,0.0,0.0,0.0,0.0,127.391248992,125.235091444,12899.2144188,74.4841393565,17.7425404453,1827.48166587,909.098003088,159.11010227,16388.3405338,119.692675636,47.6490437593,4907.85150721,0.286167576894,-0.289759776503,8.07623076102,4.38735712862,0.938870002934,-0.950655434722,26.4968200821,7.0607668708
2555550,1,1,1,4,2012-09-17 12:04:00,2012-09-17 12:15:10,10844.0,11514.0,0.186388888889,0.154444444444,0.152222222222,0.0319444444444,0.828614008942,0.828358208955,46.0,1.0,1.20720720721,1.0,2.83452688305,8.03454265076,1.0,1.0,0.0,0.0,1.0,61.4895830588,32.6545652269,36.9228411767,39.8719035273,307.090983588,17.5240116294,1.22102080522,18.0636808337,47.0417400792,28.9780592455,13.1800970264,33.1312742083,37.4594491879,33.1312742083,295.78008766,17.198258274,1.0,19.6130017061,47.2061002811,27.593098575,12.925483545,8.0,38.0,47.0,28.0,28.0,44.0,46.0,24.0,46.0,74.0,74.0,52.0,38.0,9.0,0.0,0.0,0.0,548.0,1.43884892086,6.8345323741,8.45323741007,5.03597122302,5.03597122302,7.91366906475,8.27338129496,4.31654676259,8.27338129496,13.309352518,13.309352518,9.35251798561,6.8345323741,1.61870503597,0.0,0.0,0.0,0.69533241891,5.49237985898,6.82756562318,100.0,4.30358830288,9.52528593447,1.88715173305,3.01945924231,0.0,0.0,0.0,17.2308907719,19.3032911113,2.07244663353,12.2386203978,14.7442592267,2.65972874502,100.0,0.0350678124227,0.104520036495,0.095175028789,0.134138530276,0.276998082372,0.344335722118,0.217043565416,0.480390287204,0.869008303123,0.973526004863,0.743599611944,0.617232323346,0.152280876668,0.0,0.0,0.0,5.04331618504,32.0,32.0,6.3450314884,6.3450314884,7.36923718792,-8.27684731235,1.48377027992,-1.74080135203,1.01499037225,-0.937619148313,1.50466903259,1.90031425963,2.26402889763,3.61119428534,0.345796242281,-2.78078774451,2.07755997061,-0.362165318173,1.73176372833,2.41862242634,0.732296779774,0.710580617398,0.535971223022,0.456834532374,0.0963977019823,0.0963977019823,298.0,250.0,44.4113263785,37.2578241431,9.3125,7.8125,1.0,2.0,46.0,29.0,9.68387028775,5.53080859821,93.77734375,30.58984375,7.0,7.0,3.0,4.0,9.25,10.25,6.25,6.25,3.5,3.0,4.0,0.0,3.0,0.0,0.0,0.0,0.0,0.793128936049,30.25,0.0,47.0,37.0,30.25,17.9913173503,323.6875,26.25,41.0,14.75,6.0,99.8870006692,38.6912246214,53.646714441,51.2383905462,12.7334557044,162.140894175,42.6084732114,57.7916486872,15.1831754758,7.76124929881,8.67958825484,8.67958825484,158.099020135,83.389304195,-74.7097159402,0.284350755639,2.38712166006,0.312319491367,0.148332656004,-0.000738543281685,-0.262139354176,-0.155477918891,0.0127350659239,-0.336688118274,0.384951131886,-0.044579928412,0.372216065962,0.292108189862,0.142546107932,0.125705972381,0.0309624385742,-0.0233517564793,-0.000233010590527,-0.000172956960744,0.00712298644271,5.0736935863e-05,-0.00310701831951,0.00250609461397,0.00561311293348,0.00282542824705,18.2893813231,1539.6162564,5.16649750471,20.2972588797,4.50524792655,-38.5719859546,-1539.6162564,-6.06148132442,50.2178209986,7.08645334413,7.13526638809,249.256210651,0.933543860117,1.68710641331,1.29888660526,-5.10339171226,-223.312340519,-0.783552071998,0.982473708988,0.99119811793,10369.1068506,1573607.98659,2850.73910615,7914875.27782,2813.33881319,0.0,0.0,0.0,0.0,0.0,269.429049376,79594.9945602,144.193830725,5783.00253071,76.0460553264,0.0,0.0,0.0,0.0,0.0,298.568929438,160.353619502,89156.6124433,377.803406699,137.234558264,76302.4143946,10385.1745973,2831.45762961,1574290.44206,269.56816868,143.156465036,79594.9945602,0.189840092718,-0.186643629731,19.6915876313,0.489583161382,0.622834949861,-0.612347866571,64.6049462969,0.787907723272
2555550,1,2,7,1,2012-09-18 11:52:34,2012-09-18 11:55:23,96558.0,96727.0,0.0472222222222,0.0472222222222,0.0466666666667,0.0,1.0,1.0,1.0,1.0,1.0,1.0,0.0,0.0,1.0,1.0,0.0,0.0,1.0,40.8148810067,29.1864231188,32.7169264914,32.5179604361,121.545664612,11.0247750368,1.11414681764,22.5524361453,38.9160900513,16.3636539061,7.45606353051,29.5338805369,32.9886154989,29.5338805369,112.730870933,10.6174795,1.0,23.0460745331,38.9513578532,15.9052833201,7.23162224926,2.0,4.0,8.0,8.0,12.0,21.0,24.0,12.0,53.0,26.0,0.0,0.0,0.0,0.0,0.0,0.0,0.0,168.0,1.17647058824,2.35294117647,4.70588235294,4.70588235294,7.05882352941,12.3529411765,14.1176470588,7.05882352941,31.1764705882,15.2941176471,0.0,0.0,0.0,0.0,0.0,0.0,0.0,0.326070008602,9.65780896706,12.8677504109,100.0,7.90006878818,40.4830661855,2.0853843446,0.0,0.0,0.0,0.0,21.1600005718,0.0,1.16647723614,0.0,0.0,4.35337348723,100.0,0.00449405258433,0.0160769463592,0.0287417629832,0.0600002725019,0.133108535598,0.177349481593,0.108882520984,0.557956952227,0.291637233556,0.0,0.0,0.0,0.0,0.0,0.0,0.0,1.37824775839,6.0,6.0,4.35335371561,4.35335371561,6.5911619471,-6.87576552468,1.7899048858,-1.99126918545,1.41996078859,-0.613184505481,1.67537273376,2.23646426713,2.80687379702,5.00177241813,0.390565596602,-3.92060580397,2.58794688142,-0.191654497948,2.19738128482,3.72895130602,1.09541674757,0.56713296937,0.523529411765,0.470588235294,0.307958477509,0.307958477509,89.0,79.0,52.3529411765,46.4705882353,14.8333333333,13.1666666667,6.0,2.0,30.0,26.0,8.09149072929,8.25462833136,65.4722222222,68.1388888889,15.0,10.5,8.0,8.5,16.75,19.25,8.75,10.75,5.5,5.5,1.0,0.0,0.0,0.0,0.0,0.0,0.0,0.725558952601,0.0,0.0,0.0,0.0,0.0,0.0,0.0,0.0,0.0,0.0,0.0,50.6972126436,30.0542783558,41.5188183945,42.0547098543,4.555927931,20.7564793124,39.4661382082,43.7180539042,4.25191569601,2.30802223136,-20.6429342878,-20.6429342878,29.9629427397,4.66000422598,-25.3029385137,0.176252604351,0.370777189006,0.110952481571,0.0495843764052,-0.00155661655607,-0.199235736329,-0.161845221841,0.0286941099996,-0.284266652337,0.172468035645,-0.0641369425046,0.143773925645,0.220129709833,0.0398612640115,0.10312890275,0.00689440044453,-0.013974988132,-0.00339787659972,-0.00294827578094,0.00499990176895,2.49990176991e-05,-0.00632313791317,-2.72280431921e-05,0.00629590986998,0.00337486213215,17.4539862439,481.698716168,5.41234512548,20.8360267587,4.56464968631,-24.611165396,-481.698716168,-6.0212339521,48.977314568,6.99837942441,1.10827783035,13.9290644789,0.331644392356,0.100568799317,0.317125841453,-1.92934897436,-75.6321764902,-0.595528948742,0.239266524821,0.489148775753,3035.47906624,260851.472913,1543.49983972,1173550.34517,1083.30528715,0.232452847881,0.0,0.0,0.0,0.0,178.898383642,21751.8828498,128.709365975,2235.82758395,47.2845385295,6.02974527684,0.0,0.0,0.0,0.0,151.537361249,124.10252662,21097.4295255,166.456148865,97.2637419254,16534.8361273,3037.13965072,1535.95698259,261112.68704,178.931002303,127.952252058,21751.8828498,0.201634533583,-0.229452852925,15.3364044962,0.857270355396,0.66153062199,-0.752798073899,50.3162877171,1.37964290284
2555550,1,2,7,3,2012-09-18 12:00:42,2012-09-18 12:05:01,97046.0,97305.0,0.0722222222222,0.0511111111111,0.0494444444444,0.0211111111111,0.707692307692,0.706563706564,60.0,1.0,1.41530054645,1.0,4.51980291078,20.4286183523,1.0,1.0,0.0,0.0,1.0,43.3156246414,17.3009975798,11.6284222526,25.2498340224,180.154418363,13.4221614639,1.45944382143,6.14600025019,29.6067889061,23.4607886559,7.02931556882,17.8841772735,12.1112348248,17.8841772735,175.797350182,13.2588593092,1.0,6.64743245312,30.7340208811,24.086588428,7.18072917076,6.0,24.0,47.0,31.0,10.0,12.0,8.0,11.0,23.0,12.0,0.0,0.0,0.0,0.0,0.0,0.0,0.0,178.0,3.26086956522,13.0434782609,25.5434782609,16.847826087,5.4347826087,6.52173913043,4.34782608696,5.97826086957,12.5,6.52173913043,0.0,0.0,0.0,0.0,0.0,0.0,0.0,3.17769823498,8.37535903916,6.81595791114,100.0,11.211279292,27.4450135338,11.3901217788,0.0,0.0,0.0,0.0,15.7294684487,0.0,10.5245448474,0.0,0.0,5.33055691406,100.0,0.0280995341749,0.0930657305209,0.100719795434,0.0471366867152,0.0740610561939,0.060271689788,0.0991383392366,0.24268890206,0.139091475509,0.0,0.0,0.0,0.0,0.0,0.0,0.0,0.884273209632,9.0,9.0,10.177849902,10.177849902,7.4244873348,-7.9478290225,2.68940148516,-2.97085047779,1.78859168616,-2.60595319638,2.23777200544,2.19078165821,5.00762354832,4.79952427396,0.817142992659,-4.77790775935,4.73311911337,-1.1344842817,3.91597612072,3.64342347765,1.26238155575,1.82415138224,0.516304347826,0.467391304348,0.280600189036,0.280600189036,95.0,83.0,36.5384615385,31.9230769231,10.5555555556,9.22222222222,6.0,3.0,25.0,17.0,5.7948465824,4.04908159073,33.5802469136,16.3950617284,8.0,8.0,7.0,7.0,12.0,12.0,5.0,5.0,1.0,3.0,3.0,1.0,0.0,1.0,0.0,0.0,0.0,3.392616634,26.6666666667,0.0,61.0,19.0,26.6666666667,25.4863798048,649.555555556,9.5,40.0,30.5,19.0,30.0542783558,11.8113908845,16.3661080956,13.334743611,5.18080896069,26.8407814871,12.7926009408,16.7026534424,3.91005250159,1.44571005691,-18.2428874713,-18.2428874713,18.5674488096,0.162280669173,-18.4051681405,0.100910047878,0.0236616622472,0.00901559273185,0.00402735622663,-0.00205985918882,-0.112915141966,-0.0284050921444,0.00210644214107,-0.121951569339,0.0159548805797,-0.0130594133659,0.0138484384386,0.108892155973,0.00235129188383,0.0196674531101,0.000496779789881,-0.0166118743533,-0.00283513153471,-0.00211875947545,0.00333839171347,1.11448592325e-05,-0.00298325352923,-0.000894189723785,0.00208906380544,0.00112201838321,22.1906349317,608.609409727,6.40641483923,40.7985838601,6.38737691546,-25.1544025213,-608.609409727,-7.07685360147,61.0327906489,7.81234860006,0.0707262918952,0.485067779981,0.026948209999,0.000594916679433,0.0243909138704,-2.72063427438,-55.0142792457,-0.337510915618,0.300377949283,0.54806746782,3616.71606638,131895.59,728.704917125,1171318.41078,1082.27464665,0.0,0.0,0.0,0.0,0.0,189.656873083,13955.8414995,77.1040966825,3394.06180067,58.2585770567,0.0,0.0,0.0,0.0,0.0,89.8342492379,48.9193923177,9001.16818646,187.4787013,47.9106767904,8815.56452944,3630.30323332,719.092469323,132313.014355,189.894174411,75.8469646714,13955.8414995,0.400544952245,-0.438862160966,13.6148373965,2.16085858192,1.31412385907,-1.43983648611,44.6681016946,3.47756479366
2555550,1,2,7,1,2012-09-18 12:22:34,2012-09-18 12:27:13,98358.0,98637.0,0.0777777777778,0.0777777777778,0.0772222222222,0.0,1.0,1.0,1.0,1.0,1.0,1.0,0.0,0.0,1.0,1.0,0.0,0.0,1.0,41.2376480484,28.1524695033,32.6218375889,32.2874773157,150.680503994,12.2751987354,1.1468790442,19.6275482931,38.8156246938,19.1880764008,7.2590030372,28.3550052551,32.8380575454,28.3550052551,146.02163409,12.0839411655,1.0,19.8189538484,38.8174105934,18.998456745,7.10580366518,2.0,10.0,30.0,12.0,19.0,28.0,23.0,28.0,97.0,31.0,0.0,0.0,0.0,0.0,0.0,0.0,0.0,278.0,0.714285714286,3.57142857143,10.7142857143,4.28571428571,6.78571428571,10.0,8.21428571429,10.0,34.6428571429,11.0714285714,0.0,0.0,0.0,0.0,0.0,0.0,0.0,0.406962464102,8.28020821763,7.7546666137,100.0,11.4579765315,46.9679201046,1.97129785433,0.0,0.0,0.0,0.0,16.0105430396,0.0,2.79828801472,0.0,0.0,4.35213715993,100.0,0.00891099872413,0.0612723362189,0.0431642576756,0.0952959845203,0.18130646281,0.169799011939,0.250888038233,1.02842672985,0.350572696952,0.0,0.0,0.0,0.0,0.0,0.0,0.0,2.18963651692,15.0,15.0,6.85045206548,6.85045206548,7.30398004412,-7.16353344886,1.75423906027,-1.92570603608,0.921522889397,-0.841260190402,1.90244249584,1.99563340979,3.61928744996,3.98255270627,0.269134562159,-3.70071506786,2.74847285179,-0.389256009201,2.47933828963,3.31145905866,0.763015529167,0.688591198264,0.521428571429,0.475,0.186224489796,0.186224489796,146.0,132.0,52.1428571429,47.1428571429,9.73333333333,8.8,2.0,2.0,18.0,21.0,5.43404903262,5.92396263774,29.5288888889,35.0933333333,9.0,7.0,5.0,4.0,15.5,11.5,10.5,7.5,5.0,4.0,1.0,0.0,0.0,0.0,0.0,0.0,0.0,0.456696804366,0.0,0.0,0.0,0.0,0.0,0.0,0.0,0.0,0.0,0.0,0.0,50.6028375826,11.7912404877,31.8249601368,37.8034935163,13.0496155665,170.292466434,16.0960640375,42.135211546,26.0391475085,6.63679860074,38.791446698,38.791446698,45.4849078373,42.1381772676,-3.34673056962,0.162446099419,0.994378919455,0.204554258581,0.171951945227,-0.000306922697936,-0.0458456242414,-0.0190118067587,0.0568449040746,-0.0641559648727,0.28139910673,-0.00278555296757,0.224554202655,0.0613704119051,0.113652472829,0.0170982624026,0.0173760919328,-0.00515721567961,0.00319050735118,0.00217105003985,0.00427918837477,1.83114531468e-05,-4.29319748991e-05,0.00607945567974,0.00612238765464,0.00237631332366,18.8940500965,772.537890379,5.29135541355,30.2385532256,5.49895928568,-22.1216848475,-772.537890379,-5.80855556676,33.4980582113,5.78775070397,2.97226513409,125.95383174,0.611426367669,0.318283122183,0.564165864071,-0.682600754805,-10.0036016358,-0.137035638847,0.0322289329067,0.17952418474,3129.78632054,420573.100855,1507.43046901,1261907.25729,1123.3464547,0.0135785370483,0.0,0.0,0.0,0.0,180.732209533,34557.44202,123.861799355,2835.52216277,53.2496212453,2.33958234866,0.0,0.0,0.0,0.0,151.255267876,95.1269355752,26635.5419611,169.922366821,94.2509906199,26390.2773736,3132.498133,1503.52792901,420987.820123,180.784398139,123.419435786,34557.44202,0.231990506032,-0.199086354059,15.449886306,0.971895645953,0.761123707455,-0.653170452948,50.6886033663,1.56411442644
2555550,1,2,7,1,2012-09-18 13:54:16,2012-09-18 13:54:58,103860.0,103902.0,0.0119444444444,0.0119444444444,0.0113888888889,0.0,1.0,1.0,1.0,1.0,1.0,1.0,0.0,0.0,1.0,1.0,0.0,0.0,1.0,19.6537198616,11.6235775198,11.650669058,13.6733915406,29.887581485,5.46695358358,1.17634966664,7.99214964583,16.8199772783,8.82782763244,4.02931548289,12.1905813013,12.3360859338,12.1905813013,24.4334065933,4.94301594103,1.0,8.12224659003,16.9793893244,8.85714273437,4.32447929836,2.0,4.0,11.0,10.0,16.0,0.0,0.0,0.0,0.0,0.0,0.0,0.0,0.0,0.0,0.0,0.0,0.0,41.0,4.6511627907,9.3023255814,25.5813953488,23.2558139535,37.2093023256,0.0,0.0,0.0,0.0,0.0,0.0,0.0,0.0,0.0,0.0,0.0,0.0,2.93073378217,0.0,0.0,100.0,0.0,0.0,24.0208005686,0.0,0.0,0.0,0.0,0.0,0.0,17.7295514734,0.0,0.0,55.3189141758,100.0,0.00406894801722,0.0246152085709,0.0333498011455,0.0768032181973,0.0,0.0,0.0,0.0,0.0,0.0,0.0,0.0,0.0,0.0,0.0,0.0,0.138837175931,2.0,2.0,14.4053635965,14.4053635965,4.66103246925,-4.0251497156,2.2050748746,-2.00461352236,2.22553609023,-1.9653500211,1.15182828414,1.14526517751,1.32670839614,1.31163232681,1.37199929493,-2.95998838406,2.89732215007,-1.00047644487,1.52532285515,1.95951193919,0.813923808643,1.01608157304,0.46511627907,0.511627906977,1.08166576528,1.08166576528,20.0,21.0,46.511627907,48.8372093023,10.0,10.5,9.0,10.0,11.0,11.0,1.0,0.5,1.0,0.25,10.0,10.5,9.5,10.25,10.5,10.75,1.0,0.5,1.0,0.5,1.0,0.0,0.0,0.0,0.0,0.0,0.0,7.20268179826,0.0,0.0,0.0,0.0,0.0,0.0,0.0,0.0,0.0,0.0,0.0,50.8784397087,50.6028375826,50.7698801249,50.7819568904,0.0721196617506,0.00520124561102,50.7207121486,50.8186025893,0.0978904407234,0.0522448758348,0.0874739084238,0.0874739084238,0.463730343919,0.275602126171,-0.188128217748,0.0107844266028,0.0300310409617,0.00918673753905,0.00544197187919,-0.00322530780768,-0.015677351479,-0.0131405295023,0.00317228091708,-0.023739288065,0.0138802582035,-0.00510710593271,0.0107079772864,0.0186321821323,0.00335087117833,0.00813327134719,0.00221256996153,-0.00181114066725,8.37051468553e-05,0.000263850712823,0.00112746823393,1.27118461852e-06,-0.000193618560333,0.000512468403947,0.00070608696428,0.00035304348214,5.42078897704,65.3003650317,3.26501825159,2.42390194415,1.55688854584,-6.87125686823,-65.3003650317,-2.96819841053,5.18503737876,2.27706771501,0.0897647911119,0.823793198421,0.0274597732807,0.000504052110319,0.0224511048797,-0.113118379115,-0.562327832388,-0.046860652699,0.00107105818164,0.0327270252489,329.116790661,4885.104628,116.312014952,10980.338218,104.787109026,0.15991965522,0.0,0.0,0.0,0.0,85.3033421055,2191.16625996,52.1706252372,511.97418591,22.6268465746,5.32297741921,0.0,0.0,0.0,0.0,152.079061075,151.754569214,6525.44647619,38.596888572,16.4867067939,708.928392139,339.112221577,114.19258596,4910.28119629,86.1612163768,50.9573548828,2191.16625996,0.295381038469,-0.294210840032,6.61263580819,6.75512521951,0.969097895238,-0.965258661522,21.6949993707,10.8713202413
2555550,1,2,7,7,2012-09-18 16:23:31,2012-09-18 16:46:42,112815.0,114206.0,0.386666666667,0.309722222222,0.305833333333,0.0769444444444,0.801005747126,0.800862688713,59.0,1.0,1.2486535009,1.0,3.46074718485,11.9767710774,1.0,1.0,0.0,0.0,1.0,57.0609372329,30.609816957,32.5609364449,36.4919381868,229.852454728,15.1608856842,1.1921645346,19.6852673668,42.6421129591,22.9568455923,11.1232876607,30.999042604,32.660862369,30.999042604,220.709570157,14.8562973233,1.0,20.146577,42.6755203296,22.5289433296,10.989434064,14.0,91.0,50.0,48.0,83.0,103.0,110.0,111.0,102.0,221.0,111.0,16.0,55.0,0.0,0.0,0.0,0.0,1101.0,1.25560538117,8.16143497758,4.48430493274,4.30493273543,7.44394618834,9.23766816143,9.86547085202,9.95515695067,9.14798206278,19.8206278027,9.95515695067,1.43497757848,4.93273542601,0.0,0.0,0.0,0.0,0.986554556556,6.77313164985,8.91136966252,100.0,10.5352169874,11.23227487,1.76294976052,0.0,0.0,0.0,0.0,27.5375017398,15.2099837117,1.10619363075,9.08105482689,2.5038070189,4.35996158514,100.0,0.0935307045822,0.104873135501,0.167137166565,0.41334792516,0.642129491196,0.84484601261,0.998795516383,1.06488037146,2.61070401332,1.44198867035,0.237374439213,0.860933083391,0.0,0.0,0.0,0.0,9.48054052974,47.0,47.0,4.95752323958,4.95752323958,6.84649203429,-7.41103348274,1.56313284071,-1.7611496689,0.983015694841,-0.839078127108,1.57026489424,1.83946566198,2.46573183807,3.38363392159,0.335429039387,-2.9453377691,2.28577425372,-0.320178984673,1.95034521433,2.62515878442,0.760505688715,0.717619255456,0.526457399103,0.467264573991,0.0472159102335,0.0472159102335,587.0,514.0,42.1695402299,36.9252873563,12.4893617021,10.9361702128,1.0,1.0,42.0,33.0,8.93206592677,8.67719989966,79.7818017202,75.2937980987,10.0,8.0,5.5,5.0,17.5,16.0,12.0,11.0,5.0,4.0,7.0,0.0,6.0,0.0,0.0,0.0,0.0,0.738354525045,41.2857142857,0.0,60.0,42.0,41.2857142857,19.3147928927,373.06122449,37.0,56.5,19.5,11.0,188.876188368,37.6558875635,112.401599165,128.945341534,49.0314004994,2404.07823493,56.7844584794,151.090637004,94.3061785249,39.119490913,96.3276530254,96.3276530254,415.326127617,255.826890321,-159.499237296,0.372489800553,2.53800926362,0.338843563339,0.14506725688,-8.11509081586e-05,-0.451839199138,-0.223939656369,0.0415130284803,-0.653420644165,0.478615217782,-0.0715787071933,0.437102189302,0.581841936972,0.127269724113,0.188540292135,0.0449797305754,-0.0440185624147,0.00179586541672,0.0017082333909,0.0125233753655,0.000156834930546,-0.00159096320235,0.00642204310624,0.00801300630859,0.00440385862949,19.5542786496,2951.19361798,5.02758708345,18.7264001293,4.32740108256,-26.9603438816,-2951.19361798,-5.66447911321,38.1756079533,6.17864127081,7.58627953253,764.683695106,1.01282608623,1.75219191216,1.3237038612,-9.88490563376,-476.753893966,-1.3505776033,3.03480444608,1.74206901301,8290.61349574,2419007.58366,2183.21984084,4495484.77233,2120.2558271,0.0,0.0,0.0,0.0,0.0,250.068821464,149624.482029,135.040146235,4318.37138001,65.7143164007,0.0,0.0,0.0,0.0,0.0,564.563566627,335.975901819,374613.130528,325.342331512,116.590767768,129998.706062,8299.00181938,2170.70071487,2420331.29709,250.153141197,134.192360564,149624.482029,0.209109646327,-0.190238224043,17.8070763412,0.659460558918,0.686055270102,-0.624141154998,58.4221664737,1.06129889373
2555550,1,2,7,6,2012-09-18 19:55:48,2012-09-18 20:15:11,125552.0,126715.0,0.323333333333,0.287222222222,0.283888888889,0.0361111111111,0.888316151203,0.888220120378,33.0,1.0,1.12584704743,1.0,1.7494681487,3.06063880332,1.0,1.0,0.0,0.0,1.0,71.7799861391,40.6790137252,40.4226183486,50.408218651,507.479923697,22.5273150574,1.23917012815,22.7928193415,66.9447920965,44.151972755,22.3741813326,41.1566538081,40.5971718545,41.1566538081,493.780524541,22.2211728885,1.0,23.2348952076,67.0300770796,43.795181872,22.0090025588,12.0,51.0,59.0,50.0,54.0,77.0,61.0,49.0,96.0,131.0,17.0,12.0,50.0,5.0,269.0,41.0,0.0,1022.0,1.16054158607,4.93230174081,5.70599613153,4.83558994197,5.22243713733,7.44680851064,5.89941972921,4.73887814313,9.28433268859,12.669245648,1.64410058027,1.16054158607,4.83558994197,0.483558994197,26.0154738878,3.96518375242,0.0,0.460497183916,4.14973317659,3.9433956209,100.0,3.77739141295,8.47573719583,1.4561635245,0.745513829543,43.4137658735,6.87642470793,0.0,13.073793717,1.88967671033,1.22106910624,6.77858829234,1.49337343335,2.24487621511,100.0,0.0539178340045,0.142970258402,0.170496554462,0.262843872568,0.485876205963,0.461716939707,0.442280149123,0.992391283055,1.53075993526,0.221254936509,0.174853318757,0.793678682728,0.0872893305611,5.08314991629,0.805133970186,0.0,11.7086131876,55.0,55.0,4.69739661896,4.69739661896,7.07118993546,-9.26508463963,1.68687834,-1.7303724775,0.70798860531,-0.618750277034,1.87778658013,2.09739449347,3.52608244051,4.39906366125,0.239151993936,-3.03656812125,2.9110718943,-0.2488086375,2.67191990036,2.78775948376,0.59557748516,0.518898804142,0.502901353965,0.491295938104,0.0486364945808,0.0486364945808,520.0,516.0,44.6735395189,44.3298969072,9.45454545455,9.38181818182,1.0,1.0,33.0,39.0,7.51923154153,7.58824667518,56.5388429752,57.5814876033,7.0,8.0,4.5,4.5,12.0,12.0,7.5,7.5,4.0,4.0,6.0,3.0,2.0,0.0,0.0,0.0,0.0,0.512443267523,21.0,0.0,34.0,22.5,21.0,11.6904519445,136.666666667,15.5,31.0,15.5,9.5,294.513355194,42.0247046736,132.48651093,137.940304472,67.8964616536,4609.92950508,57.2752088704,176.179175255,118.903966385,57.9998772688,-96.2276764383,-96.2276764383,667.005583053,285.388953308,-381.616629746,0.645023475275,4.56185358689,0.671382691032,0.295993723093,-4.09563307358e-06,-0.632863399247,-0.325153830105,0.0782518601051,-0.759028701938,0.845699237196,-0.0923849347935,0.767447377091,0.666643767144,0.264136490251,0.267174898965,0.0447192963344,-0.0636167778451,-0.002239051411,-0.00157928313735,0.0144747643909,0.000209518804172,-0.00797280470256,0.00384597433655,0.0118187790391,0.00600796763781,29.4971698512,3038.56829239,5.84340056229,34.8385822718,5.90242172941,-40.1277799979,-3040.17125908,-5.98458909267,49.4663078168,7.03322883296,13.6356856504,853.046679665,2.00716865804,7.32052667835,2.7056471829,-19.3449832328,-1140.6776441,-1.89167105157,6.77314799854,2.60252723301,16506.9471277,5914514.89125,5753.41915491,35827427.5813,5985.60168917,0.0,0.0,0.0,0.0,0.0,314.595797571,184398.767328,179.37623281,9608.18257207,98.0213373306,0.0,0.0,0.0,0.0,0.0,880.320127508,396.011047167,409475.42277,514.836718455,216.058375082,223404.359835,16520.3509129,5721.543562,5916076.04311,314.680933727,178.335364921,184398.767328,0.171466312867,-0.186730767541,25.0555152233,0.273131716288,0.562553519905,-0.612633751774,82.2031339348,0.439562888818
2555550,1,3,13,8,2012-09-19 09:06:56,2012-09-19 09:29:53,173020.0,174397.0,0.382777777778,0.287222222222,0.282777777778,0.0955555555556,0.750362844702,0.750181554103,131.0,1.0,1.3330106486,1.0,4.88487444977,23.86199839,1.0,1.0,0.0,0.0,1.0,77.6868298021,41.3681237574,40.4463163144,52.0347729358,563.9491638,23.7476138549,1.25784706217,21.243842833,67.0147305818,45.7708877489,21.3156622232,42.0183103783,40.7287197385,42.0183103783,545.493061639,23.3557928925,1.0,22.026822433,67.8181919996,45.7913695666,20.9186010748,16.0,55.0,54.0,52.0,64.0,61.0,54.0,52.0,104.0,121.0,46.0,15.0,49.0,15.0,46.0,166.0,64.0,1018.0,1.54738878143,5.31914893617,5.22243713733,5.02901353965,6.18955512573,5.89941972921,5.22243713733,5.02901353965,10.0580270793,11.7021276596,4.44874274662,1.45067698259,4.73887814313,1.45067698259,4.44874274662,16.0541586074,6.18955512573,0.490976708936,3.15768485915,3.45854307049,100.0,3.8969142203,9.18705067309,1.52493215759,2.21284649657,7.28385561109,28.2192760771,11.3066004265,12.054945131,5.01224946287,1.18903737224,6.54207854402,1.84479066477,2.61821852435,100.0,0.0584633909497,0.14158544689,0.181582350605,0.31176618034,0.376003507003,0.411828406453,0.464027754092,1.09395440843,1.43545092312,0.596837068953,0.219669723415,0.779002524115,0.263496225964,0.867330141048,3.36022980232,1.34634126022,11.9075691139,46.0,46.0,3.86308906209,3.86308906209,7.97674751944,-8.13190449237,1.59229504957,-2.00637379654,0.643084902703,-0.87525426529,1.77258102469,2.28936586154,3.14204348908,5.24119604799,0.284003527989,-3.27604751804,2.6528776809,-0.247118038876,2.36887415291,3.02892947917,0.547652740836,0.78118586038,0.553191489362,0.439071566731,0.0535001440388,0.0535001440388,572.0,460.0,41.5094339623,33.381712627,12.4347826087,10.0,1.0,1.0,65.0,36.0,12.3211592021,6.98756659764,151.810964083,48.8260869565,8.0,8.0,4.25,5.0,16.5,14.75,12.25,9.75,5.0,4.0,8.0,2.0,4.0,1.0,0.0,0.0,0.0,0.671841576015,43.0,0.0,132.0,38.0,43.0,37.289408684,1390.5,21.75,48.25,26.5,12.5,292.261363267,42.0558166876,130.235250894,141.168638868,65.0717832843,4234.3369798,61.3516346808,172.433798614,111.082163933,54.6512770301,98.2459495605,98.2459495605,637.925778822,368.085864191,-269.839914631,0.616110817038,5.87651920462,0.577387846205,0.24704569575,-0.00208768580373,-0.691897217002,-0.317662652414,0.0723667314618,-0.922990806838,0.662927333614,-0.137447052142,0.590560602152,0.785543754696,0.200838695511,0.262744049025,0.06687520548,-0.0442893627952,0.0026743757043,0.00194010924241,0.0141898964375,0.000201353160908,-0.00403764810249,0.00840965716018,0.0124473052627,0.00633881619652,28.5250916389,3219.16408201,5.62790923429,30.6825381798,5.53918208582,-40.4620230198,-3219.25505839,-7.09087017267,65.4028541365,8.08720310964,17.5653091593,1100.23328037,1.72992654147,6.3787483856,2.52561841647,-14.8068506412,-806.569562518,-2.06812708338,6.48246536327,2.5460686093,20911.6393115,6505751.02225,6340.88793591,49828917.7738,7058.9601057,0.0,0.0,0.0,0.0,0.0,340.402961471,187522.516624,182.770484039,10648.4519643,103.191336673,0.0,0.0,0.0,0.0,0.0,873.588772935,389.281880265,402517.464194,603.055901696,227.350477999,235080.394251,20943.6010147,6293.46974824,6507447.71968,340.576328519,181.356399056,187522.516624,0.199752513382,-0.184428296261,26.0575608737,0.294187848762,0.655356015032,-0.605079712143,85.4906852812,0.473449449278
2555550,1,4,14,1,2012-09-22 16:38:03,2012-09-22 16:38:35,459287.0,459319.0,0.00916666666667,0.00916666666667,0.00861111111111,0.0,1.0,1.0,1.0,1.0,1.0,1.0,0.0,0.0,1.0,1.0,0.0,0.0,1.0,19.1933032381,10.4872493384,10.2186005513,12.7132811472,29.5917478854,5.43982976621,1.21226078804,7.36666638467,14.966517535,7.5998511503,4.37968776414,11.1638460699,10.9579610179,11.1638460699,23.9474711483,4.89361534536,1.0,7.58783447173,15.5325516239,7.94471715216,3.64032729762,2.0,4.0,10.0,9.0,8.0,0.0,0.0,0.0,0.0,0.0,0.0,0.0,0.0,0.0,0.0,0.0,0.0,31.0,6.06060606061,12.1212121212,30.303030303,27.2727272727,24.2424242424,0.0,0.0,0.0,0.0,0.0,0.0,0.0,0.0,0.0,0.0,0.0,0.0,4.40615015856,0.0,0.0,100.0,0.0,0.0,33.4070008914,0.0,0.0,0.0,0.0,0.0,0.0,22.5508321912,0.0,0.0,39.6360167588,100.0,0.00423576957238,0.0216788183312,0.0321151918995,0.0381033391318,0.0,0.0,0.0,0.0,0.0,0.0,0.0,0.0,0.0,0.0,0.0,0.0,0.0961331189349,2.0,2.0,20.8044846787,20.8044846787,5.06087430466,-3.92551670516,2.65818383807,-2.65818383807,2.73963357989,-2.88635486685,1.49125875612,1.05317009772,2.22385267771,1.10916725473,1.32199177843,-3.44462141543,3.6302731906,-2.23287485184,2.30828141217,1.21174656359,1.30826927886,0.599107380506,0.484848484848,0.484848484848,1.46923783287,1.46923783287,16.0,15.0,48.4848484848,45.4545454545,8.0,7.5,8.0,7.0,8.0,8.0,0.0,0.5,0.0,0.25,8.0,7.5,8.0,7.25,8.0,7.75,0.0,0.5,0.0,0.5,1.0,0.0,0.0,0.0,0.0,0.0,0.0,10.4022423394,0.0,0.0,0.0,0.0,0.0,0.0,0.0,0.0,0.0,0.0,0.0,151.646663401,149.036237639,150.504929845,150.630491891,0.920816802662,0.847903584065,149.539047703,151.407828632,1.86878092897,0.846064330122,0.301674724868,0.301674724868,4.91917680034,2.6104257626,-2.30875103774,0.149065963647,0.346658098315,0.174028384174,0.134131609764,-0.0254275434418,-0.135808884573,-0.106786690363,0.0796676968433,-0.233723963655,0.302675477363,-0.0516904758446,0.22300778052,0.182033487811,0.0861552339,0.0653032095742,0.0157638858857,-0.0152672517471,-0.000247625253431,-0.0037044319851,0.0112714880752,0.000127046443429,-0.0113095514762,0.0123268294963,0.0236363809725,0.00900278584028,8.64100874085,60.4909446279,3.78068403924,7.17073977894,2.67782370199,-7.86233723771,-60.4909446279,-3.78068403924,5.77992279627,2.40414699972,1.03618425422,7.80273729411,0.520182486274,0.119235123267,0.345304392192,-0.832507114349,-6.90101135341,-0.405941844318,0.0752236383904,0.2742692808,308.226875241,2999.07651609,93.7211411278,8694.26344015,93.2430342714,0.130820408914,0.0,0.0,0.0,0.0,83.4598918303,1517.19915983,47.4124737446,498.876389529,22.33554095,4.97827835833,0.0,0.0,0.0,0.0,453.282025101,449.869307096,14845.6871342,36.8096953338,13.9465810234,460.237173773,315.833601141,91.7871978281,3028.97752833,84.1427660986,45.9757321159,1517.19915983,0.410681619346,-0.404853175111,6.22655476052,10.5927724236,1.3473806409,-1.32825844853,20.4283292668,17.0474147433
2555550,1,4,14,3,2012-09-22 16:47:10,2012-09-22 17:04:54,459834.0,460898.0,0.295833333333,0.274722222222,0.273055555556,0.0211111111111,0.928638497653,0.928571428571,58.0,1.0,1.07692307692,1.0,1.90995523353,3.64792899408,1.0,1.0,0.0,0.0,1.0,77.2812489055,42.6404839464,43.7128721124,51.9116180661,500.757395197,22.3776092377,1.2174256308,24.3937496339,63.4781992478,39.0844496138,19.5063245246,42.9007513967,43.9385413951,42.9007513967,492.648230969,22.1956804574,1.0,24.8338540543,63.6931920309,38.8593379766,19.3327373304,6.0,46.0,47.0,46.0,51.0,59.0,60.0,53.0,70.0,84.0,93.0,25.0,72.0,42.0,96.0,66.0,73.0,983.0,0.606673407482,4.6511627907,4.75227502528,4.6511627907,5.1567239636,5.96562184024,6.06673407482,5.35894843276,7.07785642063,8.49342770475,9.40343781598,2.52780586451,7.28008088979,4.24671385238,9.70677451972,6.67340748231,7.38119312437,0.379961900096,3.14689379988,3.84360579792,100.0,4.11334453028,6.19220094617,1.35936904779,6.22929846394,15.3779506619,11.2346518732,13.1673770711,8.55296729002,10.4667715905,0.874759024434,9.82069516788,3.10134138113,2.13881145366,100.0,0.0445098331916,0.102471795858,0.159240412124,0.250546544289,0.368636218708,0.450251072216,0.481849045538,0.72537228373,1.00191926421,1.22610782142,0.363300076954,1.1504245653,0.729717993989,1.80141750691,1.31605953311,1.54246453884,11.7142885064,50.0,50.0,4.26829166558,4.26829166558,7.34413805444,-8.19718421498,1.57690896238,-1.90146293226,0.773710554415,-0.806775019965,1.6911733712,2.09291580264,2.86006737147,4.38029655693,0.33300126472,-3.17526858152,2.57828937903,-0.315267734549,2.24528811431,2.86000084697,0.596379318775,0.712052448834,0.544994944388,0.451971688574,0.0551056566621,0.0551056566621,539.0,444.0,50.6103286385,41.6901408451,10.78,8.88,1.0,1.0,36.0,31.0,8.12967404021,6.69817885697,66.0916,44.8656,9.0,7.0,4.25,4.0,14.0,11.75,9.75,7.75,5.0,4.0,3.0,1.0,1.0,0.0,0.0,0.0,0.0,0.256097499935,26.6666666667,0.0,59.0,21.0,26.6666666667,24.4176620957,596.222222222,10.5,40.0,29.5,21.0,295.092821164,42.0614062916,136.281955015,144.905631621,67.0151122344,4491.0252678,60.864271323,175.524440297,114.660168974,44.2243303283,-98.6049391626,-98.6049391626,661.508709188,281.451885013,-380.056824175,0.668866237804,5.05696197974,0.660685176086,0.273434976069,-0.00017213609425,-0.678672900313,-0.371963615231,0.0653098718174,-0.888932128392,0.807333950614,-0.125243362735,0.742024078797,0.763688765657,0.239964866248,0.292315664969,0.0460536772058,-0.0603106586748,-0.00224698688106,-0.00128409312839,0.0144685740456,0.000209339634912,-0.00811492923605,0.00424811486728,0.0123630441033,0.0061650449505,28.4071464316,3326.98146521,6.1725073566,30.7606084429,5.5462247018,-43.342491254,-3326.98146521,-7.44291155527,61.5577696431,7.84587596404,15.1155977693,841.278519063,1.97483220437,8.16358683412,2.85719912399,-19.2131901972,-1136.01528086,-2.02859871583,6.64604003711,2.57799147344,20611.9891837,6178551.05578,6266.27896123,41708479.2716,6458.21022201,0.0,0.0,0.0,0.0,0.0,338.76924406,184878.103163,187.503147224,9532.14208024,97.6326896088,0.0,0.0,0.0,0.0,0.0,882.05219007,407.355883529,402874.96881,596.775570994,231.716830176,229167.945044,20617.2887474,6248.88964768,6180151.86156,338.798276138,186.934381358,184878.103163,0.179621004996,-0.195254983362,25.6021193127,0.274034528511,0.589307759174,-0.640600339113,83.9964544379,0.441015824252
2555550,1,5,16,2,2012-09-23 11:46:45,2012-09-23 11:53:04,528209.0,528588.0,0.105555555556,0.0983333333333,0.0972222222222,0.00722222222222,0.931578947368,0.931398416887,27.0,1.0,1.07365439093,1.0,1.38187886408,1.909589195,1.0,1.0,0.0,0.0,1.0,40.9703124554,22.7252122681,24.8574029803,28.6459178054,178.274846272,13.3519603906,1.26053466376,9.25232454388,35.9015624315,26.6492378877,12.706212949,22.9849289798,25.1596788307,22.9849289798,174.342702915,13.2038896888,1.0,9.6645641237,36.086793107,26.4222289833,12.5769718051,4.0,42.0,49.0,32.0,25.0,26.0,42.0,36.0,80.0,18.0,0.0,0.0,0.0,0.0,0.0,0.0,0.0,350.0,1.12994350282,11.8644067797,13.8418079096,9.0395480226,7.06214689266,7.34463276836,11.8644067797,10.1694915254,22.5988700565,5.08474576271,0.0,0.0,0.0,0.0,0.0,0.0,0.0,1.63507614154,7.25341715002,14.2434727527,100.0,14.6128267336,37.9055415383,5.1782966142,0.0,0.0,0.0,0.0,9.01566756318,0.0,4.67057878043,0.0,0.0,5.48512272593,100.0,0.0365381615179,0.104370895964,0.115716591583,0.122573068626,0.162088186997,0.318291176045,0.326544929537,0.847054619637,0.201468243127,0.0,0.0,0.0,0.0,0.0,0.0,0.0,2.23464587303,15.0,15.0,6.71247296094,6.71247296094,7.38187655439,-7.89732309028,1.98452285812,-2.35430972609,1.59096268172,-1.60656776652,1.72151172548,2.19458449142,2.96360262097,4.81620108998,0.450749389199,-4.17683648281,3.21750073452,-0.389582986458,2.76675134532,3.78725349635,1.25452398333,1.39584415067,0.539548022599,0.454802259887,0.152414695649,0.152414695649,191.0,159.0,50.2631578947,41.8421052632,12.7333333333,10.6,2.0,1.0,30.0,26.0,7.68085643373,7.31938066597,58.9955555556,53.5733333333,12.0,9.0,6.5,5.5,18.0,15.0,11.5,9.5,6.0,6.0,2.0,1.0,0.0,0.0,0.0,0.0,0.0,0.894996394791,14.0,0.0,28.0,14.0,14.0,14.0,196.0,7.0,21.0,14.0,14.0,50.7329732009,11.5196207552,29.8020661626,31.3104926005,13.2309846928,175.058955942,16.227225784,42.09810428,25.870878496,11.5641162652,-39.2133524457,-39.2133524457,48.3826162061,4.5846318802,-43.7979843259,0.136674057079,0.384325664444,0.0955131641709,0.0507546440969,-0.000553471136193,-0.144072316861,-0.0688752943706,0.0240497827391,-0.210673214855,0.13625912876,-0.0211417316626,0.112209346021,0.189531483192,0.0382537945535,0.0555502142033,0.00700590749967,-0.0168819417127,-0.00330645067369,-0.00226103831149,0.00429979280906,1.84882182008e-05,-0.00577193814934,-0.000877473387414,0.00489446476193,0.00172894250482,20.8100318636,1042.97871519,5.46062154551,23.7365441173,4.87201643237,-25.956143203,-1042.97871519,-6.47812866579,49.4150046399,7.02958068734,1.1487751301,13.7037714935,0.285495239448,0.0919416608639,0.303218833294,-2.51538182903,-130.915106111,-0.430641796418,0.25593644955,0.505901620426,3052.7514617,371110.283245,1054.2905774,1139438.95944,1067.44506156,0.0,0.0,0.0,0.0,0.0,179.236802495,35267.7919809,100.192590855,3370.09494229,58.0525188282,0.0,0.0,0.0,0.0,0.0,151.644251948,89.0803701144,31534.4510205,167.72636128,69.4170890467,24573.6495225,3071.97011066,1050.0195424,371706.918011,179.612408305,99.6265310196,35267.7919809,0.26751135787,-0.300103433248,14.3660606183,1.29618453815,0.877661935271,-0.984591316429,47.1327448108,2.08600680936
2555550,1,5,16,2,2012-09-23 12:17:20,2012-09-23 12:24:05,530044.0,530449.0,0.112777777778,0.100555555556,0.0980555555556,0.0122222222222,0.891625615764,0.891358024691,31.0,1.0,1.12188365651,1.0,1.73814713261,3.02115545461,1.0,1.0,0.0,0.0,1.0,41.9535711957,24.2178870121,24.8021204055,29.5493980701,166.022147243,12.8849581778,1.22014765596,11.8358811866,37.3115881484,25.4757069619,12.6263758884,24.835340222,25.0162943862,24.835340222,154.920345981,12.4467002045,1.0,12.9251481659,37.4998504033,24.5747022374,12.3408477984,9.0,17.0,47.0,32.0,36.0,44.0,32.0,31.0,72.0,42.0,0.0,0.0,0.0,0.0,0.0,0.0,0.0,353.0,2.4861878453,4.69613259669,12.9834254144,8.83977900552,9.94475138122,12.1546961326,8.83977900552,8.5635359116,19.8895027624,11.6022099448,0.0,0.0,0.0,0.0,0.0,0.0,0.0,0.751378969001,11.4146863323,9.88730100026,100.0,11.3297048005,30.7196193106,4.36423431386,0.0,0.0,0.0,0.0,19.3652804281,0.0,5.17568707734,0.0,0.0,6.99210776811,100.0,0.0184933737735,0.127387003902,0.107415059153,0.172093800538,0.280944862125,0.243351970912,0.278853247512,0.756089038324,0.476629482538,0.0,0.0,0.0,0.0,0.0,0.0,0.0,2.46125783878,13.0,13.0,5.28185214697,5.28185214697,7.50651945404,-8.39926006196,1.92464776351,-2.17697650474,1.14059572049,-1.32251068281,1.87098995485,2.00576253957,3.50060341114,4.02308336513,0.433425079036,-3.58902344818,3.05110911704,-0.485287776513,2.61768403801,3.10373567166,0.843606603882,1.10578464824,0.519337016575,0.461325966851,0.143463264247,0.143463264247,188.0,179.0,46.3054187192,44.0886699507,14.4615384615,13.7692307692,6.0,4.0,43.0,26.0,9.67642165755,6.0910255061,93.6331360947,37.100591716,12.0,13.0,8.0,9.0,15.0,18.0,7.0,9.0,4.0,4.0,2.0,1.0,1.0,0.0,0.0,0.0,0.0,0.812592637996,18.5,5.0,32.0,18.5,18.5,13.5,182.25,11.75,25.25,13.5,13.5,51.0151094371,11.2460715239,31.901345664,37.1785333805,14.2919707833,204.260428871,16.001573854,42.59797303,26.5963991759,11.4230442847,39.4954886819,39.4954886819,47.7615220827,43.6285053823,-4.1330167004,0.13153515479,0.994238598054,0.154742737842,0.0824183539589,-0.000207975812465,-0.0558515770324,-0.0191011607488,0.0197089076303,-0.071865057572,0.232157426888,-0.00859956350616,0.212448519258,0.0632654940658,0.0745993886101,0.0148404560832,0.0170940234105,-0.00601551163174,0.00274965993992,0.00121968455989,0.00413517783564,1.70996957324e-05,2.84424897834e-05,0.00454603493533,0.00451759244555,0.00173219090882,22.3864885448,1001.20515627,5.32555934186,26.011600426,5.1001569021,-25.8921717883,-1002.77411391,-6.00463541262,38.5833249152,6.21154770691,2.97184570403,130.408522207,0.464087267641,0.290569126487,0.539044642388,-0.718439987439,-12.353863499,-0.166944101337,0.0470632105017,0.216940569055,3298.29413468,416665.047869,1173.70436019,1266280.33736,1125.29122335,0.0,0.0,0.0,0.0,0.0,183.919227822,38433.6719775,108.263864725,3009.32018957,54.8572710729,0.0,0.0,0.0,0.0,0.0,152.487576038,95.3552570277,34518.603044,175.873595887,75.1944092204,27220.3761378,3298.49600666,1152.5375227,417218.583219,183.922980027,106.170364579,38433.6719775,0.267478502147,-0.237674325244,14.5078794258,1.27081112319,0.877554140902,-0.779771408281,47.5980296123,2.04517225624
