timestamp,cycle_sec,timestep,speed_mph,accel_meters_ps
2012-12-15 21:02:56,0,1,0.0,0.0
2012-12-15 21:02:57,1,1,0.0,0.0
2012-12-15 21:02:58,2,1,0.0,0.0
2012-12-15 21:02:59,3,1,0.0,0.0
2012-12-15 21:03:00,4,1,0.0,0.0
2012-12-15 21:03:01,5,1,0.0,0.0
2012-12-15 21:03:02,6,1,4.22165178571,4.22165178571
2012-12-15 21:03:03,7,1,7.66132440476,3.43967261905
2012-12-15 21:03:04,8,1,11.5271577381,3.86583333333
2012-12-15 21:03:05,9,1,15.4637202381,3.9365625
2012-12-15 21:03:06,10,1,19.3853869048,3.92166666667
2012-12-15 21:03:07,11,1,23.3177827381,3.93239583333
2012-12-15 21:03:08,12,1,27.2595386905,3.94175595238
2012-12-15 21:03:09,13,1,31.121577381,3.86203869048
2012-12-15 21:03:10,14,1,34.7169940476,3.59541666667
2012-12-15 21:03:11,15,1,37.8036904762,3.08669642857
2012-12-15 21:03:12,16,1,40.1794642857,2.37577380952
2012-12-15 21:03:13,17,1,41.7801339286,1.60066964286
2012-12-15 21:03:14,18,1,42.7328869048,0.95275297619
2012-12-15 21:03:15,19,1,43.3264880952,0.593601190476
2012-12-15 21:03:16,20,1,43.8814732143,0.554985119048
2012-12-15 21:03:17,21,1,44.5951636905,0.713690476191
2012-12-15 21:03:18,22,1,45.4724702381,0.877306547619
2012-12-15 21:03:19,23,1,46.3797619048,0.907291666667
2012-12-15 21:03:20,24,1,47.1805803571,0.800818452381
2012-12-15 21:03:21,25,1,47.851860119,0.671279761905
2012-12-15 21:03:22,26,1,48.4808035714,0.628943452381
2012-12-15 21:03:23,27,1,49.153422619,0.672619047619
2012-12-15 21:03:24,28,1,49.846875,0.693452380952
2012-12-15 21:03:25,29,1,50.4326636905,0.585788690476
2012-12-15 21:03:26,30,1,50.7909970238,0.358333333333
2012-12-15 21:03:27,31,1,50.9068452381,0.115848214286
2012-12-15 21:03:28,32,1,50.8459821429,-0.0608630952381
2012-12-15 21:03:29,33,1,50.6667410714,-0.179241071428
2012-12-15 21:03:30,34,1,50.3710565476,-0.29568452381
2012-12-15 21:03:31,35,1,49.9255208333,-0.445535714286
2012-12-15 21:03:32,36,1,49.3186755952,-0.606845238095
2012-12-15 21:03:33,37,1,48.5923363095,-0.726339285714
2012-12-15 21:03:34,38,1,47.8162946429,-0.776041666667
2012-12-15 21:03:35,39,1,47.0426339286,-0.773660714286
2012-12-15 21:03:36,40,1,46.2847470238,-0.757886904762
2012-12-15 21:03:37,41,1,45.5267857143,-0.757961309524
2012-12-15 21:03:38,42,1,44.7574404762,-0.769345238095
2012-12-15 21:03:39,43,1,44.0203125,-0.737127976191
2012-12-15 21:03:40,44,1,43.4328869048,-0.587425595238
2012-12-15 21:03:41,45,1,43.1233630952,-0.309523809524
2012-12-15 21:03:42,46,1,43.1340029762,0.0106398809524
2012-12-15 21:03:43,47,1,43.3988095238,0.264806547619
2012-12-15 21:03:44,48,1,43.8175595238,0.41875
2012-12-15 21:03:45,49,1,44.3422619048,0.524702380952
2012-12-15 21:03:46,50,1,44.9834821429,0.641220238095
2012-12-15 21:03:47,51,1,45.7290922619,0.745610119048
2012-12-15 21:03:48,52,1,46.4759672619,0.746875
2012-12-15 21:03:49,53,1,47.0723214286,0.596354166667
2012-12-15 21:03:50,54,1,47.4302083333,0.357886904762
2012-12-15 21:03:51,55,1,47.5813244048,0.151116071429
2012-12-15 21:03:52,56,1,47.6259672619,0.0446428571429
2012-12-15 21:03:53,57,1,47.6348958333,0.00892857142851
2012-12-15 21:03:54,58,1,47.5927827381,-0.0421130952381
2012-12-15 21:03:55,59,1,47.4363095238,-0.156473214286
2012-12-15 21:03:56,60,1,47.1519345238,-0.284375
2012-12-15 21:03:57,61,1,46.8255208333,-0.326413690476
2012-12-15 21:03:58,62,1,46.5964285714,-0.229092261905
2012-12-15 21:03:59,63,1,46.5752232143,-0.0212053571429
2012-12-15 21:04:00,64,1,46.7803571429,0.205133928571
2012-12-15 21:04:01,65,1,47.1226190476,0.342261904762
2012-12-15 21:04:02,66,1,47.4617559524,0.339136904762
2012-12-15 21:04:03,67,1,47.6807291667,0.218973214286
2012-12-15 21:04:04,68,1,47.7148809524,0.0341517857142
2012-12-15 21:04:05,69,1,47.5788690476,-0.136011904762
2012-12-15 21:04:06,70,1,47.3932291667,-0.185639880952
2012-12-15 21:04:07,71,1,47.3328869048,-0.0603422619048
2012-12-15 21:04:08,72,1,47.5129464286,0.180059523809
2012-12-15 21:04:09,73,1,47.89375,0.380803571429
2012-12-15 21:04:10,74,1,48.2739583333,0.380208333333
2012-12-15 21:04:11,75,1,48.4124255952,0.138467261905
2012-12-15 21:04:12,76,1,48.1864583333,-0.225967261905
2012-12-15 21:04:13,77,1,47.6341517857,-0.552306547619
2012-12-15 21:04:14,78,1,46.8872767857,-0.746875
2012-12-15 21:04:15,79,1,46.1069940476,-0.780282738095
2012-12-15 21:04:16,80,1,45.4633184524,-0.643675595238
2012-12-15 21:04:17,81,1,45.1108630952,-0.352455357143
2012-12-15 21:04:18,82,1,45.1119047619,0.0010416666667
2012-12-15 21:04:19,83,1,45.3556547619,0.24375
2012-12-15 21:04:20,84,1,45.5889136905,0.233258928571
2012-12-15 21:04:21,85,1,45.5679315476,-0.0209821428572
2012-12-15 21:04:22,86,1,45.203422619,-0.364508928571
2012-12-15 21:04:23,87,1,44.5821428571,-0.621279761905
2012-12-15 21:04:24,88,1,43.8696428571,-0.7125
2012-12-15 21:04:25,89,1,43.2061755952,-0.663467261905
2012-12-15 21:04:26,90,1,42.6741815476,-0.531994047619
2012-12-15 21:04:27,91,1,42.2706845238,-0.403497023809
2012-12-15 21:04:28,92,1,41.8154761905,-0.455208333333
2012-12-15 21:04:29,93,1,40.9149553571,-0.900520833333
2012-12-15 21:04:30,94,1,39.1554315476,-1.75952380952
2012-12-15 21:04:31,95,1,36.4266369048,-2.72879464286
2012-12-15 21:04:32,96,1,33.0300595238,-3.39657738095
2012-12-15 21:04:33,97,1,29.4299107143,-3.60014880952
2012-12-15 21:04:34,98,1,25.8907873377,-3.53912337662
2012-12-15 21:04:35,99,1,22.3333468615,-3.55744047619
2012-12-15 21:04:36,100,1,18.5645630411,-3.76878382035
2012-12-15 21:04:37,101,1,14.6947104978,-3.86985254329
2012-12-15 21:04:38,102,1,11.2548971861,-3.43981331169
2012-12-15 21:04:39,103,1,8.8446969697,-2.41020021645
2012-12-15 21:04:40,104,1,7.72088068182,-1.12381628788
2012-12-15 21:04:41,105,1,7.68560606061,-0.0352746212121
2012-12-15 21:04:42,106,1,8.26355519481,0.577949134199
2012-12-15 21:04:43,107,1,9.0163284632,0.752773268398
2012-12-15 21:04:44,108,1,9.74726731602,0.730938852814
2012-12-15 21:04:45,109,1,10.4420183983,0.694751082251
2012-12-15 21:04:46,110,1,11.1143262987,0.672307900433
2012-12-15 21:04:47,111,1,11.7766233766,0.662297077922
2012-12-15 21:04:48,112,1,12.5162540584,0.739630681818
2012-12-15 21:04:49,113,1,13.5298633658,1.01360930736
2012-12-15 21:04:50,114,1,15.0572375541,1.52737418831
2012-12-15 21:04:51,115,1,17.2717397186,2.2145021645
2012-12-15 21:04:52,116,1,20.182224026,2.91048430736
2012-12-15 21:04:53,117,1,23.6005411255,3.41831709957
2012-12-15 21:04:54,118,1,27.2001352814,3.59959415584
2012-12-15 21:04:55,119,1,30.5772186147,3.37708333333
2012-12-15 21:04:56,120,1,33.2776041667,2.70038555195
2012-12-15 21:04:57,121,1,34.8616071429,1.58400297619
2012-12-15 21:04:58,122,1,35.0029017857,0.141294642857
2012-12-15 21:04:59,123,1,33.5734375,-1.42946428571
2012-12-15 21:05:00,124,1,30.7104910714,-2.86294642857
2012-12-15 21:05:01,125,1,26.8469494048,-3.86354166667
2012-12-15 21:05:02,126,1,22.6631696429,-4.1837797619
2012-12-15 21:05:03,127,1,18.9444940476,-3.71867559524
2012-12-15 21:05:04,128,1,16.3889136905,-2.55558035714
2012-12-15 21:05:05,129,1,15.4266369048,-0.962276785714
2012-12-15 21:05:06,130,1,16.0982886905,0.671651785714
2012-12-15 21:05:07,131,1,18.053125,1.95483630952
2012-12-15 21:05:08,132,1,20.6619791667,2.60885416667
2012-12-15 21:05:09,133,1,23.1630208333,2.50104166667
2012-12-15 21:05:10,134,1,24.8162946429,1.65327380952
2012-12-15 21:05:11,135,1,25.0686011905,0.252306547619
2012-12-15 21:05:12,136,1,23.6927083333,-1.37589285714
2012-12-15 21:05:13,137,1,20.8819940476,-2.81071428571
2012-12-15 21:05:14,138,1,17.2681547619,-3.61383928571
2012-12-15 21:05:15,139,1,13.7894345238,-3.4787202381
2012-12-15 21:05:16,140,1,11.3817708333,-2.40766369048
2012-12-15 21:05:17,141,1,10.576264881,-0.805505952381
2012-12-15 21:05:18,142,1,11.2222470238,0.645982142857
2012-12-15 21:05:19,143,1,12.5676339286,1.34538690476
2012-12-15 21:05:20,144,1,13.684077381,1.11644345238
2012-12-15 21:05:21,145,1,13.965625,0.281547619048
2012-12-15 21:05:22,146,1,13.3813988095,-0.584226190476
2012-12-15 21:05:23,147,1,12.315327381,-1.06607142857
2012-12-15 21:05:24,148,1,11.1602678571,-1.15505952381
2012-12-15 21:05:25,149,1,10.0386160714,-1.12165178571
2012-12-15 21:05:26,150,1,8.82767857143,-1.2109375
2012-12-15 21:05:27,151,1,7.3931547619,-1.43452380952
2012-12-15 21:05:28,152,1,5.81354166667,-1.57961309524
2012-12-15 21:05:29,153,1,4.38482142857,-1.4287202381
2012-12-15 21:05:30,154,1,3.40952380952,-0.975297619048
2012-12-15 21:05:31,155,1,2.97983630952,-0.4296875
2012-12-15 21:05:32,156,1,2.89685019841,-0.0829861111111
2012-12-15 21:05:33,157,1,2.76569940476,-0.131150793651
2012-12-15 21:05:34,158,1,2.2693452381,-0.496354166667
2012-12-15 21:05:35,159,1,1.49293154762,-0.776413690476
2012-12-15 21:05:36,160,1,0.0,-1.49293154762
