timestamp,cycle_sec,timestep,speed_mph,accel_meters_ps
2012-04-08 12:45:13,0,2961,0.0,0.0
2012-04-08 12:45:14,1,1,3.15885383854,3.15885383854
2012-04-08 12:45:15,2,1,5.34531203051,2.18645819196
2012-04-08 12:45:16,3,1,7.4040917686,2.0587797381
2012-04-08 12:45:17,4,1,9.01272281399,1.60863104539
2012-04-08 12:45:18,5,1,10.1042407813,1.09151796726
2012-04-08 12:45:19,6,1,10.6434149364,0.539174155134
2012-04-08 12:45:20,7,1,10.6235860603,-0.019828876116
2012-04-08 12:45:21,8,1,10.1898806964,-0.433705363839
2012-04-08 12:45:22,9,1,9.64717240625,-0.542708290179
2012-04-08 12:45:23,10,1,9.31287190848,-0.334300497768
2012-04-08 12:45:24,11,1,9.37232140402,0.0594494955357
2012-04-08 12:45:25,12,1,9.86726187946,0.494940475446
2012-04-08 12:45:26,13,1,10.7813986637,0.914136784226
2012-04-08 12:45:27,14,1,12.0928568095,1.31145814583
2012-04-08 12:45:28,15,1,13.7543893668,1.66153255729
2012-04-08 12:45:29,16,1,15.6713535231,1.91696415625
2012-04-08 12:45:30,17,1,17.7158475223,2.04449399926
2012-04-08 12:45:31,18,1,19.7559517388,2.04010421652
2012-04-08 12:45:32,19,1,21.6754459226,1.91949418378
2012-04-08 12:45:33,20,1,23.3747764621,1.69933053943
2012-04-08 12:45:34,21,1,24.7720236257,1.39724716369
2012-04-08 12:45:35,22,1,25.8113093333,1.03928570759
2012-04-08 12:45:36,23,1,26.4391365714,0.627827238095
2012-04-08 12:45:37,24,1,26.5436751272,0.104538555803
2012-04-08 12:45:38,25,1,25.9238834531,-0.619791674107
2012-04-08 12:45:39,26,1,24.334945063,-1.58893839013
2012-04-08 12:45:40,27,1,21.6053072666,-2.72963779638
2012-04-08 12:45:41,28,1,17.8173360342,-3.78797123239
2012-04-08 12:45:42,29,1,13.456770433,-4.36056560119
2012-04-08 12:45:43,30,1,9.31971667336,-4.13705375967
2012-04-08 12:45:44,31,1,6.18191888244,-3.13779779092
2012-04-08 12:45:45,32,1,4.52616481448,-1.65575406796
2012-04-08 12:45:46,33,1,4.45962215724,-0.0665426572421
2012-04-08 12:45:47,34,1,5.76339210193,1.30376994469
2012-04-08 12:45:48,35,1,8.06034166964,2.29694956771
2012-04-08 12:45:49,36,1,10.9711305052,2.91078883557
2012-04-08 12:45:50,37,1,14.1554311786,3.18430067336
2012-04-08 12:45:51,38,1,17.3613587951,3.20592761657
2012-04-08 12:45:52,39,1,20.4767358284,3.11537703323
2012-04-08 12:45:53,40,1,23.4598956228,2.98315979439
2012-04-08 12:45:54,41,1,26.2391367537,2.77924113095
2012-04-08 12:45:55,42,1,28.7069194955,2.46778274182
2012-04-08 12:45:56,43,1,30.778199192,2.07127969643
2012-04-08 12:45:57,44,1,32.4182288438,1.64002965179
2012-04-08 12:45:58,45,1,33.5906989836,1.17247013988
2012-04-08 12:45:59,46,1,34.1936751287,0.602976145089
2012-04-08 12:46:00,47,1,34.08020784,-0.11346728869
2012-04-08 12:46:01,48,1,33.1631690923,-0.917038747768
2012-04-08 12:46:02,49,1,31.5162940186,-1.64687507366
2012-04-08 12:46:03,50,1,29.3483624174,-2.16793160119
2012-04-08 12:46:04,51,1,26.8583326496,-2.49002976786
2012-04-08 12:46:05,52,1,24.1865321101,-2.67180053943
2012-04-08 12:46:06,53,1,21.5522316027,-2.63430050744
2012-04-08 12:46:07,54,1,19.3580352522,-2.19419635045
2012-04-08 12:46:08,55,1,18.0657734077,-1.29226184449
2012-04-08 12:46:09,56,1,17.9162942805,-0.149479127232
2012-04-08 12:46:10,57,1,18.7342258192,0.81793153869
2012-04-08 12:46:11,58,1,20.0087049055,1.27447908631
2012-04-08 12:46:12,59,1,21.1651036071,1.15639870164
2012-04-08 12:46:13,60,1,21.7584071436,0.593303536458
2012-04-08 12:46:14,61,1,21.4923357984,-0.266071345238
2012-04-08 12:46:15,62,1,20.1750740342,-1.31726176414
2012-04-08 12:46:16,63,1,17.722023535,-2.45305049926
2012-04-08 12:46:17,64,1,14.2979907865,-3.42403274851
2012-04-08 12:46:18,65,1,10.5461305833,-3.75186020313
2012-04-08 12:46:19,66,1,7.52938945164,-3.0167411317
2012-04-08 12:46:20,67,1,6.17991029315,-1.34947915848
2012-04-08 12:46:35,82,15,6.69739545164,0.0344990105655
2012-04-08 12:46:36,83,1,8.46063953943,1.7632440878
2012-04-08 12:46:37,84,1,10.5376485186,2.07700897917
2012-04-08 12:46:38,85,1,12.3865325246,1.84888400595
2012-04-08 12:46:39,86,1,14.1183034598,1.73177093527
2012-04-08 12:46:40,87,1,16.1176338988,1.99933043899
2012-04-08 12:46:41,88,1,18.5409225878,2.42328868899
2012-04-08 12:46:42,89,1,21.2049850022,2.66406241443
2012-04-08 12:46:43,90,1,23.7905503839,2.5855653817
2012-04-08 12:46:44,91,1,26.042261654,2.25171127009
2012-04-08 12:46:45,92,1,27.8375741525,1.79531249851
2012-04-08 12:46:46,93,1,29.1601187619,1.32254460938
2012-04-08 12:46:47,94,1,30.0433031912,0.883184429315
2012-04-08 12:46:48,95,1,30.5410709583,0.497767767113
2012-04-08 12:46:49,96,1,30.7248507269,0.183779768601
2012-04-08 12:46:50,97,1,30.6766365357,-0.0482141912202
2012-04-08 12:46:51,98,1,30.485490756,-0.191145779762
2012-04-08 12:46:52,99,1,30.2467257857,-0.238764970238
2012-04-08 12:46:53,100,1,30.0491065573,-0.197619228423
2012-04-08 12:46:54,101,1,29.960787965,-0.0883185922619
2012-04-08 12:46:55,102,1,30.0029010268,0.0421130617559
2012-04-08 12:46:56,103,1,30.0909963088,0.0880952819941
2012-04-08 12:46:57,104,1,29.994939814,-0.0960564947917
2012-04-08 12:46:58,105,1,29.3891362478,-0.60580356622
2012-04-08 12:46:59,106,1,27.9834070275,-1.40572922024
2012-04-08 12:47:00,107,1,25.6650289673,-2.31837806027
2012-04-08 12:47:01,108,1,22.6102670052,-3.05476196205
2012-04-08 12:47:02,109,1,19.3300587106,-3.28020829464
2012-04-08 12:47:03,110,1,16.5631689717,-2.76688973884
2012-04-08 12:47:04,111,1,14.9958328341,-1.56733613765
2012-04-08 12:47:05,112,1,14.95974666,-0.0360861741072
2012-04-08 12:47:06,113,1,16.29828841,1.33854175
2012-04-08 12:47:07,114,1,18.479687256,2.18139884598
2012-04-08 12:47:08,115,1,20.8918152359,2.41212797991
2012-04-08 12:47:09,116,1,23.120461061,2.22864582515
2012-04-08 12:47:10,117,1,25.0317705818,1.91130952083
2012-04-08 12:47:11,118,1,26.6693449963,1.63757441443
2012-04-08 12:47:12,119,1,28.0988092865,1.42946429018
2012-04-08 12:47:13,120,1,29.3063985216,1.20758923512
2012-04-08 12:47:14,121,1,30.2030501771,0.896651655506
2012-04-08 12:47:15,122,1,30.7200143207,0.516964143601
2012-04-08 12:47:16,123,1,30.8970976094,0.177083288691
2012-04-08 12:47:17,124,1,30.8589280595,-0.0381695498512
2012-04-08 12:47:18,125,1,30.6929312106,-0.165996848958
2012-04-08 12:47:19,126,1,30.3615325484,-0.331398662202
2012-04-08 12:47:20,127,1,29.7416665119,-0.619866036458
2012-04-08 12:47:21,128,1,28.724255744,-1.01741076786
2012-04-08 12:47:22,129,1,27.2618301101,-1.46242563393
2012-04-08 12:47:23,130,1,25.3728420484,-1.88898806176
2012-04-08 12:47:24,131,1,23.1637647284,-2.20907731994
2012-04-08 12:47:25,132,1,20.8590028266,-2.30476190179
2012-04-08 12:47:26,133,1,18.7838539204,-2.07514890625
2012-04-08 12:47:27,134,1,17.2542406622,-1.52961325818
2012-04-08 12:47:28,135,1,16.4000738452,-0.854166816964
2012-04-08 12:47:29,136,1,16.0688981726,-0.331175672619
2012-04-08 12:47:30,137,1,15.9151035275,-0.153794645089
2012-04-08 12:47:31,138,1,15.585564878,-0.329538649554
2012-04-08 12:47:32,139,1,14.8620530305,-0.72351184747
2012-04-08 12:47:33,140,1,13.715698933,-1.14635409747
2012-04-08 12:47:34,141,1,12.2801335528,-1.43556538021
2012-04-08 12:47:35,142,1,10.7820682039,-1.49806534896
2012-04-08 12:47:36,143,1,9.47053559524,-1.31153260863
2012-04-08 12:47:37,144,1,8.53236604241,-0.938169552827
2012-04-08 12:47:38,145,1,8.01607143452,-0.516294607887
2012-04-08 12:47:39,146,1,7.84114584152,-0.174925593006
2012-04-08 12:47:40,147,1,7.87968750818,0.0385416666667
2012-04-08 12:47:41,148,1,8.02715774405,0.147470235863
2012-04-08 12:47:42,149,1,8.23482139955,0.207663655506
2012-04-08 12:47:43,150,1,8.51941952381,0.284598124256
2012-04-08 12:47:44,151,1,8.95944915476,0.440029630952
2012-04-08 12:47:45,152,1,9.64560973661,0.686160581845
2012-04-08 12:47:46,153,1,10.5390620238,0.893452287202
2012-04-08 12:47:47,154,1,11.3610113996,0.821949375744
2012-04-08 12:47:48,155,1,11.7401036935,0.379092293899
2012-04-08 12:47:49,156,1,11.5125739866,-0.227529706845
2012-04-08 12:47:50,157,1,10.8064728408,-0.706101145833
2012-04-08 12:47:51,158,1,9.86376454911,-0.942708291667
2012-04-08 12:47:52,159,1,8.8713538869,-0.992410662202
2012-04-08 12:47:53,160,1,7.95543130283,-0.915922584077
2012-04-08 12:47:54,161,1,7.29337770536,-0.66205359747
2012-04-08 12:47:55,162,1,7.1422615372,-0.151116168155
2012-04-08 12:47:56,163,1,7.63251437798,0.490252840774
2012-04-08 12:47:57,164,1,8.56562436905,0.933109991071
2012-04-08 12:47:58,165,1,9.53422547098,0.968601101935
2012-04-08 12:47:59,166,1,10.2175587597,0.68333328869
2012-04-08 12:48:00,167,1,10.5098950625,0.292336302827
2012-04-08 12:48:01,168,1,10.4546867783,-0.0552082842262
2012-04-08 12:48:02,169,1,10.157663096,-0.297023682292
2012-04-08 12:48:03,170,1,9.73415137054,-0.423511725446
2012-04-08 12:48:04,171,1,9.26108607068,-0.473065299851
2012-04-08 12:48:05,172,1,8.7517856064,-0.509300464286
2012-04-08 12:48:06,173,1,8.15453862723,-0.597246979167
2012-04-08 12:48:07,174,1,7.34166654762,-0.812872079613
2012-04-08 12:48:08,175,1,6.13749978795,-1.20416675967
2012-04-08 12:48:09,176,1,4.47924082292,-1.65825896503
2012-04-08 12:48:10,177,1,2.68690456548,-1.79233625744
2012-04-08 12:48:11,178,1,0.0,-2.68690456548
2012-04-08 13:18:12,1979,1801,0.0,0.0
2012-04-08 13:18:13,1980,1,4.59557291704,4.59557291704
2012-04-08 13:18:14,1981,1,8.52514881845,3.92957590141
2012-04-08 13:18:15,1982,1,12.9255952262,4.40044640774
2012-04-08 13:18:16,1983,1,16.9408481228,4.01525289658
2012-04-08 13:18:17,1984,1,20.0213167347,3.08046861198
2012-04-08 13:18:18,1985,1,21.9563240253,1.93500729055
2012-04-08 13:18:19,1986,1,22.9153640971,0.959040071801
2012-04-08 13:18:20,1987,1,23.3264131548,0.411049057664
2012-04-08 13:18:21,1988,1,23.595014317,0.268601162202
2012-04-08 13:18:22,1989,1,23.9280500015,0.333035684524
2012-04-08 13:18:23,1990,1,24.3292776782,0.401227676711
2012-04-08 13:18:24,1991,1,24.6886899308,0.359412252604
2012-04-08 13:18:25,1992,1,24.9130947812,0.224404850446
2012-04-08 13:18:26,1993,1,24.9837049933,0.0706102120536
2012-04-08 13:18:27,1994,1,24.8960562247,-0.0876487686012
2012-04-08 13:18:28,1995,1,24.5880204628,-0.308035761905
2012-04-08 13:18:29,1996,1,23.934448942,-0.653571520833
2012-04-08 13:18:30,1997,1,22.7868298415,-1.14761910045
2012-04-08 13:18:31,1998,1,21.0078255579,-1.77900428362
2012-04-08 13:18:32,1999,1,18.4974090348,-2.51041652307
2012-04-08 13:18:33,2000,1,15.2745330969,-3.22287593791
2012-04-08 13:18:34,2001,1,11.6192638899,-3.65526920698
2012-04-08 13:18:35,2002,1,8.09745635207,-3.52180753788
2012-04-08 13:18:36,2003,1,5.32423503741,-2.77322131466
2012-04-08 13:18:37,2004,1,3.6251209028,-1.6991141346
2012-04-08 13:18:38,2005,1,2.88114079796,-0.743980104843
2012-04-08 13:18:39,2006,1,2.67746787263,-0.203672925325
2012-04-08 13:18:40,2007,1,2.62332150264,-0.0541463699946
2012-04-08 13:18:41,2008,1,2.54845679072,-0.0748647119183
2012-04-08 13:18:42,2009,1,2.43829716017,-0.110159630547
2012-04-08 13:18:43,2010,1,2.29029255912,-0.148004601055
2012-04-08 13:18:44,2011,1,2.12491105892,-0.165381500203
2012-04-08 13:18:45,2012,1,2.14259233151,0.017681272592
2012-04-08 13:18:46,2013,1,2.76021953321,0.617627201705
2012-04-08 13:18:47,2014,1,4.35693909131,1.5967195581
2012-04-08 13:18:48,2015,1,6.95760219555,2.60066310423
2012-04-08 13:18:49,2016,1,10.1715837514,3.21398155587
2012-04-08 13:18:50,2017,1,13.4355854641,3.26400171266
2012-04-08 13:18:51,2018,1,16.3644949972,2.92890953308
2012-04-08 13:18:52,2019,1,18.8944799309,2.52998493378
2012-04-08 13:18:53,2020,1,21.1134665722,2.21898664123
2012-04-08 13:18:54,2021,1,23.0616809122,1.94821434003
2012-04-08 13:18:55,2022,1,24.7284965216,1.66681560937
2012-04-08 13:18:56,2023,1,26.1271573266,1.39866080506
2012-04-08 13:18:57,2024,1,27.2913686429,1.16421131622
2012-04-08 13:18:58,2025,1,28.2293150513,0.937946408482
2012-04-08 13:18:59,2026,1,28.9252972061,0.695982154762
2012-04-08 13:19:00,2027,1,29.3851930789,0.459895872768
2012-04-08 13:19:01,2028,1,29.6658478787,0.280654799851
2012-04-08 13:19:02,2029,1,29.8569937277,0.191145848958
2012-04-08 13:19:03,2030,1,30.0346722835,0.177678555803
2012-04-08 13:19:04,2031,1,30.2333329583,0.198660674851
2012-04-08 13:19:05,2032,1,30.4508924375,0.217559479167
2012-04-08 13:19:06,2033,1,30.6540918311,0.203199393601
2012-04-08 13:19:07,2034,1,30.7764877195,0.122395888393
2012-04-08 13:19:08,2035,1,30.7424104234,-0.0340772961309
2012-04-08 13:19:09,2036,1,30.5174848735,-0.224925549851
2012-04-08 13:19:10,2037,1,30.1205354658,-0.396949407738
2012-04-08 13:19:11,2038,1,29.5473955856,-0.573139880208
2012-04-08 13:19:12,2039,1,28.6758182493,-0.871577336309
2012-04-08 13:19:13,2040,1,27.2711307976,-1.40468745164
2012-04-08 13:19:14,2041,1,25.0956099241,-2.17552087351
2012-04-08 13:19:15,2042,1,22.0457585938,-3.04985133036
2012-04-08 13:19:16,2043,1,18.2911453631,-3.75461323065
2012-04-08 13:19:17,2044,1,14.3500738958,-3.94107146726
2012-04-08 13:19:18,2045,1,10.9662197783,-3.38385411756
2012-04-08 13:19:19,2046,1,8.80505911086,-2.16116066741
2012-04-08 13:19:20,2047,1,8.17031204613,-0.634747064732
2012-04-08 13:19:21,2048,1,8.90595182515,0.735639779018
2012-04-08 13:19:22,2049,1,10.5476184494,1.64166662426
2012-04-08 13:19:23,2050,1,12.6209072277,2.07328877827
2012-04-08 13:19:24,2051,1,14.8168895439,2.19598231622
2012-04-08 13:19:25,2052,1,16.9444938594,2.12760431548
2012-04-08 13:19:26,2053,1,18.8300593757,1.88556551637
2012-04-08 13:19:27,2054,1,20.2796872946,1.4496279189
2012-04-08 13:19:28,2055,1,21.101413401,0.821726106399
2012-04-08 13:19:29,2056,1,21.195460965,0.0940475639881
2012-04-08 13:19:30,2057,1,20.6601931064,-0.535267858631
2012-04-08 13:19:31,2058,1,19.8033479167,-0.856845189732
2012-04-08 13:19:32,2059,1,19.0299849025,-0.773363014137
2012-04-08 13:19:33,2060,1,18.6727677388,-0.35721716369
2012-04-08 13:19:34,2061,1,18.8662946101,0.19352687128
2012-04-08 13:19:35,2062,1,19.547247035,0.680952424851
2012-04-08 13:19:36,2063,1,20.5556547731,1.0084077381
2012-04-08 13:19:37,2064,1,21.7320684196,1.17641364658
2012-04-08 13:19:38,2065,1,22.9617558341,1.22968741443
2012-04-08 13:19:39,2066,1,24.1832587121,1.22150287798
2012-04-08 13:19:40,2067,1,25.3646574405,1.18139872842
2012-04-08 13:19:41,2068,1,26.4549847746,1.09032733408
2012-04-08 13:19:42,2069,1,27.3573657321,0.902380957589
2012-04-08 13:19:43,2070,1,27.9600443497,0.60267861756
2012-04-08 13:19:44,2071,1,28.1999997478,0.239955398066
2012-04-08 13:19:45,2072,1,28.0930057091,-0.106994038691
2012-04-08 13:19:46,2073,1,27.6986604606,-0.394345248512
2012-04-08 13:19:47,2074,1,27.0624997493,-0.63616071131
2012-04-08 13:19:48,2075,1,26.1860116964,-0.876488052827
2012-04-08 13:19:49,2076,1,25.0244790141,-1.16153268229
2012-04-08 13:19:50,2077,1,23.5075147247,-1.51696428943
2012-04-08 13:19:51,2078,1,21.6028271302,-1.90468759449
2012-04-08 13:19:52,2079,1,19.4177079613,-2.1851191689
2012-04-08 13:19:53,2080,1,17.2740323088,-2.14367565253
2012-04-08 13:19:54,2081,1,15.6584073214,-1.61562498735
2012-04-08 13:19:55,2082,1,15.0122019717,-0.646205349702
2012-04-08 13:19:56,2083,1,15.4818447842,0.4696428125
2012-04-08 13:19:57,2084,1,16.8127970826,1.33095229836
2012-04-08 13:19:58,2085,1,18.4610112731,1.64821419048
2012-04-08 13:19:59,2086,1,19.8398058333,1.37879456027
2012-04-08 13:20:00,2087,1,20.5351926912,0.695386857887
2012-04-08 13:20:01,2088,1,20.3770081659,-0.158184525298
2012-04-08 13:20:02,2089,1,19.3831838132,-0.993824352679
2012-04-08 13:20:03,2090,1,17.6534219933,-1.72976181994
2012-04-08 13:20:04,2091,1,15.292707756,-2.36071423735
2012-04-08 13:20:05,2092,1,12.4421125037,-2.85059525223
2012-04-08 13:20:06,2093,1,9.39010357143,-3.05200893229
2012-04-08 13:20:07,2094,1,6.58638341815,-2.80372015327
2012-04-08 13:20:08,2095,1,4.46212763616,-2.12425578199
2012-04-08 13:20:09,2096,1,3.20907722693,-1.25305040923
2012-04-08 13:20:10,2097,1,2.70037199405,-0.508705232887
2012-04-08 13:20:11,2098,1,2.59843751116,-0.101934482887
2012-04-08 13:20:12,2099,1,2.61071429539,0.0122767842262
2012-04-08 13:20:13,2100,1,2.72083334152,0.110119046131
2012-04-08 13:20:14,2101,1,3.15691964881,0.436086307292
2012-04-08 13:20:15,2102,1,4.1145833058,0.957663656994
2012-04-08 13:20:16,2103,1,5.51852667336,1.40394336756
2012-04-08 13:20:17,2104,1,7.00989558929,1.49136891592
2012-04-08 13:20:18,2105,1,8.12113054092,1.11123495164
2012-04-08 13:20:19,2106,1,8.50907678274,0.387946241815
2012-04-08 13:20:20,2107,1,8.09367482664,-0.415401956101
2012-04-08 13:20:21,2108,1,7.03072830357,-1.06294652307
2012-04-08 13:20:22,2109,1,5.62023727753,-1.41049102604
2012-04-08 13:20:23,2110,1,4.24449341518,-1.37574386235
2012-04-08 13:20:24,2111,1,3.26264839807,-0.981845017113
2012-04-08 13:20:25,2112,1,2.8040919881,-0.45855640997
2012-04-08 13:20:26,2113,1,2.62633904836,-0.177752939732
2012-04-08 13:20:27,2114,1,2.28623489286,-0.340104155506
2012-04-08 13:20:28,2115,1,1.61145815439,-0.674776738467
2012-04-08 13:20:29,2116,1,0.0,-1.61145815439
