timestamp,cycle_sec,timestep,speed_mph,accel_meters_ps
2012-02-08 07:01:34,0,42395,0.0,0.0
2012-02-08 07:01:35,1,1,2.71383897247,2.71383897247
2012-02-08 07:01:36,2,1,5.09843700595,2.38459803348
2012-02-08 07:01:37,3,1,7.91837732664,2.81994032068
2012-02-08 07:01:38,4,1,10.7908474323,2.87247010565
2012-02-08 07:01:39,5,1,13.5074395781,2.71659214583
2012-02-08 07:01:40,6,1,15.9839276269,2.47648804874
2012-02-08 07:01:41,7,1,18.1572908162,2.17336318936
2012-02-08 07:01:42,8,1,19.8876481778,1.73035736161
2012-02-08 07:01:43,9,1,20.9191216243,1.03147344643
2012-02-08 07:01:44,10,1,20.9297616376,0.0106400133928
2012-02-08 07:01:45,11,1,19.6582586555,-1.27150298214
2012-02-08 07:01:46,12,1,17.083332965,-2.57492569048
2012-02-08 07:01:47,13,1,13.6167406086,-3.4665923564
2012-02-08 07:01:48,14,1,10.1316215179,-3.48511909077
2012-02-08 07:01:49,15,1,7.63742508185,-2.49419643601
2012-02-08 07:01:50,16,1,6.78169592113,-0.855729160714
2012-02-08 07:01:51,17,1,7.58727631473,0.805580393601
2012-02-08 07:01:52,18,1,9.57522283482,1.98794652009
2012-02-08 07:01:53,19,1,12.1113836868,2.53616085193
2012-02-08 07:01:54,20,1,14.6949403698,2.58355668304
2012-02-08 07:01:55,21,1,17.0061755417,2.31123517187
2012-02-08 07:01:56,22,1,18.8278272307,1.82165168899
2012-02-08 07:01:57,23,1,20.0235115298,1.19568429911
2012-02-08 07:01:58,24,1,20.5249993951,0.501487865327
2012-02-08 07:01:59,25,1,20.2639873981,-0.261011997024
2012-02-08 07:02:00,26,1,19.178942849,-1.08504454911
2012-02-08 07:02:01,27,1,17.3854162493,-1.7935265997
2012-02-08 07:02:02,28,1,15.3307288854,-2.05468736384
2012-02-08 07:02:03,29,1,13.6705354702,-1.66019341518
2012-02-08 07:02:04,30,1,12.8876485685,-0.782886901786
2012-02-08 07:02:05,31,1,12.9851932507,0.0975446822916
2012-02-08 07:02:06,32,1,13.5305057991,0.545312548363
2012-02-08 07:02:07,33,1,13.9923361198,0.461830320685
2012-02-08 07:02:08,34,1,14.0621276391,0.0697915193452
2012-02-08 07:02:09,35,1,13.7152524643,-0.346875174851
2012-02-08 07:02:10,36,1,13.0618297522,-0.653422712054
2012-02-08 07:02:11,37,1,12.1910708683,-0.870758883929
2012-02-08 07:02:12,38,1,11.1110114866,-1.0800593817
2012-02-08 07:02:13,39,1,9.78147292783,-1.32953855878
2012-02-08 07:02:14,40,1,8.2049848869,-1.57648804092
2012-02-08 07:02:15,41,1,6.49374975595,-1.71123513095
2012-02-08 07:02:16,42,1,4.84687470833,-1.64687504762
2012-02-08 07:02:17,43,1,3.44717227976,-1.39970242857
2012-02-08 07:02:18,44,1,2.34605620536,-1.1011160744
2012-02-08 07:02:19,45,1,1.46979138095,-0.876264824405
2012-02-08 07:02:20,46,1,0.808407545387,-0.661383835565
2012-02-08 07:02:21,47,1,0.0,-0.808407545387
2012-02-08 07:05:22,228,181,0.0,0.0
2012-02-08 07:05:23,229,1,2.23623494271,2.23623494271
2012-02-08 07:05:24,230,1,3.55572878051,1.3194938378
2012-02-08 07:05:25,231,1,4.52730590253,0.971577122024
2012-02-08 07:05:26,232,1,5.01480571875,0.48749981622
2012-02-08 07:05:27,233,1,5.17336226786,0.158556549107
2012-02-08 07:05:28,234,1,5.16651722173,-0.00684504613095
2012-02-08 07:05:29,235,1,5.04367523065,-0.122841991071
2012-02-08 07:05:30,236,1,4.80111589881,-0.242559331845
2012-02-08 07:05:31,237,1,4.46421113839,-0.336904760417
2012-02-08 07:05:32,238,1,4.10371988021,-0.360491258185
2012-02-08 07:05:33,239,1,3.81220175149,-0.29151812872
2012-02-08 07:05:34,240,1,3.67499914509,-0.137202606399
2012-02-08 07:05:35,241,1,3.74233536682,0.0673362217262
2012-02-08 07:05:36,242,1,4.00371934226,0.261383975446
2012-02-08 07:05:37,243,1,4.37574324926,0.372023906994
2012-02-08 07:05:38,244,1,4.72782667113,0.352083421875
2012-02-08 07:05:39,245,1,4.9511898497,0.223363178571
2012-02-08 07:05:40,246,1,5.01800541071,0.0668155610119
2012-02-08 07:05:41,247,1,4.97648763839,-0.0415177723214
2012-02-08 07:05:42,248,1,4.90282701414,-0.073660624256
2012-02-08 07:05:43,249,1,4.85907709375,-0.0437499203869
2012-02-08 07:05:44,250,1,4.87068427827,0.0116071845238
2012-02-08 07:05:45,251,1,4.92172594866,0.0510416703869
2012-02-08 07:05:46,252,1,4.97738069866,0.05565475
2012-02-08 07:05:47,253,1,5.02961284449,0.0522321458333
2012-02-08 07:05:48,254,1,5.11369026786,0.0840774233631
2012-02-08 07:05:49,255,1,5.25900282515,0.145312557292
2012-02-08 07:05:50,256,1,5.43377961384,0.17477678869
2012-02-08 07:05:51,257,1,5.55617535565,0.122395741815
2012-02-08 07:05:52,258,1,5.5584817381,0.00230638244048
2012-02-08 07:05:53,259,1,5.44419583185,-0.11428590625
2012-02-08 07:05:54,260,1,5.28861530432,-0.15558052753
2012-02-08 07:05:55,261,1,5.18526700074,-0.103348303571
2012-02-08 07:05:56,262,1,5.19918073586,0.0139137351191
2012-02-08 07:05:57,263,1,5.35870469568,0.159523959821
2012-02-08 07:05:58,264,1,5.65141315997,0.292708464286
2012-02-08 07:05:59,265,1,6.01205304687,0.360639886905
2012-02-08 07:06:00,266,1,6.33251425446,0.320461207589
2012-02-08 07:06:01,267,1,6.49493974926,0.162425494792
2012-02-08 07:06:02,268,1,6.40610046726,-0.088839281994
2012-02-08 07:06:03,269,1,6.02857083557,-0.377529631696
2012-02-08 07:06:04,270,1,5.40163649777,-0.626934337798
2012-02-08 07:06:05,271,1,4.63712770089,-0.764508796875
2012-02-08 07:06:06,272,1,3.88749973363,-0.749627967262
2012-02-08 07:06:07,273,1,3.29017820238,-0.59732153125
2012-02-08 07:06:08,274,1,2.90996972693,-0.380208475446
2012-02-08 07:06:09,275,1,2.72842202604,-0.181547700893
2012-02-08 07:06:10,276,1,2.70535658854,-0.0230654375
2012-02-08 07:06:11,277,1,2.86383883185,0.158482243304
2012-02-08 07:06:12,278,1,3.31242518378,0.448586351935
2012-02-08 07:06:13,279,1,4.17611561979,0.863690436012
2012-02-08 07:06:14,280,1,5.50059474033,1.32447912054
2012-02-08 07:06:15,281,1,7.21711259375,1.71651785342
2012-02-08 07:06:16,282,1,9.18459772024,1.96748512649
2012-02-08 07:06:17,283,1,11.2433030387,2.05870531845
2012-02-08 07:06:18,284,1,13.2196422292,1.97633919048
2012-02-08 07:06:19,285,1,14.9040171347,1.68437490551
2012-02-08 07:06:20,286,1,16.0712046049,1.16718747024
2012-02-08 07:06:21,287,1,16.5627225007,0.491517895833
2012-02-08 07:06:22,288,1,16.3671868363,-0.195535664435
2012-02-08 07:06:23,289,1,15.6283475521,-0.738839284226
2012-02-08 07:06:24,290,1,14.576933817,-1.05141373512
2012-02-08 07:06:25,291,1,13.4328861555,-1.14404766146
2012-02-08 07:06:26,292,1,12.338466497,-1.09441965848
2012-02-08 07:06:27,293,1,11.3691212679,-0.969345229167
2012-02-08 07:06:28,294,1,10.6052820268,-0.763839241071
2012-02-08 07:06:29,295,1,10.175148183,-0.43013384375
2012-02-08 07:06:30,296,1,10.2049845818,0.0298363988095
2012-02-08 07:06:31,297,1,10.7226185603,0.517633978423
2012-02-08 07:06:32,298,1,11.6014876012,0.878869040923
2012-02-08 07:06:33,299,1,12.5888387388,0.987351137649
2012-02-08 07:06:34,300,1,13.4086303624,0.819791623512
2012-02-08 07:06:35,301,1,13.8688982567,0.460267894345
2012-02-08 07:06:36,302,1,13.8968745499,0.0279762931548
2012-02-08 07:06:37,303,1,13.5053567701,-0.391517779762
2012-02-08 07:06:38,304,1,12.7270085595,-0.778348210566
2012-02-08 07:06:39,305,1,11.5499995923,-1.17700896726
2012-02-08 07:06:40,306,1,9.94806504613,-1.60193454613
2012-02-08 07:06:41,307,1,8.05104125744,-1.89702378869
2012-02-08 07:06:42,308,1,6.27135379092,-1.77968746652
2012-02-08 07:06:43,309,1,5.15587759896,-1.11547619196
2012-02-08 07:06:44,310,1,5.0505204189,-0.10535718006
2012-02-08 07:06:45,311,1,5.89970195164,0.849181532738
2012-02-08 07:06:46,312,1,7.33630914955,1.43660719792
2012-02-08 07:06:47,313,1,8.9415175744,1.60520842485
2012-02-08 07:06:48,314,1,10.4504461942,1.50892861979
2012-02-08 07:06:49,315,1,11.7661455521,1.31569935789
2012-02-08 07:06:50,316,1,12.8637644643,1.0976189122
2012-02-08 07:06:51,317,1,13.7553565826,0.891592118304
2012-02-08 07:06:52,318,1,14.5063982031,0.751041620536
2012-02-08 07:06:53,319,1,15.1851929338,0.678794730655
2012-02-08 07:06:54,320,1,15.7723210885,0.587128154762
2012-02-08 07:06:55,321,1,16.1636159241,0.391294835565
2012-02-08 07:06:56,322,1,16.2784225938,0.114806669643
2012-02-08 07:06:57,323,1,16.1447172374,-0.133705356399
2012-02-08 07:06:58,324,1,15.8736605975,-0.271056639881
2012-02-08 07:06:59,325,1,15.5526039487,-0.32105664881
2012-02-08 07:07:00,326,1,15.1380949844,-0.414508964286
2012-02-08 07:07:01,327,1,14.4406247902,-0.697470194196
2012-02-08 07:07:02,328,1,13.2401784152,-1.200446375
2012-02-08 07:07:03,329,1,11.4571426622,-1.78303575298
2012-02-08 07:07:04,330,1,9.26101156994,-2.19613109226
2012-02-08 07:07:05,331,1,7.04746976637,-2.21354180357
2012-02-08 07:07:06,332,1,5.28831793527,-1.7591518311
2012-02-08 07:07:07,333,1,4.34218702902,-0.94613090625
2012-02-08 07:07:08,334,1,4.33400259598,-0.00818443303572
2012-02-08 07:07:09,335,1,5.15327352307,0.819270927083
2012-02-08 07:07:10,336,1,6.54866051042,1.39538698735
2012-02-08 07:07:11,337,1,8.2386159256,1.68995541518
2012-02-08 07:07:12,338,1,9.97745520387,1.73883927827
2012-02-08 07:07:13,339,1,11.5831842798,1.60572907589
2012-02-08 07:07:14,340,1,12.9405502262,1.35736594643
2012-02-08 07:07:15,341,1,13.9817703631,1.0412201369
2012-02-08 07:07:16,342,1,14.6642851749,0.682514811756
2012-02-08 07:07:17,343,1,14.9645083371,0.300223162202
2012-02-08 07:07:18,344,1,14.8843743653,-0.0801339717262
2012-02-08 07:07:19,345,1,14.4505945655,-0.433779799851
2012-02-08 07:07:20,346,1,13.7014874092,-0.74910715625
2012-02-08 07:07:21,347,1,12.6837047202,-1.01778268899
2012-02-08 07:07:22,348,1,11.460118535,-1.22358618527
2012-02-08 07:07:23,349,1,10.1006693095,-1.35944922545
2012-02-08 07:07:24,350,1,8.66138378274,-1.43928552679
2012-02-08 07:07:25,351,1,7.18720235565,-1.47418142708
2012-02-08 07:07:26,352,1,5.75215771503,-1.43504464062
2012-02-08 07:07:27,353,1,4.50662191369,-1.24553580134
2012-02-08 07:07:28,354,1,3.64322895312,-0.863392960565
2012-02-08 07:07:29,355,1,3.24709792336,-0.396131029762
2012-02-08 07:07:30,356,1,3.1804312061,-0.0666667172619
2012-02-08 07:07:31,357,1,3.14456807068,-0.0358631354167
2012-02-08 07:07:32,358,1,2.85483588988,-0.289732180804
2012-02-08 07:07:33,359,1,2.20409184449,-0.650744045387
2012-02-08 07:07:34,360,1,1.34412170015,-0.859970144345
2012-02-08 07:07:35,361,1,0.0,-1.34412170015
2012-02-08 07:07:36,362,1,0.0,0.0
2012-02-08 07:07:37,363,1,0.0,0.0
2012-02-08 07:07:38,364,1,0.0,0.0
2012-02-08 07:07:39,365,1,0.0,0.0
2012-02-08 07:07:40,366,1,0.0,0.0
