timestamp,cycle_sec,timestep,speed_mph,accel_meters_ps
2013-01-26 10:14:56,0,56552,0.0,0.0
2013-01-26 10:14:57,1,1,1.21584821429,1.21584821429
2013-01-26 10:14:58,2,1,1.77332589286,0.557477678571
2013-01-26 10:14:59,3,1,2.10386904762,0.330543154762
2013-01-26 10:15:00,4,1,2.27410714286,0.170238095238
2013-01-26 10:15:01,5,1,2.625,0.350892857143
2013-01-26 10:15:02,6,1,3.39051339286,0.765513392857
2013-01-26 10:15:03,7,1,4.60200892857,1.21149553571
2013-01-26 10:15:04,8,1,6.12898065476,1.52697172619
2013-01-26 10:15:05,9,1,7.67351190476,1.54453125
2013-01-26 10:15:06,10,1,8.88366815476,1.21015625
2013-01-26 10:15:07,11,1,9.5447172619,0.661049107143
2013-01-26 10:15:08,12,1,9.62738095238,0.0826636904762
2013-01-26 10:15:09,13,1,9.24441964286,-0.382961309524
2013-01-26 10:15:10,14,1,8.56116071429,-0.683258928571
2013-01-26 10:15:11,15,1,7.65952380952,-0.901636904762
2013-01-26 10:15:12,16,1,6.5650297619,-1.09449404762
2013-01-26 10:15:13,17,1,5.44203869048,-1.12299107143
2013-01-26 10:15:14,18,1,4.63080357143,-0.811235119048
2013-01-26 10:15:15,19,1,4.45632440476,-0.174479166667
2013-01-26 10:15:16,20,1,5.05186011905,0.595535714286
2013-01-26 10:15:17,21,1,6.32901785714,1.2771577381
2013-01-26 10:15:18,22,1,8.0865327381,1.75751488095
2013-01-26 10:15:19,23,1,10.1935267857,2.10699404762
2013-01-26 10:15:20,24,1,12.6677827381,2.47425595238
2013-01-26 10:15:21,25,1,15.5555803571,2.88779761905
2013-01-26 10:15:22,26,1,18.7843005952,3.2287202381
2013-01-26 10:15:23,27,1,22.1549107143,3.37061011905
2013-01-26 10:15:24,28,1,25.4330357143,3.278125
2013-01-26 10:15:25,29,1,28.4331845238,3.00014880952
2013-01-26 10:15:26,30,1,31.0395089286,2.60632440476
2013-01-26 10:15:27,31,1,33.1602678571,2.12075892857
2013-01-26 10:15:28,32,1,34.6777529762,1.51748511905
2013-01-26 10:15:29,33,1,35.4635416667,0.785788690476
2013-01-26 10:15:30,34,1,35.4449404762,-0.0186011904762
2013-01-26 10:15:31,35,1,34.6405505952,-0.804389880952
2013-01-26 10:15:32,36,1,33.124702381,-1.51584821429
2013-01-26 10:15:33,37,1,30.986235119,-2.1384672619
2013-01-26 10:15:34,38,1,28.3761160714,-2.61011904762
2013-01-26 10:15:35,39,1,25.6127232143,-2.76339285714
2013-01-26 10:15:36,40,1,23.1901785714,-2.42254464286
2013-01-26 10:15:37,41,1,21.6109375,-1.57924107143
2013-01-26 10:15:38,42,1,21.1446428571,-0.466294642857
2013-01-26 10:15:39,43,1,21.7023065476,0.557663690476
2013-01-26 10:15:40,44,1,22.9354910714,1.23318452381
2013-01-26 10:15:41,45,1,24.4691964286,1.53370535714
2013-01-26 10:15:42,46,1,26.0697172619,1.60052083333
2013-01-26 10:15:43,47,1,27.6601934524,1.59047619048
2013-01-26 10:15:44,48,1,29.2344494048,1.57425595238
2013-01-26 10:15:45,49,1,30.7424107143,1.50796130952
2013-01-26 10:15:46,50,1,32.0264880952,1.28407738095
2013-01-26 10:15:47,51,1,32.8730654762,0.846577380952
2013-01-26 10:15:48,52,1,33.1148065476,0.241741071429
2013-01-26 10:15:49,53,1,32.6555803571,-0.459226190476
2013-01-26 10:15:50,54,1,31.4182291667,-1.23735119048
2013-01-26 10:15:51,55,1,29.3144345238,-2.10379464286
2013-01-26 10:15:52,56,1,26.3067708333,-3.00766369048
2013-01-26 10:15:53,57,1,22.5479910714,-3.7587797619
2013-01-26 10:15:54,58,1,18.4567708333,-4.0912202381
2013-01-26 10:15:55,59,1,14.5921130952,-3.8646577381
2013-01-26 10:15:56,60,1,11.4002232143,-3.19188988095
2013-01-26 10:15:57,61,1,9.02988365801,-2.37033955628
2013-01-26 10:15:58,62,1,7.31864853896,-1.71123511905
2013-01-26 10:15:59,63,1,5.95234713203,-1.36630140693
2013-01-26 10:16:00,64,1,4.70827245671,-1.24407467532
2013-01-26 10:16:01,65,1,3.58544372294,-1.12282873377
2013-01-26 10:16:02,66,1,2.72109713203,-0.864346590909
2013-01-26 10:16:03,67,1,2.21545589827,-0.505641233766
2013-01-26 10:16:04,68,1,2.0301271645,-0.185328733766
2013-01-26 10:16:05,69,1,2.02244318182,-0.00768398268398
2013-01-26 10:16:06,70,1,2.06005140693,0.0376082251082
2013-01-26 10:16:07,71,1,2.08909632035,0.0290449134199
2013-01-26 10:16:08,72,1,2.10852272727,0.0194264069264
2013-01-26 10:16:09,73,1,2.12477002165,0.0162472943723
2013-01-26 10:16:10,74,1,2.14386634199,0.0190963203463
2013-01-26 10:16:11,75,1,2.17655438312,0.0326880411255
2013-01-26 10:16:12,76,1,2.22598755411,0.0494331709957
2013-01-26 10:16:13,77,1,2.27908143939,0.0530938852814
2013-01-26 10:16:14,78,1,2.32288961039,0.0438081709957
2013-01-26 10:16:15,79,1,2.36108766234,0.0381980519481
2013-01-26 10:16:16,80,1,2.41125405844,0.0501663961039
2013-01-26 10:16:17,81,1,2.48734848485,0.0760944264069
2013-01-26 10:16:18,82,1,2.5826461039,0.0952976190476
2013-01-26 10:16:19,83,1,2.70135416667,0.118708062771
2013-01-26 10:16:20,84,1,2.94083333333,0.239479166667
2013-01-26 10:16:21,85,1,3.51480654762,0.573973214286
2013-01-26 10:16:22,86,1,4.65220238095,1.13739583333
2013-01-26 10:16:23,87,1,6.46279761905,1.8105952381
2013-01-26 10:16:24,88,1,8.8840922619,2.42129464286
2013-01-26 10:16:25,89,1,11.7322767857,2.84818452381
2013-01-26 10:16:26,90,1,14.8067708333,3.07449404762
2013-01-26 10:16:27,91,1,17.9517113095,3.14494047619
2013-01-26 10:16:28,92,1,21.034672619,3.08296130952
2013-01-26 10:16:29,93,1,23.9291666667,2.89449404762
2013-01-26 10:16:30,94,1,26.5384672619,2.60930059524
2013-01-26 10:16:31,95,1,28.7933779762,2.25491071429
2013-01-26 10:16:32,96,1,30.6339285714,1.84055059524
2013-01-26 10:16:33,97,1,32.012797619,1.37886904762
2013-01-26 10:16:34,98,1,32.8779761905,0.865178571429
2013-01-26 10:16:35,99,1,33.1299107143,0.25193452381
2013-01-26 10:16:36,100,1,32.5921875,-0.537723214286
2013-01-26 10:16:37,101,1,31.0311011905,-1.56108630952
2013-01-26 10:16:38,102,1,28.2800595238,-2.75104166667
2013-01-26 10:16:39,103,1,24.4223214286,-3.85773809524
2013-01-26 10:16:40,104,1,19.8911458333,-4.53117559524
2013-01-26 10:16:41,105,1,15.4297619048,-4.46138392857
2013-01-26 10:16:42,106,1,11.8871279762,-3.54263392857
2013-01-26 10:16:43,107,1,9.87581845238,-2.01130952381
2013-01-26 10:16:44,108,1,9.49888392857,-0.37693452381
2013-01-26 10:16:45,109,1,10.330952381,0.832068452381
2013-01-26 10:16:46,110,1,11.6402529762,1.30930059524
2013-01-26 10:16:47,111,1,12.7330357143,1.0927827381
2013-01-26 10:16:48,112,1,13.2305803571,0.497544642857
2013-01-26 10:16:49,113,1,13.1209821429,-0.109598214286
2013-01-26 10:16:50,114,1,12.6129464286,-0.508035714286
2013-01-26 10:16:51,115,1,11.9302827381,-0.682663690476
2013-01-26 10:16:52,116,1,11.1854166667,-0.744866071428
2013-01-26 10:16:53,117,1,10.3900297619,-0.795386904762
2013-01-26 10:16:54,118,1,9.54017857143,-0.849851190476
2013-01-26 10:16:55,119,1,8.68675595238,-0.853422619048
2013-01-26 10:16:56,120,1,7.91688988095,-0.769866071429
2013-01-26 10:16:57,121,1,7.26160714286,-0.655282738095
2013-01-26 10:16:58,122,1,6.68519345238,-0.576413690476
2013-01-26 10:16:59,123,1,6.18757440476,-0.497619047619
2013-01-26 10:17:00,124,1,5.85543154762,-0.332142857143
2013-01-26 10:17:01,125,1,5.7630952381,-0.0923363095238
2013-01-26 10:17:02,126,1,5.77864583333,0.0155505952381
2013-01-26 10:17:03,127,1,5.49248511905,-0.286160714286
2013-01-26 10:17:04,128,1,4.50267857143,-0.989806547619
2013-01-26 10:17:05,129,1,2.93385416667,-1.56882440476
2013-01-26 10:17:06,130,1,0.0,-2.93385416667
2013-01-26 10:22:31,455,325,0.0,0.0
2013-01-26 10:22:32,456,1,2.40669642857,2.40669642857
2013-01-26 10:22:33,457,1,4.00029761905,1.59360119048
2013-01-26 10:22:34,458,1,5.57924107143,1.57894345238
2013-01-26 10:22:35,459,1,6.99196428571,1.41272321429
2013-01-26 10:22:36,460,1,8.3040922619,1.31212797619
2013-01-26 10:22:37,461,1,9.49114583333,1.18705357143
2013-01-26 10:22:38,462,1,10.4171875,0.926041666667
2013-01-26 10:22:39,463,1,10.9703125,0.553125
2013-01-26 10:22:40,464,1,11.115625,0.1453125
2013-01-26 10:22:41,465,1,10.8399553571,-0.275669642857
2013-01-26 10:22:42,466,1,10.1128720238,-0.727083333333
2013-01-26 10:22:43,467,1,8.94367559524,-1.16919642857
2013-01-26 10:22:44,468,1,7.50558035714,-1.4380952381
2013-01-26 10:22:45,469,1,6.19226190476,-1.31331845238
2013-01-26 10:22:46,470,1,5.46614583333,-0.726116071429
2013-01-26 10:22:47,471,1,5.58921130952,0.12306547619
2013-01-26 10:22:48,472,1,6.50952380952,0.9203125
2013-01-26 10:22:49,473,1,7.98333333333,1.47380952381
2013-01-26 10:22:50,474,1,9.78095238095,1.79761904762
2013-01-26 10:22:51,475,1,11.8145833333,2.03363095238
2013-01-26 10:22:52,476,1,14.0844494048,2.26986607143
2013-01-26 10:22:53,477,1,16.5244791667,2.4400297619
2013-01-26 10:22:54,478,1,18.9712053571,2.44672619048
2013-01-26 10:22:55,479,1,21.2621279762,2.29092261905
2013-01-26 10:22:56,480,1,23.2933035714,2.03117559524
2013-01-26 10:22:57,481,1,25.0159970238,1.72269345238
2013-01-26 10:22:58,482,1,26.4212797619,1.4052827381
2013-01-26 10:22:59,483,1,27.4980654762,1.07678571429
2013-01-26 10:23:00,484,1,28.1955357143,0.697470238095
2013-01-26 10:23:01,485,1,28.4401041667,0.244568452381
2013-01-26 10:23:02,486,1,28.1848958333,-0.255208333333
2013-01-26 10:23:03,487,1,27.4441220238,-0.740773809524
2013-01-26 10:23:04,488,1,26.2786458333,-1.16547619048
2013-01-26 10:23:05,489,1,24.7276041667,-1.55104166667
2013-01-26 10:23:06,490,1,22.7563244048,-1.9712797619
2013-01-26 10:23:07,491,1,20.3241815476,-2.43214285714
2013-01-26 10:23:08,492,1,17.5335565476,-2.790625
2013-01-26 10:23:09,493,1,14.6805803571,-2.85297619048
2013-01-26 10:23:10,494,1,12.1525297619,-2.52805059524
2013-01-26 10:23:11,495,1,10.2758184524,-1.87671130952
2013-01-26 10:23:12,496,1,9.19188988095,-1.08392857143
2013-01-26 10:23:13,497,1,8.81279761905,-0.379092261905
2013-01-26 10:23:14,498,1,8.88482142857,0.0720238095238
2013-01-26 10:23:15,499,1,9.10811011905,0.223288690476
2013-01-26 10:23:16,500,1,9.26019345238,0.152083333333
2013-01-26 10:23:17,501,1,9.27700892857,0.0168154761905
2013-01-26 10:23:18,502,1,9.20944940476,-0.0675595238095
2013-01-26 10:23:19,503,1,9.08489583333,-0.124553571429
2013-01-26 10:23:20,504,1,8.83660714286,-0.248288690476
2013-01-26 10:23:21,505,1,8.34724702381,-0.489360119048
2013-01-26 10:23:22,506,1,7.5009672619,-0.846279761905
2013-01-26 10:23:23,507,1,6.21078869048,-1.29017857143
2013-01-26 10:23:24,508,1,4.50052083333,-1.71026785714
2013-01-26 10:23:25,509,1,2.67875744048,-1.82176339286
2013-01-26 10:23:26,510,1,0.0,-2.67875744048
2013-01-26 11:19:58,3902,3392,0.0,0.0
2013-01-26 11:19:59,3903,1,1.96145833333,1.96145833333
2013-01-26 11:20:00,3904,1,2.99419642857,1.03273809524
2013-01-26 11:20:01,3905,1,3.62061011905,0.626413690476
2013-01-26 11:20:02,3906,1,3.7134672619,0.0928571428571
2013-01-26 11:20:03,3907,1,3.63179563492,-0.0816716269841
2013-01-26 11:20:04,3908,1,3.87925347222,0.247457837302
2013-01-26 11:20:05,3909,1,4.76741071429,0.888157242063
2013-01-26 11:20:06,3910,1,6.28415178571,1.51674107143
2013-01-26 11:20:07,3911,1,8.1431547619,1.85900297619
2013-01-26 11:20:08,3912,1,9.90520833333,1.76205357143
2013-01-26 11:20:09,3913,1,11.1458581349,1.24064980159
2013-01-26 11:20:10,3914,1,11.6103918651,0.464533730159
2013-01-26 11:20:11,3915,1,11.2590029762,-0.351388888889
2013-01-26 11:20:12,3916,1,10.2158482143,-1.0431547619
2013-01-26 11:20:13,3917,1,8.74300595238,-1.4728422619
2013-01-26 11:20:14,3918,1,7.25119047619,-1.49181547619
2013-01-26 11:20:15,3919,1,6.21421130952,-1.03697916667
2013-01-26 11:20:16,3920,1,6.0087797619,-0.205431547619
2013-01-26 11:20:17,3921,1,6.82574404762,0.816964285714
2013-01-26 11:20:18,3922,1,8.65305059524,1.82730654762
2013-01-26 11:20:19,3923,1,11.3181547619,2.66510416667
2013-01-26 11:20:20,3924,1,14.6020833333,3.28392857143
2013-01-26 11:20:21,3925,1,18.3025297619,3.70044642857
2013-01-26 11:20:22,3926,1,22.1989583333,3.89642857143
2013-01-26 11:20:23,3927,1,26.0360863095,3.83712797619
2013-01-26 11:20:24,3928,1,29.5604166667,3.52433035714
2013-01-26 11:20:25,3929,1,32.5709821429,3.01056547619
2013-01-26 11:20:26,3930,1,34.9758184524,2.40483630952
2013-01-26 11:20:27,3931,1,36.8079613095,1.83214285714
2013-01-26 11:20:28,3932,1,38.1363839286,1.32842261905
2013-01-26 11:20:29,3933,1,38.9130952381,0.776711309524
2013-01-26 11:20:30,3934,1,38.9175595238,0.0044642857143
2013-01-26 11:20:31,3935,1,37.9128720238,-1.0046875
2013-01-26 11:20:32,3936,1,35.8866071429,-2.02626488095
2013-01-26 11:20:33,3937,1,33.1191220238,-2.76748511905
2013-01-26 11:20:34,3938,1,30.0348214286,-3.08430059524
2013-01-26 11:20:35,3939,1,26.9892857143,-3.04553571429
2013-01-26 11:20:36,3940,1,24.0836309524,-2.9056547619
2013-01-26 11:20:37,3941,1,21.0999255952,-2.98370535714
2013-01-26 11:20:38,3942,1,17.7140625,-3.38586309524
2013-01-26 11:20:39,3943,1,13.933110119,-3.78095238095
2013-01-26 11:20:40,3944,1,10.3624255952,-3.57068452381
2013-01-26 11:20:41,3945,1,7.92730654762,-2.43511904762
2013-01-26 11:20:42,3946,1,7.19419642857,-0.733110119048
2013-01-26 11:20:43,3947,1,7.89099702381,0.696800595238
2013-01-26 11:20:44,3948,1,9.0540922619,1.1630952381
2013-01-26 11:20:45,3949,1,9.64813988095,0.594047619048
2013-01-26 11:20:46,3950,1,9.11443452381,-0.533705357143
2013-01-26 11:20:47,3951,1,7.47633928571,-1.6380952381
2013-01-26 11:20:48,3952,1,5.16175595238,-2.31458333333
2013-01-26 11:20:49,3953,1,2.89992559524,-2.26183035714
2013-01-26 11:20:50,3954,1,0.0,-2.89992559524
2013-01-26 11:22:10,4034,80,0.0,0.0
2013-01-26 11:22:11,4035,1,4.24702380952,4.24702380952
2013-01-26 11:22:12,4036,1,6.8115327381,2.56450892857
2013-01-26 11:22:13,4037,1,8.61324404762,1.80171130952
2013-01-26 11:22:14,4038,1,9.12135416667,0.508110119048
2013-01-26 11:22:15,4039,1,8.62976190476,-0.491592261905
2013-01-26 11:22:16,4040,1,7.8775297619,-0.752232142857
2013-01-26 11:22:17,4041,1,7.51547619048,-0.362053571429
2013-01-26 11:22:18,4042,1,7.7630952381,0.247619047619
2013-01-26 11:22:19,4043,1,8.43816964286,0.675074404762
2013-01-26 11:22:20,4044,1,9.17894345238,0.740773809524
2013-01-26 11:22:21,4045,1,9.61986607143,0.440922619048
2013-01-26 11:22:22,4046,1,9.4709077381,-0.148958333333
2013-01-26 11:22:23,4047,1,8.6119047619,-0.85900297619
2013-01-26 11:22:24,4048,1,7.28020833333,-1.33169642857
2013-01-26 11:22:25,4049,1,6.14293154762,-1.13727678571
2013-01-26 11:22:26,4050,1,5.99724702381,-0.14568452381
2013-01-26 11:22:27,4051,1,7.26808035714,1.27083333333
2013-01-26 11:22:28,4052,1,9.7515625,2.48348214286
2013-01-26 11:22:29,4053,1,12.8134672619,3.0619047619
2013-01-26 11:22:30,4054,1,15.8285714286,3.01510416667
2013-01-26 11:22:31,4055,1,18.4712053571,2.64263392857
2013-01-26 11:22:32,4056,1,20.6884672619,2.21726190476
2013-01-26 11:22:33,4057,1,22.5351190476,1.84665178571
2013-01-26 11:22:34,4058,1,24.0860119048,1.55089285714
2013-01-26 11:22:35,4059,1,25.411235119,1.32522321429
2013-01-26 11:22:36,4060,1,26.5474702381,1.13623511905
2013-01-26 11:22:37,4061,1,27.5097470238,0.962276785714
2013-01-26 11:22:38,4062,1,28.334077381,0.824330357143
2013-01-26 11:22:39,4063,1,29.0724702381,0.738392857143
2013-01-26 11:22:40,4064,1,29.7583333333,0.685863095238
2013-01-26 11:22:41,4065,1,30.3979910714,0.639657738095
2013-01-26 11:22:42,4066,1,30.9645089286,0.566517857143
2013-01-26 11:22:43,4067,1,31.3647321429,0.400223214286
2013-01-26 11:22:44,4068,1,31.4254464286,0.0607142857143
2013-01-26 11:22:45,4069,1,30.9595238095,-0.465922619048
2013-01-26 11:22:46,4070,1,29.8960565476,-1.0634672619
2013-01-26 11:22:47,4071,1,28.3707589286,-1.52529761905
2013-01-26 11:22:48,4072,1,26.6686755952,-1.70208333333
2013-01-26 11:22:49,4073,1,25.0173363095,-1.65133928571
2013-01-26 11:22:50,4074,1,23.3741815476,-1.6431547619
2013-01-26 11:22:51,4075,1,21.4351190476,-1.9390625
2013-01-26 11:22:52,4076,1,18.9382440476,-2.496875
2013-01-26 11:22:53,4077,1,15.979985119,-2.95825892857
2013-01-26 11:22:54,4078,1,13.0162946429,-2.96369047619
2013-01-26 11:22:55,4079,1,10.5888392857,-2.42745535714
2013-01-26 11:22:56,4080,1,9.02552083333,-1.56331845238
2013-01-26 11:22:57,4081,1,8.31316964286,-0.712351190476
2013-01-26 11:22:58,4082,1,8.20863095238,-0.104538690476
2013-01-26 11:22:59,4083,1,8.43117559524,0.222544642857
2013-01-26 11:23:00,4084,1,8.75044642857,0.319270833333
2013-01-26 11:23:01,4085,1,9.00089285714,0.250446428571
2013-01-26 11:23:02,4086,1,9.09233630952,0.091443452381
2013-01-26 11:23:03,4087,1,8.99196428571,-0.10037202381
2013-01-26 11:23:04,4088,1,8.69561011905,-0.296354166667
2013-01-26 11:23:05,4089,1,8.23400297619,-0.461607142857
2013-01-26 11:23:06,4090,1,7.66316964286,-0.570833333333
2013-01-26 11:23:07,4091,1,6.97023809524,-0.692931547619
2013-01-26 11:23:08,4092,1,5.9884672619,-0.981770833333
2013-01-26 11:23:09,4093,1,4.53764880952,-1.45081845238
2013-01-26 11:23:10,4094,1,2.79821428571,-1.73943452381
2013-01-26 11:23:11,4095,1,0.0,-2.79821428571
