timestamp,cycle_sec,timestep,speed_mph,accel_meters_ps
2012-10-24 06:33:53,0,25134,0.0,0.0
2012-10-24 06:33:54,1,1,4.43160076531,4.43160076531
2012-10-24 06:33:55,2,1,8.10065901361,3.6690582483
2012-10-24 06:33:56,3,1,12.2919217687,4.1912627551
2012-10-24 06:33:57,4,1,16.5694090136,4.2774872449
2012-10-24 06:33:58,5,1,20.6715880102,4.1021789966
2012-10-24 06:33:59,6,1,24.245525085,3.57393707483
2012-10-24 06:34:00,7,1,26.7698767007,2.52435161565
2012-10-24 06:34:01,8,1,27.717102466,0.947225765306
2012-10-24 06:34:02,9,1,26.8534013605,-0.863701105442
2012-10-24 06:34:03,10,1,24.377869898,-2.47553146258
2012-10-24 06:34:04,11,1,20.740454932,-3.63741496599
2012-10-24 06:34:05,12,1,16.4848639456,-4.25559098639
2012-10-24 06:34:06,13,1,12.2692708333,-4.21559311224
2012-10-24 06:34:07,14,1,8.79352678571,-3.47574404762
2012-10-24 06:34:08,15,1,6.59047619048,-2.20305059524
2012-10-24 06:34:09,16,1,5.8072172619,-0.783258928571
2012-10-24 06:34:10,17,1,6.12938988095,0.322172619048
2012-10-24 06:34:11,18,1,7.05982142857,0.930431547619
2012-10-24 06:34:12,19,1,8.33087797619,1.27105654762
2012-10-24 06:34:13,20,1,9.96354166667,1.63266369048
2012-10-24 06:34:14,21,1,11.9877232143,2.02418154762
2012-10-24 06:34:15,22,1,14.2263392857,2.23861607143
2012-10-24 06:34:16,23,1,16.3527529762,2.12641369048
2012-10-24 06:34:17,24,1,18.1066964286,1.75394345238
2012-10-24 06:34:18,25,1,19.4372767857,1.33058035714
2012-10-24 06:34:19,26,1,20.4642113095,1.02693452381
2012-10-24 06:34:20,27,1,21.3371279762,0.872916666667
2012-10-24 06:34:21,28,1,22.1357886905,0.798660714286
2012-10-24 06:34:22,29,1,22.8691964286,0.733407738095
2012-10-24 06:34:23,30,1,23.5200892857,0.650892857143
2012-10-24 06:34:24,31,1,24.0752232143,0.555133928571
2012-10-24 06:34:25,32,1,24.5389880952,0.463764880952
2012-10-24 06:34:26,33,1,24.9354166667,0.396428571429
2012-10-24 06:34:27,34,1,25.3003720238,0.364955357143
2012-10-24 06:34:28,35,1,25.676264881,0.375892857143
2012-10-24 06:34:29,36,1,26.0979166667,0.421651785714
2012-10-24 06:34:30,37,1,26.5580357143,0.460119047619
2012-10-24 06:34:31,38,1,26.9886160714,0.430580357143
2012-10-24 06:34:32,39,1,27.2922619048,0.303645833333
2012-10-24 06:34:33,40,1,27.403125,0.110863095238
2012-10-24 06:34:34,41,1,27.334077381,-0.0690476190476
2012-10-24 06:34:35,42,1,27.164360119,-0.169717261905
2012-10-24 06:34:36,43,1,26.9305803571,-0.233779761905
2012-10-24 06:34:37,44,1,26.4796875,-0.450892857143
2012-10-24 06:34:38,45,1,25.434375,-1.0453125
2012-10-24 06:34:39,46,1,23.3421130952,-2.09226190476
2012-10-24 06:34:40,47,1,19.9632440476,-3.37886904762
2012-10-24 06:34:41,48,1,15.5610119048,-4.40223214286
2012-10-24 06:34:42,49,1,10.9366815476,-4.62433035714
2012-10-24 06:34:43,50,1,7.10863095238,-3.82805059524
2012-10-24 06:34:44,51,1,4.865625,-2.24300595238
2012-10-24 06:34:45,52,1,4.45386904762,-0.411755952381
2012-10-24 06:34:46,53,1,5.55305059524,1.09918154762
2012-10-24 06:34:47,54,1,7.56175595238,2.00870535714
2012-10-24 06:34:48,55,1,9.93630952381,2.37455357143
2012-10-24 06:34:49,56,1,12.3286458333,2.39233630952
2012-10-24 06:34:50,57,1,14.5568452381,2.22819940476
2012-10-24 06:34:51,58,1,16.5327380952,1.97589285714
2012-10-24 06:34:52,59,1,18.21875,1.68601190476
2012-10-24 06:34:53,60,1,19.6430059524,1.42425595238
2012-10-24 06:34:54,61,1,20.9148809524,1.271875
2012-10-24 06:34:55,62,1,22.1601934524,1.2453125
2012-10-24 06:34:56,63,1,23.3873511905,1.2271577381
2012-10-24 06:34:57,64,1,24.3912946429,1.00394345238
2012-10-24 06:34:58,65,1,24.7936755952,0.402380952381
2012-10-24 06:34:59,66,1,24.190922619,-0.60275297619
2012-10-24 06:35:00,67,1,22.3093005952,-1.88162202381
2012-10-24 06:35:01,68,1,19.1575892857,-3.15171130952
2012-10-24 06:35:02,69,1,15.1946428571,-3.96294642857
2012-10-24 06:35:03,70,1,11.3563244048,-3.83831845238
2012-10-24 06:35:04,71,1,8.7462797619,-2.61004464286
2012-10-24 06:35:05,72,1,8.0953125,-0.650967261905
2012-10-24 06:35:06,73,1,9.3790922619,1.2837797619
2012-10-24 06:35:07,74,1,11.9085565476,2.52946428571
2012-10-24 06:35:08,75,1,14.8310267857,2.9224702381
2012-10-24 06:35:09,76,1,17.6078125,2.77678571429
2012-10-24 06:35:10,77,1,20.0868303571,2.47901785714
2012-10-24 06:35:11,78,1,22.2665178571,2.1796875
2012-10-24 06:35:12,79,1,24.1141369048,1.84761904762
2012-10-24 06:35:13,80,1,25.573139881,1.45900297619
2012-10-24 06:35:14,81,1,26.6285714286,1.05543154762
2012-10-24 06:35:15,82,1,27.3203869048,0.69181547619
2012-10-24 06:35:16,83,1,27.7183779762,0.397991071429
2012-10-24 06:35:17,84,1,27.8944940476,0.176116071429
2012-10-24 06:35:18,85,1,27.9056547619,0.0111607142857
2012-10-24 06:35:19,86,1,27.8,-0.105654761905
2012-10-24 06:35:20,87,1,27.6302083333,-0.169791666667
2012-10-24 06:35:21,88,1,27.4444196429,-0.185788690476
2012-10-24 06:35:22,89,1,27.2717261905,-0.172693452381
2012-10-24 06:35:23,90,1,27.1210565476,-0.150669642857
2012-10-24 06:35:24,91,1,26.984672619,-0.136383928572
2012-10-24 06:35:25,92,1,26.8524553571,-0.132217261905
2012-10-24 06:35:26,93,1,26.7291666667,-0.123288690476
2012-10-24 06:35:27,94,1,26.6270089286,-0.102157738095
2012-10-24 06:35:28,95,1,26.5486607143,-0.0783482142857
2012-10-24 06:35:29,96,1,26.4873511905,-0.0613095238095
2012-10-24 06:35:30,97,1,26.432514881,-0.0548363095238
2012-10-24 06:35:31,98,1,26.3793154762,-0.0531994047619
2012-10-24 06:35:32,99,1,26.3555059524,-0.0238095238096
2012-10-24 06:35:33,100,1,26.4264136905,0.0709077380953
2012-10-24 06:35:34,101,1,26.6350446429,0.208630952381
2012-10-24 06:35:35,102,1,26.9432291667,0.30818452381
2012-10-24 06:35:36,103,1,27.260639881,0.317410714286
2012-10-24 06:35:37,104,1,27.5307291667,0.270089285714
2012-10-24 06:35:38,105,1,27.7908482143,0.260119047619
2012-10-24 06:35:39,106,1,28.1523065476,0.361458333333
2012-10-24 06:35:40,107,1,28.6954613095,0.543154761905
2012-10-24 06:35:41,108,1,29.3740327381,0.678571428571
2012-10-24 06:35:42,109,1,30.0338541667,0.659821428572
2012-10-24 06:35:43,110,1,30.5148809524,0.481026785714
2012-10-24 06:35:44,111,1,30.7392857143,0.224404761905
2012-10-24 06:35:45,112,1,30.7494047619,0.0101190476191
2012-10-24 06:35:46,113,1,30.6916666667,-0.0577380952381
2012-10-24 06:35:47,114,1,30.7423363095,0.0506696428571
2012-10-24 06:35:48,115,1,31.0101190476,0.267782738095
2012-10-24 06:35:49,116,1,31.4674107143,0.457291666667
2012-10-24 06:35:50,117,1,31.9308035714,0.463392857143
2012-10-24 06:35:51,118,1,32.109672619,0.178869047619
2012-10-24 06:35:52,119,1,31.7308035714,-0.378869047619
2012-10-24 06:35:53,120,1,30.6696428571,-1.06116071429
2012-10-24 06:35:54,121,1,28.9780505952,-1.6915922619
2012-10-24 06:35:55,122,1,26.786235119,-2.19181547619
2012-10-24 06:35:56,123,1,24.1944196429,-2.59181547619
2012-10-24 06:35:57,124,1,21.252827381,-2.9415922619
2012-10-24 06:35:58,125,1,17.9953125,-3.25751488095
2012-10-24 06:35:59,126,1,14.5375,-3.4578125
2012-10-24 06:36:00,127,1,11.2602678571,-3.27723214286
2012-10-24 06:36:01,128,1,8.84069940476,-2.41956845238
2012-10-24 06:36:02,129,1,7.95186011905,-0.888839285714
2012-10-24 06:36:03,130,1,8.86413690476,0.912276785714
2012-10-24 06:36:04,131,1,11.2489583333,2.38482142857
2012-10-24 06:36:05,132,1,14.3321428571,3.08318452381
2012-10-24 06:36:06,133,1,17.3560267857,3.02388392857
2012-10-24 06:36:07,134,1,19.9616815476,2.6056547619
2012-10-24 06:36:08,135,1,22.1555059524,2.19382440476
2012-10-24 06:36:09,136,1,24.0401785714,1.88467261905
2012-10-24 06:36:10,137,1,25.640327381,1.60014880952
2012-10-24 06:36:11,138,1,26.8991815476,1.25885416667
2012-10-24 06:36:12,139,1,27.7630208333,0.863839285714
2012-10-24 06:36:13,140,1,28.2603422619,0.497321428571
2012-10-24 06:36:14,141,1,28.5206845238,0.260342261905
2012-10-24 06:36:15,142,1,28.7175595238,0.196875
2012-10-24 06:36:16,143,1,28.973139881,0.255580357143
2012-10-24 06:36:17,144,1,29.3116071429,0.338467261905
2012-10-24 06:36:18,145,1,29.6868303571,0.375223214286
2012-10-24 06:36:19,146,1,30.0302083333,0.34337797619
2012-10-24 06:36:20,147,1,30.2902529762,0.260044642857
2012-10-24 06:36:21,148,1,30.4570684524,0.166815476191
2012-10-24 06:36:22,149,1,30.5584821429,0.101413690476
2012-10-24 06:36:23,150,1,30.6425595238,0.0840773809524
2012-10-24 06:36:24,151,1,30.7619791667,0.119419642857
2012-10-24 06:36:25,152,1,30.9558035714,0.193824404762
2012-10-24 06:36:26,153,1,31.2367559524,0.280952380952
2012-10-24 06:36:27,154,1,31.5886160714,0.351860119048
2012-10-24 06:36:28,155,1,31.9620535714,0.3734375
2012-10-24 06:36:29,156,1,32.2759672619,0.313913690476
2012-10-24 06:36:30,157,1,32.442485119,0.166517857143
2012-10-24 06:36:31,158,1,32.407514881,-0.0349702380952
2012-10-24 06:36:32,159,1,32.1788690476,-0.228645833333
2012-10-24 06:36:33,160,1,31.8209077381,-0.357961309524
2012-10-24 06:36:34,161,1,31.416889881,-0.404017857143
2012-10-24 06:36:35,162,1,31.0263392857,-0.390550595238
2012-10-24 06:36:36,163,1,30.6668154762,-0.359523809524
2012-10-24 06:36:37,164,1,30.3141369048,-0.352678571429
2012-10-24 06:36:38,165,1,29.8912202381,-0.422916666667
2012-10-24 06:36:39,166,1,29.247172619,-0.644047619048
2012-10-24 06:36:40,167,1,28.1499255952,-1.09724702381
2012-10-24 06:36:41,168,1,26.2909970238,-1.85892857143
2012-10-24 06:36:42,169,1,23.3583333333,-2.93266369048
2012-10-24 06:36:43,170,1,19.3052083333,-4.053125
2012-10-24 06:36:44,171,1,14.7049107143,-4.60029761905
2012-10-24 06:36:45,172,1,10.7482886905,-3.95662202381
2012-10-24 06:36:46,173,1,8.67194940476,-2.07633928571
2012-10-24 06:36:47,174,1,9.0271577381,0.355208333333
2012-10-24 06:36:48,175,1,11.3960565476,2.36889880952
2012-10-24 06:36:49,176,1,14.7703125,3.37425595238
2012-10-24 06:36:50,177,1,18.2449404762,3.47462797619
2012-10-24 06:36:51,178,1,21.4158482143,3.1709077381
2012-10-24 06:36:52,179,1,24.2544642857,2.83861607143
2012-10-24 06:36:53,180,1,26.8180059524,2.56354166667
2012-10-24 06:36:54,181,1,29.134077381,2.31607142857
2012-10-24 06:36:55,182,1,31.2147321429,2.0806547619
2012-10-24 06:36:56,183,1,33.054389881,1.8396577381
2012-10-24 06:36:57,184,1,34.5876488095,1.53325892857
2012-10-24 06:36:58,185,1,35.6881696429,1.10052083333
2012-10-24 06:36:59,186,1,36.2572916667,0.56912202381
2012-10-24 06:37:00,187,1,36.2919642857,0.0346726190476
2012-10-24 06:37:01,188,1,35.8288690476,-0.463095238095
2012-10-24 06:37:02,189,1,34.8333333333,-0.995535714286
2012-10-24 06:37:03,190,1,33.1537202381,-1.67961309524
2012-10-24 06:37:04,191,1,30.6057291667,-2.54799107143
2012-10-24 06:37:05,192,1,27.1245535714,-3.48117559524
2012-10-24 06:37:06,193,1,22.8316220238,-4.29293154762
2012-10-24 06:37:07,194,1,18.0587797619,-4.7728422619
2012-10-24 06:37:08,195,1,13.4682291667,-4.59055059524
2012-10-24 06:37:09,196,1,10.0473214286,-3.4209077381
2012-10-24 06:37:10,197,1,8.70587797619,-1.34144345238
2012-10-24 06:37:11,198,1,9.73370535714,1.02782738095
2012-10-24 06:37:12,199,1,12.5990327381,2.86532738095
2012-10-24 06:37:13,200,1,16.2798363095,3.68080357143
2012-10-24 06:37:14,201,1,19.9058779762,3.62604166667
2012-10-24 06:37:15,202,1,23.1557291667,3.24985119048
2012-10-24 06:37:16,203,1,26.0990327381,2.94330357143
2012-10-24 06:37:17,204,1,28.8349702381,2.7359375
2012-10-24 06:37:18,205,1,31.354389881,2.51941964286
2012-10-24 06:37:19,206,1,33.6020833333,2.24769345238
2012-10-24 06:37:20,207,1,35.5427827381,1.94069940476
2012-10-24 06:37:21,208,1,37.1734375,1.6306547619
2012-10-24 06:37:22,209,1,38.5198660714,1.34642857143
2012-10-24 06:37:23,210,1,39.6398065476,1.11994047619
2012-10-24 06:37:24,211,1,40.6141369048,0.974330357143
2012-10-24 06:37:25,212,1,41.5130952381,0.898958333333
2012-10-24 06:37:26,213,1,42.3630208333,0.849925595238
2012-10-24 06:37:27,214,1,43.151860119,0.788839285714
2012-10-24 06:37:28,215,1,43.872172619,0.7203125
2012-10-24 06:37:29,216,1,44.5459077381,0.673735119048
2012-10-24 06:37:30,217,1,45.1932291667,0.647321428571
2012-10-24 06:37:31,218,1,45.7927827381,0.599553571429
2012-10-24 06:37:32,219,1,46.2925595238,0.499776785714
2012-10-24 06:37:33,220,1,46.6552827381,0.362723214286
2012-10-24 06:37:34,221,1,46.8892857143,0.23400297619
2012-10-24 06:37:35,222,1,47.0388392857,0.149553571429
2012-10-24 06:37:36,223,1,47.146875,0.108035714286
2012-10-24 06:37:37,224,1,47.2332589286,0.0863839285714
2012-10-24 06:37:38,225,1,47.3020089286,0.06875
2012-10-24 06:37:39,226,1,47.3531994048,0.0511904761905
2012-10-24 06:37:40,227,1,47.3811011905,0.0279017857143
2012-10-24 06:37:41,228,1,47.3504464286,-0.0306547619048
2012-10-24 06:37:42,229,1,47.1712797619,-0.179166666667
2012-10-24 06:37:43,230,1,46.6982142857,-0.47306547619
2012-10-24 06:37:44,231,1,45.7379464286,-0.960267857143
2012-10-24 06:37:45,232,1,44.0671875,-1.67075892857
2012-10-24 06:37:46,233,1,41.4795386905,-2.58764880952
2012-10-24 06:37:47,234,1,37.8239583333,-3.65558035714
2012-10-24 06:37:48,235,1,33.0255208333,-4.7984375
2012-10-24 06:37:49,236,1,27.1816964286,-5.84382440476
2012-10-24 06:37:50,237,1,20.7859375,-6.39575892857
2012-10-24 06:37:51,238,1,14.8757440476,-5.91019345238
2012-10-24 06:37:52,239,1,10.7665922619,-4.10915178571
2012-10-24 06:37:53,240,1,9.40037202381,-1.3662202381
2012-10-24 06:37:54,241,1,10.8050595238,1.4046875
2012-10-24 06:37:55,242,1,14.1118303571,3.30677083333
2012-10-24 06:37:56,243,1,18.1363095238,4.02447916667
2012-10-24 06:37:57,244,1,22.0460565476,3.90974702381
2012-10-24 06:37:58,245,1,25.554985119,3.50892857143
2012-10-24 06:37:59,246,1,28.6865327381,3.13154761905
2012-10-24 06:38:00,247,1,31.5508928571,2.86436011905
2012-10-24 06:38:01,248,1,34.2482142857,2.69732142857
2012-10-24 06:38:02,249,1,36.8104166667,2.56220238095
2012-10-24 06:38:03,250,1,39.2105654762,2.40014880952
2012-10-24 06:38:04,251,1,41.4088541667,2.19828869048
2012-10-24 06:38:05,252,1,43.3970238095,1.98816964286
2012-10-24 06:38:06,253,1,45.2473958333,1.85037202381
2012-10-24 06:38:07,254,1,47.0864583333,1.8390625
2012-10-24 06:38:08,255,1,48.9991815476,1.91272321429
2012-10-24 06:38:09,256,1,50.9938244048,1.99464285714
2012-10-24 06:38:10,257,1,53.0380208333,2.04419642857
2012-10-24 06:38:11,258,1,55.0921130952,2.0540922619
2012-10-24 06:38:12,259,1,57.1205357143,2.02842261905
2012-10-24 06:38:13,260,1,59.0910714286,1.97053571429
2012-10-24 06:38:14,261,1,60.9688244048,1.87775297619
2012-10-24 06:38:15,262,1,62.7160714286,1.74724702381
2012-10-24 06:38:16,263,1,64.3072916667,1.5912202381
2012-10-24 06:38:17,264,1,65.7454613095,1.43816964286
2012-10-24 06:38:18,265,1,67.05625,1.31078869048
2012-10-24 06:38:19,266,1,68.2654761905,1.20922619048
2012-10-24 06:38:20,267,1,69.386235119,1.12075892857
2012-10-24 06:38:21,268,1,70.4259672619,1.03973214286
2012-10-24 06:38:22,269,1,71.3943452381,0.96837797619
2012-10-24 06:38:23,270,1,72.2938244048,0.899479166667
2012-10-24 06:38:24,271,1,73.1071428571,0.813318452381
2012-10-24 06:38:25,272,1,73.8045386905,0.697395833333
2012-10-24 06:38:26,273,1,74.3659970238,0.561458333333
2012-10-24 06:38:27,274,1,74.7973214286,0.431324404762
2012-10-24 06:38:28,275,1,75.1285714286,0.33125
2012-10-24 06:38:29,276,1,75.3997767857,0.271205357143
2012-10-24 06:38:30,277,1,75.6459077381,0.246130952381
2012-10-24 06:38:31,278,1,75.8884672619,0.24255952381
2012-10-24 06:38:32,279,1,76.1369047619,0.2484375
2012-10-24 06:38:33,280,1,76.396577381,0.259672619048
2012-10-24 06:38:34,281,1,76.6675595238,0.270982142857
2012-10-24 06:38:35,282,1,76.9290922619,0.261532738095
2012-10-24 06:38:36,283,1,77.1395089286,0.210416666667
2012-10-24 06:38:37,284,1,77.2693452381,0.129836309524
2012-10-24 06:38:38,285,1,77.3188988095,0.0495535714286
2012-10-24 06:38:39,286,1,77.2832589286,-0.0356398809524
2012-10-24 06:38:40,287,1,77.1219494048,-0.161309523809
2012-10-24 06:38:41,288,1,76.8010416667,-0.320907738095
2012-10-24 06:38:42,289,1,76.3799107143,-0.421130952381
2012-10-24 06:38:43,290,1,76.0316964286,-0.348214285714
2012-10-24 06:38:44,291,1,75.9284970238,-0.103199404762
2012-10-24 06:38:45,292,1,76.0824404762,0.153943452381
2012-10-24 06:38:46,293,1,76.3125,0.23005952381
2012-10-24 06:38:47,294,1,76.3842261905,0.0717261904762
2012-10-24 06:38:48,295,1,76.1839285714,-0.200297619048
2012-10-24 06:38:49,296,1,75.7566220238,-0.427306547619
2012-10-24 06:38:50,297,1,75.2095238095,-0.547098214286
2012-10-24 06:38:51,298,1,74.6241071429,-0.585416666667
2012-10-24 06:38:52,299,1,74.049702381,-0.574404761905
2012-10-24 06:38:53,300,1,73.5343005952,-0.515401785714
2012-10-24 06:38:54,301,1,73.1376488095,-0.396651785714
2012-10-24 06:38:55,302,1,72.9142113095,-0.2234375
2012-10-24 06:38:56,303,1,72.8904017857,-0.0238095238095
2012-10-24 06:38:57,304,1,73.0622767857,0.171875
2012-10-24 06:38:58,305,1,73.4011160714,0.338839285714
2012-10-24 06:38:59,306,1,73.8485863095,0.447470238095
2012-10-24 06:39:00,307,1,74.3156994048,0.467113095238
2012-10-24 06:39:01,308,1,74.6954613095,0.379761904762
2012-10-24 06:39:02,309,1,74.8898065476,0.194345238095
2012-10-24 06:39:03,310,1,74.8517857143,-0.0380208333333
2012-10-24 06:39:04,311,1,74.6135416667,-0.238244047619
2012-10-24 06:39:05,312,1,74.271875,-0.341666666667
2012-10-24 06:39:06,313,1,73.941889881,-0.329985119048
2012-10-24 06:39:07,314,1,73.7023065476,-0.239583333333
2012-10-24 06:39:08,315,1,73.5614583333,-0.140848214286
2012-10-24 06:39:09,316,1,73.464360119,-0.0970982142857
2012-10-24 06:39:10,317,1,73.3345982143,-0.129761904762
2012-10-24 06:39:11,318,1,73.1295386905,-0.20505952381
2012-10-24 06:39:12,319,1,72.8716517857,-0.257886904762
2012-10-24 06:39:13,320,1,72.6319196429,-0.239732142857
2012-10-24 06:39:14,321,1,72.4852678571,-0.146651785714
2012-10-24 06:39:15,322,1,72.4704613095,-0.0148065476191
2012-10-24 06:39:16,323,1,72.577827381,0.107366071429
2012-10-24 06:39:17,324,1,72.7660714286,0.188244047619
2012-10-24 06:39:18,325,1,72.9818452381,0.215773809524
2012-10-24 06:39:19,326,1,73.1715029762,0.189657738095
2012-10-24 06:39:20,327,1,73.2905505952,0.119047619048
2012-10-24 06:39:21,328,1,73.3026041667,0.0120535714286
2012-10-24 06:39:22,329,1,73.1738839286,-0.128720238095
2012-10-24 06:39:23,330,1,72.8847470238,-0.289136904762
2012-10-24 06:39:24,331,1,72.4568452381,-0.427901785714
2012-10-24 06:39:25,332,1,71.9703869048,-0.486458333333
2012-10-24 06:39:26,333,1,71.543452381,-0.426934523809
2012-10-24 06:39:27,334,1,71.2782738095,-0.265178571429
2012-10-24 06:39:28,335,1,71.2212053571,-0.057068452381
2012-10-24 06:39:29,336,1,71.3694940476,0.148288690476
2012-10-24 06:39:30,337,1,71.7069940476,0.3375
2012-10-24 06:39:31,338,1,72.2215029762,0.514508928571
2012-10-24 06:39:32,339,1,72.8808035714,0.659300595238
2012-10-24 06:39:33,340,1,73.6053571429,0.724553571429
2012-10-24 06:39:34,341,1,74.2839285714,0.678571428572
2012-10-24 06:39:35,342,1,74.824702381,0.540773809524
2012-10-24 06:39:36,343,1,75.198735119,0.374032738095
2012-10-24 06:39:37,344,1,75.4343005952,0.235565476191
2012-10-24 06:39:38,345,1,75.5688988095,0.134598214286
2012-10-24 06:39:39,346,1,75.621577381,0.0526785714286
2012-10-24 06:39:40,347,1,75.6111607143,-0.0104166666667
2012-10-24 06:39:41,348,1,75.5767857143,-0.034375
2012-10-24 06:39:42,349,1,75.5678571429,-0.00892857142861
2012-10-24 06:39:43,350,1,75.6122767857,0.0444196428572
2012-10-24 06:39:44,351,1,75.6945684524,0.0822916666666
2012-10-24 06:39:45,352,1,75.7711309524,0.0765625000001
2012-10-24 06:39:46,353,1,75.8023065476,0.031175595238
2012-10-24 06:39:47,354,1,75.7607886905,-0.0415178571428
2012-10-24 06:39:48,355,1,75.6212053571,-0.139583333333
2012-10-24 06:39:49,356,1,75.3569940476,-0.264211309524
2012-10-24 06:39:50,357,1,74.9482886905,-0.408705357143
2012-10-24 06:39:51,358,1,74.3982142857,-0.550074404762
2012-10-24 06:39:52,359,1,73.7505208333,-0.647693452381
2012-10-24 06:39:53,360,1,73.0854166667,-0.665104166667
2012-10-24 06:39:54,361,1,72.4866815476,-0.598735119048
2012-10-24 06:39:55,362,1,72.0078869048,-0.478794642857
2012-10-24 06:39:56,363,1,71.664360119,-0.343526785714
2012-10-24 06:39:57,364,1,71.4501488095,-0.214211309524
2012-10-24 06:39:58,365,1,71.3589285714,-0.0912202380952
2012-10-24 06:39:59,366,1,71.3808779762,0.0219494047619
2012-10-24 06:40:00,367,1,71.4729166667,0.0920386904762
2012-10-24 06:40:01,368,1,71.5485119048,0.0755952380952
2012-10-24 06:40:02,369,1,71.5252232143,-0.0232886904762
2012-10-24 06:40:03,370,1,71.389360119,-0.135863095238
2012-10-24 06:40:04,371,1,71.204985119,-0.184375
2012-10-24 06:40:05,372,1,71.0703869048,-0.134598214286
2012-10-24 06:40:06,373,1,71.0844494048,0.0140625
2012-10-24 06:40:07,374,1,71.3279017857,0.243452380952
2012-10-24 06:40:08,375,1,71.826264881,0.498363095238
2012-10-24 06:40:09,376,1,72.5218005952,0.695535714286
2012-10-24 06:40:10,377,1,73.2962797619,0.774479166667
2012-10-24 06:40:11,378,1,74.0345982143,0.738318452381
2012-10-24 06:40:12,379,1,74.6832589286,0.648660714286
2012-10-24 06:40:13,380,1,75.2459821429,0.562723214286
2012-10-24 06:40:14,381,1,75.7194940476,0.473511904762
2012-10-24 06:40:15,382,1,76.0544642857,0.334970238095
2012-10-24 06:40:16,383,1,76.1958333333,0.141369047619
2012-10-24 06:40:17,384,1,76.1587053571,-0.0371279761904
2012-10-24 06:40:18,385,1,76.0476190476,-0.111086309524
2012-10-24 06:40:19,386,1,75.9930803571,-0.0545386904763
2012-10-24 06:40:20,387,1,76.087202381,0.0941220238096
2012-10-24 06:40:21,388,1,76.3726190476,0.285416666667
2012-10-24 06:40:22,389,1,76.850297619,0.477678571429
2012-10-24 06:40:23,390,1,77.4888392857,0.638541666667
2012-10-24 06:40:24,391,1,78.2386160714,0.749776785714
2012-10-24 06:40:25,392,1,79.033110119,0.794494047619
2012-10-24 06:40:26,393,1,79.7898809524,0.756770833333
2012-10-24 06:40:27,394,1,80.432514881,0.642633928571
2012-10-24 06:40:28,395,1,80.9072916667,0.474776785714
2012-10-24 06:40:29,396,1,81.1780505952,0.270758928571
2012-10-24 06:40:30,397,1,81.2246279762,0.0465773809524
2012-10-24 06:40:31,398,1,81.0541666667,-0.170461309524
2012-10-24 06:40:32,399,1,80.708110119,-0.346056547619
2012-10-24 06:40:33,400,1,80.2566964286,-0.451413690476
2012-10-24 06:40:34,401,1,79.7803571429,-0.476339285714
2012-10-24 06:40:35,402,1,79.338764881,-0.441592261905
2012-10-24 06:40:36,403,1,78.9444940476,-0.394270833333
2012-10-24 06:40:37,404,1,78.5625744048,-0.381919642857
2012-10-24 06:40:38,405,1,78.1373511905,-0.425223214286
2012-10-24 06:40:39,406,1,77.6266369048,-0.510714285714
2012-10-24 06:40:40,407,1,77.0084821429,-0.618154761905
2012-10-24 06:40:41,408,1,76.2555803571,-0.752901785714
2012-10-24 06:40:42,409,1,75.3326636905,-0.922916666667
2012-10-24 06:40:43,410,1,74.245610119,-1.08705357143
2012-10-24 06:40:44,411,1,73.0852678571,-1.1603422619
2012-10-24 06:40:45,412,1,72.0107886905,-1.07447916667
2012-10-24 06:40:46,413,1,71.1790178571,-0.831770833333
2012-10-24 06:40:47,414,1,70.6662202381,-0.512797619048
2012-10-24 06:40:48,415,1,70.4447916667,-0.221428571429
2012-10-24 06:40:49,416,1,70.4316964286,-0.0130952380952
2012-10-24 06:40:50,417,1,70.5505952381,0.118898809524
2012-10-24 06:40:51,418,1,70.7588541667,0.208258928571
2012-10-24 06:40:52,419,1,71.0426339286,0.283779761905
2012-10-24 06:40:53,420,1,71.3979910714,0.355357142857
2012-10-24 06:40:54,421,1,71.8178571429,0.419866071428
2012-10-24 06:40:55,422,1,72.2894345238,0.471577380952
2012-10-24 06:40:56,423,1,72.7820684524,0.492633928571
2012-10-24 06:40:57,424,1,73.2287946429,0.446726190476
2012-10-24 06:40:58,425,1,73.5369791667,0.30818452381
2012-10-24 06:40:59,426,1,73.638764881,0.101785714286
2012-10-24 06:41:00,427,1,73.5442708333,-0.0944940476191
2012-10-24 06:41:01,428,1,73.3427083333,-0.2015625
2012-10-24 06:41:02,429,1,73.1270833333,-0.215625
2012-10-24 06:41:03,430,1,72.8973958333,-0.2296875
2012-10-24 06:41:04,431,1,72.5483630952,-0.349032738095
2012-10-24 06:41:05,432,1,71.9700892857,-0.578273809524
2012-10-24 06:41:06,433,1,71.1635416667,-0.806547619048
2012-10-24 06:41:07,434,1,70.266889881,-0.896651785714
2012-10-24 06:41:08,435,1,69.4869047619,-0.779985119048
2012-10-24 06:41:09,436,1,69.0102678571,-0.476636904762
2012-10-24 06:41:10,437,1,68.9700892857,-0.0401785714286
2012-10-24 06:41:11,438,1,69.4566964286,0.486607142857
2012-10-24 06:41:12,439,1,70.5016369048,1.04494047619
2012-10-24 06:41:13,440,1,72.0234375,1.52180059524
2012-10-24 06:41:14,441,1,73.7991815476,1.77574404762
2012-10-24 06:41:15,442,1,75.5207589286,1.72157738095
2012-10-24 06:41:16,443,1,76.9214285714,1.40066964286
2012-10-24 06:41:17,444,1,77.8767857143,0.955357142857
2012-10-24 06:41:18,445,1,78.4026041667,0.525818452381
2012-10-24 06:41:19,446,1,78.5744791667,0.171875
2012-10-24 06:41:20,447,1,78.4503720238,-0.124107142857
2012-10-24 06:41:21,448,1,78.0618303571,-0.388541666667
2012-10-24 06:41:22,449,1,77.4697172619,-0.592113095238
2012-10-24 06:41:23,450,1,76.8029761905,-0.666741071429
2012-10-24 06:41:24,451,1,76.2212053571,-0.581770833333
2012-10-24 06:41:25,452,1,75.8323660714,-0.388839285714
2012-10-24 06:41:26,453,1,75.6389136905,-0.193452380952
2012-10-24 06:41:27,454,1,75.5593005952,-0.0796130952381
2012-10-24 06:41:28,455,1,75.501264881,-0.0580357142857
2012-10-24 06:41:29,456,1,75.414360119,-0.0869047619048
2012-10-24 06:41:30,457,1,75.2915922619,-0.122767857143
2012-10-24 06:41:31,458,1,75.1552827381,-0.13630952381
2012-10-24 06:41:32,459,1,75.0543154762,-0.100967261905
2012-10-24 06:41:33,460,1,75.055952381,0.00163690476191
2012-10-24 06:41:34,461,1,75.2144345238,0.158482142857
2012-10-24 06:41:35,462,1,75.5360863095,0.321651785714
2012-10-24 06:41:36,463,1,75.9729910714,0.436904761905
2012-10-24 06:41:37,464,1,76.4496279762,0.476636904762
2012-10-24 06:41:38,465,1,76.901264881,0.451636904762
2012-10-24 06:41:39,466,1,77.2974702381,0.396205357143
2012-10-24 06:41:40,467,1,77.6381696429,0.340699404762
2012-10-24 06:41:41,468,1,77.9368303571,0.298660714286
2012-10-24 06:41:42,469,1,78.2090029762,0.272172619048
2012-10-24 06:41:43,470,1,78.4610119048,0.252008928571
2012-10-24 06:41:44,471,1,78.6744791667,0.213467261905
2012-10-24 06:41:45,472,1,78.8047619048,0.130282738095
2012-10-24 06:41:46,473,1,78.8020089286,-0.00275297619051
2012-10-24 06:41:47,474,1,78.6376488095,-0.164360119048
2012-10-24 06:41:48,475,1,78.3194940476,-0.318154761905
2012-10-24 06:41:49,476,1,77.8891369048,-0.430357142857
2012-10-24 06:41:50,477,1,77.4034970238,-0.485639880952
2012-10-24 06:41:51,478,1,76.9160714286,-0.487425595238
2012-10-24 06:41:52,479,1,76.470610119,-0.445461309524
2012-10-24 06:41:53,480,1,76.098139881,-0.372470238095
2012-10-24 06:41:54,481,1,75.8061755952,-0.291964285714
2012-10-24 06:41:55,482,1,75.5712053571,-0.234970238095
2012-10-24 06:41:56,483,1,75.3523065476,-0.218898809524
2012-10-24 06:41:57,484,1,75.1192708333,-0.233035714286
2012-10-24 06:41:58,485,1,74.8694940476,-0.249776785714
2012-10-24 06:41:59,486,1,74.6235119048,-0.245982142857
2012-10-24 06:42:00,487,1,74.4124255952,-0.211086309524
2012-10-24 06:42:01,488,1,74.272172619,-0.140252976191
2012-10-24 06:42:02,489,1,74.2451636905,-0.0270089285714
2012-10-24 06:42:03,490,1,74.3753720238,0.130208333333
2012-10-24 06:42:04,491,1,74.688764881,0.313392857143
2012-10-24 06:42:05,492,1,75.1723214286,0.483556547619
2012-10-24 06:42:06,493,1,75.770610119,0.598288690476
2012-10-24 06:42:07,494,1,76.4045386905,0.633928571429
2012-10-24 06:42:08,495,1,77.000297619,0.595758928571
2012-10-24 06:42:09,496,1,77.5125744048,0.512276785714
2012-10-24 06:42:10,497,1,77.9351190476,0.422544642857
2012-10-24 06:42:11,498,1,78.2955357143,0.360416666667
2012-10-24 06:42:12,499,1,78.6305059524,0.334970238095
2012-10-24 06:42:13,500,1,78.9498511905,0.319345238095
2012-10-24 06:42:14,501,1,79.2130952381,0.263244047619
2012-10-24 06:42:15,502,1,79.3376488095,0.124553571429
2012-10-24 06:42:16,503,1,79.2370535714,-0.100595238095
2012-10-24 06:42:17,504,1,78.8691220238,-0.367931547619
2012-10-24 06:42:18,505,1,78.262202381,-0.606919642857
2012-10-24 06:42:19,506,1,77.496875,-0.765327380952
2012-10-24 06:42:20,507,1,76.6589285714,-0.837946428571
2012-10-24 06:42:21,508,1,75.8035714286,-0.855357142857
2012-10-24 06:42:22,509,1,74.9532738095,-0.850297619048
2012-10-24 06:42:23,510,1,74.1259672619,-0.827306547619
2012-10-24 06:42:24,511,1,73.3692708333,-0.756696428572
2012-10-24 06:42:25,512,1,72.7627232143,-0.606547619048
2012-10-24 06:42:26,513,1,72.3729910714,-0.389732142857
2012-10-24 06:42:27,514,1,72.1902529762,-0.182738095238
2012-10-24 06:42:28,515,1,72.0936755952,-0.0965773809524
2012-10-24 06:42:29,516,1,71.8848214286,-0.208854166667
2012-10-24 06:42:30,517,1,71.3827380952,-0.502083333333
2012-10-24 06:42:31,518,1,70.516889881,-0.865848214286
2012-10-24 06:42:32,519,1,69.3557291667,-1.16116071429
2012-10-24 06:42:33,520,1,68.0611607143,-1.29456845238
2012-10-24 06:42:34,521,1,66.80625,-1.25491071429
2012-10-24 06:42:35,522,1,65.7130952381,-1.0931547619
2012-10-24 06:42:36,523,1,64.829985119,-0.883110119048
2012-10-24 06:42:37,524,1,64.1235119048,-0.706473214286
2012-10-24 06:42:38,525,1,63.4915178571,-0.631994047619
2012-10-24 06:42:39,526,1,62.8199404762,-0.671577380952
2012-10-24 06:42:40,527,1,62.0558035714,-0.764136904762
2012-10-24 06:42:41,528,1,61.2491815476,-0.80662202381
2012-10-24 06:42:42,529,1,60.5431547619,-0.706026785714
2012-10-24 06:42:43,530,1,60.1125744048,-0.430580357143
2012-10-24 06:42:44,531,1,60.0822172619,-0.0303571428571
2012-10-24 06:42:45,532,1,60.4726934524,0.390476190476
2012-10-24 06:42:46,533,1,61.2025297619,0.729836309524
2012-10-24 06:42:47,534,1,62.1369791667,0.934449404762
2012-10-24 06:42:48,535,1,63.1197172619,0.982738095238
2012-10-24 06:42:49,536,1,63.9383928571,0.818675595238
2012-10-24 06:42:50,537,1,64.3249255952,0.386532738095
2012-10-24 06:42:51,538,1,64.1132440476,-0.211681547619
2012-10-24 06:42:52,539,1,63.4281994048,-0.685044642857
2012-10-24 06:42:53,540,1,62.6598214286,-0.768377976191
2012-10-24 06:42:54,541,1,62.1988839286,-0.4609375
2012-10-24 06:42:55,542,1,62.1617559524,-0.0371279761904
2012-10-24 06:42:56,543,1,62.3642113095,0.202455357143
2012-10-24 06:42:57,544,1,62.568452381,0.204241071429
2012-10-24 06:42:58,545,1,62.7236607143,0.155208333333
2012-10-24 06:42:59,546,1,62.9602678571,0.236607142857
2012-10-24 06:43:00,547,1,63.4244047619,0.464136904762
2012-10-24 06:43:01,548,1,64.1601934524,0.735788690476
2012-10-24 06:43:02,549,1,65.0965029762,0.936309523809
2012-10-24 06:43:03,550,1,66.0839285714,0.987425595238
2012-10-24 06:43:04,551,1,66.9511160714,0.8671875
2012-10-24 06:43:05,552,1,67.5776785714,0.6265625
2012-10-24 06:43:06,553,1,67.9515625,0.373883928571
2012-10-24 06:43:07,554,1,68.1631696429,0.211607142857
2012-10-24 06:43:08,555,1,68.3366071429,0.1734375
2012-10-24 06:43:09,556,1,68.553125,0.216517857143
2012-10-24 06:43:10,557,1,68.8238839286,0.270758928571
2012-10-24 06:43:11,558,1,69.1188244048,0.29494047619
2012-10-24 06:43:12,559,1,69.4011160714,0.282291666667
2012-10-24 06:43:13,560,1,69.6213541667,0.220238095238
2012-10-24 06:43:14,561,1,69.6904761905,0.0691220238095
2012-10-24 06:43:15,562,1,69.4882440476,-0.202232142857
2012-10-24 06:43:16,563,1,68.9264136905,-0.561830357143
2012-10-24 06:43:17,564,1,68.0181547619,-0.908258928571
2012-10-24 06:43:18,565,1,66.8912202381,-1.12693452381
2012-10-24 06:43:19,566,1,65.7337053571,-1.15751488095
2012-10-24 06:43:20,567,1,64.7097470238,-1.02395833333
2012-10-24 06:43:21,568,1,63.8955357143,-0.814211309524
2012-10-24 06:43:22,569,1,63.2648809524,-0.630654761905
2012-10-24 06:43:23,570,1,62.7144345238,-0.550446428571
2012-10-24 06:43:24,571,1,62.1101190476,-0.604315476191
2012-10-24 06:43:25,572,1,61.346577381,-0.763541666667
2012-10-24 06:43:26,573,1,60.4008184524,-0.945758928571
2012-10-24 06:43:27,574,1,59.3454613095,-1.05535714286
2012-10-24 06:43:28,575,1,58.2977678571,-1.04769345238
2012-10-24 06:43:29,576,1,57.3404017857,-0.957366071429
2012-10-24 06:43:30,577,1,56.4867559524,-0.853645833333
2012-10-24 06:43:31,578,1,55.7064732143,-0.780282738095
2012-10-24 06:43:32,579,1,54.9736607143,-0.7328125
2012-10-24 06:43:33,580,1,54.3029761905,-0.670684523809
2012-10-24 06:43:34,581,1,53.7461309524,-0.556845238095
2012-10-24 06:43:35,582,1,53.3534970238,-0.392633928571
2012-10-24 06:43:36,583,1,53.1444196429,-0.209077380952
2012-10-24 06:43:37,584,1,53.1077380952,-0.036681547619
2012-10-24 06:43:38,585,1,53.2160714286,0.108333333333
2012-10-24 06:43:39,586,1,53.4482142857,0.232142857143
2012-10-24 06:43:40,587,1,53.8127232143,0.364508928571
2012-10-24 06:43:41,588,1,54.3317708333,0.519047619048
2012-10-24 06:43:42,589,1,54.9837053571,0.65193452381
2012-10-24 06:43:43,590,1,55.6751488095,0.691443452381
2012-10-24 06:43:44,591,1,56.2822916667,0.607142857143
2012-10-24 06:43:45,592,1,56.7260416667,0.44375
2012-10-24 06:43:46,593,1,57.0185267857,0.292485119048
2012-10-24 06:43:47,594,1,57.2384672619,0.219940476191
2012-10-24 06:43:48,595,1,57.4566220238,0.218154761905
2012-10-24 06:43:49,596,1,57.6657738095,0.209151785714
2012-10-24 06:43:50,597,1,57.7432291667,0.0774553571429
2012-10-24 06:43:51,598,1,57.4699404762,-0.273288690476
2012-10-24 06:43:52,599,1,56.626264881,-0.843675595238
2012-10-24 06:43:53,600,1,55.1259672619,-1.50029761905
2012-10-24 06:43:54,601,1,53.0873511905,-2.03861607143
2012-10-24 06:43:55,602,1,50.7462797619,-2.34107142857
2012-10-24 06:43:56,603,1,48.2459077381,-2.50037202381
2012-10-24 06:43:57,604,1,45.4743303571,-2.77157738095
2012-10-24 06:43:58,605,1,42.0924107143,-3.38191964286
2012-10-24 06:43:59,606,1,37.7764880952,-4.31592261905
2012-10-24 06:44:00,607,1,32.5509672619,-5.22552083333
2012-10-24 06:44:01,608,1,26.9508928571,-5.60007440476
2012-10-24 06:44:02,609,1,21.8484375,-5.10245535714
2012-10-24 06:44:03,610,1,18.0348958333,-3.81354166667
2012-10-24 06:44:04,611,1,15.8259672619,-2.20892857143
2012-10-24 06:44:05,612,1,14.9482886905,-0.877678571429
2012-10-24 06:44:06,613,1,14.7243303571,-0.223958333333
2012-10-24 06:44:07,614,1,14.3720982143,-0.352232142857
2012-10-24 06:44:08,615,1,13.2945684524,-1.0775297619
2012-10-24 06:44:09,616,1,11.2760416667,-2.01852678571
2012-10-24 06:44:10,617,1,8.50654761905,-2.76949404762
2012-10-24 06:44:11,618,1,5.48392857143,-3.02261904762
2012-10-24 06:44:12,619,1,2.88199404762,-2.60193452381
2012-10-24 06:44:13,620,1,0.0,-2.88199404762
2012-10-24 06:45:11,678,58,0.0,0.0
2012-10-24 06:45:12,679,1,2.32358630952,2.32358630952
2012-10-24 06:45:13,680,1,3.909375,1.58578869048
2012-10-24 06:45:14,681,1,5.44032738095,1.53095238095
2012-10-24 06:45:15,682,1,6.73258928571,1.29226190476
2012-10-24 06:45:16,683,1,7.85639880952,1.12380952381
2012-10-24 06:45:17,684,1,8.89203869048,1.03563988095
2012-10-24 06:45:18,685,1,9.84568452381,0.953645833333
2012-10-24 06:45:19,686,1,10.73125,0.88556547619
2012-10-24 06:45:20,687,1,11.6678571429,0.936607142857
2012-10-24 06:45:21,688,1,12.8301339286,1.16227678571
2012-10-24 06:45:22,689,1,14.2952380952,1.46510416667
2012-10-24 06:45:23,690,1,15.9829613095,1.68772321429
2012-10-24 06:45:24,691,1,17.7431547619,1.76019345238
2012-10-24 06:45:25,692,1,19.4744047619,1.73125
2012-10-24 06:45:26,693,1,21.1732142857,1.69880952381
2012-10-24 06:45:27,694,1,22.8911458333,1.71793154762
2012-10-24 06:45:28,695,1,24.631547619,1.74040178571
2012-10-24 06:45:29,696,1,26.2779017857,1.64635416667
2012-10-24 06:45:30,697,1,27.641889881,1.36398809524
2012-10-24 06:45:31,698,1,28.5729910714,0.931101190476
2012-10-24 06:45:32,699,1,28.9816220238,0.408630952381
2012-10-24 06:45:33,700,1,28.7715029762,-0.210119047619
2012-10-24 06:45:34,701,1,27.8115327381,-0.959970238095
2012-10-24 06:45:35,702,1,25.9948660714,-1.81666666667
2012-10-24 06:45:36,703,1,23.3083829365,-2.68648313492
2012-10-24 06:45:37,704,1,19.8483134921,-3.46006944444
2012-10-24 06:45:38,705,1,15.8327380952,-4.01557539683
2012-10-24 06:45:39,706,1,11.6667906746,-4.16594742063
2012-10-24 06:45:40,707,1,7.93551587302,-3.73127480159
2012-10-24 06:45:41,708,1,5.18891369048,-2.74660218254
2012-10-24 06:45:42,709,1,3.64878472222,-1.54012896825
2012-10-24 06:45:43,710,1,3.09734623016,-0.551438492063
2012-10-24 06:45:44,711,1,3.07641369048,-0.0209325396825
2012-10-24 06:45:45,712,1,3.25012400794,0.17371031746
2012-10-24 06:45:46,713,1,3.56825396825,0.318129960317
2012-10-24 06:45:47,714,1,4.0990327381,0.530778769841
2012-10-24 06:45:48,715,1,4.80451388889,0.705481150794
2012-10-24 06:45:49,716,1,5.48268849206,0.678174603175
2012-10-24 06:45:50,717,1,5.84717261905,0.364484126984
2012-10-24 06:45:51,718,1,5.65771329365,-0.189459325397
2012-10-24 06:45:52,719,1,4.82762896825,-0.830084325397
2012-10-24 06:45:53,720,1,3.48623511905,-1.34139384921
2012-10-24 06:45:54,721,1,2.03169642857,-1.45453869048
2012-10-24 06:45:55,722,1,0.0,-2.03169642857
2012-10-24 06:46:09,736,14,0.0,0.0
2012-10-24 06:46:10,737,1,2.76145833333,2.76145833333
2012-10-24 06:46:11,738,1,5.28883928571,2.52738095238
2012-10-24 06:46:12,739,1,8.34873511905,3.05989583333
2012-10-24 06:46:13,740,1,11.4451636905,3.09642857143
2012-10-24 06:46:14,741,1,14.2120535714,2.76688988095
2012-10-24 06:46:15,742,1,16.4890625,2.27700892857
2012-10-24 06:46:16,743,1,18.329985119,1.84092261905
2012-10-24 06:46:17,744,1,19.8916666667,1.56168154762
2012-10-24 06:46:18,745,1,21.2899553571,1.39828869048
2012-10-24 06:46:19,746,1,22.5497767857,1.25982142857
2012-10-24 06:46:20,747,1,23.6712053571,1.12142857143
2012-10-24 06:46:21,748,1,24.7045386905,1.03333333333
2012-10-24 06:46:22,749,1,25.7210565476,1.01651785714
2012-10-24 06:46:23,750,1,26.7177827381,0.996726190476
2012-10-24 06:46:24,751,1,27.584077381,0.866294642857
2012-10-24 06:46:25,752,1,28.1580357143,0.573958333333
2012-10-24 06:46:26,753,1,28.2840029762,0.125967261905
2012-10-24 06:46:27,754,1,27.8105654762,-0.4734375
2012-10-24 06:46:28,755,1,26.5954613095,-1.21510416667
2012-10-24 06:46:29,756,1,24.6175595238,-1.97790178571
2012-10-24 06:46:30,757,1,22.1340029762,-2.48355654762
2012-10-24 06:46:31,758,1,19.6713541667,-2.46264880952
2012-10-24 06:46:32,759,1,17.7735119048,-1.8978422619
2012-10-24 06:46:33,760,1,16.7093005952,-1.06421130952
2012-10-24 06:46:34,761,1,16.3920386905,-0.317261904762
2012-10-24 06:46:35,762,1,16.5422619048,0.150223214286
2012-10-24 06:46:36,763,1,16.9088541667,0.366592261905
2012-10-24 06:46:37,764,1,17.3576636905,0.44880952381
2012-10-24 06:46:38,765,1,17.823735119,0.466071428571
2012-10-24 06:46:39,766,1,18.2619791667,0.438244047619
2012-10-24 06:46:40,767,1,18.65625,0.394270833333
2012-10-24 06:46:41,768,1,19.0321428571,0.375892857143
2012-10-24 06:46:42,769,1,19.4314732143,0.399330357143
2012-10-24 06:46:43,770,1,19.8697916667,0.438318452381
2012-10-24 06:46:44,771,1,20.316889881,0.447098214286
2012-10-24 06:46:45,772,1,20.710639881,0.39375
2012-10-24 06:46:46,773,1,20.9860119048,0.275372023809
2012-10-24 06:46:47,774,1,21.0927827381,0.106770833333
2012-10-24 06:46:48,775,1,20.9624255952,-0.130357142857
2012-10-24 06:46:49,776,1,20.4338541667,-0.528571428571
2012-10-24 06:46:50,777,1,19.2559027778,-1.17795138889
2012-10-24 06:46:51,778,1,17.2380704365,-2.01783234127
2012-10-24 06:46:52,779,1,14.4442708333,-2.79379960317
2012-10-24 06:46:53,780,1,11.2679315476,-3.17633928571
2012-10-24 06:46:54,781,1,8.2912202381,-2.97671130952
2012-10-24 06:46:55,782,1,5.99174107143,-2.29947916667
2012-10-24 06:46:56,783,1,4.52450396825,-1.46723710317
2012-10-24 06:46:57,784,1,3.69749503968,-0.827008928571
2012-10-24 06:46:58,785,1,3.09568452381,-0.601810515873
2012-10-24 06:46:59,786,1,2.35037202381,-0.7453125
2012-10-24 06:47:00,787,1,1.48435019841,-0.866021825397
2012-10-24 06:47:01,788,1,0.0,-1.48435019841
2012-10-24 14:14:29,27636,26848,0.0,0.0
2012-10-24 14:14:30,27637,1,4.06728670635,4.06728670635
2012-10-24 14:14:31,27638,1,7.43005952381,3.36277281746
2012-10-24 14:14:32,27639,1,11.2657738095,3.83571428571
2012-10-24 14:14:33,27640,1,15.0411210317,3.77534722222
2012-10-24 14:14:34,27641,1,18.3192956349,3.27817460317
2012-10-24 14:14:35,27642,1,20.7225446429,2.40324900794
2012-10-24 14:14:36,27643,1,22.0440228175,1.3214781746
2012-10-24 14:14:37,27644,1,22.3468253968,0.302802579365
2012-10-24 14:14:38,27645,1,21.9130208333,-0.433804563492
2012-10-24 14:14:39,27646,1,21.061359127,-0.851661706349
2012-10-24 14:14:40,27647,1,20.0107390873,-1.05062003968
2012-10-24 14:14:41,27648,1,18.9138392857,-1.09689980159
2012-10-24 14:14:42,27649,1,17.9251488095,-0.98869047619
2012-10-24 14:14:43,27650,1,17.144047619,-0.781101190476
2012-10-24 14:14:44,27651,1,16.4985863095,-0.645461309524
2012-10-24 14:14:45,27652,1,15.7130952381,-0.785491071429
2012-10-24 14:14:46,27653,1,14.4307291667,-1.28236607143
2012-10-24 14:14:47,27654,1,12.4492559524,-1.98147321429
2012-10-24 14:14:48,27655,1,9.8734375,-2.57581845238
2012-10-24 14:14:49,27656,1,7.04032738095,-2.83311011905
2012-10-24 14:14:50,27657,1,4.35535714286,-2.6849702381
2012-10-24 14:14:51,27658,1,2.25037202381,-2.10498511905
2012-10-24 14:14:52,27659,1,0.0,-2.25037202381
2012-10-24 14:15:24,27691,32,0.0,0.0
2012-10-24 14:15:25,27692,1,3.78705357143,3.78705357143
2012-10-24 14:15:26,27693,1,6.89181547619,3.10476190476
2012-10-24 14:15:27,27694,1,10.3639136905,3.47209821429
2012-10-24 14:15:28,27695,1,13.7135416667,3.34962797619
2012-10-24 14:15:29,27696,1,16.6592261905,2.94568452381
2012-10-24 14:15:30,27697,1,18.9895833333,2.33035714286
2012-10-24 14:15:31,27698,1,20.5372767857,1.54769345238
2012-10-24 14:15:32,27699,1,21.2597470238,0.722470238095
2012-10-24 14:15:33,27700,1,21.2531994048,-0.0065476190476
2012-10-24 14:15:34,27701,1,20.6021577381,-0.651041666667
2012-10-24 14:15:35,27702,1,19.2267857143,-1.37537202381
2012-10-24 14:15:36,27703,1,16.9965029762,-2.2302827381
2012-10-24 14:15:37,27704,1,14.0720238095,-2.92447916667
2012-10-24 14:15:38,27705,1,11.0805059524,-2.99151785714
2012-10-24 14:15:39,27706,1,8.8509672619,-2.22953869048
2012-10-24 14:15:40,27707,1,7.89553571429,-0.955431547619
2012-10-24 14:15:41,27708,1,8.08988095238,0.194345238095
2012-10-24 14:15:42,27709,1,8.83169642857,0.74181547619
2012-10-24 14:15:43,27710,1,9.49888392857,0.6671875
2012-10-24 14:15:44,27711,1,9.77633928571,0.277455357143
2012-10-24 14:15:45,27712,1,9.65171130952,-0.12462797619
2012-10-24 14:15:46,27713,1,9.24717261905,-0.404538690476
2012-10-24 14:15:47,27714,1,8.71436011905,-0.5328125
2012-10-24 14:15:48,27715,1,8.22462797619,-0.489732142857
2012-10-24 14:15:49,27716,1,7.9546875,-0.26994047619
2012-10-24 14:15:50,27717,1,8.01011904762,0.055431547619
2012-10-24 14:15:51,27718,1,8.33080357143,0.32068452381
2012-10-24 14:15:52,27719,1,8.67455357143,0.34375
2012-10-24 14:15:53,27720,1,8.71488095238,0.0403273809524
2012-10-24 14:15:54,27721,1,8.171875,-0.543005952381
2012-10-24 14:15:55,27722,1,6.90580357143,-1.26607142857
2012-10-24 14:15:56,27723,1,5.01331845238,-1.89248511905
2012-10-24 14:15:57,27724,1,2.94880952381,-2.06450892857
2012-10-24 14:15:58,27725,1,0.0,-2.94880952381
2012-10-24 14:42:49,29336,1611,0.0,0.0
2012-10-24 14:42:50,29337,1,2.30915178571,2.30915178571
2012-10-24 14:42:51,29338,1,4.05424107143,1.74508928571
2012-10-24 14:42:52,29339,1,5.80319940476,1.74895833333
2012-10-24 14:42:53,29340,1,7.12730654762,1.32410714286
2012-10-24 14:42:54,29341,1,7.90915178571,0.781845238095
2012-10-24 14:42:55,29342,1,8.23132440476,0.322172619048
2012-10-24 14:42:56,29343,1,8.25669642857,0.0253720238095
2012-10-24 14:42:57,29344,1,8.15639880952,-0.100297619048
2012-10-24 14:42:58,29345,1,8.07507440476,-0.0813244047619
2012-10-24 14:42:59,29346,1,8.10074404762,0.0256696428572
2012-10-24 14:43:00,29347,1,8.24099702381,0.14025297619
2012-10-24 14:43:01,29348,1,8.43802083333,0.197023809524
2012-10-24 14:43:02,29349,1,8.62619047619,0.188169642857
2012-10-24 14:43:03,29350,1,8.77395833333,0.147767857143
2012-10-24 14:43:04,29351,1,8.84709821429,0.0731398809524
2012-10-24 14:43:05,29352,1,8.72410714286,-0.122991071429
2012-10-24 14:43:06,29353,1,8.1915922619,-0.532514880952
2012-10-24 14:43:07,29354,1,7.09955357143,-1.09203869048
2012-10-24 14:43:08,29355,1,5.58467261905,-1.51488095238
2012-10-24 14:43:09,29356,1,4.14813988095,-1.4365327381
2012-10-24 14:43:10,29357,1,3.44203869048,-0.706101190476
2012-10-24 14:43:11,29358,1,3.89404761905,0.452008928571
2012-10-24 14:43:12,29359,1,5.49776785714,1.6037202381
2012-10-24 14:43:13,29360,1,7.90699404762,2.40922619048
2012-10-24 14:43:14,29361,1,10.6723214286,2.76532738095
2012-10-24 14:43:15,29362,1,13.4206845238,2.74836309524
2012-10-24 14:43:16,29363,1,15.9010416667,2.48035714286
2012-10-24 14:43:17,29364,1,17.9424107143,2.04136904762
2012-10-24 14:43:18,29365,1,19.4092261905,1.46681547619
2012-10-24 14:43:19,29366,1,20.1629464286,0.753720238095
2012-10-24 14:43:20,29367,1,20.0305059524,-0.13244047619
2012-10-24 14:43:21,29368,1,18.8656994048,-1.16480654762
2012-10-24 14:43:22,29369,1,16.7413690476,-2.12433035714
2012-10-24 14:43:23,29370,1,14.1104910714,-2.63087797619
2012-10-24 14:43:24,29371,1,11.6783482143,-2.43214285714
2012-10-24 14:43:25,29372,1,9.96681547619,-1.7115327381
2012-10-24 14:43:26,29373,1,8.95907738095,-1.00773809524
2012-10-24 14:43:27,29374,1,8.21629464286,-0.742782738095
2012-10-24 14:43:28,29375,1,7.33541666667,-0.88087797619
2012-10-24 14:43:29,29376,1,6.27105654762,-1.06436011905
2012-10-24 14:43:30,29377,1,5.26636904762,-1.0046875
2012-10-24 14:43:31,29378,1,4.53578869048,-0.730580357143
2012-10-24 14:43:32,29379,1,4.0837797619,-0.452008928571
2012-10-24 14:43:33,29380,1,3.88705357143,-0.196726190476
2012-10-24 14:43:34,29381,1,4.12544642857,0.238392857143
2012-10-24 14:43:35,29382,1,5.06160714286,0.936160714286
2012-10-24 14:43:36,29383,1,6.74672619048,1.68511904762
2012-10-24 14:43:37,29384,1,8.94241071429,2.19568452381
2012-10-24 14:43:38,29385,1,11.3079613095,2.36555059524
2012-10-24 14:43:39,29386,1,13.65,2.34203869048
2012-10-24 14:43:40,29387,1,15.9869047619,2.3369047619
2012-10-24 14:43:41,29388,1,18.3619047619,2.375
2012-10-24 14:43:42,29389,1,20.6453869048,2.28348214286
2012-10-24 14:43:43,29390,1,22.548735119,1.90334821429
2012-10-24 14:43:44,29391,1,23.7896577381,1.24092261905
2012-10-24 14:43:45,29392,1,24.2380208333,0.448363095238
2012-10-24 14:43:46,29393,1,23.9475446429,-0.290476190476
2012-10-24 14:43:47,29394,1,23.0734375,-0.874107142857
2012-10-24 14:43:48,29395,1,21.7535714286,-1.31986607143
2012-10-24 14:43:49,29396,1,20.0430803571,-1.71049107143
2012-10-24 14:43:50,29397,1,17.9325892857,-2.11049107143
2012-10-24 14:43:51,29398,1,15.4210565476,-2.5115327381
2012-10-24 14:43:52,29399,1,12.5669642857,-2.8540922619
2012-10-24 14:43:53,29400,1,9.47418154762,-3.0927827381
2012-10-24 14:43:54,29401,1,6.31830357143,-3.15587797619
2012-10-24 14:43:55,29402,1,3.51138392857,-2.80691964286
2012-10-24 14:43:56,29403,1,0.0,-3.51138392857
2012-10-24 14:44:55,29462,59,0.0,0.0
2012-10-24 14:44:56,29463,1,3.40505952381,3.40505952381
2012-10-24 14:44:57,29464,1,5.97700892857,2.57194940476
2012-10-24 14:44:58,29465,1,8.53058035714,2.55357142857
2012-10-24 14:44:59,29466,1,10.5200892857,1.98950892857
2012-10-24 14:45:00,29467,1,11.8991815476,1.3790922619
2012-10-24 14:45:01,29468,1,12.9203125,1.02113095238
2012-10-24 14:45:02,29469,1,13.8728422619,0.952529761905
2012-10-24 14:45:03,29470,1,14.9130208333,1.04017857143
2012-10-24 14:45:04,29471,1,16.0337797619,1.12075892857
2012-10-24 14:45:05,29472,1,17.1448660714,1.11108630952
2012-10-24 14:45:06,29473,1,18.1802827381,1.03541666667
2012-10-24 14:45:07,29474,1,19.1555803571,0.975297619048
2012-10-24 14:45:08,29475,1,20.1540178571,0.9984375
2012-10-24 14:45:09,29476,1,21.2569196429,1.10290178571
2012-10-24 14:45:10,29477,1,22.4718005952,1.21488095238
2012-10-24 14:45:11,29478,1,23.7203125,1.24851190476
2012-10-24 14:45:12,29479,1,24.8746279762,1.15431547619
2012-10-24 14:45:13,29480,1,25.7973214286,0.922693452381
2012-10-24 14:45:14,29481,1,26.3829613095,0.585639880952
2012-10-24 14:45:15,29482,1,26.6056547619,0.222693452381
2012-10-24 14:45:16,29483,1,26.5431547619,-0.0625
2012-10-24 14:45:17,29484,1,26.3455357143,-0.197619047619
2012-10-24 14:45:18,29485,1,26.1621279762,-0.183407738095
2012-10-24 14:45:19,29486,1,26.0790922619,-0.0830357142857
2012-10-24 14:45:20,29487,1,26.0954613095,0.016369047619
2012-10-24 14:45:21,29488,1,26.1349702381,0.0395089285714
2012-10-24 14:45:22,29489,1,26.0963541667,-0.0386160714285
2012-10-24 14:45:23,29490,1,25.923735119,-0.172619047619
2012-10-24 14:45:24,29491,1,25.6436755952,-0.280059523809
2012-10-24 14:45:25,29492,1,25.3364583333,-0.307217261905
2012-10-24 14:45:26,29493,1,25.0600446429,-0.276413690476
2012-10-24 14:45:27,29494,1,24.7836309524,-0.276413690476
2012-10-24 14:45:28,29495,1,24.398139881,-0.385491071429
2012-10-24 14:45:29,29496,1,23.7989583333,-0.599181547619
2012-10-24 14:45:30,29497,1,22.9428571429,-0.856101190476
2012-10-24 14:45:31,29498,1,21.8191964286,-1.12366071429
2012-10-24 14:45:32,29499,1,20.3807291667,-1.4384672619
2012-10-24 14:45:33,29500,1,18.5156994048,-1.8650297619
2012-10-24 14:45:34,29501,1,16.1125,-2.40319940476
2012-10-24 14:45:35,29502,1,13.1691220238,-2.94337797619
2012-10-24 14:45:36,29503,1,9.84188988095,-3.32723214286
2012-10-24 14:45:37,29504,1,6.44642857143,-3.39546130952
2012-10-24 14:45:38,29505,1,3.4927827381,-2.95364583333
2012-10-24 14:45:39,29506,1,0.0,-3.4927827381
2012-10-24 14:46:08,29535,29,0.0,0.0
2012-10-24 14:46:09,29536,1,2.71421130952,2.71421130952
2012-10-24 14:46:10,29537,1,5.09933035714,2.38511904762
2012-10-24 14:46:11,29538,1,7.90446428571,2.80513392857
2012-10-24 14:46:12,29539,1,10.6890625,2.78459821429
2012-10-24 14:46:13,29540,1,13.2599702381,2.5709077381
2012-10-24 14:46:14,29541,1,15.5617559524,2.30178571429
2012-10-24 14:46:15,29542,1,17.5601190476,1.99836309524
2012-10-24 14:46:16,29543,1,19.1938244048,1.63370535714
2012-10-24 14:46:17,29544,1,20.4177083333,1.22388392857
2012-10-24 14:46:18,29545,1,21.2641369048,0.846428571429
2012-10-24 14:46:19,29546,1,21.8198660714,0.555729166667
2012-10-24 14:46:20,29547,1,22.1470982143,0.327232142857
2012-10-24 14:46:21,29548,1,22.2384672619,0.0913690476191
2012-10-24 14:46:22,29549,1,22.0122767857,-0.22619047619
2012-10-24 14:46:23,29550,1,21.3251488095,-0.68712797619
2012-10-24 14:46:24,29551,1,20.0156994048,-1.30944940476
2012-10-24 14:46:25,29552,1,17.9890997024,-2.02659970238
2012-10-24 14:46:26,29553,1,15.3096540179,-2.67944568452
2012-10-24 14:46:27,29554,1,12.2391741071,-3.07047991071
2012-10-24 14:46:28,29555,1,9.18446800595,-3.05470610119
2012-10-24 14:46:29,29556,1,6.56283482143,-2.62163318452
2012-10-24 14:46:30,29557,1,4.64056919643,-1.922265625
2012-10-24 14:46:31,29558,1,3.45219494048,-1.18837425595
2012-10-24 14:46:32,29559,1,2.85446428571,-0.597730654762
2012-10-24 14:46:33,29560,1,2.64676339286,-0.207700892857
2012-10-24 14:46:34,29561,1,2.66315104167,0.0163876488095
2012-10-24 14:46:35,29562,1,2.75978422619,0.0966331845238
2012-10-24 14:46:36,29563,1,2.72334449405,-0.0364397321429
2012-10-24 14:46:37,29564,1,2.31610863095,-0.407235863095
2012-10-24 14:46:38,29565,1,1.55217633929,-0.763932291667
2012-10-24 14:46:39,29566,1,0.0,-1.55217633929
2012-10-24 18:30:12,42979,13413,0.0,0.0
2012-10-24 18:30:13,42980,1,1.21227678571,1.21227678571
2012-10-24 18:30:14,42981,1,2.21294642857,1.00066964286
2012-10-24 18:30:15,42982,1,3.553125,1.34017857143
2012-10-24 18:30:16,42983,1,5.22410714286,1.67098214286
2012-10-24 18:30:17,42984,1,7.1853422619,1.96123511905
2012-10-24 18:30:18,42985,1,9.30342261905,2.11808035714
2012-10-24 18:30:19,42986,1,11.4627604167,2.15933779762
2012-10-24 18:30:20,42987,1,13.6242559524,2.16149553571
2012-10-24 18:30:21,42988,1,15.6942708333,2.07001488095
2012-10-24 18:30:22,42989,1,17.4056547619,1.71138392857
2012-10-24 18:30:23,42990,1,18.467485119,1.06183035714
2012-10-24 18:30:24,42991,1,18.8597470238,0.392261904762
2012-10-24 18:30:25,42992,1,18.9182291667,0.0584821428572
2012-10-24 18:30:26,42993,1,19.0964285714,0.178199404762
2012-10-24 18:30:27,42994,1,19.6322916667,0.535863095238
2012-10-24 18:30:28,42995,1,20.4029761905,0.770684523809
2012-10-24 18:30:29,42996,1,21.0588541667,0.65587797619
2012-10-24 18:30:30,42997,1,21.2944940476,0.235639880952
2012-10-24 18:30:31,42998,1,21.0015625,-0.292931547619
2012-10-24 18:30:32,42999,1,20.190625,-0.8109375
2012-10-24 18:30:33,43000,1,18.8351934524,-1.35543154762
2012-10-24 18:30:34,43001,1,16.8384672619,-1.99672619048
2012-10-24 18:30:35,43002,1,14.1344494048,-2.70401785714
2012-10-24 18:30:36,43003,1,10.809672619,-3.32477678571
2012-10-24 18:30:37,43004,1,7.19568452381,-3.61398809524
2012-10-24 18:30:38,43005,1,3.95744047619,-3.23824404762
2012-10-24 18:30:39,43006,1,0.0,-3.95744047619
2012-10-24 18:31:11,43038,32,0.0,0.0
2012-10-24 18:31:12,43039,1,4.7640625,4.7640625
2012-10-24 18:31:13,43040,1,8.64360119048,3.87953869048
2012-10-24 18:31:14,43041,1,12.9296875,4.28608630952
2012-10-24 18:31:15,43042,1,16.9375744048,4.00788690476
2012-10-24 18:31:16,43043,1,20.384077381,3.44650297619
2012-10-24 18:31:17,43044,1,23.2179315476,2.83385416667
2012-10-24 18:31:18,43045,1,25.487202381,2.26927083333
2012-10-24 18:31:19,43046,1,27.3066220238,1.81941964286
2012-10-24 18:31:20,43047,1,28.8522321429,1.54561011905
2012-10-24 18:31:21,43048,1,30.2915922619,1.43936011905
2012-10-24 18:31:22,43049,1,31.6864583333,1.39486607143
2012-10-24 18:31:23,43050,1,32.9882440476,1.30178571429
2012-10-24 18:31:24,43051,1,34.1337053571,1.14546130952
2012-10-24 18:31:25,43052,1,35.1273065476,0.993601190476
2012-10-24 18:31:26,43053,1,36.0439732143,0.916666666667
2012-10-24 18:31:27,43054,1,36.9801339286,0.936160714286
2012-10-24 18:31:28,43055,1,38.0038690476,1.02373511905
2012-10-24 18:31:29,43056,1,39.1441220238,1.14025297619
2012-10-24 18:31:30,43057,1,40.4197172619,1.2755952381
2012-10-24 18:31:31,43058,1,41.8573660714,1.43764880952
2012-10-24 18:31:32,43059,1,43.4670386905,1.60967261905
2012-10-24 18:31:33,43060,1,45.2075892857,1.74055059524
2012-10-24 18:31:34,43061,1,46.9837053571,1.77611607143
2012-10-24 18:31:35,43062,1,48.6756696429,1.69196428571
2012-10-24 18:31:36,43063,1,50.1773809524,1.50171130952
2012-10-24 18:31:37,43064,1,51.4170386905,1.2396577381
2012-10-24 18:31:38,43065,1,52.3537202381,0.936681547619
2012-10-24 18:31:39,43066,1,52.966889881,0.613169642857
2012-10-24 18:31:40,43067,1,53.2588541667,0.291964285714
2012-10-24 18:31:41,43068,1,53.263764881,0.0049107142857
2012-10-24 18:31:42,43069,1,53.040327381,-0.2234375
2012-10-24 18:31:43,43070,1,52.6628720238,-0.377455357143
2012-10-24 18:31:44,43071,1,52.2383184524,-0.424553571428
2012-10-24 18:31:45,43072,1,51.9160714286,-0.32224702381
2012-10-24 18:31:46,43073,1,51.8503720238,-0.0656994047619
2012-10-24 18:31:47,43074,1,52.1297619048,0.279389880952
2012-10-24 18:31:48,43075,1,52.7119047619,0.582142857143
2012-10-24 18:31:49,43076,1,53.4215029762,0.709598214286
2012-10-24 18:31:50,43077,1,54.0404017857,0.618898809524
2012-10-24 18:31:51,43078,1,54.4165178571,0.376116071429
2012-10-24 18:31:52,43079,1,54.5152529762,0.0987351190476
2012-10-24 18:31:53,43080,1,54.4203125,-0.0949404761905
2012-10-24 18:31:54,43081,1,54.287202381,-0.133110119048
2012-10-24 18:31:55,43082,1,54.249702381,-0.0375
2012-10-24 18:31:56,43083,1,54.3569196429,0.107217261905
2012-10-24 18:31:57,43084,1,54.6011904762,0.244270833333
2012-10-24 18:31:58,43085,1,54.9782738095,0.377083333333
2012-10-24 18:31:59,43086,1,55.5067708333,0.528497023809
2012-10-24 18:32:00,43087,1,56.2044642857,0.697693452381
2012-10-24 18:32:01,43088,1,57.0383928571,0.833928571429
2012-10-24 18:32:02,43089,1,57.8881696429,0.849776785714
2012-10-24 18:32:03,43090,1,58.5944940476,0.706324404762
2012-10-24 18:32:04,43091,1,59.0769345238,0.48244047619
2012-10-24 18:32:05,43092,1,59.4029017857,0.325967261905
2012-10-24 18:32:06,43093,1,59.7525297619,0.349627976191
2012-10-24 18:32:07,43094,1,60.3183035714,0.565773809524
2012-10-24 18:32:08,43095,1,61.1943452381,0.876041666667
2012-10-24 18:32:09,43096,1,62.3279761905,1.13363095238
2012-10-24 18:32:10,43097,1,63.5699404762,1.24196428571
2012-10-24 18:32:11,43098,1,64.7536458333,1.18370535714
2012-10-24 18:32:12,43099,1,65.7301339286,0.976488095238
2012-10-24 18:32:13,43100,1,66.3783482143,0.648214285714
2012-10-24 18:32:14,43101,1,66.6354166667,0.257068452381
2012-10-24 18:32:15,43102,1,66.5397321429,-0.0956845238096
2012-10-24 18:32:16,43103,1,66.2433779762,-0.296354166667
2012-10-24 18:32:17,43104,1,65.9679315476,-0.275446428571
2012-10-24 18:32:18,43105,1,65.9210565476,-0.046875
2012-10-24 18:32:19,43106,1,66.2151041667,0.294047619048
2012-10-24 18:32:20,43107,1,66.8264136905,0.611309523809
2012-10-24 18:32:21,43108,1,67.6163690476,0.789955357143
2012-10-24 18:32:22,43109,1,68.4008928571,0.784523809524
2012-10-24 18:32:23,43110,1,69.0264880952,0.625595238095
2012-10-24 18:32:24,43111,1,69.4146577381,0.388169642857
2012-10-24 18:32:25,43112,1,69.5567708333,0.142113095238
2012-10-24 18:32:26,43113,1,69.4661458333,-0.090625
2012-10-24 18:32:27,43114,1,69.1343005952,-0.331845238095
2012-10-24 18:32:28,43115,1,68.5517857143,-0.582514880952
2012-10-24 18:32:29,43116,1,67.7816964286,-0.770089285714
2012-10-24 18:32:30,43117,1,66.9921875,-0.789508928571
2012-10-24 18:32:31,43118,1,66.3851934524,-0.606994047619
2012-10-24 18:32:32,43119,1,66.062797619,-0.322395833333
2012-10-24 18:32:33,43120,1,65.9417410714,-0.121056547619
2012-10-24 18:32:34,43121,1,65.8047619048,-0.136979166667
2012-10-24 18:32:35,43122,1,65.451264881,-0.35349702381
2012-10-24 18:32:36,43123,1,64.8056547619,-0.645610119048
2012-10-24 18:32:37,43124,1,63.9127232143,-0.892931547619
2012-10-24 18:32:38,43125,1,62.8800595238,-1.03266369048
2012-10-24 18:32:39,43126,1,61.832514881,-1.04754464286
2012-10-24 18:32:40,43127,1,60.8884672619,-0.944047619048
2012-10-24 18:32:41,43128,1,60.1517857143,-0.736681547619
2012-10-24 18:32:42,43129,1,59.7063988095,-0.445386904762
2012-10-24 18:32:43,43130,1,59.6035714286,-0.102827380952
2012-10-24 18:32:44,43131,1,59.8480654762,0.244494047619
2012-10-24 18:32:45,43132,1,60.384672619,0.536607142857
2012-10-24 18:32:46,43133,1,61.0962053571,0.711532738095
2012-10-24 18:32:47,43134,1,61.8418154762,0.745610119048
2012-10-24 18:32:48,43135,1,62.5226934524,0.680877976191
2012-10-24 18:32:49,43136,1,63.1113095238,0.588616071429
2012-10-24 18:32:50,43137,1,63.6114583333,0.500148809524
2012-10-24 18:32:51,43138,1,63.9988839286,0.387425595238
2012-10-24 18:32:52,43139,1,64.2168154762,0.217931547619
2012-10-24 18:32:53,43140,1,64.2319940476,0.0151785714286
2012-10-24 18:32:54,43141,1,64.0915922619,-0.140401785714
2012-10-24 18:32:55,43142,1,63.9258184524,-0.165773809524
2012-10-24 18:32:56,43143,1,63.8844494048,-0.041369047619
2012-10-24 18:32:57,43144,1,64.0511160714,0.166666666667
2012-10-24 18:32:58,43145,1,64.4026041667,0.351488095238
2012-10-24 18:32:59,43146,1,64.8375,0.434895833333
2012-10-24 18:33:00,43147,1,65.2430803571,0.405580357143
2012-10-24 18:33:01,43148,1,65.5516369048,0.308556547619
2012-10-24 18:33:02,43149,1,65.7523809524,0.200744047619
2012-10-24 18:33:03,43150,1,65.8633928571,0.111011904762
2012-10-24 18:33:04,43151,1,65.9006696429,0.0372767857142
2012-10-24 18:33:05,43152,1,65.8709077381,-0.0297619047619
2012-10-24 18:33:06,43153,1,65.7824404762,-0.0884672619047
2012-10-24 18:33:07,43154,1,65.6550595238,-0.127380952381
2012-10-24 18:33:08,43155,1,65.5154761905,-0.139583333333
2012-10-24 18:33:09,43156,1,65.3841517857,-0.131324404762
2012-10-24 18:33:10,43157,1,65.2719494048,-0.112202380952
2012-10-24 18:33:11,43158,1,65.1920386905,-0.0799107142857
2012-10-24 18:33:12,43159,1,65.1758184524,-0.0162202380953
2012-10-24 18:33:13,43160,1,65.2758928571,0.100074404762
2012-10-24 18:33:14,43161,1,65.5436755952,0.267782738095
2012-10-24 18:33:15,43162,1,65.992485119,0.44880952381
2012-10-24 18:33:16,43163,1,66.5758184524,0.583333333333
2012-10-24 18:33:17,43164,1,67.1995535714,0.623735119048
2012-10-24 18:33:18,43165,1,67.7644345238,0.564880952381
2012-10-24 18:33:19,43166,1,68.2151785714,0.450744047619
2012-10-24 18:33:20,43167,1,68.5584077381,0.343229166667
2012-10-24 18:33:21,43168,1,68.8322172619,0.27380952381
2012-10-24 18:33:22,43169,1,69.0579613095,0.225744047619
2012-10-24 18:33:23,43170,1,69.2180803571,0.160119047619
2012-10-24 18:33:24,43171,1,69.2763392857,0.0582589285715
2012-10-24 18:33:25,43172,1,69.2241071429,-0.0522321428571
2012-10-24 18:33:26,43173,1,69.1113095238,-0.112797619048
2012-10-24 18:33:27,43174,1,69.0345238095,-0.0767857142857
2012-10-24 18:33:28,43175,1,69.0974702381,0.0629464285714
2012-10-24 18:33:29,43176,1,69.3696428571,0.272172619048
2012-10-24 18:33:30,43177,1,69.8595238095,0.489880952381
2012-10-24 18:33:31,43178,1,70.5155505952,0.656026785714
2012-10-24 18:33:32,43179,1,71.251860119,0.73630952381
2012-10-24 18:33:33,43180,1,71.9837797619,0.731919642857
2012-10-24 18:33:34,43181,1,72.6580357143,0.674255952381
2012-10-24 18:33:35,43182,1,73.2611607143,0.603125
2012-10-24 18:33:36,43183,1,73.8055803571,0.544419642857
2012-10-24 18:33:37,43184,1,74.3064732143,0.500892857143
2012-10-24 18:33:38,43185,1,74.7504464286,0.443973214286
2012-10-24 18:33:39,43186,1,75.0713541667,0.320907738095
2012-10-24 18:33:40,43187,1,75.1726934524,0.101339285714
2012-10-24 18:33:41,43188,1,74.9918154762,-0.180877976191
2012-10-24 18:33:42,43189,1,74.5483630952,-0.443452380952
2012-10-24 18:33:43,43190,1,73.938764881,-0.609598214286
2012-10-24 18:33:44,43191,1,73.2828125,-0.655952380952
2012-10-24 18:33:45,43192,1,72.6639136905,-0.618898809524
2012-10-24 18:33:46,43193,1,72.1135416667,-0.55037202381
2012-10-24 18:33:47,43194,1,71.6398809524,-0.473660714286
2012-10-24 18:33:48,43195,1,71.2622767857,-0.377604166667
2012-10-24 18:33:49,43196,1,71.0322172619,-0.23005952381
2012-10-24 18:33:50,43197,1,71.0306547619,-0.00156249999991
2012-10-24 18:33:51,43198,1,71.3320684524,0.301413690476
2012-10-24 18:33:52,43199,1,71.9523809524,0.6203125
2012-10-24 18:33:53,43200,1,72.8139880952,0.861607142857
2012-10-24 18:33:54,43201,1,73.7498511905,0.935863095238
2012-10-24 18:33:55,43202,1,74.5542410714,0.804389880952
2012-10-24 18:33:56,43203,1,75.0688988095,0.514657738095
2012-10-24 18:33:57,43204,1,75.2567708333,0.18787202381
2012-10-24 18:33:58,43205,1,75.2091517857,-0.047619047619
2012-10-24 18:33:59,43206,1,75.0916666667,-0.117485119048
2012-10-24 18:34:00,43207,1,75.0716517857,-0.0200148809524
2012-10-24 18:34:01,43208,1,75.2480654762,0.176413690476
2012-10-24 18:34:02,43209,1,75.6051339286,0.357068452381
2012-10-24 18:34:03,43210,1,76.0146577381,0.409523809524
2012-10-24 18:34:04,43211,1,76.2807291667,0.266071428572
2012-10-24 18:34:05,43212,1,76.209672619,-0.0710565476191
2012-10-24 18:34:06,43213,1,75.6957589286,-0.513913690476
2012-10-24 18:34:07,43214,1,74.8035714286,-0.8921875
2012-10-24 18:34:08,43215,1,73.7991815476,-1.00438988095
2012-10-24 18:34:09,43216,1,73.0620535714,-0.73712797619
2012-10-24 18:34:10,43217,1,72.8871279762,-0.174925595238
2012-10-24 18:34:11,43218,1,73.3161458333,0.429017857143
2012-10-24 18:34:12,43219,1,74.133110119,0.816964285714
2012-10-24 18:34:13,43220,1,75.025297619,0.8921875
2012-10-24 18:34:14,43221,1,75.7777529762,0.752455357143
2012-10-24 18:34:15,43222,1,76.3391369048,0.561383928571
2012-10-24 18:34:16,43223,1,76.7415178571,0.402380952381
2012-10-24 18:34:17,43224,1,77.0104910714,0.268973214286
2012-10-24 18:34:18,43225,1,77.153125,0.142633928571
2012-10-24 18:34:19,43226,1,77.1855654762,0.0324404761905
2012-10-24 18:34:20,43227,1,77.1449404762,-0.040625
2012-10-24 18:34:21,43228,1,77.0758184524,-0.0691220238096
2012-10-24 18:34:22,43229,1,77.0020833333,-0.0737351190476
2012-10-24 18:34:23,43230,1,76.9024553571,-0.0996279761905
2012-10-24 18:34:24,43231,1,76.7251488095,-0.177306547619
2012-10-24 18:34:25,43232,1,76.4442708333,-0.28087797619
2012-10-24 18:34:26,43233,1,76.0871279762,-0.357142857143
2012-10-24 18:34:27,43234,1,75.6914434524,-0.39568452381
2012-10-24 18:34:28,43235,1,75.2520089286,-0.43943452381
2012-10-24 18:34:29,43236,1,74.7228422619,-0.529166666667
2012-10-24 18:34:30,43237,1,74.0786458333,-0.644196428571
2012-10-24 18:34:31,43238,1,73.3811011905,-0.697544642857
2012-10-24 18:34:32,43239,1,72.7691220238,-0.611979166667
2012-10-24 18:34:33,43240,1,72.3716517857,-0.397470238095
2012-10-24 18:34:34,43241,1,72.2398809524,-0.131770833333
2012-10-24 18:34:35,43242,1,72.3475446429,0.107663690476
2012-10-24 18:34:36,43243,1,72.6185267857,0.270982142857
2012-10-24 18:34:37,43244,1,72.9575892857,0.3390625
2012-10-24 18:34:38,43245,1,73.2896577381,0.332068452381
2012-10-24 18:34:39,43246,1,73.5854910714,0.295833333333
2012-10-24 18:34:40,43247,1,73.8507440476,0.26525297619
2012-10-24 18:34:41,43248,1,74.0985119048,0.247767857143
2012-10-24 18:34:42,43249,1,74.3369791667,0.238467261905
2012-10-24 18:34:43,43250,1,74.575,0.238020833333
2012-10-24 18:34:44,43251,1,74.8286458333,0.253645833333
2012-10-24 18:34:45,43252,1,75.1136160714,0.284970238095
2012-10-24 18:34:46,43253,1,75.4258184524,0.312202380952
2012-10-24 18:34:47,43254,1,75.7333333333,0.307514880952
2012-10-24 18:34:48,43255,1,75.9925595238,0.259226190476
2012-10-24 18:34:49,43256,1,76.173735119,0.181175595238
2012-10-24 18:34:50,43257,1,76.2772321429,0.10349702381
2012-10-24 18:34:51,43258,1,76.3286458333,0.0514136904761
2012-10-24 18:34:52,43259,1,76.357514881,0.0288690476191
2012-10-24 18:34:53,43260,1,76.3869791667,0.0294642857143
2012-10-24 18:34:54,43261,1,76.4421130952,0.0551339285714
2012-10-24 18:34:55,43262,1,76.5554315476,0.113318452381
2012-10-24 18:34:56,43263,1,76.7560267857,0.200595238095
2012-10-24 18:34:57,43264,1,77.0406994048,0.284672619048
2012-10-24 18:34:58,43265,1,77.352827381,0.312127976191
2012-10-24 18:34:59,43266,1,77.6119791667,0.259151785714
2012-10-24 18:35:00,43267,1,77.7704613095,0.158482142857
2012-10-24 18:35:01,43268,1,77.8338541667,0.0633928571429
2012-10-24 18:35:02,43269,1,77.842485119,0.0086309523809
2012-10-24 18:35:03,43270,1,77.8405505952,-0.0019345238095
2012-10-24 18:35:04,43271,1,77.8544642857,0.0139136904762
2012-10-24 18:35:05,43272,1,77.8988839286,0.0444196428571
2012-10-24 18:35:06,43273,1,77.988764881,0.089880952381
2012-10-24 18:35:07,43274,1,78.1320684524,0.143303571429
2012-10-24 18:35:08,43275,1,78.31875,0.186681547619
2012-10-24 18:35:09,43276,1,78.5188988095,0.200148809524
2012-10-24 18:35:10,43277,1,78.6921875,0.173288690476
2012-10-24 18:35:11,43278,1,78.8087797619,0.116592261905
2012-10-24 18:35:12,43279,1,78.8587053571,0.0499255952382
2012-10-24 18:35:13,43280,1,78.8453869048,-0.013318452381
2012-10-24 18:35:14,43281,1,78.8029761905,-0.0424107142857
2012-10-24 18:35:15,43282,1,78.808110119,0.0051339285714
2012-10-24 18:35:16,43283,1,78.9055059524,0.0973958333333
2012-10-24 18:35:17,43284,1,79.0335565476,0.128050595238
2012-10-24 18:35:18,43285,1,79.0789434524,0.045386904762
2012-10-24 18:35:19,43286,1,78.9773809524,-0.1015625
2012-10-24 18:35:20,43287,1,78.7626488095,-0.214732142857
2012-10-24 18:35:21,43288,1,78.5523065476,-0.210342261905
2012-10-24 18:35:22,43289,1,78.4445684524,-0.107738095238
2012-10-24 18:35:23,43290,1,78.4290178571,-0.015550595238
2012-10-24 18:35:24,43291,1,78.4311011905,0.0020833333333
2012-10-24 18:35:25,43292,1,78.4061755952,-0.0249255952381
2012-10-24 18:35:26,43293,1,78.3845982143,-0.0215773809524
2012-10-24 18:35:27,43294,1,78.4417410714,0.0571428571429
2012-10-24 18:35:28,43295,1,78.6107142857,0.168973214286
2012-10-24 18:35:29,43296,1,78.8383184524,0.227604166667
2012-10-24 18:35:30,43297,1,79.0165178571,0.178199404762
2012-10-24 18:35:31,43298,1,79.0457589286,0.0292410714286
2012-10-24 18:35:32,43299,1,78.9073660714,-0.138392857143
2012-10-24 18:35:33,43300,1,78.6723214286,-0.235044642857
2012-10-24 18:35:34,43301,1,78.4334821429,-0.238839285714
2012-10-24 18:35:35,43302,1,78.261235119,-0.17224702381
2012-10-24 18:35:36,43303,1,78.190625,-0.0706101190476
2012-10-24 18:35:37,43304,1,78.1994791667,0.00885416666671
2012-10-24 18:35:38,43305,1,78.2165922619,0.0171130952381
2012-10-24 18:35:39,43306,1,78.1691964286,-0.0473958333334
2012-10-24 18:35:40,43307,1,78.0128720238,-0.156324404762
2012-10-24 18:35:41,43308,1,77.7196428571,-0.293229166667
2012-10-24 18:35:42,43309,1,77.2579613095,-0.461681547619
2012-10-24 18:35:43,43310,1,76.6073660714,-0.650595238095
2012-10-24 18:35:44,43311,1,75.807514881,-0.799851190476
2012-10-24 18:35:45,43312,1,74.9850446429,-0.822470238095
2012-10-24 18:35:46,43313,1,74.3066220238,-0.678422619048
2012-10-24 18:35:47,43314,1,73.888764881,-0.417857142857
2012-10-24 18:35:48,43315,1,73.7453125,-0.143452380952
2012-10-24 18:35:49,43316,1,73.8085565476,0.063244047619
2012-10-24 18:35:50,43317,1,73.9974702381,0.188913690476
2012-10-24 18:35:51,43318,1,74.2785714286,0.281101190476
2012-10-24 18:35:52,43319,1,74.6668154762,0.388244047619
2012-10-24 18:35:53,43320,1,75.1610863095,0.494270833333
2012-10-24 18:35:54,43321,1,75.6793154762,0.518229166667
2012-10-24 18:35:55,43322,1,76.0709821429,0.391666666667
2012-10-24 18:35:56,43323,1,76.2040922619,0.133110119048
2012-10-24 18:35:57,43324,1,76.0328869048,-0.171205357143
2012-10-24 18:35:58,43325,1,75.5729910714,-0.459895833333
2012-10-24 18:35:59,43326,1,74.8236607143,-0.749330357143
2012-10-24 18:36:00,43327,1,73.7341517857,-1.08950892857
2012-10-24 18:36:01,43328,1,72.2580357143,-1.47611607143
2012-10-24 18:36:02,43329,1,70.45,-1.80803571429
2012-10-24 18:36:03,43330,1,68.5084821429,-1.94151785714
2012-10-24 18:36:04,43331,1,66.7084821429,-1.8
2012-10-24 18:36:05,43332,1,65.2741815476,-1.43430059524
2012-10-24 18:36:06,43333,1,64.2869791667,-0.987202380952
2012-10-24 18:36:07,43334,1,63.6822916667,-0.6046875
2012-10-24 18:36:08,43335,1,63.3240327381,-0.358258928572
2012-10-24 18:36:09,43336,1,63.0912946429,-0.232738095238
2012-10-24 18:36:10,43337,1,62.909672619,-0.18162202381
2012-10-24 18:36:11,43338,1,62.729389881,-0.180282738095
2012-10-24 18:36:12,43339,1,62.5101190476,-0.219270833333
2012-10-24 18:36:13,43340,1,62.2389136905,-0.271205357143
2012-10-24 18:36:14,43341,1,61.9377232143,-0.301190476191
2012-10-24 18:36:15,43342,1,61.6288690476,-0.308854166667
2012-10-24 18:36:16,43343,1,61.2984375,-0.330431547619
2012-10-24 18:36:17,43344,1,60.9055803571,-0.392857142857
2012-10-24 18:36:18,43345,1,60.4303571429,-0.475223214286
2012-10-24 18:36:19,43346,1,59.9092261905,-0.521130952381
2012-10-24 18:36:20,43347,1,59.4178571429,-0.491369047619
2012-10-24 18:36:21,43348,1,59.0288690476,-0.388988095238
2012-10-24 18:36:22,43349,1,58.7954613095,-0.233407738095
2012-10-24 18:36:23,43350,1,58.7459077381,-0.0495535714286
2012-10-24 18:36:24,43351,1,58.8578869048,0.111979166667
2012-10-24 18:36:25,43352,1,59.045610119,0.187723214286
2012-10-24 18:36:26,43353,1,59.1996279762,0.154017857143
2012-10-24 18:36:27,43354,1,59.2540922619,0.0544642857143
2012-10-24 18:36:28,43355,1,59.2255952381,-0.0284970238096
2012-10-24 18:36:29,43356,1,59.1997767857,-0.0258184523809
2012-10-24 18:36:30,43357,1,59.2817708333,0.081994047619
2012-10-24 18:36:31,43358,1,59.5468005952,0.265029761905
2012-10-24 18:36:32,43359,1,60.022172619,0.475372023809
2012-10-24 18:36:33,43360,1,60.6959077381,0.673735119048
2012-10-24 18:36:34,43361,1,61.5267113095,0.830803571429
2012-10-24 18:36:35,43362,1,62.4537202381,0.927008928571
2012-10-24 18:36:36,43363,1,63.4165178571,0.962797619048
2012-10-24 18:36:37,43364,1,64.3740327381,0.957514880952
2012-10-24 18:36:38,43365,1,65.3072172619,0.93318452381
2012-10-24 18:36:39,43366,1,66.2125,0.905282738095
2012-10-24 18:36:40,43367,1,67.0942708333,0.881770833333
2012-10-24 18:36:41,43368,1,67.9532738095,0.85900297619
2012-10-24 18:36:42,43369,1,68.7771577381,0.823883928571
2012-10-24 18:36:43,43370,1,69.540625,0.763467261905
2012-10-24 18:36:44,43371,1,70.208110119,0.667485119048
2012-10-24 18:36:45,43372,1,70.7395089286,0.531398809524
2012-10-24 18:36:46,43373,1,71.1061011905,0.366592261905
2012-10-24 18:36:47,43374,1,71.3060267857,0.199925595238
2012-10-24 18:36:48,43375,1,71.3645833333,0.058556547619
2012-10-24 18:36:49,43376,1,71.3194196429,-0.0451636904762
2012-10-24 18:36:50,43377,1,71.2011160714,-0.118303571428
2012-10-24 18:36:51,43378,1,71.0220238095,-0.179092261905
2012-10-24 18:36:52,43379,1,70.7851190476,-0.236904761905
2012-10-24 18:36:53,43380,1,70.5176339286,-0.267485119048
2012-10-24 18:36:54,43381,1,70.2882440476,-0.229389880952
2012-10-24 18:36:55,43382,1,70.1470982143,-0.141145833333
2012-10-24 18:36:56,43383,1,70.051860119,-0.0952380952381
2012-10-24 18:36:57,43384,1,69.9207589286,-0.131101190476
2012-10-24 18:36:58,43385,1,69.7536458333,-0.167113095238
2012-10-24 18:36:59,43386,1,69.6161458333,-0.1375
2012-10-24 18:37:00,43387,1,69.5217261905,-0.0944196428571
2012-10-24 18:37:01,43388,1,69.4045386905,-0.1171875
2012-10-24 18:37:02,43389,1,69.1831845238,-0.221354166667
2012-10-24 18:37:03,43390,1,68.8460565476,-0.337127976191
2012-10-24 18:37:04,43391,1,68.5020089286,-0.344047619048
2012-10-24 18:37:05,43392,1,68.284077381,-0.217931547619
2012-10-24 18:37:06,43393,1,68.2173363095,-0.0667410714286
2012-10-24 18:37:07,43394,1,68.2591517857,0.0418154761905
2012-10-24 18:37:08,43395,1,68.3836309524,0.124479166667
2012-10-24 18:37:09,43396,1,68.556547619,0.172916666667
2012-10-24 18:37:10,43397,1,68.7085565476,0.152008928571
2012-10-24 18:37:11,43398,1,68.7669642857,0.0584077380952
2012-10-24 18:37:12,43399,1,68.6927827381,-0.0741815476191
2012-10-24 18:37:13,43400,1,68.5036458333,-0.189136904762
2012-10-24 18:37:14,43401,1,68.2654761905,-0.238169642857
2012-10-24 18:37:15,43402,1,68.0421130952,-0.223363095238
2012-10-24 18:37:16,43403,1,67.845610119,-0.19650297619
2012-10-24 18:37:17,43404,1,67.6415922619,-0.204017857143
2012-10-24 18:37:18,43405,1,67.4080357143,-0.233556547619
2012-10-24 18:37:19,43406,1,67.1780505952,-0.229985119048
2012-10-24 18:37:20,43407,1,67.010639881,-0.167410714286
2012-10-24 18:37:21,43408,1,66.9220982143,-0.0885416666667
2012-10-24 18:37:22,43409,1,66.8444940476,-0.0776041666667
2012-10-24 18:37:23,43410,1,66.640625,-0.203869047619
2012-10-24 18:37:24,43411,1,66.1783482143,-0.462276785714
2012-10-24 18:37:25,43412,1,65.4176339286,-0.760714285714
2012-10-24 18:37:26,43413,1,64.4197172619,-0.997916666667
2012-10-24 18:37:27,43414,1,63.2802083333,-1.13950892857
2012-10-24 18:37:28,43415,1,62.0774553571,-1.20275297619
2012-10-24 18:37:29,43416,1,60.8529761905,-1.22447916667
2012-10-24 18:37:30,43417,1,59.6050595238,-1.24791666667
2012-10-24 18:37:31,43418,1,58.3148065476,-1.29025297619
2012-10-24 18:37:32,43419,1,56.9594494048,-1.35535714286
2012-10-24 18:37:33,43420,1,55.4847470238,-1.47470238095
2012-10-24 18:37:34,43421,1,53.8342261905,-1.65052083333
2012-10-24 18:37:35,43422,1,52.0368303571,-1.79739583333
2012-10-24 18:37:36,43423,1,50.2179315476,-1.81889880952
2012-10-24 18:37:37,43424,1,48.5188988095,-1.6990327381
2012-10-24 18:37:38,43425,1,47.0107142857,-1.50818452381
2012-10-24 18:37:39,43426,1,45.6476190476,-1.3630952381
2012-10-24 18:37:40,43427,1,44.2962797619,-1.35133928571
2012-10-24 18:37:41,43428,1,42.8232886905,-1.47299107143
2012-10-24 18:37:42,43429,1,41.1369791667,-1.68630952381
2012-10-24 18:37:43,43430,1,39.1412202381,-1.99575892857
2012-10-24 18:37:44,43431,1,36.6888392857,-2.45238095238
2012-10-24 18:37:45,43432,1,33.6251488095,-3.06369047619
2012-10-24 18:37:46,43433,1,29.9348214286,-3.69032738095
2012-10-24 18:37:47,43434,1,25.912797619,-4.02202380952
2012-10-24 18:37:48,43435,1,22.1703125,-3.74248511905
2012-10-24 18:37:49,43436,1,19.3847470238,-2.78556547619
2012-10-24 18:37:50,43437,1,17.9753720238,-1.409375
2012-10-24 18:37:51,43438,1,17.9183035714,-0.0570684523809
2012-10-24 18:37:52,43439,1,18.7782738095,0.859970238095
2012-10-24 18:37:53,43440,1,19.9483630952,1.17008928571
2012-10-24 18:37:54,43441,1,20.9409970238,0.992633928571
2012-10-24 18:37:55,43442,1,21.5406994048,0.599702380952
2012-10-24 18:37:56,43443,1,21.7985119048,0.2578125
2012-10-24 18:37:57,43444,1,21.937797619,0.139285714286
2012-10-24 18:37:58,43445,1,22.2351934524,0.297395833333
2012-10-24 18:37:59,43446,1,22.9271577381,0.691964285714
2012-10-24 18:38:00,43447,1,24.1521577381,1.225
2012-10-24 18:38:01,43448,1,25.9129464286,1.76078869048
2012-10-24 18:38:02,43449,1,28.0610863095,2.14813988095
2012-10-24 18:38:03,43450,1,30.3505952381,2.28950892857
2012-10-24 18:38:04,43451,1,32.5658482143,2.21525297619
2012-10-24 18:38:05,43452,1,34.6116815476,2.04583333333
2012-10-24 18:38:06,43453,1,36.4929315476,1.88125
2012-10-24 18:38:07,43454,1,38.2433779762,1.75044642857
2012-10-24 18:38:08,43455,1,39.8694940476,1.62611607143
2012-10-24 18:38:09,43456,1,41.3306547619,1.46116071429
2012-10-24 18:38:10,43457,1,42.562797619,1.23214285714
2012-10-24 18:38:11,43458,1,43.5176339286,0.954836309524
2012-10-24 18:38:12,43459,1,44.1787946429,0.661160714286
2012-10-24 18:38:13,43460,1,44.5600446429,0.38125
2012-10-24 18:38:14,43461,1,44.7055803571,0.145535714286
2012-10-24 18:38:15,43462,1,44.6802083333,-0.0253720238096
2012-10-24 18:38:16,43463,1,44.5489583333,-0.13125
2012-10-24 18:38:17,43464,1,44.3754464286,-0.173511904762
2012-10-24 18:38:18,43465,1,44.2285714286,-0.146875
2012-10-24 18:38:19,43466,1,44.1644345238,-0.0641369047619
2012-10-24 18:38:20,43467,1,44.1949404762,0.030505952381
2012-10-24 18:38:21,43468,1,44.2718005952,0.0768601190476
2012-10-24 18:38:22,43469,1,44.3002232143,0.0284226190476
2012-10-24 18:38:23,43470,1,44.1848214286,-0.115401785714
2012-10-24 18:38:24,43471,1,43.8844494048,-0.300372023809
2012-10-24 18:38:25,43472,1,43.433110119,-0.451339285714
2012-10-24 18:38:26,43473,1,42.9024553571,-0.530654761905
2012-10-24 18:38:27,43474,1,42.3243303571,-0.578125
2012-10-24 18:38:28,43475,1,41.6267857143,-0.697544642857
2012-10-24 18:38:29,43476,1,40.644047619,-0.982738095238
2012-10-24 18:38:30,43477,1,39.2037202381,-1.44032738095
2012-10-24 18:38:31,43478,1,37.2019345238,-2.00178571429
2012-10-24 18:38:32,43479,1,34.5899553571,-2.61197916667
2012-10-24 18:38:33,43480,1,31.3177827381,-3.27217261905
2012-10-24 18:38:34,43481,1,27.3657738095,-3.95200892857
2012-10-24 18:38:35,43482,1,22.8960565476,-4.4697172619
2012-10-24 18:38:36,43483,1,18.3029761905,-4.59308035714
2012-10-24 18:38:37,43484,1,14.0275297619,-4.27544642857
2012-10-24 18:38:38,43485,1,10.430952381,-3.59657738095
2012-10-24 18:38:39,43486,1,7.90572916667,-2.52522321429
2012-10-24 18:38:40,43487,1,6.9171875,-0.988541666667
2012-10-24 18:38:41,43488,1,7.78586309524,0.868675595238
2012-10-24 18:38:42,43489,1,10.3904017857,2.60453869048
2012-10-24 18:38:43,43490,1,14.0696428571,3.67924107143
2012-10-24 18:38:44,43491,1,17.9402529762,3.87061011905
2012-10-24 18:38:45,43492,1,21.4191964286,3.47894345238
2012-10-24 18:38:46,43493,1,24.4022321429,2.98303571429
2012-10-24 18:38:47,43494,1,27.0177827381,2.61555059524
2012-10-24 18:38:48,43495,1,29.3738839286,2.35610119048
2012-10-24 18:38:49,43496,1,31.5067708333,2.13288690476
2012-10-24 18:38:50,43497,1,33.4158482143,1.90907738095
2012-10-24 18:38:51,43498,1,35.0720238095,1.65617559524
2012-10-24 18:38:52,43499,1,36.4042410714,1.3322172619
2012-10-24 18:38:53,43500,1,37.3186011905,0.914360119048
2012-10-24 18:38:54,43501,1,37.7435267857,0.424925595238
2012-10-24 18:38:55,43502,1,37.6417410714,-0.101785714286
2012-10-24 18:38:56,43503,1,37.0038690476,-0.63787202381
2012-10-24 18:38:57,43504,1,35.8635416667,-1.14032738095
2012-10-24 18:38:58,43505,1,34.2794642857,-1.58407738095
2012-10-24 18:38:59,43506,1,32.2542410714,-2.02522321429
2012-10-24 18:39:00,43507,1,29.6728422619,-2.58139880952
2012-10-24 18:39:01,43508,1,26.3284970238,-3.3443452381
2012-10-24 18:39:02,43509,1,22.0593005952,-4.26919642857
2012-10-24 18:39:03,43510,1,17.0035714286,-5.05572916667
2012-10-24 18:39:04,43511,1,11.8178571429,-5.18571428571
2012-10-24 18:39:05,43512,1,7.56674107143,-4.25111607143
2012-10-24 18:39:06,43513,1,5.24508928571,-2.32165178571
2012-10-24 18:39:07,43514,1,5.26555059524,0.0204613095238
2012-10-24 18:39:08,43515,1,7.28311011905,2.01755952381
2012-10-24 18:39:09,43516,1,10.4851934524,3.20208333333
2012-10-24 18:39:10,43517,1,14.1186011905,3.6334077381
2012-10-24 18:39:11,43518,1,17.795610119,3.67700892857
2012-10-24 18:39:12,43519,1,21.3788690476,3.58325892857
2012-10-24 18:39:13,43520,1,24.7194196429,3.34055059524
2012-10-24 18:39:14,43521,1,27.5802827381,2.86086309524
2012-10-24 18:39:15,43522,1,29.7573660714,2.17708333333
2012-10-24 18:39:16,43523,1,31.2051339286,1.44776785714
2012-10-24 18:39:17,43524,1,32.0478422619,0.842708333333
2012-10-24 18:39:18,43525,1,32.503422619,0.455580357143
2012-10-24 18:39:19,43526,1,32.7977678571,0.294345238095
2012-10-24 18:39:20,43527,1,33.1107142857,0.312946428571
2012-10-24 18:39:21,43528,1,33.5447172619,0.43400297619
2012-10-24 18:39:22,43529,1,34.1026041667,0.557886904762
2012-10-24 18:39:23,43530,1,34.6915922619,0.588988095238
2012-10-24 18:39:24,43531,1,35.1722470238,0.480654761905
2012-10-24 18:39:25,43532,1,35.4335565476,0.26130952381
2012-10-24 18:39:26,43533,1,35.4469494048,0.0133928571429
2012-10-24 18:39:27,43534,1,35.2694940476,-0.177455357143
2012-10-24 18:39:28,43535,1,35.0119047619,-0.257589285714
2012-10-24 18:39:29,43536,1,34.7954613095,-0.216443452381
2012-10-24 18:39:30,43537,1,34.6991071429,-0.0963541666667
2012-10-24 18:39:31,43538,1,34.7148809524,0.0157738095239
2012-10-24 18:39:32,43539,1,34.7566220238,0.0417410714285
2012-10-24 18:39:33,43540,1,34.7289434524,-0.0276785714285
2012-10-24 18:39:34,43541,1,34.5979910714,-0.130952380952
2012-10-24 18:39:35,43542,1,34.3962053571,-0.201785714286
2012-10-24 18:39:36,43543,1,34.159375,-0.236830357143
2012-10-24 18:39:37,43544,1,33.8652529762,-0.294122023809
2012-10-24 18:39:38,43545,1,33.4258928571,-0.439360119048
2012-10-24 18:39:39,43546,1,32.7081845238,-0.717708333333
2012-10-24 18:39:40,43547,1,31.5351934524,-1.17299107143
2012-10-24 18:39:41,43548,1,29.6851190476,-1.85007440476
2012-10-24 18:39:42,43549,1,26.95625,-2.72886904762
2012-10-24 18:39:43,43550,1,23.3223958333,-3.63385416667
2012-10-24 18:39:44,43551,1,19.1040922619,-4.21830357143
2012-10-24 18:39:45,43552,1,14.9671875,-4.1369047619
2012-10-24 18:39:46,43553,1,11.5863839286,-3.38080357143
2012-10-24 18:39:47,43554,1,9.2119047619,-2.37447916667
2012-10-24 18:39:48,43555,1,7.66889880952,-1.54300595238
2012-10-24 18:39:49,43556,1,6.8119047619,-0.856994047619
2012-10-24 18:39:50,43557,1,6.84427083333,0.0323660714286
2012-10-24 18:39:51,43558,1,8.14456845238,1.30029761905
2012-10-24 18:39:52,43559,1,10.8140625,2.66949404762
2012-10-24 18:39:53,43560,1,14.4014136905,3.58735119048
2012-10-24 18:39:54,43561,1,18.1234375,3.72202380952
2012-10-24 18:39:55,43562,1,21.352827381,3.22938988095
2012-10-24 18:39:56,43563,1,23.7921130952,2.43928571429
2012-10-24 18:39:57,43564,1,25.2438244048,1.45171130952
2012-10-24 18:39:58,43565,1,25.4439732143,0.200148809524
2012-10-24 18:39:59,43566,1,24.2468005952,-1.19717261905
2012-10-24 18:40:00,43567,1,21.9709821429,-2.27581845238
2012-10-24 18:40:01,43568,1,19.5037202381,-2.46726190476
2012-10-24 18:40:02,43569,1,17.9509672619,-1.55275297619
2012-10-24 18:40:03,43570,1,18.0431547619,0.0921875
2012-10-24 18:40:04,43571,1,19.7276041667,1.68444940476
2012-10-24 18:40:05,43572,1,22.2476190476,2.52001488095
2012-10-24 18:40:06,43573,1,24.6413690476,2.39375
2012-10-24 18:40:07,43574,1,26.2345238095,1.5931547619
2012-10-24 18:40:08,43575,1,26.7749255952,0.540401785714
2012-10-24 18:40:09,43576,1,26.2829613095,-0.491964285714
2012-10-24 18:40:10,43577,1,24.862202381,-1.42075892857
2012-10-24 18:40:11,43578,1,22.5755208333,-2.28668154762
2012-10-24 18:40:12,43579,1,19.4521577381,-3.12336309524
2012-10-24 18:40:13,43580,1,15.7104166667,-3.74174107143
2012-10-24 18:40:14,43581,1,12.0345982143,-3.67581845238
2012-10-24 18:40:15,43582,1,9.4962797619,-2.53831845238
2012-10-24 18:40:16,43583,1,9.01793154762,-0.478348214286
2012-10-24 18:40:17,43584,1,10.8053571429,1.78742559524
2012-10-24 18:40:18,43585,1,14.2091517857,3.40379464286
2012-10-24 18:40:19,43586,1,18.1218005952,3.91264880952
2012-10-24 18:40:20,43587,1,21.6085565476,3.48675595238
2012-10-24 18:40:21,43588,1,24.2558035714,2.64724702381
2012-10-24 18:40:22,43589,1,26.0651041667,1.80930059524
2012-10-24 18:40:23,43590,1,27.2069940476,1.14188988095
2012-10-24 18:40:24,43591,1,27.8890625,0.682068452381
2012-10-24 18:40:25,43592,1,28.3113839286,0.422321428571
2012-10-24 18:40:26,43593,1,28.6348958333,0.323511904762
2012-10-24 18:40:27,43594,1,28.9525297619,0.317633928571
2012-10-24 18:40:28,43595,1,29.287202381,0.334672619048
2012-10-24 18:40:29,43596,1,29.6146577381,0.327455357143
2012-10-24 18:40:30,43597,1,29.8883928571,0.273735119048
2012-10-24 18:40:31,43598,1,30.0791666667,0.190773809524
2012-10-24 18:40:32,43599,1,30.2119791667,0.1328125
2012-10-24 18:40:33,43600,1,30.333110119,0.121130952381
2012-10-24 18:40:34,43601,1,30.4263392857,0.0932291666667
2012-10-24 18:40:35,43602,1,30.3860119048,-0.0403273809524
2012-10-24 18:40:36,43603,1,30.0819196429,-0.304092261905
2012-10-24 18:40:37,43604,1,29.4383928571,-0.643526785714
2012-10-24 18:40:38,43605,1,28.4415178571,-0.996875
2012-10-24 18:40:39,43606,1,27.0626488095,-1.37886904762
2012-10-24 18:40:40,43607,1,25.1682291667,-1.89441964286
2012-10-24 18:40:41,43608,1,22.5291666667,-2.6390625
2012-10-24 18:40:42,43609,1,19.0281994048,-3.5009672619
2012-10-24 18:40:43,43610,1,15.0116815476,-4.01651785714
2012-10-24 18:40:44,43611,1,11.4490327381,-3.56264880952
2012-10-24 18:40:45,43612,1,9.56837797619,-1.8806547619
2012-10-24 18:40:46,43613,1,10.1441964286,0.575818452381
2012-10-24 18:40:47,43614,1,12.9944940476,2.85029761905
2012-10-24 18:40:48,43615,1,17.0670386905,4.07254464286
2012-10-24 18:40:49,43616,1,21.0427083333,3.97566964286
2012-10-24 18:40:50,43617,1,23.9591517857,2.91644345238
2012-10-24 18:40:51,43618,1,25.3723214286,1.41316964286
2012-10-24 18:40:52,43619,1,25.1401041667,-0.232217261905
2012-10-24 18:40:53,43620,1,23.2464285714,-1.89367559524
2012-10-24 18:40:54,43621,1,19.8756696429,-3.37075892857
2012-10-24 18:40:55,43622,1,15.6652529762,-4.21041666667
2012-10-24 18:40:56,43623,1,11.7960565476,-3.86919642857
2012-10-24 18:40:57,43624,1,9.58266369048,-2.21339285714
2012-10-24 18:40:58,43625,1,9.77886904762,0.196205357143
2012-10-24 18:40:59,43626,1,12.1782738095,2.3994047619
2012-10-24 18:41:00,43627,1,15.8077380952,3.62946428571
2012-10-24 18:41:01,43628,1,19.5510416667,3.74330357143
2012-10-24 18:41:02,43629,1,22.7020833333,3.15104166667
2012-10-24 18:41:03,43630,1,25.0412202381,2.33913690476
2012-10-24 18:41:04,43631,1,26.5910714286,1.54985119048
2012-10-24 18:41:05,43632,1,27.4381696429,0.847098214286
2012-10-24 18:41:06,43633,1,27.6902529762,0.252083333333
2012-10-24 18:41:07,43634,1,27.4449404762,-0.2453125
2012-10-24 18:41:08,43635,1,26.7358630952,-0.709077380952
2012-10-24 18:41:09,43636,1,25.5130952381,-1.22276785714
2012-10-24 18:41:10,43637,1,23.6968005952,-1.81629464286
2012-10-24 18:41:11,43638,1,21.2462797619,-2.45052083333
2012-10-24 18:41:12,43639,1,18.1898809524,-3.05639880952
2012-10-24 18:41:13,43640,1,14.7232142857,-3.46666666667
2012-10-24 18:41:14,43641,1,11.4162202381,-3.30699404762
2012-10-24 18:41:15,43642,1,9.1880952381,-2.228125
2012-10-24 18:41:16,43643,1,8.79017857143,-0.397916666667
2012-10-24 18:41:17,43644,1,10.2160714286,1.42589285714
2012-10-24 18:41:18,43645,1,12.6456845238,2.42961309524
2012-10-24 18:41:19,43646,1,14.9790178571,2.33333333333
2012-10-24 18:41:20,43647,1,16.5017857143,1.52276785714
2012-10-24 18:41:21,43648,1,17.0922619048,0.590476190476
2012-10-24 18:41:22,43649,1,16.837202381,-0.255059523809
2012-10-24 18:41:23,43650,1,15.6706845238,-1.16651785714
2012-10-24 18:41:24,43651,1,13.5423363095,-2.12834821429
2012-10-24 18:41:25,43652,1,10.7652529762,-2.77708333333
2012-10-24 18:41:26,43653,1,7.9734375,-2.79181547619
2012-10-24 18:41:27,43654,1,5.72462797619,-2.24880952381
2012-10-24 18:41:28,43655,1,4.20037202381,-1.52425595238
2012-10-24 18:41:29,43656,1,3.24761904762,-0.95275297619
2012-10-24 18:41:30,43657,1,2.63080357143,-0.61681547619
2012-10-24 18:41:31,43658,1,2.2290922619,-0.401711309524
2012-10-24 18:41:32,43659,1,2.03110119048,-0.197991071429
2012-10-24 18:41:33,43660,1,2.01941964286,-0.011681547619
2012-10-24 18:41:34,43661,1,2.10233630952,0.0829166666667
2012-10-24 18:41:35,43662,1,2.09645833333,-0.00587797619048
2012-10-24 18:41:36,43663,1,1.79613095238,-0.300327380952
2012-10-24 18:41:37,43664,1,1.24851190476,-0.547619047619
2012-10-24 18:41:38,43665,1,0.0,-1.24851190476
