timestamp,cycle_sec,timestep,speed_mph,accel_meters_ps
2012-10-25 17:23:16,0,65257,0.0,0.0
2012-10-25 17:23:17,1,1,3.25446428571,3.25446428571
2012-10-25 17:23:18,2,1,5.40297619048,2.14851190476
2012-10-25 17:23:19,3,1,7.30282738095,1.89985119048
2012-10-25 17:23:20,4,1,8.6865327381,1.38370535714
2012-10-25 17:23:21,5,1,9.69226190476,1.00572916667
2012-10-25 17:23:22,6,1,10.4726190476,0.780357142857
2012-10-25 17:23:23,7,1,11.0351934524,0.562574404762
2012-10-25 17:23:24,8,1,11.4006696429,0.365476190476
2012-10-25 17:23:25,9,1,11.7915922619,0.390922619048
2012-10-25 17:23:26,10,1,12.5718005952,0.780208333333
2012-10-25 17:23:27,11,1,13.9269345238,1.35513392857
2012-10-25 17:23:28,12,1,15.5355654762,1.60863095238
2012-10-25 17:23:29,13,1,16.5724702381,1.0369047619
2012-10-25 17:23:30,14,1,16.1765625,-0.395907738095
2012-10-25 17:23:31,15,1,14.0291666667,-2.14739583333
2012-10-25 17:23:32,16,1,10.5441220238,-3.48504464286
2012-10-25 17:23:33,17,1,6.6384672619,-3.9056547619
2012-10-25 17:23:34,18,1,3.38273809524,-3.25572916667
2012-10-25 17:23:35,19,1,0.0,-3.38273809524
2012-10-25 17:23:51,35,16,0.0,0.0
2012-10-25 17:23:52,36,1,4.18132440476,4.18132440476
2012-10-25 17:23:53,37,1,6.95982142857,2.77849702381
2012-10-25 17:23:54,38,1,9.3005952381,2.34077380952
2012-10-25 17:23:55,39,1,10.6608630952,1.36026785714
2012-10-25 17:23:56,40,1,11.1095238095,0.448660714286
2012-10-25 17:23:57,41,1,10.9729166667,-0.136607142857
2012-10-25 17:23:58,42,1,10.5259672619,-0.446949404762
2012-10-25 17:23:59,43,1,9.9375,-0.588467261905
2012-10-25 17:24:00,44,1,9.34501488095,-0.592485119048
2012-10-25 17:24:01,45,1,8.8796875,-0.465327380952
2012-10-25 17:24:02,46,1,8.65825892857,-0.221428571429
2012-10-25 17:24:03,47,1,8.78675595238,0.12849702381
2012-10-25 17:24:04,48,1,9.3203125,0.533556547619
2012-10-25 17:24:05,49,1,10.1779761905,0.857663690476
2012-10-25 17:24:06,50,1,11.1302827381,0.952306547619
2012-10-25 17:24:07,51,1,11.9131696429,0.782886904762
2012-10-25 17:24:08,52,1,12.3875,0.474330357143
2012-10-25 17:24:09,53,1,12.6139880952,0.226488095238
2012-10-25 17:24:10,54,1,12.7354910714,0.121502976191
2012-10-25 17:24:11,55,1,12.7830357143,0.0475446428571
2012-10-25 17:24:12,56,1,12.6636160714,-0.119419642857
2012-10-25 17:24:13,57,1,12.2796875,-0.383928571429
2012-10-25 17:24:14,58,1,11.5807291667,-0.698958333333
2012-10-25 17:24:15,59,1,10.6045386905,-0.97619047619
2012-10-25 17:24:16,60,1,9.55267857143,-1.05186011905
2012-10-25 17:24:17,61,1,8.7662202381,-0.786458333333
2012-10-25 17:24:18,62,1,8.58385416667,-0.182366071429
2012-10-25 17:24:19,63,1,9.19188988095,0.608035714286
2012-10-25 17:24:20,64,1,10.5514136905,1.35952380952
2012-10-25 17:24:21,65,1,12.4627232143,1.91130952381
2012-10-25 17:24:22,66,1,14.7150297619,2.25230654762
2012-10-25 17:24:23,67,1,17.131547619,2.41651785714
2012-10-25 17:24:24,68,1,19.4863839286,2.35483630952
2012-10-25 17:24:25,69,1,21.5244791667,2.0380952381
2012-10-25 17:24:26,70,1,23.1357142857,1.61123511905
2012-10-25 17:24:27,71,1,24.4556547619,1.31994047619
2012-10-25 17:24:28,72,1,25.7686011905,1.31294642857
2012-10-25 17:24:29,73,1,27.2805059524,1.5119047619
2012-10-25 17:24:30,74,1,28.9511904762,1.67068452381
2012-10-25 17:24:31,75,1,30.5693452381,1.6181547619
2012-10-25 17:24:32,76,1,31.9574404762,1.3880952381
2012-10-25 17:24:33,77,1,33.0700892857,1.11264880952
2012-10-25 17:24:34,78,1,33.9605654762,0.890476190476
2012-10-25 17:24:35,79,1,34.6736607143,0.713095238095
2012-10-25 17:24:36,80,1,35.1610863095,0.487425595238
2012-10-25 17:24:37,81,1,35.3207589286,0.159672619048
2012-10-25 17:24:38,82,1,35.0656994048,-0.255059523809
2012-10-25 17:24:39,83,1,34.340922619,-0.724776785714
2012-10-25 17:24:40,84,1,33.1428571429,-1.19806547619
2012-10-25 17:24:41,85,1,31.4921875,-1.65066964286
2012-10-25 17:24:42,86,1,29.3771577381,-2.1150297619
2012-10-25 17:24:43,87,1,26.8227678571,-2.55438988095
2012-10-25 17:24:44,88,1,24.0057291667,-2.81703869048
2012-10-25 17:24:45,89,1,21.2508184524,-2.75491071429
2012-10-25 17:24:46,90,1,18.9595238095,-2.29129464286
2012-10-25 17:24:47,91,1,17.5005208333,-1.45900297619
2012-10-25 17:24:48,92,1,17.066889881,-0.433630952381
2012-10-25 17:24:49,93,1,17.6408482143,0.573958333333
2012-10-25 17:24:50,94,1,19.0646577381,1.42380952381
2012-10-25 17:24:51,95,1,21.0613839286,1.99672619048
2012-10-25 17:24:52,96,1,23.250297619,2.18891369048
2012-10-25 17:24:53,97,1,25.2624255952,2.01212797619
2012-10-25 17:24:54,98,1,26.8613839286,1.59895833333
2012-10-25 17:24:55,99,1,27.9897321429,1.12834821429
2012-10-25 17:24:56,100,1,28.7664434524,0.776711309524
2012-10-25 17:24:57,101,1,29.4051339286,0.63869047619
2012-10-25 17:24:58,102,1,30.073735119,0.668601190476
2012-10-25 17:24:59,103,1,30.822172619,0.7484375
2012-10-25 17:25:00,104,1,31.6024553571,0.780282738095
2012-10-25 17:25:01,105,1,32.3229166667,0.720461309524
2012-10-25 17:25:02,106,1,32.9124255952,0.589508928571
2012-10-25 17:25:03,107,1,33.3491815476,0.436755952381
2012-10-25 17:25:04,108,1,33.6428571429,0.293675595238
2012-10-25 17:25:05,109,1,33.8256696429,0.1828125
2012-10-25 17:25:06,110,1,33.9328869048,0.107217261905
2012-10-25 17:25:07,111,1,33.9474702381,0.0145833333333
2012-10-25 17:25:08,112,1,33.7921875,-0.155282738095
2012-10-25 17:25:09,113,1,33.3972470238,-0.39494047619
2012-10-25 17:25:10,114,1,32.7664434524,-0.630803571429
2012-10-25 17:25:11,115,1,31.9902529762,-0.77619047619
2012-10-25 17:25:12,116,1,31.190922619,-0.799330357143
2012-10-25 17:25:13,117,1,30.43125,-0.759672619048
2012-10-25 17:25:14,118,1,29.6776785714,-0.753571428571
2012-10-25 17:25:15,119,1,28.8554315476,-0.82224702381
2012-10-25 17:25:16,120,1,27.9171130952,-0.938318452381
2012-10-25 17:25:17,121,1,26.8365327381,-1.08058035714
2012-10-25 17:25:18,122,1,25.5548363095,-1.28169642857
2012-10-25 17:25:19,123,1,23.9734375,-1.58139880952
2012-10-25 17:25:20,124,1,22.0453869048,-1.92805059524
2012-10-25 17:25:21,125,1,19.9154761905,-2.12991071429
2012-10-25 17:25:22,126,1,17.9313988095,-1.98407738095
2012-10-25 17:25:23,127,1,16.4339285714,-1.4974702381
2012-10-25 17:25:24,128,1,15.5285714286,-0.905357142857
2012-10-25 17:25:25,129,1,15.0582589286,-0.4703125
2012-10-25 17:25:26,130,1,14.7314732143,-0.326785714286
2012-10-25 17:25:27,131,1,14.2630208333,-0.468452380952
2012-10-25 17:25:28,132,1,13.4651041667,-0.797916666667
2012-10-25 17:25:29,133,1,12.2863839286,-1.1787202381
2012-10-25 17:25:30,134,1,10.8223958333,-1.46398809524
2012-10-25 17:25:31,135,1,9.27730654762,-1.54508928571
2012-10-25 17:25:32,136,1,7.83415178571,-1.4431547619
2012-10-25 17:25:33,137,1,6.5119724026,-1.32217938312
2012-10-25 17:25:34,138,1,5.15725108225,-1.35472132035
2012-10-25 17:25:35,139,1,3.63323187229,-1.52401920996
2012-10-25 17:25:36,140,1,2.13639069264,-1.49684117965
2012-10-25 17:25:37,141,1,0.0,-2.13639069264
