timestamp,cycle_sec,timestep,speed_mph,accel_meters_ps
2013-01-28 05:42:08,0,43729,0.0,0.0
2013-01-28 05:42:09,1,1,2.01238839286,2.01238839286
2013-01-28 05:42:10,2,1,2.83037574405,0.81798735119
2013-01-28 05:42:11,3,1,3.13173363095,0.301357886905
2013-01-28 05:42:12,4,1,3.03841145833,-0.0933221726191
2013-01-28 05:42:13,5,1,2.98976934524,-0.0486421130952
2013-01-28 05:42:14,6,1,3.35625,0.366480654762
2013-01-28 05:42:15,7,1,4.29527529762,0.939025297619
2013-01-28 05:42:16,8,1,5.74626116071,1.4509858631
2013-01-28 05:42:17,9,1,7.44832589286,1.70206473214
2013-01-28 05:42:18,10,1,8.99053199405,1.54220610119
2013-01-28 05:42:19,11,1,9.99735863095,1.0068266369
2013-01-28 05:42:20,12,1,10.364453125,0.367094494048
2013-01-28 05:42:21,13,1,10.2547991071,-0.109654017857
2013-01-28 05:42:22,14,1,9.86205357143,-0.392745535714
2013-01-28 05:42:23,15,1,9.25572916667,-0.606324404762
2013-01-28 05:42:24,16,1,8.4302827381,-0.825446428571
2013-01-28 05:42:25,17,1,7.42217261905,-1.00811011905
2013-01-28 05:42:26,18,1,6.37306547619,-1.04910714286
2013-01-28 05:42:27,19,1,5.53296130952,-0.840104166667
2013-01-28 05:42:28,20,1,5.2390625,-0.293898809524
2013-01-28 05:42:29,21,1,5.86852678571,0.629464285714
2013-01-28 05:42:30,22,1,7.72700892857,1.85848214286
2013-01-28 05:42:31,23,1,10.8857142857,3.15870535714
2013-01-28 05:42:32,24,1,15.0860863095,4.20037202381
2013-01-28 05:42:33,25,1,19.8066220238,4.72053571429
2013-01-28 05:42:34,26,1,24.4334821429,4.62686011905
2013-01-28 05:42:35,27,1,28.428125,3.99464285714
2013-01-28 05:42:36,28,1,31.4575892857,3.02946428571
2013-01-28 05:42:37,29,1,33.478422619,2.02083333333
2013-01-28 05:42:38,30,1,34.7229166667,1.24449404762
2013-01-28 05:42:39,31,1,35.5550595238,0.832142857143
2013-01-28 05:42:40,32,1,36.2727678571,0.717708333333
2013-01-28 05:42:41,33,1,36.9723958333,0.69962797619
2013-01-28 05:42:42,34,1,37.5129464286,0.540550595238
2013-01-28 05:42:43,35,1,37.5648809524,0.0519345238096
2013-01-28 05:42:44,36,1,36.7308779762,-0.834002976191
2013-01-28 05:42:45,37,1,34.7139880952,-2.01688988095
2013-01-28 05:42:46,38,1,31.4813988095,-3.23258928571
2013-01-28 05:42:47,39,1,27.3450892857,-4.13630952381
2013-01-28 05:42:48,40,1,22.9019345238,-4.4431547619
2013-01-28 05:42:49,41,1,18.873735119,-4.02819940476
2013-01-28 05:42:50,42,1,15.9308779762,-2.94285714286
2013-01-28 05:42:51,43,1,14.5004464286,-1.43043154762
2013-01-28 05:42:52,44,1,14.5652529762,0.0648065476191
2013-01-28 05:42:53,45,1,15.6165922619,1.05133928571
2013-01-28 05:42:54,46,1,16.8744047619,1.2578125
2013-01-28 05:42:55,47,1,17.6193452381,0.74494047619
2013-01-28 05:42:56,48,1,17.4426339286,-0.176711309524
2013-01-28 05:42:57,49,1,16.351264881,-1.09136904762
2013-01-28 05:42:58,50,1,14.6712797619,-1.67998511905
2013-01-28 05:42:59,51,1,12.7961309524,-1.87514880952
2013-01-28 05:43:00,52,1,11.0123511905,-1.7837797619
2013-01-28 05:43:01,53,1,9.49025297619,-1.52209821429
2013-01-28 05:43:02,54,1,8.29404761905,-1.19620535714
2013-01-28 05:43:03,55,1,7.35825892857,-0.935788690476
2013-01-28 05:43:04,56,1,6.51257440476,-0.84568452381
2013-01-28 05:43:05,57,1,5.58229166667,-0.930282738095
2013-01-28 05:43:06,58,1,4.51852678571,-1.06376488095
2013-01-28 05:43:07,59,1,3.46428571429,-1.05424107143
2013-01-28 05:43:08,60,1,2.66391369048,-0.80037202381
2013-01-28 05:43:09,61,1,2.2615327381,-0.402380952381
2013-01-28 05:43:10,62,1,2.16361607143,-0.0979166666667
2013-01-28 05:43:11,63,1,2.08616071429,-0.0774553571429
2013-01-28 05:43:12,64,1,1.76019345238,-0.325967261905
2013-01-28 05:43:13,65,1,1.19594494048,-0.564248511905
2013-01-28 05:43:14,66,1,0.0,-1.19594494048
2013-01-28 17:37:02,42894,42828,0.0,0.0
2013-01-28 17:37:03,42895,1,2.76904761905,2.76904761905
2013-01-28 17:37:04,42896,1,5.03370535714,2.2646577381
2013-01-28 17:37:05,42897,1,7.45535714286,2.42165178571
2013-01-28 17:37:06,42898,1,9.57120535714,2.11584821429
2013-01-28 17:37:07,42899,1,11.2001488095,1.62894345238
2013-01-28 17:37:08,42900,1,12.331733631,1.13158482143
2013-01-28 17:37:09,42901,1,12.9526785714,0.620944940476
2013-01-28 17:37:10,42902,1,13.010639881,0.0579613095238
2013-01-28 17:37:11,42903,1,12.5377232143,-0.472916666667
2013-01-28 17:37:12,42904,1,11.744047619,-0.793675595238
2013-01-28 17:37:13,42905,1,10.9348958333,-0.809151785714
2013-01-28 17:37:14,42906,1,10.3133928571,-0.62150297619
2013-01-28 17:37:15,42907,1,9.87239583333,-0.44099702381
2013-01-28 17:37:16,42908,1,9.52380952381,-0.348586309524
2013-01-28 17:37:17,42909,1,9.33675595238,-0.187053571429
2013-01-28 17:37:18,42910,1,9.57351190476,0.236755952381
2013-01-28 17:37:19,42911,1,10.4441964286,0.870684523809
2013-01-28 17:37:20,42912,1,11.8537946429,1.40959821429
2013-01-28 17:37:21,42913,1,13.4226934524,1.56889880952
2013-01-28 17:37:22,42914,1,14.7837053571,1.36101190476
2013-01-28 17:37:23,42915,1,15.8864583333,1.10275297619
2013-01-28 17:37:24,42916,1,16.9929315476,1.10647321429
2013-01-28 17:37:25,42917,1,18.3627232143,1.36979166667
2013-01-28 17:37:26,42918,1,19.9816964286,1.61897321429
2013-01-28 17:37:27,42919,1,21.6095982143,1.62790178571
2013-01-28 17:37:28,42920,1,23.0411458333,1.43154761905
2013-01-28 17:37:29,42921,1,24.2503720238,1.20922619048
2013-01-28 17:37:30,42922,1,25.2751488095,1.02477678571
2013-01-28 17:37:31,42923,1,26.0654017857,0.790252976191
2013-01-28 17:37:32,42924,1,26.5279761905,0.462574404762
2013-01-28 17:37:33,42925,1,26.6902529762,0.162276785714
2013-01-28 17:37:34,42926,1,26.7537946429,0.0635416666666
2013-01-28 17:37:35,42927,1,26.9486607143,0.194866071429
2013-01-28 17:37:36,42928,1,27.3378720238,0.389211309524
2013-01-28 17:37:37,42929,1,27.7287202381,0.390848214286
2013-01-28 17:37:38,42930,1,27.6758184524,-0.0529017857142
2013-01-28 17:37:39,42931,1,26.6177827381,-1.05803571429
2013-01-28 17:37:40,42932,1,24.190327381,-2.42745535714
2013-01-28 17:37:41,42933,1,20.4770833333,-3.71324404762
2013-01-28 17:37:42,42934,1,15.971875,-4.50520833333
2013-01-28 17:37:43,42935,1,11.3238095238,-4.64806547619
2013-01-28 17:37:44,42936,1,7.09010416667,-4.23370535714
2013-01-28 17:37:45,42937,1,3.72098214286,-3.36912202381
2013-01-28 17:37:46,42938,1,0.0,-3.72098214286
2013-01-28 17:38:11,42963,25,0.0,0.0
2013-01-28 17:38:12,42964,1,1.60786210317,1.60786210317
2013-01-28 17:38:13,42965,1,2.43608630952,0.828224206349
2013-01-28 17:38:14,42966,1,2.97023809524,0.534151785714
2013-01-28 17:38:15,42967,1,3.13921130952,0.168973214286
2013-01-28 17:38:16,42968,1,3.16822916667,0.0290178571429
2013-01-28 17:38:17,42969,1,3.29809027778,0.129861111111
2013-01-28 17:38:18,42970,1,3.78062996032,0.48253968254
2013-01-28 17:38:19,42971,1,4.92113095238,1.14050099206
2013-01-28 17:38:20,42972,1,6.96056547619,2.03943452381
2013-01-28 17:38:21,42973,1,9.93854166667,2.97797619048
2013-01-28 17:38:22,42974,1,13.6444940476,3.70595238095
2013-01-28 17:38:23,42975,1,17.6405009921,3.99600694444
2013-01-28 17:38:24,42976,1,21.3685019841,3.72800099206
2013-01-28 17:38:25,42977,1,24.3317708333,2.96326884921
2013-01-28 17:38:26,42978,1,26.2723958333,1.940625
2013-01-28 17:38:27,42979,1,27.2516369048,0.979241071429
2013-01-28 17:38:28,42980,1,27.5840029762,0.332366071429
2013-01-28 17:38:29,42981,1,27.6414434524,0.0574404761905
2013-01-28 17:38:30,42982,1,27.6521577381,0.0107142857142
2013-01-28 17:38:31,42983,1,27.648735119,-0.0034226190476
2013-01-28 17:38:32,42984,1,27.530952381,-0.117782738095
2013-01-28 17:38:33,42985,1,27.1216517857,-0.409300595238
2013-01-28 17:38:34,42986,1,26.2244047619,-0.897247023809
2013-01-28 17:38:35,42987,1,24.7042410714,-1.52016369048
2013-01-28 17:38:36,42988,1,22.5450892857,-2.15915178571
2013-01-28 17:38:37,42989,1,19.8400297619,-2.70505952381
2013-01-28 17:38:38,42990,1,16.7504464286,-3.08958333333
2013-01-28 17:38:39,42991,1,13.5688988095,-3.18154761905
2013-01-28 17:38:40,42992,1,10.8303571429,-2.73854166667
2013-01-28 17:38:41,42993,1,9.19174107143,-1.63861607143
2013-01-28 17:38:42,42994,1,9.0796875,-0.112053571429
2013-01-28 17:38:43,42995,1,10.4256696429,1.34598214286
2013-01-28 17:38:44,42996,1,12.7101934524,2.28452380952
2013-01-28 17:38:45,42997,1,15.283110119,2.57291666667
2013-01-28 17:38:46,42998,1,17.6725446429,2.38943452381
2013-01-28 17:38:47,42999,1,19.6249255952,1.95238095238
2013-01-28 17:38:48,43000,1,21.0082589286,1.38333333333
2013-01-28 17:38:49,43001,1,21.8107142857,0.802455357143
2013-01-28 17:38:50,43002,1,22.1761160714,0.365401785714
2013-01-28 17:38:51,43003,1,22.3338541667,0.157738095238
2013-01-28 17:38:52,43004,1,22.4564732143,0.122619047619
2013-01-28 17:38:53,43005,1,22.579389881,0.122916666667
2013-01-28 17:38:54,43006,1,22.6515625,0.0721726190476
2013-01-28 17:38:55,43007,1,22.6461309524,-0.005431547619
2013-01-28 17:38:56,43008,1,22.6026785714,-0.0434523809524
2013-01-28 17:38:57,43009,1,22.5683035714,-0.034375
2013-01-28 17:38:58,43010,1,22.5244791667,-0.0438244047619
2013-01-28 17:38:59,43011,1,22.3881696429,-0.13630952381
2013-01-28 17:39:00,43012,1,22.0831845238,-0.304985119048
2013-01-28 17:39:01,43013,1,21.6001488095,-0.483035714286
2013-01-28 17:39:02,43014,1,20.9744791667,-0.625669642857
2013-01-28 17:39:03,43015,1,20.2166666667,-0.7578125
2013-01-28 17:39:04,43016,1,19.3016369048,-0.915029761905
2013-01-28 17:39:05,43017,1,18.2209821429,-1.0806547619
2013-01-28 17:39:06,43018,1,16.9983630952,-1.22261904762
2013-01-28 17:39:07,43019,1,15.6761904762,-1.32217261905
2013-01-28 17:39:08,43020,1,14.3348214286,-1.34136904762
2013-01-28 17:39:09,43021,1,13.0911458333,-1.24367559524
2013-01-28 17:39:10,43022,1,12.0561755952,-1.0349702381
2013-01-28 17:39:11,43023,1,11.3024553571,-0.753720238095
2013-01-28 17:39:12,43024,1,10.8331845238,-0.469270833333
2013-01-28 17:39:13,43025,1,10.5821428571,-0.251041666667
2013-01-28 17:39:14,43026,1,10.4724702381,-0.109672619048
2013-01-28 17:39:15,43027,1,10.4410714286,-0.0313988095238
2013-01-28 17:39:16,43028,1,10.4147321429,-0.0263392857143
2013-01-28 17:39:17,43029,1,10.3154017857,-0.0993303571428
2013-01-28 17:39:18,43030,1,10.0771577381,-0.238244047619
2013-01-28 17:39:19,43031,1,9.66651785714,-0.410639880952
2013-01-28 17:39:20,43032,1,9.09345238095,-0.57306547619
2013-01-28 17:39:21,43033,1,8.31860119048,-0.774851190476
2013-01-28 17:39:22,43034,1,7.1568452381,-1.16175595238
2013-01-28 17:39:23,43035,1,5.43355654762,-1.72328869048
2013-01-28 17:39:24,43036,1,3.36964285714,-2.06391369048
2013-01-28 17:39:25,43037,1,0.0,-3.36964285714
