timestamp,cycle_sec,timestep,speed_mph,accel_meters_ps
2013-01-29 05:32:24,0,42779,0.0,0.0
2013-01-29 05:32:25,1,1,1.9234375,1.9234375
2013-01-29 05:32:26,2,1,2.91800595238,0.994568452381
2013-01-29 05:32:27,3,1,3.52708333333,0.609077380952
2013-01-29 05:32:28,4,1,3.60825892857,0.0811755952381
2013-01-29 05:32:29,5,1,3.48454861111,-0.12371031746
2013-01-29 05:32:30,6,1,3.57088293651,0.0863343253968
2013-01-29 05:32:31,7,1,4.09672619048,0.525843253968
2013-01-29 05:32:32,8,1,5.06651785714,0.969791666667
2013-01-29 05:32:33,9,1,6.33370535714,1.2671875
2013-01-29 05:32:34,10,1,7.65327380952,1.31956845238
2013-01-29 05:32:35,11,1,8.76326884921,1.10999503968
2013-01-29 05:32:36,12,1,9.48494543651,0.721676587302
2013-01-29 05:32:37,13,1,9.7415922619,0.256646825397
2013-01-29 05:32:38,14,1,9.53199404762,-0.209598214286
2013-01-29 05:32:39,15,1,8.92641369048,-0.605580357143
2013-01-29 05:32:40,16,1,8.05290178571,-0.873511904762
2013-01-29 05:32:41,17,1,7.06488095238,-0.988020833333
2013-01-29 05:32:42,18,1,6.115625,-0.949255952381
2013-01-29 05:32:43,19,1,5.32901785714,-0.786607142857
2013-01-29 05:32:44,20,1,4.76733630952,-0.561681547619
2013-01-29 05:32:45,21,1,4.41830357143,-0.349032738095
2013-01-29 05:32:46,22,1,4.209375,-0.208928571429
2013-01-29 05:32:47,23,1,4.07708333333,-0.132291666667
2013-01-29 05:32:48,24,1,4.09598214286,0.0188988095238
2013-01-29 05:32:49,25,1,4.53139880952,0.435416666667
2013-01-29 05:32:50,26,1,5.69241071429,1.16101190476
2013-01-29 05:32:51,27,1,7.7009672619,2.00855654762
2013-01-29 05:32:52,28,1,10.3758928571,2.67492559524
2013-01-29 05:32:53,29,1,13.3005208333,2.92462797619
2013-01-29 05:32:54,30,1,16.0214285714,2.7209077381
2013-01-29 05:32:55,31,1,18.2369047619,2.21547619048
2013-01-29 05:32:56,32,1,19.8618303571,1.62492559524
2013-01-29 05:32:57,33,1,20.9928571429,1.13102678571
2013-01-29 05:32:58,34,1,21.8264136905,0.833556547619
2013-01-29 05:32:59,35,1,22.539360119,0.712946428571
2013-01-29 05:33:00,36,1,23.1949404762,0.655580357143
2013-01-29 05:33:01,37,1,23.7691220238,0.574181547619
2013-01-29 05:33:02,38,1,24.2589285714,0.489806547619
2013-01-29 05:33:03,39,1,24.7276041667,0.468675595238
2013-01-29 05:33:04,40,1,25.2321428571,0.504538690476
2013-01-29 05:33:05,41,1,25.7107142857,0.478571428571
2013-01-29 05:33:06,42,1,25.9630208333,0.252306547619
2013-01-29 05:33:07,43,1,25.7702380952,-0.192782738095
2013-01-29 05:33:08,44,1,25.0149553571,-0.755282738095
2013-01-29 05:33:09,45,1,23.709077381,-1.30587797619
2013-01-29 05:33:10,46,1,21.9975446429,-1.7115327381
2013-01-29 05:33:11,47,1,20.1213541667,-1.87619047619
2013-01-29 05:33:12,48,1,18.3104910714,-1.81086309524
2013-01-29 05:33:13,49,1,16.6928571429,-1.61763392857
2013-01-29 05:33:14,50,1,15.2351190476,-1.45773809524
2013-01-29 05:33:15,51,1,13.7451636905,-1.48995535714
2013-01-29 05:33:16,52,1,12.025297619,-1.71986607143
2013-01-29 05:33:17,53,1,10.054985119,-1.9703125
2013-01-29 05:33:18,54,1,8.02046130952,-2.03452380952
2013-01-29 05:33:19,55,1,6.20662202381,-1.81383928571
2013-01-29 05:33:20,56,1,4.82537202381,-1.38125
2013-01-29 05:33:21,57,1,3.88913690476,-0.936235119048
2013-01-29 05:33:22,58,1,3.26741071429,-0.621726190476
2013-01-29 05:33:23,59,1,2.85349702381,-0.413913690476
2013-01-29 05:33:24,60,1,2.62522321429,-0.228273809524
2013-01-29 05:33:25,61,1,2.57150297619,-0.0537202380952
2013-01-29 05:33:26,62,1,2.62894345238,0.0574404761905
2013-01-29 05:33:27,63,1,2.71108630952,0.0821428571429
2013-01-29 05:33:28,64,1,2.80788690476,0.0968005952381
2013-01-29 05:33:29,65,1,3.04248511905,0.234598214286
2013-01-29 05:33:30,66,1,3.55305059524,0.51056547619
2013-01-29 05:33:31,67,1,4.32470238095,0.771651785714
2013-01-29 05:33:32,68,1,5.24375,0.919047619048
2013-01-29 05:33:33,69,1,6.27723214286,1.03348214286
2013-01-29 05:33:34,70,1,7.48273809524,1.20550595238
2013-01-29 05:33:35,71,1,8.87388392857,1.39114583333
2013-01-29 05:33:36,72,1,10.3144345238,1.44055059524
2013-01-29 05:33:37,73,1,11.5266369048,1.21220238095
2013-01-29 05:33:38,74,1,12.2557291667,0.729092261905
2013-01-29 05:33:39,75,1,12.4508928571,0.195163690476
2013-01-29 05:33:40,76,1,12.2572916667,-0.193601190476
2013-01-29 05:33:41,77,1,11.8767857143,-0.380505952381
2013-01-29 05:33:42,78,1,11.4679315476,-0.408854166667
2013-01-29 05:33:43,79,1,11.1158482143,-0.352083333333
2013-01-29 05:33:44,80,1,10.8395833333,-0.276264880952
2013-01-29 05:33:45,81,1,10.6240327381,-0.215550595238
2013-01-29 05:33:46,82,1,10.4522321429,-0.171800595238
2013-01-29 05:33:47,83,1,10.3001488095,-0.152083333333
2013-01-29 05:33:48,84,1,10.1020089286,-0.198139880952
2013-01-29 05:33:49,85,1,9.74297619048,-0.359032738095
2013-01-29 05:33:50,86,1,9.0871577381,-0.655818452381
2013-01-29 05:33:51,87,1,8.03459821429,-1.05255952381
2013-01-29 05:33:52,88,1,6.62769345238,-1.4069047619
2013-01-29 05:33:53,89,1,5.10572916667,-1.52196428571
2013-01-29 05:33:54,90,1,3.79002480159,-1.31570436508
2013-01-29 05:33:55,91,1,2.90164186508,-0.888382936508
2013-01-29 05:33:56,92,1,2.46099702381,-0.44064484127
2013-01-29 05:33:57,93,1,2.31169642857,-0.149300595238
2013-01-29 05:33:58,94,1,2.25919642857,-0.0525
2013-01-29 05:33:59,95,1,2.20523809524,-0.0539583333333
2013-01-29 05:34:00,96,1,2.14816468254,-0.0570734126984
2013-01-29 05:34:01,97,1,2.08284722222,-0.0653174603175
2013-01-29 05:34:02,98,1,1.91651785714,-0.166329365079
2013-01-29 05:34:03,99,1,1.52645833333,-0.39005952381
2013-01-29 05:34:04,100,1,0.993258928571,-0.533199404762
2013-01-29 05:34:05,101,1,0.0,-0.993258928571
2013-01-29 17:40:41,43697,43596,0.0,0.0
2013-01-29 17:40:42,43698,1,2.50391865079,2.50391865079
2013-01-29 17:40:43,43699,1,3.83891369048,1.33499503968
2013-01-29 17:40:44,43700,1,4.70699404762,0.868080357143
2013-01-29 17:40:45,43701,1,5.04419642857,0.337202380952
2013-01-29 17:40:46,43702,1,5.16636904762,0.122172619048
2013-01-29 17:40:47,43703,1,5.48883928571,0.322470238095
2013-01-29 17:40:48,43704,1,6.39032738095,0.901488095238
2013-01-29 17:40:49,43705,1,8.11748511905,1.7271577381
2013-01-29 17:40:50,43706,1,10.6595238095,2.54203869048
2013-01-29 17:40:51,43707,1,13.7355654762,3.07604166667
2013-01-29 17:40:52,43708,1,16.9808035714,3.24523809524
2013-01-29 17:40:53,43709,1,20.1448660714,3.1640625
2013-01-29 17:40:54,43710,1,23.0889880952,2.94412202381
2013-01-29 17:40:55,43711,1,25.6676339286,2.57864583333
2013-01-29 17:40:56,43712,1,27.7103422619,2.04270833333
2013-01-29 17:40:57,43713,1,29.1160714286,1.40572916667
2013-01-29 17:40:58,43714,1,29.930952381,0.814880952381
2013-01-29 17:40:59,43715,1,30.3324404762,0.401488095238
2013-01-29 17:41:00,43716,1,30.5130952381,0.180654761905
2013-01-29 17:41:01,43717,1,30.5248511905,0.011755952381
2013-01-29 17:41:02,43718,1,30.2045386905,-0.3203125
2013-01-29 17:41:03,43719,1,29.2468005952,-0.957738095238
2013-01-29 17:41:04,43720,1,27.3569196429,-1.88988095238
2013-01-29 17:41:05,43721,1,24.384077381,-2.9728422619
2013-01-29 17:41:06,43722,1,20.415922619,-3.9681547619
2013-01-29 17:41:07,43723,1,15.8678571429,-4.54806547619
2013-01-29 17:41:08,43724,1,11.5331845238,-4.33467261905
2013-01-29 17:41:09,43725,1,8.42328869048,-3.10989583333
2013-01-29 17:41:10,43726,1,7.3318452381,-1.09144345238
2013-01-29 17:41:11,43727,1,8.41413690476,1.08229166667
2013-01-29 17:41:12,43728,1,11.1351190476,2.72098214286
2013-01-29 17:41:13,43729,1,14.6156994048,3.48058035714
2013-01-29 17:41:14,43730,1,18.0996279762,3.48392857143
2013-01-29 17:41:15,43731,1,21.19375,3.09412202381
2013-01-29 17:41:16,43732,1,23.79375,2.6
2013-01-29 17:41:17,43733,1,25.9064732143,2.11272321429
2013-01-29 17:41:18,43734,1,27.5400297619,1.63355654762
2013-01-29 17:41:19,43735,1,28.677827381,1.13779761905
2013-01-29 17:41:20,43736,1,29.3054315476,0.627604166667
2013-01-29 17:41:21,43737,1,29.4508184524,0.145386904762
2013-01-29 17:41:22,43738,1,29.2148065476,-0.236011904762
2013-01-29 17:41:23,43739,1,28.7514136905,-0.463392857143
2013-01-29 17:41:24,43740,1,28.1723958333,-0.579017857143
2013-01-29 17:41:25,43741,1,27.4701636905,-0.702232142857
2013-01-29 17:41:26,43742,1,26.5517113095,-0.918452380952
2013-01-29 17:41:27,43743,1,25.329389881,-1.22232142857
2013-01-29 17:41:28,43744,1,23.7845238095,-1.54486607143
2013-01-29 17:41:29,43745,1,21.9907738095,-1.79375
2013-01-29 17:41:30,43746,1,20.0837797619,-1.90699404762
2013-01-29 17:41:31,43747,1,18.1662202381,-1.91755952381
2013-01-29 17:41:32,43748,1,16.2389136905,-1.92730654762
2013-01-29 17:41:33,43749,1,14.2526785714,-1.98623511905
2013-01-29 17:41:34,43750,1,12.2118303571,-2.04084821429
2013-01-29 17:41:35,43751,1,10.2294642857,-1.98236607143
2013-01-29 17:41:36,43752,1,8.53489583333,-1.69456845238
2013-01-29 17:41:37,43753,1,7.41369047619,-1.12120535714
2013-01-29 17:41:38,43754,1,7.06837797619,-0.3453125
2013-01-29 17:41:39,43755,1,7.4880952381,0.419717261905
2013-01-29 17:41:40,43756,1,8.40178571429,0.91369047619
2013-01-29 17:41:41,43757,1,9.35074404762,0.948958333333
2013-01-29 17:41:42,43758,1,9.9025297619,0.551785714286
2013-01-29 17:41:43,43759,1,9.8890625,-0.0134672619048
2013-01-29 17:41:44,43760,1,9.459375,-0.4296875
2013-01-29 17:41:45,43761,1,8.90989583333,-0.549479166667
2013-01-29 17:41:46,43762,1,8.46696428571,-0.442931547619
2013-01-29 17:41:47,43763,1,8.16436011905,-0.302604166667
2013-01-29 17:41:48,43764,1,7.83005952381,-0.334300595238
2013-01-29 17:41:49,43765,1,7.18444940476,-0.645610119048
2013-01-29 17:41:50,43766,1,6.01927083333,-1.16517857143
2013-01-29 17:41:51,43767,1,4.35982142857,-1.65944940476
2013-01-29 17:41:52,43768,1,2.5427827381,-1.81703869048
2013-01-29 17:41:53,43769,1,0.0,-2.5427827381
2013-01-29 17:41:54,43770,1,0.0,0.0
2013-01-29 17:41:55,43771,1,0.0,0.0
2013-01-29 17:41:56,43772,1,0.0,0.0
2013-01-29 17:41:57,43773,1,0.0,0.0
2013-01-29 17:41:58,43774,1,0.0,0.0
