timestamp,cycle_sec,timestep,speed_mph,accel_meters_ps
2012-10-28 16:22:25,0,1,0.0,0.0
2012-10-28 16:22:26,1,1,0.0,0.0
2012-10-28 16:22:27,2,1,0.0,0.0
2012-10-28 16:22:28,3,1,0.0,0.0
2012-10-28 16:22:29,4,1,0.0,0.0
2012-10-28 16:22:30,5,1,0.0,0.0
2012-10-28 16:22:31,6,1,0.281212797619,0.281212797619
2012-10-28 16:22:32,7,1,0.0,-0.281212797619
2012-10-28 16:23:41,76,69,0.0,0.0
2012-10-28 16:23:42,77,1,2.92886904762,2.92886904762
2012-10-28 16:23:43,78,1,5.21800595238,2.28913690476
2012-10-28 16:23:44,79,1,7.49077380952,2.27276785714
2012-10-28 16:23:45,80,1,9.28772321429,1.79694940476
2012-10-28 16:23:46,81,1,10.5402529762,1.2525297619
2012-10-28 16:23:47,82,1,11.4556919643,0.915438988095
2012-10-28 16:23:48,83,1,12.3311011905,0.875409226191
2012-10-28 16:23:49,84,1,13.409672619,1.07857142857
2012-10-28 16:23:50,85,1,14.818452381,1.4087797619
2012-10-28 16:23:51,86,1,16.5683779762,1.74992559524
2012-10-28 16:23:52,87,1,18.5663690476,1.99799107143
2012-10-28 16:23:53,88,1,20.6441220238,2.07775297619
2012-10-28 16:23:54,89,1,22.6232886905,1.97916666667
2012-10-28 16:23:55,90,1,24.3798363095,1.75654761905
2012-10-28 16:23:56,91,1,25.8648065476,1.4849702381
2012-10-28 16:23:57,92,1,27.0913690476,1.2265625
2012-10-28 16:23:58,93,1,28.1125744048,1.02120535714
2012-10-28 16:23:59,94,1,28.9873511905,0.874776785714
2012-10-28 16:24:00,95,1,29.7436011905,0.75625
2012-10-28 16:24:01,96,1,30.3776041667,0.634002976191
2012-10-28 16:24:02,97,1,30.8927827381,0.515178571428
2012-10-28 16:24:03,98,1,31.3280505952,0.435267857143
2012-10-28 16:24:04,99,1,31.7469494048,0.418898809524
2012-10-28 16:24:05,100,1,32.2051339286,0.458184523809
2012-10-28 16:24:06,101,1,32.7227678571,0.517633928571
2012-10-28 16:24:07,102,1,33.2767113095,0.553943452381
2012-10-28 16:24:08,103,1,33.810639881,0.533928571429
2012-10-28 16:24:09,104,1,34.2547619048,0.444122023809
2012-10-28 16:24:10,105,1,34.5566964286,0.301934523809
2012-10-28 16:24:11,106,1,34.715625,0.158928571429
2012-10-28 16:24:12,107,1,34.7911458333,0.0755208333333
2012-10-28 16:24:13,108,1,34.8719494048,0.0808035714286
2012-10-28 16:24:14,109,1,35.0250744048,0.153125
2012-10-28 16:24:15,110,1,35.2654017857,0.240327380952
2012-10-28 16:24:16,111,1,35.5641369048,0.298735119048
2012-10-28 16:24:17,112,1,35.8767857143,0.312648809524
2012-10-28 16:24:18,113,1,36.1683779762,0.291592261905
2012-10-28 16:24:19,114,1,36.4272321429,0.258854166667
2012-10-28 16:24:20,115,1,36.6604166667,0.23318452381
2012-10-28 16:24:21,116,1,36.878422619,0.218005952381
2012-10-28 16:24:22,117,1,37.0863095238,0.207886904762
2012-10-28 16:24:23,118,1,37.2857142857,0.199404761905
2012-10-28 16:24:24,119,1,37.4800595238,0.194345238095
2012-10-28 16:24:25,120,1,37.6741071429,0.194047619048
2012-10-28 16:24:26,121,1,37.8677083333,0.193601190476
2012-10-28 16:24:27,122,1,38.0501488095,0.182440476191
2012-10-28 16:24:28,123,1,38.2017857143,0.151636904762
2012-10-28 16:24:29,124,1,38.3080357143,0.10625
2012-10-28 16:24:30,125,1,38.3747767857,0.0667410714286
2012-10-28 16:24:31,126,1,38.4273065476,0.0525297619047
2012-10-28 16:24:32,127,1,38.495610119,0.0683035714286
2012-10-28 16:24:33,128,1,38.5966517857,0.101041666667
2012-10-28 16:24:34,129,1,38.722172619,0.125520833333
2012-10-28 16:24:35,130,1,38.8462797619,0.124107142857
2012-10-28 16:24:36,131,1,38.9449404762,0.0986607142857
2012-10-28 16:24:37,132,1,38.9975446429,0.0526041666666
2012-10-28 16:24:38,133,1,38.9749255952,-0.022619047619
2012-10-28 16:24:39,134,1,38.8465029762,-0.128422619048
2012-10-28 16:24:40,135,1,38.6140625,-0.23244047619
2012-10-28 16:24:41,136,1,38.3453869048,-0.268675595238
2012-10-28 16:24:42,137,1,38.1605654762,-0.184821428571
2012-10-28 16:24:43,138,1,38.1575892857,-0.0029761904762
2012-10-28 16:24:44,139,1,38.3453869048,0.187797619048
2012-10-28 16:24:45,140,1,38.6511904762,0.305803571429
2012-10-28 16:24:46,141,1,38.9854166667,0.334226190476
2012-10-28 16:24:47,142,1,39.3060267857,0.320610119048
2012-10-28 16:24:48,143,1,39.634077381,0.328050595238
2012-10-28 16:24:49,144,1,40.0173363095,0.383258928571
2012-10-28 16:24:50,145,1,40.490625,0.473288690476
2012-10-28 16:24:51,146,1,41.0564732143,0.565848214286
2012-10-28 16:24:52,147,1,41.6703125,0.613839285714
2012-10-28 16:24:53,148,1,42.2451636905,0.574851190476
2012-10-28 16:24:54,149,1,42.6941220238,0.448958333333
2012-10-28 16:24:55,150,1,42.9799107143,0.285788690476
2012-10-28 16:24:56,151,1,43.135639881,0.155729166667
2012-10-28 16:24:57,152,1,43.245014881,0.109375
2012-10-28 16:24:58,153,1,43.3901785714,0.145163690476
2012-10-28 16:24:59,154,1,43.6073660714,0.2171875
2012-10-28 16:25:00,155,1,43.8825892857,0.275223214286
2012-10-28 16:25:01,156,1,44.1702380952,0.287648809524
2012-10-28 16:25:02,157,1,44.4138392857,0.243601190476
2012-10-28 16:25:03,158,1,44.5691964286,0.155357142857
2012-10-28 16:25:04,159,1,44.6197916667,0.0505952380953
2012-10-28 16:25:05,160,1,44.5741815476,-0.0456101190477
2012-10-28 16:25:06,161,1,44.4543154762,-0.119866071428
2012-10-28 16:25:07,162,1,44.2845238095,-0.169791666667
2012-10-28 16:25:08,163,1,44.084375,-0.200148809524
2012-10-28 16:25:09,164,1,43.8533482143,-0.231026785714
2012-10-28 16:25:10,165,1,43.5128720238,-0.340476190476
2012-10-28 16:25:11,166,1,42.8206845238,-0.6921875
2012-10-28 16:25:12,167,1,41.3666666667,-1.45401785714
2012-10-28 16:25:13,168,1,38.724702381,-2.64196428571
2012-10-28 16:25:14,169,1,34.6787202381,-4.04598214286
2012-10-28 16:25:15,170,1,29.3533482143,-5.32537202381
2012-10-28 16:25:16,171,1,23.1625,-6.19084821429
2012-10-28 16:25:17,172,1,16.670014881,-6.49248511905
2012-10-28 16:25:18,173,1,10.5276041667,-6.14241071429
2012-10-28 16:25:19,174,1,5.50963541667,-5.01796875
2012-10-28 16:25:20,175,1,0.0,-5.50963541667
2012-10-28 16:25:49,204,29,0.0,0.0
2012-10-28 16:25:50,205,1,3.03697916667,3.03697916667
2012-10-28 16:25:51,206,1,5.75044642857,2.7134672619
2012-10-28 16:25:52,207,1,9.08578869048,3.3353422619
2012-10-28 16:25:53,208,1,12.5455357143,3.45974702381
2012-10-28 16:25:54,209,1,15.8228422619,3.27730654762
2012-10-28 16:25:55,210,1,18.7166294643,2.89378720238
2012-10-28 16:25:56,211,1,21.109077381,2.39244791667
2012-10-28 16:25:57,212,1,22.9723214286,1.86324404762
2012-10-28 16:25:58,213,1,24.3694196429,1.39709821429
2012-10-28 16:25:59,214,1,25.4369791667,1.06755952381
2012-10-28 16:26:00,215,1,26.327827381,0.890848214286
2012-10-28 16:26:01,216,1,27.1252232143,0.797395833333
2012-10-28 16:26:02,217,1,27.7873511905,0.662127976191
2012-10-28 16:26:03,218,1,28.1619047619,0.374553571429
2012-10-28 16:26:04,219,1,28.0505208333,-0.111383928571
2012-10-28 16:26:05,220,1,27.2849702381,-0.765550595238
2012-10-28 16:26:06,221,1,25.8203125,-1.4646577381
2012-10-28 16:26:07,222,1,23.8417410714,-1.97857142857
2012-10-28 16:26:08,223,1,21.793452381,-2.04828869048
2012-10-28 16:26:09,224,1,20.2421875,-1.55126488095
2012-10-28 16:26:10,225,1,19.6258928571,-0.616294642857
2012-10-28 16:26:11,226,1,20.0470982143,0.421205357143
2012-10-28 16:26:12,227,1,21.2569196429,1.20982142857
2012-10-28 16:26:13,228,1,22.8319940476,1.57507440476
2012-10-28 16:26:14,229,1,24.3863095238,1.55431547619
2012-10-28 16:26:15,230,1,25.6807291667,1.29441964286
2012-10-28 16:26:16,231,1,26.6319940476,0.951264880952
2012-10-28 16:26:17,232,1,27.2745535714,0.64255952381
2012-10-28 16:26:18,233,1,27.712202381,0.437648809524
2012-10-28 16:26:19,234,1,28.0770833333,0.364880952381
2012-10-28 16:26:20,235,1,28.4880952381,0.411011904762
2012-10-28 16:26:21,236,1,29.007514881,0.519419642857
2012-10-28 16:26:22,237,1,29.6072916667,0.599776785714
2012-10-28 16:26:23,238,1,30.1526785714,0.545386904762
2012-10-28 16:26:24,239,1,30.4357142857,0.283035714286
2012-10-28 16:26:25,240,1,30.2714285714,-0.164285714286
2012-10-28 16:26:26,241,1,29.5795386905,-0.691889880952
2012-10-28 16:26:27,242,1,28.3767113095,-1.20282738095
2012-10-28 16:26:28,243,1,26.7090029762,-1.66770833333
2012-10-28 16:26:29,244,1,24.5979166667,-2.11108630952
2012-10-28 16:26:30,245,1,22.0369047619,-2.56101190476
2012-10-28 16:26:31,246,1,19.0283668155,-3.00853794643
2012-10-28 16:26:32,247,1,15.6334170387,-3.39494977679
2012-10-28 16:26:33,248,1,12.032719494,-3.60069754464
2012-10-28 16:26:34,249,1,8.57339099702,-3.45932849702
2012-10-28 16:26:35,250,1,5.70133928571,-2.87205171131
2012-10-28 16:26:36,251,1,3.75647321429,-1.94486607143
2012-10-28 16:26:37,252,1,2.78668154762,-0.969791666667
2012-10-28 16:26:38,253,1,2.54035528274,-0.246326264881
2012-10-28 16:26:39,254,1,2.63984375,0.0994884672619
2012-10-28 16:26:40,255,1,2.79538690476,0.155543154762
2012-10-28 16:26:41,256,1,2.92392113095,0.12853422619
2012-10-28 16:26:42,257,1,3.15785900298,0.233937872024
2012-10-28 16:26:43,258,1,3.75245535714,0.594596354167
2012-10-28 16:26:44,259,1,4.90505952381,1.15260416667
2012-10-28 16:26:45,260,1,6.60453869048,1.69947916667
2012-10-28 16:26:46,261,1,8.61924293155,2.01470424107
2012-10-28 16:26:47,262,1,10.6287388393,2.00949590774
2012-10-28 16:26:48,263,1,12.4183686756,1.78962983631
2012-10-28 16:26:49,264,1,13.951171875,1.5328031994
2012-10-28 16:26:50,265,1,15.2485119048,1.29734002976
2012-10-28 16:26:51,266,1,16.276860119,1.02834821429
2012-10-28 16:26:52,267,1,16.975297619,0.6984375
2012-10-28 16:26:53,268,1,17.3311755952,0.355877976191
2012-10-28 16:26:54,269,1,17.4129464286,0.0817708333333
2012-10-28 16:26:55,270,1,17.3473214286,-0.065625
2012-10-28 16:26:56,271,1,17.2607142857,-0.0866071428571
2012-10-28 16:26:57,272,1,17.2454613095,-0.0152529761905
2012-10-28 16:26:58,273,1,17.3646577381,0.119196428571
2012-10-28 16:26:59,274,1,17.6363095238,0.271651785714
2012-10-28 16:27:00,275,1,17.9993303571,0.363020833333
2012-10-28 16:27:01,276,1,18.3266369048,0.327306547619
2012-10-28 16:27:02,277,1,18.4816220238,0.154985119048
2012-10-28 16:27:03,278,1,18.3595238095,-0.122098214286
2012-10-28 16:27:04,279,1,17.9006696429,-0.458854166667
2012-10-28 16:27:05,280,1,17.0955357143,-0.805133928571
2012-10-28 16:27:06,281,1,15.9770089286,-1.11852678571
2012-10-28 16:27:07,282,1,14.593452381,-1.38355654762
2012-10-28 16:27:08,283,1,12.9901041667,-1.60334821429
2012-10-28 16:27:09,284,1,11.2203869048,-1.7697172619
2012-10-28 16:27:10,285,1,9.37619047619,-1.84419642857
2012-10-28 16:27:11,286,1,7.63296130952,-1.74322916667
2012-10-28 16:27:12,287,1,6.26417410714,-1.36878720238
2012-10-28 16:27:13,288,1,5.49501488095,-0.76915922619
2012-10-28 16:27:14,289,1,5.22738095238,-0.267633928571
2012-10-28 16:27:15,290,1,4.96361607143,-0.263764880952
2012-10-28 16:27:16,291,1,4.15424107143,-0.809375
2012-10-28 16:27:17,292,1,2.77232142857,-1.38191964286
2012-10-28 16:27:18,293,1,0.0,-2.77232142857
