timestamp,cycle_sec,timestep,speed_mph,accel_meters_ps
2012-10-20 03:43:54,0,21059,0.0,0.0
2012-10-20 03:43:55,1,1,4.1125297619,4.1125297619
2012-10-20 03:43:56,2,1,7.54882440476,3.43629464286
2012-10-20 03:43:57,3,1,11.2078125,3.65898809524
2012-10-20 03:43:58,4,1,14.0358928571,2.82808035714
2012-10-20 03:43:59,5,1,15.2390327381,1.20313988095
2012-10-20 03:44:00,6,1,14.5178943452,-0.721138392857
2012-10-20 03:44:01,7,1,12.1733779762,-2.34451636905
2012-10-20 03:44:02,8,1,9.02775297619,-3.145625
2012-10-20 03:44:03,9,1,6.10888392857,-2.91886904762
2012-10-20 03:44:04,10,1,4.27344494048,-1.8354389881
2012-10-20 03:44:05,11,1,3.98214285714,-0.291302083333
2012-10-20 03:44:06,12,1,5.22034970238,1.23820684524
2012-10-20 03:44:07,13,1,7.63132440476,2.41097470238
2012-10-20 03:44:08,14,1,10.8316220238,3.20029761905
2012-10-20 03:44:09,15,1,14.5632440476,3.73162202381
2012-10-20 03:44:10,16,1,18.5835193452,4.02027529762
2012-10-20 03:44:11,17,1,22.5594494048,3.97593005952
2012-10-20 03:44:12,18,1,26.143452381,3.58400297619
2012-10-20 03:44:13,19,1,29.1698660714,3.02641369048
2012-10-20 03:44:14,20,1,31.7228422619,2.55297619048
2012-10-20 03:44:15,21,1,33.9515625,2.2287202381
2012-10-20 03:44:16,22,1,35.8975446429,1.94598214286
2012-10-20 03:44:17,23,1,37.5617559524,1.66421130952
2012-10-20 03:44:18,24,1,39.0321428571,1.47038690476
2012-10-20 03:44:19,25,1,40.4360119048,1.40386904762
2012-10-20 03:44:20,26,1,41.7959077381,1.35989583333
2012-10-20 03:44:21,27,1,43.0056547619,1.20974702381
2012-10-20 03:44:22,28,1,43.9561011905,0.950446428571
2012-10-20 03:44:23,29,1,44.648735119,0.692633928571
2012-10-20 03:44:24,30,1,45.1655505952,0.516815476191
2012-10-20 03:44:25,31,1,45.5601190476,0.394568452381
2012-10-20 03:44:26,32,1,45.8257440476,0.265625
2012-10-20 03:44:27,33,1,45.945014881,0.119270833333
2012-10-20 03:44:28,34,1,45.9271577381,-0.0178571428572
2012-10-20 03:44:29,35,1,45.8084077381,-0.11875
2012-10-20 03:44:30,36,1,45.6281994048,-0.180208333333
2012-10-20 03:44:31,37,1,45.4124255952,-0.215773809524
2012-10-20 03:44:32,38,1,45.1853422619,-0.227083333333
2012-10-20 03:44:33,39,1,44.9734375,-0.211904761905
2012-10-20 03:44:34,40,1,44.7890625,-0.184375
2012-10-20 03:44:35,41,1,44.6251488095,-0.163913690476
2012-10-20 03:44:36,42,1,44.4601934524,-0.164955357143
2012-10-20 03:44:37,43,1,44.2553571429,-0.204836309524
2012-10-20 03:44:38,44,1,43.9479166667,-0.30744047619
2012-10-20 03:44:39,45,1,43.4572916667,-0.490625
2012-10-20 03:44:40,46,1,42.7086309524,-0.748660714286
2012-10-20 03:44:41,47,1,41.6527529762,-1.05587797619
2012-10-20 03:44:42,48,1,40.2605654762,-1.3921875
2012-10-20 03:44:43,49,1,38.5139880952,-1.74657738095
2012-10-20 03:44:44,50,1,36.4313244048,-2.08266369048
2012-10-20 03:44:45,51,1,34.1216517857,-2.30967261905
2012-10-20 03:44:46,52,1,31.8197172619,-2.30193452381
2012-10-20 03:44:47,53,1,29.8420386905,-1.97767857143
2012-10-20 03:44:48,54,1,28.4703125,-1.37172619048
2012-10-20 03:44:49,55,1,27.8532738095,-0.617038690476
2012-10-20 03:44:50,56,1,27.9761160714,0.122842261905
2012-10-20 03:44:51,57,1,28.6842261905,0.708110119048
2012-10-20 03:44:52,58,1,29.7537946429,1.06956845238
2012-10-20 03:44:53,59,1,30.9642113095,1.21041666667
2012-10-20 03:44:54,60,1,32.1261160714,1.1619047619
2012-10-20 03:44:55,61,1,33.0808035714,0.9546875
2012-10-20 03:44:56,62,1,33.6741815476,0.59337797619
2012-10-20 03:44:57,63,1,33.7283482143,0.0541666666666
2012-10-20 03:44:58,64,1,33.1200892857,-0.608258928571
2012-10-20 03:44:59,65,1,31.9817708333,-1.13831845238
2012-10-20 03:45:00,66,1,30.8072172619,-1.17455357143
2012-10-20 03:45:01,67,1,30.2615327381,-0.54568452381
2012-10-20 03:45:02,68,1,30.8082589286,0.546726190476
2012-10-20 03:45:03,69,1,32.4570684524,1.64880952381
2012-10-20 03:45:04,70,1,34.8144345238,2.35736607143
2012-10-20 03:45:05,71,1,37.3773065476,2.56287202381
2012-10-20 03:45:06,72,1,39.8125744048,2.43526785714
2012-10-20 03:45:07,73,1,42.0114583333,2.19888392857
2012-10-20 03:45:08,74,1,43.9805059524,1.96904761905
2012-10-20 03:45:09,75,1,45.7336309524,1.753125
2012-10-20 03:45:10,76,1,47.2330357143,1.4994047619
2012-10-20 03:45:11,77,1,48.3803571429,1.14732142857
2012-10-20 03:45:12,78,1,49.0694940476,0.689136904762
2012-10-20 03:45:13,79,1,49.2704613095,0.200967261905
2012-10-20 03:45:14,80,1,49.0707589286,-0.199702380952
2012-10-20 03:45:15,81,1,48.6342261905,-0.436532738095
2012-10-20 03:45:16,82,1,48.1358630952,-0.498363095238
2012-10-20 03:45:17,83,1,47.732514881,-0.403348214286
2012-10-20 03:45:18,84,1,47.5344494048,-0.198065476191
2012-10-20 03:45:19,85,1,47.5592261905,0.0247767857143
2012-10-20 03:45:20,86,1,47.7308779762,0.171651785714
2012-10-20 03:45:21,87,1,47.9555803571,0.224702380952
2012-10-20 03:45:22,88,1,48.2000744048,0.244494047619
2012-10-20 03:45:23,89,1,48.4790178571,0.278943452381
2012-10-20 03:45:24,90,1,48.7672619048,0.288244047619
2012-10-20 03:45:25,91,1,48.9613095238,0.194047619048
2012-10-20 03:45:26,92,1,48.9729166667,0.0116071428572
2012-10-20 03:45:27,93,1,48.8473214286,-0.125595238095
2012-10-20 03:45:28,94,1,48.7296130952,-0.117708333333
2012-10-20 03:45:29,95,1,48.7267857143,-0.0028273809524
2012-10-20 03:45:30,96,1,48.8438988095,0.117113095238
2012-10-20 03:45:31,97,1,49.0232886905,0.179389880952
2012-10-20 03:45:32,98,1,49.2150297619,0.191741071429
2012-10-20 03:45:33,99,1,49.403422619,0.188392857143
2012-10-20 03:45:34,100,1,49.5600446429,0.156622023809
2012-10-20 03:45:35,101,1,49.607514881,0.0474702380953
2012-10-20 03:45:36,102,1,49.437797619,-0.169717261905
2012-10-20 03:45:37,103,1,48.919047619,-0.51875
2012-10-20 03:45:38,104,1,47.904389881,-1.0146577381
2012-10-20 03:45:39,105,1,46.2785714286,-1.62581845238
2012-10-20 03:45:40,106,1,43.9488095238,-2.32976190476
2012-10-20 03:45:41,107,1,40.779985119,-3.16882440476
2012-10-20 03:45:42,108,1,36.6521577381,-4.12782738095
2012-10-20 03:45:43,109,1,31.6467261905,-5.00543154762
2012-10-20 03:45:44,110,1,26.1397321429,-5.50699404762
2012-10-20 03:45:45,111,1,20.6658482143,-5.47388392857
2012-10-20 03:45:46,112,1,15.6536458333,-5.01220238095
2012-10-20 03:45:47,113,1,11.2996279762,-4.35401785714
2012-10-20 03:45:48,114,1,7.70126488095,-3.59836309524
2012-10-20 03:45:49,115,1,5.00498511905,-2.6962797619
2012-10-20 03:45:50,116,1,3.3359375,-1.66904761905
2012-10-20 03:45:51,117,1,2.67321428571,-0.662723214286
2012-10-20 03:45:52,118,1,2.91488095238,0.241666666667
2012-10-20 03:45:53,119,1,4.01867559524,1.10379464286
2012-10-20 03:45:54,120,1,5.99657738095,1.97790178571
2012-10-20 03:45:55,121,1,8.77842261905,2.7818452381
2012-10-20 03:45:56,122,1,12.0436755952,3.26525297619
2012-10-20 03:45:57,123,1,15.1845238095,3.14084821429
2012-10-20 03:45:58,124,1,17.5507440476,2.3662202381
2012-10-20 03:45:59,125,1,18.767485119,1.21674107143
2012-10-20 03:46:00,126,1,18.8468005952,0.0793154761905
2012-10-20 03:46:01,127,1,18.1348214286,-0.711979166667
2012-10-20 03:46:02,128,1,17.2063988095,-0.928422619048
2012-10-20 03:46:03,129,1,16.7161458333,-0.490252976191
2012-10-20 03:46:04,130,1,17.180952381,0.464806547619
2012-10-20 03:46:05,131,1,18.765327381,1.584375
2012-10-20 03:46:06,132,1,21.2316964286,2.46636904762
2012-10-20 03:46:07,133,1,24.0508184524,2.81912202381
2012-10-20 03:46:08,134,1,26.6050595238,2.55424107143
2012-10-20 03:46:09,135,1,28.4593005952,1.85424107143
2012-10-20 03:46:10,136,1,29.4831845238,1.02388392857
2012-10-20 03:46:11,137,1,29.7328869048,0.249702380952
2012-10-20 03:46:12,138,1,29.3395833333,-0.393303571429
2012-10-20 03:46:13,139,1,28.4709077381,-0.868675595238
2012-10-20 03:46:14,140,1,27.2520089286,-1.21889880952
2012-10-20 03:46:15,141,1,25.7287202381,-1.52328869048
2012-10-20 03:46:16,142,1,23.9379464286,-1.79077380952
2012-10-20 03:46:17,143,1,21.9686011905,-1.9693452381
2012-10-20 03:46:18,144,1,19.979985119,-1.98861607143
2012-10-20 03:46:19,145,1,18.251264881,-1.7287202381
2012-10-20 03:46:20,146,1,17.1573660714,-1.09389880952
2012-10-20 03:46:21,147,1,16.9233630952,-0.234002976191
2012-10-20 03:46:22,148,1,17.3591517857,0.435788690476
2012-10-20 03:46:23,149,1,17.8801339286,0.520982142857
2012-10-20 03:46:24,150,1,17.8035714286,-0.0765625
2012-10-20 03:46:25,151,1,16.702827381,-1.10074404762
2012-10-20 03:46:26,152,1,14.5839285714,-2.11889880952
2012-10-20 03:46:27,153,1,11.8117559524,-2.77217261905
2012-10-20 03:46:28,154,1,8.94985119048,-2.8619047619
2012-10-20 03:46:29,155,1,6.57507440476,-2.37477678571
2012-10-20 03:46:30,156,1,4.99092261905,-1.58415178571
2012-10-20 03:46:31,157,1,4.0134672619,-0.977455357143
2012-10-20 03:46:32,158,1,3.1390625,-0.874404761905
2012-10-20 03:46:33,159,1,2.05915178571,-1.07991071429
2012-10-20 03:46:34,160,1,0.0,-2.05915178571
2012-10-20 03:46:35,161,1,0.0,0.0
2012-10-20 03:46:36,162,1,0.0,0.0
2012-10-20 03:46:37,163,1,0.0,0.0
2012-10-20 03:46:38,164,1,0.0,0.0
2012-10-20 03:46:39,165,1,0.0,0.0
