timestamp,cycle_sec,timestep,speed_mph,accel_meters_ps
2013-01-27 18:00:36,0,1,0.0,0.0
2013-01-27 18:00:37,1,1,0.0,0.0
2013-01-27 18:00:38,2,1,0.0,0.0
2013-01-27 18:00:39,3,1,0.0,0.0
2013-01-27 18:00:40,4,1,0.0,0.0
2013-01-27 18:00:41,5,1,0.0,0.0
2013-01-27 18:00:42,6,1,1.62120535714,1.62120535714
2013-01-27 18:00:43,7,1,2.56696428571,0.945758928571
2013-01-27 18:00:44,8,1,3.22254464286,0.655580357143
2013-01-27 18:00:45,9,1,3.45639880952,0.233854166667
2013-01-27 18:00:46,10,1,3.36175595238,-0.0946428571429
2013-01-27 18:00:47,11,1,3.11383928571,-0.247916666667
2013-01-27 18:00:48,12,1,2.8697172619,-0.24412202381
2013-01-27 18:00:49,13,1,2.72395833333,-0.145758928571
2013-01-27 18:00:50,14,1,2.6912202381,-0.0327380952381
2013-01-27 18:00:51,15,1,2.73549107143,0.0442708333333
2013-01-27 18:00:52,16,1,2.82395833333,0.0884672619048
2013-01-27 18:00:53,17,1,2.93869047619,0.114732142857
2013-01-27 18:00:54,18,1,3.05498511905,0.116294642857
2013-01-27 18:00:55,19,1,3.16026785714,0.105282738095
2013-01-27 18:00:56,20,1,3.31964285714,0.159375
2013-01-27 18:00:57,21,1,3.6712797619,0.351636904762
2013-01-27 18:00:58,22,1,4.30074404762,0.629464285714
2013-01-27 18:00:59,23,1,5.15491071429,0.854166666667
2013-01-27 18:01:00,24,1,6.09300595238,0.938095238095
2013-01-27 18:01:01,25,1,6.97209821429,0.879092261905
2013-01-27 18:01:02,26,1,7.73199404762,0.759895833333
2013-01-27 18:01:03,27,1,8.4584077381,0.726413690476
2013-01-27 18:01:04,28,1,9.29680059524,0.838392857143
2013-01-27 18:01:05,29,1,10.2859375,0.989136904762
2013-01-27 18:01:06,30,1,11.3125,1.0265625
2013-01-27 18:01:07,31,1,12.1775297619,0.865029761905
2013-01-27 18:01:08,32,1,12.7133184524,0.535788690476
2013-01-27 18:01:09,33,1,12.9175595238,0.204241071429
2013-01-27 18:01:10,34,1,12.9510416667,0.0334821428572
2013-01-27 18:01:11,35,1,12.9735863095,0.0225446428571
2013-01-27 18:01:12,36,1,13.0290922619,0.055505952381
2013-01-27 18:01:13,37,1,13.0699404762,0.0408482142857
2013-01-27 18:01:14,38,1,13.0097470238,-0.060193452381
2013-01-27 18:01:15,39,1,12.7306547619,-0.279092261905
2013-01-27 18:01:16,40,1,12.0859375,-0.644717261905
2013-01-27 18:01:17,41,1,10.9566220238,-1.12931547619
2013-01-27 18:01:18,42,1,9.34821428571,-1.6084077381
2013-01-27 18:01:19,43,1,7.4677827381,-1.88043154762
2013-01-27 18:01:20,44,1,5.71882440476,-1.74895833333
2013-01-27 18:01:21,45,1,4.54962797619,-1.16919642857
2013-01-27 18:01:22,46,1,4.2087797619,-0.340848214286
2013-01-27 18:01:23,47,1,4.61912202381,0.410342261905
2013-01-27 18:01:24,48,1,5.49367559524,0.874553571429
2013-01-27 18:01:25,49,1,6.578125,1.08444940476
2013-01-27 18:01:26,50,1,7.8078125,1.2296875
2013-01-27 18:01:27,51,1,9.25818452381,1.45037202381
2013-01-27 18:01:28,52,1,10.9588541667,1.70066964286
2013-01-27 18:01:29,53,1,12.7796130952,1.82075892857
2013-01-27 18:01:30,54,1,14.5056547619,1.72604166667
2013-01-27 18:01:31,55,1,15.990327381,1.48467261905
2013-01-27 18:01:32,56,1,17.2163690476,1.22604166667
2013-01-27 18:01:33,57,1,18.2521577381,1.03578869048
2013-01-27 18:01:34,58,1,19.1883184524,0.936160714286
2013-01-27 18:01:35,59,1,20.0968005952,0.908482142857
2013-01-27 18:01:36,60,1,21.0168154762,0.920014880952
2013-01-27 18:01:37,61,1,21.9646577381,0.947842261905
2013-01-27 18:01:38,62,1,22.9369791667,0.972321428571
2013-01-27 18:01:39,63,1,23.8841517857,0.947172619048
2013-01-27 18:01:40,64,1,24.6908482143,0.806696428571
2013-01-27 18:01:41,65,1,25.2154761905,0.52462797619
2013-01-27 18:01:42,66,1,25.3715029762,0.156026785714
2013-01-27 18:01:43,67,1,25.1803571429,-0.191145833333
2013-01-27 18:01:44,68,1,24.7564732143,-0.423883928571
2013-01-27 18:01:45,69,1,24.2394345238,-0.517038690476
2013-01-27 18:01:46,70,1,23.6984375,-0.540997023809
2013-01-27 18:01:47,71,1,23.0432291667,-0.655208333333
2013-01-27 18:01:48,72,1,22.0169642857,-1.02626488095
2013-01-27 18:01:49,73,1,20.3259672619,-1.69099702381
2013-01-27 18:01:50,74,1,17.8402157738,-2.4857514881
2013-01-27 18:01:51,75,1,14.7316220238,-3.10859375
2013-01-27 18:01:52,76,1,11.466703869,-3.26491815476
2013-01-27 18:01:53,77,1,8.62321428571,-2.84348958333
2013-01-27 18:01:54,78,1,6.61019345238,-2.01302083333
2013-01-27 18:01:55,79,1,5.50453869048,-1.1056547619
2013-01-27 18:01:56,80,1,5.10241815476,-0.402120535714
2013-01-27 18:01:57,81,1,5.08117559524,-0.0212425595238
2013-01-27 18:01:58,82,1,5.16945684524,0.08828125
2013-01-27 18:01:59,83,1,5.23869047619,0.0692336309524
2013-01-27 18:02:00,84,1,5.25941220238,0.0207217261905
2013-01-27 18:02:01,85,1,5.26316964286,0.00375744047619
2013-01-27 18:02:02,86,1,5.42883184524,0.165662202381
2013-01-27 18:02:03,87,1,6.10133928571,0.672507440476
2013-01-27 18:02:04,88,1,7.59538690476,1.49404761905
2013-01-27 18:02:05,89,1,9.98452380952,2.38913690476
2013-01-27 18:02:06,90,1,13.0559895833,3.07146577381
2013-01-27 18:02:07,91,1,16.3994047619,3.34341517857
2013-01-27 18:02:08,92,1,19.5790550595,3.17965029762
2013-01-27 18:02:09,93,1,22.2906994048,2.71164434524
2013-01-27 18:02:10,94,1,24.3925595238,2.10186011905
2013-01-27 18:02:11,95,1,25.8496279762,1.45706845238
2013-01-27 18:02:12,96,1,26.6453869048,0.795758928571
2013-01-27 18:02:13,97,1,26.6871279762,0.0417410714286
2013-01-27 18:02:14,98,1,25.8154761905,-0.871651785714
2013-01-27 18:02:15,99,1,23.9641369048,-1.85133928571
2013-01-27 18:02:16,100,1,21.3294642857,-2.63467261905
2013-01-27 18:02:17,101,1,18.3628720238,-2.9665922619
2013-01-27 18:02:18,102,1,15.5516369048,-2.81123511905
2013-01-27 18:02:19,103,1,13.1850446429,-2.3665922619
2013-01-27 18:02:20,104,1,11.3060267857,-1.87901785714
2013-01-27 18:02:21,105,1,9.80483630952,-1.50119047619
2013-01-27 18:02:22,106,1,8.52619047619,-1.27864583333
2013-01-27 18:02:23,107,1,7.35327380952,-1.17291666667
2013-01-27 18:02:24,108,1,6.24196428571,-1.11130952381
2013-01-27 18:02:25,109,1,5.19427083333,-1.04769345238
2013-01-27 18:02:26,110,1,4.21235119048,-0.981919642857
2013-01-27 18:02:27,111,1,3.25751488095,-0.954836309524
2013-01-27 18:02:28,112,1,2.2724702381,-0.985044642857
2013-01-27 18:02:29,113,1,1.34925595238,-0.923214285714
2013-01-27 18:02:30,114,1,0.0,-1.34925595238
2013-01-27 18:07:15,399,285,0.0,0.0
2013-01-27 18:07:16,400,1,2.43824404762,2.43824404762
2013-01-27 18:07:17,401,1,3.60200892857,1.16376488095
2013-01-27 18:07:18,402,1,4.08727678571,0.485267857143
2013-01-27 18:07:19,403,1,3.86726190476,-0.220014880952
2013-01-27 18:07:20,404,1,3.46339285714,-0.403869047619
2013-01-27 18:07:21,405,1,3.47075892857,0.00736607142857
2013-01-27 18:07:22,406,1,4.26041666667,0.789657738095
2013-01-27 18:07:23,407,1,5.95617559524,1.69575892857
2013-01-27 18:07:24,408,1,8.49397321429,2.53779761905
2013-01-27 18:07:25,409,1,11.6446428571,3.15066964286
2013-01-27 18:07:26,410,1,15.0139136905,3.36927083333
2013-01-27 18:07:27,411,1,18.0978422619,3.08392857143
2013-01-27 18:07:28,412,1,20.4515625,2.3537202381
2013-01-27 18:07:29,413,1,21.8680059524,1.41644345238
2013-01-27 18:07:30,414,1,22.434077381,0.566071428571
2013-01-27 18:07:31,415,1,22.499702381,0.065625
2013-01-27 18:07:32,416,1,22.5921875,0.0924851190476
2013-01-27 18:07:33,417,1,23.2043154762,0.612127976191
2013-01-27 18:07:34,418,1,24.5035714286,1.29925595238
2013-01-27 18:07:35,419,1,26.1906994048,1.68712797619
2013-01-27 18:07:36,420,1,27.6744791667,1.4837797619
2013-01-27 18:07:37,421,1,28.4445684524,0.770089285714
2013-01-27 18:07:38,422,1,28.3383184524,-0.10625
2013-01-27 18:07:39,423,1,27.541889881,-0.796428571429
2013-01-27 18:07:40,424,1,26.3808779762,-1.16101190476
2013-01-27 18:07:41,425,1,25.0494047619,-1.33147321429
2013-01-27 18:07:42,426,1,23.4975446429,-1.55186011905
2013-01-27 18:07:43,427,1,21.5638392857,-1.93370535714
2013-01-27 18:07:44,428,1,19.1705357143,-2.39330357143
2013-01-27 18:07:45,429,1,16.4378720238,-2.73266369048
2013-01-27 18:07:46,430,1,13.7133184524,-2.72455357143
2013-01-27 18:07:47,431,1,11.458110119,-2.25520833333
2013-01-27 18:07:48,432,1,10.0214285714,-1.43668154762
2013-01-27 18:07:49,433,1,9.50483630952,-0.516592261905
2013-01-27 18:07:50,434,1,9.79702380952,0.2921875
2013-01-27 18:07:51,435,1,10.68125,0.884226190476
2013-01-27 18:07:52,436,1,11.9366071429,1.25535714286
2013-01-27 18:07:53,437,1,13.3955357143,1.45892857143
2013-01-27 18:07:54,438,1,14.9461309524,1.5505952381
2013-01-27 18:07:55,439,1,16.5151785714,1.56904761905
2013-01-27 18:07:56,440,1,18.0573660714,1.5421875
2013-01-27 18:07:57,441,1,19.5383184524,1.48095238095
2013-01-27 18:07:58,442,1,20.9047619048,1.36644345238
2013-01-27 18:07:59,443,1,22.0639880952,1.15922619048
2013-01-27 18:08:00,444,1,22.9029761905,0.838988095238
2013-01-27 18:08:01,445,1,23.3453125,0.442336309524
2013-01-27 18:08:02,446,1,23.4056547619,0.0603422619048
2013-01-27 18:08:03,447,1,23.2055059524,-0.200148809524
2013-01-27 18:08:04,448,1,22.9319940476,-0.273511904762
2013-01-27 18:08:05,449,1,22.7265625,-0.205431547619
2013-01-27 18:08:06,450,1,22.5444196429,-0.182142857143
2013-01-27 18:08:07,451,1,22.1033482143,-0.441071428571
2013-01-27 18:08:08,452,1,21.0154761905,-1.08787202381
2013-01-27 18:08:09,453,1,19.0478422619,-1.96763392857
2013-01-27 18:08:10,454,1,16.3073660714,-2.74047619048
2013-01-27 18:08:11,455,1,13.1844866071,-3.12287946429
2013-01-27 18:08:12,456,1,10.1223958333,-3.06209077381
2013-01-27 18:08:13,457,1,7.42834821429,-2.69404761905
2013-01-27 18:08:14,458,1,5.28519345238,-2.1431547619
2013-01-27 18:08:15,459,1,3.91953125,-1.36566220238
2013-01-27 18:08:16,460,1,3.65669642857,-0.262834821429
2013-01-27 18:08:17,461,1,4.70502232143,1.04832589286
2013-01-27 18:08:18,462,1,6.90974702381,2.20472470238
2013-01-27 18:08:19,463,1,9.75691964286,2.84717261905
2013-01-27 18:08:20,464,1,12.6128720238,2.85595238095
2013-01-27 18:08:21,465,1,15.0274925595,2.41462053571
2013-01-27 18:08:22,466,1,16.8898065476,1.8623139881
2013-01-27 18:08:23,467,1,18.3292410714,1.43943452381
2013-01-27 18:08:24,468,1,19.5189732143,1.18973214286
2013-01-27 18:08:25,469,1,20.5726934524,1.0537202381
2013-01-27 18:08:26,470,1,21.5298363095,0.957142857143
2013-01-27 18:08:27,471,1,22.361235119,0.831398809524
2013-01-27 18:08:28,472,1,22.9927083333,0.631473214286
2013-01-27 18:08:29,473,1,23.3558035714,0.363095238095
2013-01-27 18:08:30,474,1,23.4316220238,0.0758184523809
2013-01-27 18:08:31,475,1,23.2568452381,-0.174776785714
2013-01-27 18:08:32,476,1,22.913764881,-0.343080357143
2013-01-27 18:08:33,477,1,22.5134672619,-0.400297619048
2013-01-27 18:08:34,478,1,22.1474702381,-0.36599702381
2013-01-27 18:08:35,479,1,21.8395089286,-0.307961309524
2013-01-27 18:08:36,480,1,21.5509672619,-0.288541666667
2013-01-27 18:08:37,481,1,21.2259672619,-0.325
2013-01-27 18:08:38,482,1,20.8424107143,-0.383556547619
2013-01-27 18:08:39,483,1,20.437797619,-0.404613095238
2013-01-27 18:08:40,484,1,20.0665922619,-0.371205357143
2013-01-27 18:08:41,485,1,19.7087797619,-0.3578125
2013-01-27 18:08:42,486,1,19.2222470238,-0.486532738095
2013-01-27 18:08:43,487,1,18.4005208333,-0.821726190476
2013-01-27 18:08:44,488,1,17.1101934524,-1.29032738095
2013-01-27 18:08:45,489,1,15.409672619,-1.70052083333
2013-01-27 18:08:46,490,1,13.541889881,-1.8677827381
2013-01-27 18:08:47,491,1,11.8019345238,-1.73995535714
2013-01-27 18:08:48,492,1,10.406547619,-1.39538690476
2013-01-27 18:08:49,493,1,9.46525297619,-0.941294642857
2013-01-27 18:08:50,494,1,9.02380952381,-0.441443452381
2013-01-27 18:08:51,495,1,9.08035714286,0.0565476190476
2013-01-27 18:08:52,496,1,9.53139880952,0.451041666667
2013-01-27 18:08:53,497,1,10.1459821429,0.614583333333
2013-01-27 18:08:54,498,1,10.6736607143,0.527678571429
2013-01-27 18:08:55,499,1,10.9997767857,0.326116071429
2013-01-27 18:08:56,500,1,11.184672619,0.184895833333
2013-01-27 18:08:57,501,1,11.3674107143,0.182738095238
2013-01-27 18:08:58,502,1,11.6348214286,0.267410714286
2013-01-27 18:08:59,503,1,11.9629464286,0.328125
2013-01-27 18:09:00,504,1,12.2649553571,0.302008928572
2013-01-27 18:09:01,505,1,12.4705357143,0.205580357143
2013-01-27 18:09:02,506,1,12.5519345238,0.0813988095238
2013-01-27 18:09:03,507,1,12.4984375,-0.0534970238095
2013-01-27 18:09:04,508,1,12.282514881,-0.215922619048
2013-01-27 18:09:05,509,1,11.8526041667,-0.429910714286
2013-01-27 18:09:06,510,1,11.1661458333,-0.686458333333
2013-01-27 18:09:07,511,1,10.2390625,-0.927083333333
2013-01-27 18:09:08,512,1,9.17023809524,-1.06882440476
2013-01-27 18:09:09,513,1,8.1103422619,-1.05989583333
2013-01-27 18:09:10,514,1,7.1880952381,-0.92224702381
2013-01-27 18:09:11,515,1,6.4537202381,-0.734375
2013-01-27 18:09:12,516,1,5.87209821429,-0.58162202381
2013-01-27 18:09:13,517,1,5.35725446429,-0.51484375
2013-01-27 18:09:14,518,1,4.83318452381,-0.524069940476
2013-01-27 18:09:15,519,1,4.2814360119,-0.551748511905
2013-01-27 18:09:16,520,1,3.74136904762,-0.540066964286
2013-01-27 18:09:17,521,1,3.27451636905,-0.466852678571
2013-01-27 18:09:18,522,1,2.9271577381,-0.347358630952
2013-01-27 18:09:19,523,1,2.71949404762,-0.207663690476
2013-01-27 18:09:20,524,1,2.65029761905,-0.0691964285714
2013-01-27 18:09:21,525,1,2.6935639881,0.0432663690476
2013-01-27 18:09:22,526,1,2.79754464286,0.103980654762
2013-01-27 18:09:23,527,1,2.89802827381,0.100483630952
2013-01-27 18:09:24,528,1,2.96086309524,0.0628348214286
2013-01-27 18:09:25,529,1,3.03761160714,0.0767485119048
2013-01-27 18:09:26,530,1,3.2421875,0.204575892857
2013-01-27 18:09:27,531,1,3.63650793651,0.394320436508
2013-01-27 18:09:28,532,1,4.14117063492,0.504662698413
2013-01-27 18:09:29,533,1,4.55111607143,0.409945436508
2013-01-27 18:09:30,534,1,4.66448412698,0.113368055556
2013-01-27 18:09:31,535,1,4.43603670635,-0.228447420635
2013-01-27 18:09:32,536,1,3.99657738095,-0.439459325397
2013-01-27 18:09:33,537,1,3.53010912698,-0.466468253968
2013-01-27 18:09:34,538,1,3.14928075397,-0.380828373016
2013-01-27 18:09:35,539,1,2.87023809524,-0.27904265873
2013-01-27 18:09:36,540,1,2.68531746032,-0.184920634921
2013-01-27 18:09:37,541,1,2.61676587302,-0.0685515873016
2013-01-27 18:09:38,542,1,2.6712797619,0.0545138888889
2013-01-27 18:09:39,543,1,2.78933531746,0.118055555556
2013-01-27 18:09:40,544,1,2.87189980159,0.082564484127
2013-01-27 18:09:41,545,1,2.84665178571,-0.025248015873
2013-01-27 18:09:42,546,1,2.71277281746,-0.133878968254
2013-01-27 18:09:43,547,1,2.5269593254,-0.185813492063
2013-01-27 18:09:44,548,1,2.35104166667,-0.17591765873
2013-01-27 18:09:45,549,1,2.19828869048,-0.15275297619
2013-01-27 18:09:46,550,1,1.98958333333,-0.208705357143
2013-01-27 18:09:47,551,1,1.59918154762,-0.390401785714
2013-01-27 18:09:48,552,1,1.05851934524,-0.540662202381
2013-01-27 18:09:49,553,1,0.0,-1.05851934524
