timestamp,cycle_sec,timestep,speed_mph,accel_meters_ps
2012-10-05 12:23:23,0,69986,0.0,0.0
2012-10-05 12:23:24,1,1,4.63739853896,4.63739853896
2012-10-05 12:23:25,2,1,8.48499729437,3.84759875541
2012-10-05 12:23:26,3,1,12.8815746753,4.39657738095
2012-10-05 12:23:27,4,1,17.3333874459,4.45181277056
2012-10-05 12:23:28,5,1,21.7208062771,4.38741883117
2012-10-05 12:23:29,6,1,26.0791937229,4.35838744589
2012-10-05 12:23:30,7,1,30.4612554113,4.38206168831
2012-10-05 12:23:31,8,1,34.8679991883,4.40674377706
2012-10-05 12:23:32,9,1,39.1256493506,4.25765016234
2012-10-05 12:23:33,10,1,42.8182426948,3.69259334416
2012-10-05 12:23:34,11,1,45.4504193723,2.63217667749
2012-10-05 12:23:35,12,1,46.7379531926,1.28753382035
2012-10-05 12:23:36,13,1,46.7830018939,0.0450487012987
2012-10-05 12:23:37,14,1,45.9852408009,-0.797761093074
2012-10-05 12:23:38,15,1,44.7077313312,-1.2775094697
2012-10-05 12:23:39,16,1,42.979978355,-1.72775297619
2012-10-05 12:23:40,17,1,40.5273065476,-2.45267180736
2012-10-05 12:23:41,18,1,37.0371279762,-3.49017857143
2012-10-05 12:23:42,19,1,32.412797619,-4.62433035714
2012-10-05 12:23:43,20,1,26.8988839286,-5.51391369048
2012-10-05 12:23:44,21,1,21.0109375,-5.88794642857
2012-10-05 12:23:45,22,1,15.3146577381,-5.6962797619
2012-10-05 12:23:46,23,1,10.2463541667,-5.06830357143
2012-10-05 12:23:47,24,1,6.08422619048,-4.16212797619
2012-10-05 12:23:48,25,1,3.05290178571,-3.03132440476
2012-10-05 12:23:49,26,1,0.0,-3.05290178571
2012-10-05 12:24:04,41,15,0.0,0.0
2012-10-05 12:24:05,42,1,3.13110119048,3.13110119048
2012-10-05 12:24:06,43,1,5.89233630952,2.76123511905
2012-10-05 12:24:07,44,1,9.17671130952,3.284375
2012-10-05 12:24:08,45,1,12.4561755952,3.27946428571
2012-10-05 12:24:09,46,1,15.264360119,2.80818452381
2012-10-05 12:24:10,47,1,17.2165922619,1.95223214286
2012-10-05 12:24:11,48,1,18.0827380952,0.866145833333
2012-10-05 12:24:12,49,1,17.8422619048,-0.240476190476
2012-10-05 12:24:13,50,1,16.770014881,-1.07224702381
2012-10-05 12:24:14,51,1,15.4426339286,-1.32738095238
2012-10-05 12:24:15,52,1,14.546577381,-0.896056547619
2012-10-05 12:24:16,53,1,14.6189732143,0.0723958333333
2012-10-05 12:24:17,54,1,15.854985119,1.23601190476
2012-10-05 12:24:18,55,1,18.0422619048,2.18727678571
2012-10-05 12:24:19,56,1,20.6949404762,2.65267857143
2012-10-05 12:24:20,57,1,23.3002232143,2.6052827381
2012-10-05 12:24:21,58,1,25.4751488095,2.17492559524
2012-10-05 12:24:22,59,1,26.9959821429,1.52083333333
2012-10-05 12:24:23,60,1,27.7938988095,0.797916666667
2012-10-05 12:24:24,61,1,27.9383184524,0.144419642857
2012-10-05 12:24:25,62,1,27.5590029762,-0.379315476191
2012-10-05 12:24:26,63,1,26.7322916667,-0.826711309524
2012-10-05 12:24:27,64,1,25.4551339286,-1.2771577381
2012-10-05 12:24:28,65,1,23.7336309524,-1.72150297619
2012-10-05 12:24:29,66,1,21.6489583333,-2.08467261905
2012-10-05 12:24:30,67,1,19.3038690476,-2.34508928571
2012-10-05 12:24:31,68,1,16.7244791667,-2.57938988095
2012-10-05 12:24:32,69,1,13.900297619,-2.82418154762
2012-10-05 12:24:33,70,1,10.9860863095,-2.91421130952
2012-10-05 12:24:34,71,1,8.35803571429,-2.62805059524
2012-10-05 12:24:35,72,1,6.32700892857,-2.03102678571
2012-10-05 12:24:36,73,1,4.82723214286,-1.49977678571
2012-10-05 12:24:37,74,1,3.50148809524,-1.32574404762
2012-10-05 12:24:38,75,1,2.17194940476,-1.32953869048
2012-10-05 12:24:39,76,1,0.0,-2.17194940476
