timestamp,cycle_sec,timestep,speed_mph,accel_meters_ps
2012-11-21 17:14:28,0,1,0.0,0.0
2012-11-21 17:14:29,1,1,0.0,0.0
2012-11-21 17:14:30,2,1,0.0,0.0
2012-11-21 17:14:31,3,1,0.0,0.0
2012-11-21 17:14:32,4,1,0.0,0.0
2012-11-21 17:14:33,5,1,0.0,0.0
2012-11-21 17:14:34,6,1,2.23876488095,2.23876488095
2012-11-21 17:14:35,7,1,3.60424107143,1.36547619048
2012-11-21 17:14:36,8,1,4.72522321429,1.12098214286
2012-11-21 17:14:37,9,1,5.50420386905,0.778980654762
2012-11-21 17:14:38,10,1,6.02433035714,0.520126488095
2012-11-21 17:14:39,11,1,6.29683779762,0.272507440476
2012-11-21 17:14:40,12,1,6.2130952381,-0.0837425595238
2012-11-21 17:14:41,13,1,5.73110119048,-0.481994047619
2012-11-21 17:14:42,14,1,5.04479166667,-0.68630952381
2012-11-21 17:14:43,15,1,4.50829613095,-0.536495535714
2012-11-21 17:14:44,16,1,4.41837797619,-0.0899181547619
2012-11-21 17:14:45,17,1,4.89449404762,0.476116071429
2012-11-21 17:14:46,18,1,5.88363095238,0.989136904762
2012-11-21 17:14:47,19,1,7.20230654762,1.31867559524
2012-11-21 17:14:48,20,1,8.60773809524,1.40543154762
2012-11-21 17:14:49,21,1,9.87842261905,1.27068452381
2012-11-21 17:14:50,22,1,10.8626488095,0.984226190476
2012-11-21 17:14:51,23,1,11.5139136905,0.651264880952
2012-11-21 17:14:52,24,1,11.8816964286,0.367782738095
2012-11-21 17:14:53,25,1,11.9832589286,0.1015625
2012-11-21 17:14:54,26,1,11.6727678571,-0.310491071429
2012-11-21 17:14:55,27,1,10.7323660714,-0.940401785714
2012-11-21 17:14:56,28,1,9.14255952381,-1.58980654762
2012-11-21 17:14:57,29,1,7.24910714286,-1.89345238095
2012-11-21 17:14:58,30,1,5.66510416667,-1.58400297619
2012-11-21 17:14:59,31,1,4.96421130952,-0.700892857143
2012-11-21 17:15:00,32,1,5.36257440476,0.398363095238
2012-11-21 17:15:01,33,1,6.63400297619,1.27142857143
2012-11-21 17:15:02,34,1,8.30267857143,1.66867559524
2012-11-21 17:15:03,35,1,9.90066964286,1.59799107143
2012-11-21 17:15:04,36,1,11.1189732143,1.21830357143
2012-11-21 17:15:05,37,1,11.8444940476,0.725520833333
2012-11-21 17:15:06,38,1,12.0750744048,0.230580357143
2012-11-21 17:15:07,39,1,11.7734375,-0.301636904762
2012-11-21 17:15:08,40,1,10.8901785714,-0.883258928571
2012-11-21 17:15:09,41,1,9.55133928571,-1.33883928571
2012-11-21 17:15:10,42,1,8.0765625,-1.47477678571
2012-11-21 17:15:11,43,1,6.77351190476,-1.30305059524
2012-11-21 17:15:12,44,1,5.77395833333,-0.999553571429
2012-11-21 17:15:13,45,1,5.03854166667,-0.735416666667
2012-11-21 17:15:14,46,1,4.52366071429,-0.514880952381
2012-11-21 17:15:15,47,1,4.35848214286,-0.165178571429
2012-11-21 17:15:16,48,1,4.76078869048,0.402306547619
2012-11-21 17:15:17,49,1,5.75729166667,0.99650297619
2012-11-21 17:15:18,50,1,7.0681547619,1.31086309524
2012-11-21 17:15:19,51,1,8.27157738095,1.20342261905
2012-11-21 17:15:20,52,1,9.06845238095,0.796875
2012-11-21 17:15:21,53,1,9.42760416667,0.359151785714
2012-11-21 17:15:22,54,1,9.51964285714,0.0920386904762
2012-11-21 17:15:23,55,1,9.546875,0.0272321428571
2012-11-21 17:15:24,56,1,9.62834821429,0.0814732142857
2012-11-21 17:15:25,57,1,9.79821428571,0.169866071429
2012-11-21 17:15:26,58,1,10.0756696429,0.277455357143
2012-11-21 17:15:27,59,1,10.4902529762,0.414583333333
2012-11-21 17:15:28,60,1,11.0257440476,0.535491071428
2012-11-21 17:15:29,61,1,11.5991071429,0.573363095238
2012-11-21 17:15:30,62,1,12.1171130952,0.518005952381
2012-11-21 17:15:31,63,1,12.5185267857,0.401413690476
2012-11-21 17:15:32,64,1,12.7723958333,0.253869047619
2012-11-21 17:15:33,65,1,12.8740327381,0.101636904762
2012-11-21 17:15:34,66,1,12.8197172619,-0.0543154761904
2012-11-21 17:15:35,67,1,12.5443452381,-0.27537202381
2012-11-21 17:15:36,68,1,11.9340029762,-0.610342261905
2012-11-21 17:15:37,69,1,10.9598958333,-0.974107142857
2012-11-21 17:15:38,70,1,9.74055059524,-1.2193452381
2012-11-21 17:15:39,71,1,8.43266369048,-1.30788690476
2012-11-21 17:15:40,72,1,7.13601190476,-1.29665178571
2012-11-21 17:15:41,73,1,5.92239583333,-1.21361607143
2012-11-21 17:15:42,74,1,4.88251488095,-1.03988095238
2012-11-21 17:15:43,75,1,4.10558035714,-0.77693452381
2012-11-21 17:15:44,76,1,3.61994047619,-0.485639880952
2012-11-21 17:15:45,77,1,3.38645833333,-0.233482142857
2012-11-21 17:15:46,78,1,3.3875,0.00104166666667
2012-11-21 17:15:47,79,1,3.68802083333,0.300520833333
2012-11-21 17:15:48,80,1,4.32410714286,0.636086309524
2012-11-21 17:15:49,81,1,5.14345238095,0.819345238095
2012-11-21 17:15:50,82,1,5.87953869048,0.736086309524
2012-11-21 17:15:51,83,1,6.40818452381,0.528645833333
2012-11-21 17:15:52,84,1,6.83601190476,0.427827380952
2012-11-21 17:15:53,85,1,7.34174107143,0.505729166667
2012-11-21 17:15:54,86,1,7.99129464286,0.649553571429
2012-11-21 17:15:55,87,1,8.68266369048,0.691369047619
2012-11-21 17:15:56,88,1,9.24397321429,0.56130952381
2012-11-21 17:15:57,89,1,9.57611607143,0.332142857143
2012-11-21 17:15:58,90,1,9.69188988095,0.115773809524
2012-11-21 17:15:59,91,1,9.66912202381,-0.0227678571428
2012-11-21 17:16:00,92,1,9.60305059524,-0.0660714285714
2012-11-21 17:16:01,93,1,9.56294642857,-0.0401041666667
2012-11-21 17:16:02,94,1,9.57180059524,0.00885416666666
2012-11-21 17:16:03,95,1,9.64568452381,0.0738839285714
2012-11-21 17:16:04,96,1,9.83616071429,0.190476190476
2012-11-21 17:16:05,97,1,10.197172619,0.361011904762
2012-11-21 17:16:06,98,1,10.6998511905,0.502678571429
2012-11-21 17:16:07,99,1,11.1843005952,0.484449404762
2012-11-21 17:16:08,100,1,11.4374255952,0.253125
2012-11-21 17:16:09,101,1,11.3680803571,-0.0693452380952
2012-11-21 17:16:10,102,1,11.0789434524,-0.289136904762
2012-11-21 17:16:11,103,1,10.7464285714,-0.332514880952
2012-11-21 17:16:12,104,1,10.4595238095,-0.286904761905
2012-11-21 17:16:13,105,1,10.1552827381,-0.304241071429
2012-11-21 17:16:14,106,1,9.68191964286,-0.473363095238
2012-11-21 17:16:15,107,1,8.92797619048,-0.753943452381
2012-11-21 17:16:16,108,1,7.88938492063,-1.03859126984
2012-11-21 17:16:17,109,1,6.65265376984,-1.23673115079
2012-11-21 17:16:18,110,1,5.36116071429,-1.29149305556
2012-11-21 17:16:19,111,1,4.17492559524,-1.18623511905
2012-11-21 17:16:20,112,1,3.2209077381,-0.954017857143
2012-11-21 17:16:21,113,1,2.55669642857,-0.664211309524
2012-11-21 17:16:22,114,1,2.16795634921,-0.388740079365
2012-11-21 17:16:23,115,1,1.99729662698,-0.170659722222
2012-11-21 17:16:24,116,1,1.97120535714,-0.0260912698413
2012-11-21 17:16:25,117,1,2.01443452381,0.0432291666667
2012-11-21 17:16:26,118,1,2.0665922619,0.0521577380952
2012-11-21 17:16:27,119,1,2.0927827381,0.0261904761905
2012-11-21 17:16:28,120,1,2.08350694444,-0.0092757936508
2012-11-21 17:16:29,121,1,2.05138888889,-0.0321180555556
2012-11-21 17:16:30,122,1,2.0193452381,-0.0320436507936
2012-11-21 17:16:31,123,1,2.00200892857,-0.0173363095238
2012-11-21 17:16:32,124,1,1.99806547619,-0.00394345238095
2012-11-21 17:16:33,125,1,1.9990327381,0.00096726190476
2012-11-21 17:16:34,126,1,1.99978250916,0.00074977106227
2012-11-21 17:16:35,127,1,1.99955357143,-0.00022893772894
2012-11-21 17:16:36,128,1,1.99896978022,-0.00058379120879
2012-11-21 17:16:37,129,1,2.00003434066,0.00106456043956
2012-11-21 17:16:38,130,1,2.00686813187,0.00683379120879
2012-11-21 17:16:39,131,1,2.0239010989,0.017032967033
2012-11-21 17:16:40,132,1,2.05302197802,0.0291208791209
2012-11-21 17:16:41,133,1,2.09234203297,0.039320054945
2012-11-21 17:16:42,134,1,2.13743131868,0.0450892857143
2012-11-21 17:16:43,135,1,2.18416895604,0.0467376373626
2012-11-21 17:16:44,136,1,2.23070054945,0.0465315934066
2012-11-21 17:16:45,137,1,2.27692307692,0.0462225274725
2012-11-21 17:16:46,138,1,2.32307692308,0.0461538461538
2012-11-21 17:16:47,139,1,2.36810897436,0.045032051282
2012-11-21 17:16:48,140,1,2.40868818681,0.0405792124542
2012-11-21 17:16:49,141,1,2.44887820513,0.040190018315
2012-11-21 17:16:50,142,1,2.51881868132,0.0699404761905
2012-11-21 17:16:51,143,1,2.66944826007,0.150629578755
2012-11-21 17:16:52,144,1,2.93383699634,0.264388736264
2012-11-21 17:16:53,145,1,3.29305746337,0.359220467033
2012-11-21 17:16:54,146,1,3.66774839744,0.374690934066
2012-11-21 17:16:55,147,1,3.93890224359,0.271153846154
2012-11-21 17:16:56,148,1,4.00796130952,0.0690590659341
2012-11-21 17:16:57,149,1,3.8633871337,-0.144574175824
2012-11-21 17:16:58,150,1,3.59605654762,-0.267330586081
2012-11-21 17:16:59,151,1,3.36681547619,-0.229241071429
2012-11-21 17:17:00,152,1,3.34069940476,-0.0261160714286
2012-11-21 17:17:01,153,1,3.5765625,0.235863095238
2012-11-21 17:17:02,154,1,3.98519345238,0.408630952381
2012-11-21 17:17:03,155,1,4.4712797619,0.486086309524
2012-11-21 17:17:04,156,1,5.07961309524,0.608333333333
2012-11-21 17:17:05,157,1,5.95111607143,0.87150297619
2012-11-21 17:17:06,158,1,7.19553571429,1.24441964286
2012-11-21 17:17:07,159,1,8.83013392857,1.63459821429
2012-11-21 17:17:08,160,1,10.8054315476,1.97529761905
2012-11-21 17:17:09,161,1,13.0433035714,2.23787202381
2012-11-21 17:17:10,162,1,15.3759672619,2.33266369048
2012-11-21 17:17:11,163,1,17.4549107143,2.07894345238
2012-11-21 17:17:12,164,1,18.8304315476,1.37552083333
2012-11-21 17:17:13,165,1,19.2162946429,0.385863095238
2012-11-21 17:17:14,166,1,18.7098214286,-0.506473214286
2012-11-21 17:17:15,167,1,17.738764881,-0.971056547619
2012-11-21 17:17:16,168,1,16.7837053571,-0.955059523809
2012-11-21 17:17:17,169,1,16.1267857143,-0.656919642857
2012-11-21 17:17:18,170,1,15.7870535714,-0.339732142857
2012-11-21 17:17:19,171,1,15.6431547619,-0.143898809524
2012-11-21 17:17:20,172,1,15.6118303571,-0.0313244047619
2012-11-21 17:17:21,173,1,15.7206845238,0.108854166667
2012-11-21 17:17:22,174,1,16.0636904762,0.343005952381
2012-11-21 17:17:23,175,1,16.7241071429,0.660416666667
2012-11-21 17:17:24,176,1,17.7204613095,0.996354166667
2012-11-21 17:17:25,177,1,18.9924107143,1.27194940476
2012-11-21 17:17:26,178,1,20.3979910714,1.40558035714
2012-11-21 17:17:27,179,1,21.7175595238,1.31956845238
2012-11-21 17:17:28,180,1,22.7232142857,1.0056547619
2012-11-21 17:17:29,181,1,23.3136904762,0.590476190476
2012-11-21 17:17:30,182,1,23.5982142857,0.284523809524
2012-11-21 17:17:31,183,1,23.823735119,0.225520833333
2012-11-21 17:17:32,184,1,24.1866071429,0.362872023809
2012-11-21 17:17:33,185,1,24.6816964286,0.495089285714
2012-11-21 17:17:34,186,1,25.1181547619,0.436458333333
2012-11-21 17:17:35,187,1,25.3055803571,0.187425595238
2012-11-21 17:17:36,188,1,25.2435267857,-0.0620535714286
2012-11-21 17:17:37,189,1,25.1063988095,-0.137127976191
2012-11-21 17:17:38,190,1,25.0256696429,-0.0807291666667
2012-11-21 17:17:39,191,1,24.9045386905,-0.121130952381
2012-11-21 17:17:40,192,1,24.475297619,-0.429241071429
2012-11-21 17:17:41,193,1,23.5555059524,-0.919791666667
2012-11-21 17:17:42,194,1,22.2401041667,-1.31540178571
2012-11-21 17:17:43,195,1,20.8130208333,-1.42708333333
2012-11-21 17:17:44,196,1,19.459077381,-1.35394345238
2012-11-21 17:17:45,197,1,18.1054315476,-1.35364583333
2012-11-21 17:17:46,198,1,16.5884672619,-1.51696428571
2012-11-21 17:17:47,199,1,14.9443452381,-1.64412202381
2012-11-21 17:17:48,200,1,13.4785714286,-1.46577380952
2012-11-21 17:17:49,201,1,12.5373511905,-0.941220238095
2012-11-21 17:17:50,202,1,12.2011160714,-0.336235119048
2012-11-21 17:17:51,203,1,12.1942708333,-0.0068452380953
2012-11-21 17:17:52,204,1,12.1372767857,-0.056994047619
2012-11-21 17:17:53,205,1,11.8994791667,-0.237797619048
2012-11-21 17:17:54,206,1,11.6613839286,-0.238095238095
2012-11-21 17:17:55,207,1,11.6590029762,-0.0023809523809
2012-11-21 17:17:56,208,1,11.9261160714,0.267113095238
2012-11-21 17:17:57,209,1,12.2655505952,0.339434523809
2012-11-21 17:17:58,210,1,12.4446428571,0.179092261905
2012-11-21 17:17:59,211,1,12.4178571429,-0.0267857142858
2012-11-21 17:18:00,212,1,12.3476190476,-0.0702380952381
2012-11-21 17:18:01,213,1,12.4240327381,0.0764136904762
2012-11-21 17:18:02,214,1,12.6895089286,0.265476190476
2012-11-21 17:18:03,215,1,13.0155505952,0.326041666667
2012-11-21 17:18:04,216,1,13.2090029762,0.193452380952
2012-11-21 17:18:05,217,1,13.1431547619,-0.0658482142857
2012-11-21 17:18:06,218,1,12.831547619,-0.311607142857
2012-11-21 17:18:07,219,1,12.4039434524,-0.427604166667
2012-11-21 17:18:08,220,1,12.0085565476,-0.395386904762
2012-11-21 17:18:09,221,1,11.7366815476,-0.271875
2012-11-21 17:18:10,222,1,11.613764881,-0.122916666667
2012-11-21 17:18:11,223,1,11.6055803571,-0.0081845238095
2012-11-21 17:18:12,224,1,11.6197172619,0.0141369047619
2012-11-21 17:18:13,225,1,11.5257440476,-0.0939732142858
2012-11-21 17:18:14,226,1,11.1943452381,-0.331398809524
2012-11-21 17:18:15,227,1,10.5669642857,-0.627380952381
2012-11-21 17:18:16,228,1,9.72730654762,-0.839657738095
2012-11-21 17:18:17,229,1,8.85357142857,-0.873735119048
2012-11-21 17:18:18,230,1,8.06287202381,-0.790699404762
2012-11-21 17:18:19,231,1,7.34799107143,-0.714880952381
2012-11-21 17:18:20,232,1,6.64992559524,-0.69806547619
2012-11-21 17:18:21,233,1,5.93430059524,-0.715625
2012-11-21 17:18:22,234,1,5.22857142857,-0.705729166667
2012-11-21 17:18:23,235,1,4.59181547619,-0.636755952381
2012-11-21 17:18:24,236,1,4.02641369048,-0.565401785714
2012-11-21 17:18:25,237,1,3.48571428571,-0.540699404762
2012-11-21 17:18:26,238,1,2.95334821429,-0.532366071429
2012-11-21 17:18:27,239,1,2.41197916667,-0.541369047619
2012-11-21 17:18:28,240,1,1.79821428571,-0.613764880952
2012-11-21 17:18:29,241,1,1.11183035714,-0.686383928571
2012-11-21 17:18:30,242,1,0.0,-1.11183035714
2012-11-21 17:18:31,243,1,0.0,0.0
2012-11-21 17:18:32,244,1,0.0,0.0
2012-11-21 17:18:33,245,1,0.0,0.0
2012-11-21 17:18:34,246,1,0.0,0.0
2012-11-21 17:18:35,247,1,0.0,0.0
