timestamp,cycle_sec,timestep,speed_mph,accel_meters_ps
2012-07-21 07:26:26,0,43016,0.0,0.0
2012-07-21 07:26:27,1,1,3.75881696429,3.75881696429
2012-07-21 07:26:28,2,1,6.80943080357,3.05061383929
2012-07-21 07:26:29,3,1,10.0819940476,3.27256324405
2012-07-21 07:26:30,4,1,13.0142299107,2.9322358631
2012-07-21 07:26:31,5,1,15.4373883929,2.42315848214
2012-07-21 07:26:32,6,1,17.4370721726,1.99968377976
2012-07-21 07:26:33,7,1,19.15546875,1.71839657738
2012-07-21 07:26:34,8,1,20.6571986607,1.50172991071
2012-07-21 07:26:35,9,1,21.9027901786,1.24559151786
2012-07-21 07:26:36,10,1,22.854985119,0.952194940476
2012-07-21 07:26:37,11,1,23.5974702381,0.742485119048
2012-07-21 07:26:38,12,1,24.2712797619,0.67380952381
2012-07-21 07:26:39,13,1,24.9133928571,0.642113095238
2012-07-21 07:26:40,14,1,25.4600446429,0.546651785714
2012-07-21 07:26:41,15,1,25.8744791667,0.41443452381
2012-07-21 07:26:42,16,1,26.1819940476,0.307514880952
2012-07-21 07:26:43,17,1,26.4094494048,0.227455357143
2012-07-21 07:26:44,18,1,26.5063244048,0.096875
2012-07-21 07:26:45,19,1,26.310639881,-0.19568452381
2012-07-21 07:26:46,20,1,25.6626488095,-0.647991071429
2012-07-21 07:26:47,21,1,24.5574404762,-1.10520833333
2012-07-21 07:26:48,22,1,23.0930059524,-1.46443452381
2012-07-21 07:26:49,23,1,21.2881696429,-1.80483630952
2012-07-21 07:26:50,24,1,19.0404761905,-2.24769345238
2012-07-21 07:26:51,25,1,16.2930059524,-2.7474702381
2012-07-21 07:26:52,26,1,13.2933035714,-2.99970238095
2012-07-21 07:26:53,27,1,10.6985119048,-2.59479166667
2012-07-21 07:26:54,28,1,9.29583333333,-1.40267857143
2012-07-21 07:26:55,29,1,9.51882440476,0.222991071429
2012-07-21 07:26:56,30,1,11.196577381,1.67775297619
2012-07-21 07:26:57,31,1,13.6857886905,2.48921130952
2012-07-21 07:26:58,32,1,16.225297619,2.53950892857
2012-07-21 07:26:59,33,1,18.2459821429,2.02068452381
2012-07-21 07:27:00,34,1,19.4401041667,1.19412202381
2012-07-21 07:27:01,35,1,19.6734375,0.233333333333
2012-07-21 07:27:02,36,1,18.9197172619,-0.753720238095
2012-07-21 07:27:03,37,1,17.2283482143,-1.69136904762
2012-07-21 07:27:04,38,1,14.7421875,-2.48616071429
2012-07-21 07:27:05,39,1,11.8378720238,-2.90431547619
2012-07-21 07:27:06,40,1,9.2193452381,-2.61852678571
2012-07-21 07:27:07,41,1,7.69174107143,-1.52760416667
2012-07-21 07:27:08,42,1,7.72931547619,0.0375744047619
2012-07-21 07:27:09,43,1,9.23095238095,1.50163690476
2012-07-21 07:27:10,44,1,11.6569940476,2.42604166667
2012-07-21 07:27:11,45,1,14.426860119,2.76986607143
2012-07-21 07:27:12,46,1,17.2443452381,2.81748511905
2012-07-21 07:27:13,47,1,20.0694940476,2.82514880952
2012-07-21 07:27:14,48,1,22.8609375,2.79144345238
2012-07-21 07:27:15,49,1,25.4352678571,2.57433035714
2012-07-21 07:27:16,50,1,27.5433779762,2.10811011905
2012-07-21 07:27:17,51,1,29.0264880952,1.48311011905
2012-07-21 07:27:18,52,1,29.9244047619,0.897916666667
2012-07-21 07:27:19,53,1,30.4694940476,0.545089285714
2012-07-21 07:27:20,54,1,30.9608630952,0.491369047619
2012-07-21 07:27:21,55,1,31.6034970238,0.642633928571
2012-07-21 07:27:22,56,1,32.4297619048,0.826264880952
2012-07-21 07:27:23,57,1,33.3367559524,0.906994047619
2012-07-21 07:27:24,58,1,34.1714285714,0.834672619048
2012-07-21 07:27:25,59,1,34.7938244048,0.622395833333
2012-07-21 07:27:26,60,1,35.1053571429,0.311532738095
2012-07-21 07:27:27,61,1,35.0607142857,-0.0446428571428
2012-07-21 07:27:28,62,1,34.6814732143,-0.379241071429
2012-07-21 07:27:29,63,1,34.0633928571,-0.618080357143
2012-07-21 07:27:30,64,1,33.3527529762,-0.710639880952
2012-07-21 07:27:31,65,1,32.6956845238,-0.657068452381
2012-07-21 07:27:32,66,1,32.1927083333,-0.502976190476
2012-07-21 07:27:33,67,1,31.8805803571,-0.31212797619
2012-07-21 07:27:34,68,1,31.7450892857,-0.135491071429
2012-07-21 07:27:35,69,1,31.7555803571,0.0104910714286
2012-07-21 07:27:36,70,1,31.8984375,0.142857142857
2012-07-21 07:27:37,71,1,32.1875,0.2890625
2012-07-21 07:27:38,72,1,32.6433779762,0.455877976191
2012-07-21 07:27:39,73,1,33.2470238095,0.603645833333
2012-07-21 07:27:40,74,1,33.8927083333,0.645684523809
2012-07-21 07:27:41,75,1,34.3765625,0.483854166667
2012-07-21 07:27:42,76,1,34.432514881,0.0559523809524
2012-07-21 07:27:43,77,1,33.793452381,-0.6390625
2012-07-21 07:27:44,78,1,32.2411458333,-1.55230654762
2012-07-21 07:27:45,79,1,29.6242559524,-2.61688988095
2012-07-21 07:27:46,80,1,25.889360119,-3.73489583333
2012-07-21 07:27:47,81,1,21.2159970238,-4.67336309524
2012-07-21 07:27:48,82,1,16.2110863095,-5.00491071429
2012-07-21 07:27:49,83,1,11.8843005952,-4.32678571429
2012-07-21 07:27:50,84,1,9.2150297619,-2.66927083333
2012-07-21 07:27:51,85,1,8.57894345238,-0.636086309524
2012-07-21 07:27:52,86,1,9.53303571429,0.954092261905
2012-07-21 07:27:53,87,1,11.1591517857,1.62611607143
2012-07-21 07:27:54,88,1,12.6780505952,1.51889880952
2012-07-21 07:27:55,89,1,13.8073660714,1.12931547619
2012-07-21 07:27:56,90,1,14.6054315476,0.79806547619
2012-07-21 07:27:57,91,1,15.0724454365,0.467013888889
2012-07-21 07:27:58,92,1,14.9551587302,-0.117286706349
2012-07-21 07:27:59,93,1,13.9270089286,-1.02814980159
2012-07-21 07:28:00,94,1,11.955406746,-1.97160218254
2012-07-21 07:28:01,95,1,9.47256944444,-2.48283730159
2012-07-21 07:28:02,96,1,7.14925595238,-2.32331349206
2012-07-21 07:28:03,97,1,5.48581349206,-1.66344246032
2012-07-21 07:28:04,98,1,4.56530257937,-0.920510912698
2012-07-21 07:28:05,99,1,4.12209821429,-0.443204365079
2012-07-21 07:28:06,100,1,3.82356150794,-0.298536706349
2012-07-21 07:28:07,101,1,3.48432539683,-0.339236111111
2012-07-21 07:28:08,102,1,3.1037202381,-0.38060515873
2012-07-21 07:28:09,103,1,2.88692956349,-0.216790674603
2012-07-21 07:28:10,104,1,3.2308531746,0.343923611111
2012-07-21 07:28:11,105,1,4.50401785714,1.27316468254
2012-07-21 07:28:12,106,1,6.75756448413,2.25354662698
2012-07-21 07:28:13,107,1,9.65567956349,2.89811507937
2012-07-21 07:28:14,108,1,12.695610119,3.03993055556
2012-07-21 07:28:15,109,1,15.5449900794,2.84937996032
2012-07-21 07:28:16,110,1,18.1906498016,2.64565972222
2012-07-21 07:28:17,111,1,20.7761160714,2.58546626984
2012-07-21 07:28:18,112,1,23.3732142857,2.59709821429
2012-07-21 07:28:19,113,1,25.9301339286,2.55691964286
2012-07-21 07:28:20,114,1,28.3510416667,2.4209077381
2012-07-21 07:28:21,115,1,30.5645089286,2.2134672619
2012-07-21 07:28:22,116,1,32.5280505952,1.96354166667
2012-07-21 07:28:23,117,1,34.2009672619,1.67291666667
2012-07-21 07:28:24,118,1,35.5381696429,1.33720238095
2012-07-21 07:28:25,119,1,36.5144345238,0.976264880952
2012-07-21 07:28:26,120,1,37.1465029762,0.632068452381
2012-07-21 07:28:27,121,1,37.4869047619,0.340401785714
2012-07-21 07:28:28,122,1,37.5883928571,0.101488095238
2012-07-21 07:28:29,123,1,37.4699404762,-0.118452380952
2012-07-21 07:28:30,124,1,37.1256696429,-0.344270833333
2012-07-21 07:28:31,125,1,36.5538690476,-0.571800595238
2012-07-21 07:28:32,126,1,35.7415922619,-0.812276785714
2012-07-21 07:28:33,127,1,34.6164434524,-1.12514880952
2012-07-21 07:28:34,128,1,33.0352678571,-1.58117559524
2012-07-21 07:28:35,129,1,30.8366071429,-2.19866071429
2012-07-21 07:28:36,130,1,27.9273809524,-2.90922619048
2012-07-21 07:28:37,131,1,24.3313988095,-3.59598214286
2012-07-21 07:28:38,132,1,20.1645833333,-4.16681547619
2012-07-21 07:28:39,133,1,15.6380952381,-4.52648809524
2012-07-21 07:28:40,134,1,11.141889881,-4.49620535714
2012-07-21 07:28:41,135,1,7.22351190476,-3.91837797619
2012-07-21 07:28:42,136,1,4.34992559524,-2.87358630952
2012-07-21 07:28:43,137,1,2.6962797619,-1.65364583333
2012-07-21 07:28:44,138,1,2.20788690476,-0.488392857143
2012-07-21 07:28:45,139,1,2.80200892857,0.59412202381
2012-07-21 07:28:46,140,1,4.41614583333,1.61413690476
2012-07-21 07:28:47,141,1,6.84449404762,2.42834821429
2012-07-21 07:28:48,142,1,9.60282738095,2.75833333333
2012-07-21 07:28:49,143,1,12.1043154762,2.50148809524
2012-07-21 07:28:50,144,1,14.0738839286,1.96956845238
2012-07-21 07:28:51,145,1,15.750297619,1.67641369048
2012-07-21 07:28:52,146,1,17.6357886905,1.88549107143
2012-07-21 07:28:53,147,1,20.085639881,2.44985119048
2012-07-21 07:28:54,148,1,23.116889881,3.03125
2012-07-21 07:28:55,149,1,26.4923363095,3.37544642857
2012-07-21 07:28:56,150,1,29.9083333333,3.41599702381
2012-07-21 07:28:57,151,1,33.1276785714,3.2193452381
2012-07-21 07:28:58,152,1,36.0205357143,2.89285714286
2012-07-21 07:28:59,153,1,38.5479910714,2.52745535714
2012-07-21 07:29:00,154,1,40.7215029762,2.17351190476
2012-07-21 07:29:01,155,1,42.5666666667,1.84516369048
2012-07-21 07:29:02,156,1,44.103422619,1.53675595238
2012-07-21 07:29:03,157,1,45.338764881,1.2353422619
2012-07-21 07:29:04,158,1,46.2790178571,0.940252976191
2012-07-21 07:29:05,159,1,46.9535714286,0.674553571429
2012-07-21 07:29:06,160,1,47.4170386905,0.463467261905
2012-07-21 07:29:07,161,1,47.7238839286,0.306845238095
2012-07-21 07:29:08,162,1,47.9022321429,0.178348214286
2012-07-21 07:29:09,163,1,47.9510416667,0.0488095238096
2012-07-21 07:29:10,164,1,47.8654017857,-0.0856398809524
2012-07-21 07:29:11,165,1,47.6676339286,-0.197767857143
2012-07-21 07:29:12,166,1,47.4162946429,-0.251339285714
2012-07-21 07:29:13,167,1,47.1892113095,-0.227083333333
2012-07-21 07:29:14,168,1,47.053125,-0.136086309524
2012-07-21 07:29:15,169,1,47.0363839286,-0.0167410714286
2012-07-21 07:29:16,170,1,47.1186755952,0.0822916666667
2012-07-21 07:29:17,171,1,47.2409970238,0.122321428571
2012-07-21 07:29:18,172,1,47.3336309524,0.0926339285715
2012-07-21 07:29:19,173,1,47.3520833333,0.0184523809523
2012-07-21 07:29:20,174,1,47.2968005952,-0.0552827380952
2012-07-21 07:29:21,175,1,47.2029017857,-0.0938988095238
2012-07-21 07:29:22,176,1,47.1152529762,-0.0876488095238
2012-07-21 07:29:23,177,1,47.0697172619,-0.0455357142857
2012-07-21 07:29:24,178,1,47.0866815476,0.0169642857143
2012-07-21 07:29:25,179,1,47.175297619,0.0886160714285
2012-07-21 07:29:26,180,1,47.3418154762,0.166517857143
2012-07-21 07:29:27,181,1,47.5911458333,0.249330357143
2012-07-21 07:29:28,182,1,47.9193452381,0.328199404762
2012-07-21 07:29:29,183,1,48.3082589286,0.388913690476
2012-07-21 07:29:30,184,1,48.7307291667,0.422470238095
2012-07-21 07:29:31,185,1,49.1563244048,0.425595238095
2012-07-21 07:29:32,186,1,49.5476190476,0.391294642857
2012-07-21 07:29:33,187,1,49.8545386905,0.306919642857
2012-07-21 07:29:34,188,1,50.0145833333,0.160044642857
2012-07-21 07:29:35,189,1,49.9657738095,-0.0488095238095
2012-07-21 07:29:36,190,1,49.6755208333,-0.290252976191
2012-07-21 07:29:37,191,1,49.1630208333,-0.5125
2012-07-21 07:29:38,192,1,48.4958333333,-0.6671875
2012-07-21 07:29:39,193,1,47.7709077381,-0.724925595238
2012-07-21 07:29:40,194,1,47.0924107143,-0.678497023809
2012-07-21 07:29:41,195,1,46.551860119,-0.540550595238
2012-07-21 07:29:42,196,1,46.2134672619,-0.338392857143
2012-07-21 07:29:43,197,1,46.1046130952,-0.108854166667
2012-07-21 07:29:44,198,1,46.2176339286,0.113020833333
2012-07-21 07:29:45,199,1,46.5245535714,0.306919642857
2012-07-21 07:29:46,200,1,46.9919642857,0.467410714286
2012-07-21 07:29:47,201,1,47.5831845238,0.591220238095
2012-07-21 07:29:48,202,1,48.2488095238,0.665625
2012-07-21 07:29:49,203,1,48.922172619,0.673363095238
2012-07-21 07:29:50,204,1,49.5307291667,0.608556547619
2012-07-21 07:29:51,205,1,50.0141369048,0.483407738095
2012-07-21 07:29:52,206,1,50.3345982143,0.320461309524
2012-07-21 07:29:53,207,1,50.4761904762,0.141592261905
2012-07-21 07:29:54,208,1,50.4430059524,-0.0331845238095
2012-07-21 07:29:55,209,1,50.2613095238,-0.181696428571
2012-07-21 07:29:56,210,1,49.9791666667,-0.282142857143
2012-07-21 07:29:57,211,1,49.6608630952,-0.318303571429
2012-07-21 07:29:58,212,1,49.373139881,-0.287723214286
2012-07-21 07:29:59,213,1,49.1648809524,-0.208258928572
2012-07-21 07:30:00,214,1,49.0582589286,-0.106622023809
2012-07-21 07:30:01,215,1,49.0547619048,-0.0034970238095
2012-07-21 07:30:02,216,1,49.1406994048,0.0859375
2012-07-21 07:30:03,217,1,49.2896577381,0.148958333333
2012-07-21 07:30:04,218,1,49.4635416667,0.173883928571
2012-07-21 07:30:05,219,1,49.6124255952,0.148883928571
2012-07-21 07:30:06,220,1,49.6886904762,0.0762648809524
2012-07-21 07:30:07,221,1,49.6840029762,-0.0046875
2012-07-21 07:30:08,222,1,49.659375,-0.0246279761905
2012-07-21 07:30:09,223,1,49.7233630952,0.0639880952381
2012-07-21 07:30:10,224,1,49.9561011905,0.232738095238
2012-07-21 07:30:11,225,1,50.3363839286,0.380282738095
2012-07-21 07:30:12,226,1,50.737797619,0.401413690476
2012-07-21 07:30:13,227,1,51.0080357143,0.270238095238
2012-07-21 07:30:14,228,1,51.0716517857,0.0636160714286
2012-07-21 07:30:15,229,1,50.9671875,-0.104464285714
2012-07-21 07:30:16,230,1,50.7953125,-0.171875
2012-07-21 07:30:17,231,1,50.6380208333,-0.157291666667
2012-07-21 07:30:18,232,1,50.5086309524,-0.129389880952
2012-07-21 07:30:19,233,1,50.3511904762,-0.15744047619
2012-07-21 07:30:20,234,1,50.0813244048,-0.269866071429
2012-07-21 07:30:21,235,1,49.6394345238,-0.441889880952
2012-07-21 07:30:22,236,1,49.0298363095,-0.609598214286
2012-07-21 07:30:23,237,1,48.334672619,-0.695163690476
2012-07-21 07:30:24,238,1,47.6849702381,-0.649702380952
2012-07-21 07:30:25,239,1,47.1866071429,-0.498363095238
2012-07-21 07:30:26,240,1,46.85,-0.336607142857
2012-07-21 07:30:27,241,1,46.5774553571,-0.272544642857
2012-07-21 07:30:28,242,1,46.1970238095,-0.380431547619
2012-07-21 07:30:29,243,1,45.4855654762,-0.711458333333
2012-07-21 07:30:30,244,1,44.1616815476,-1.32388392857
2012-07-21 07:30:31,245,1,41.8933779762,-2.26830357143
2012-07-21 07:30:32,246,1,38.3928571429,-3.50052083333
2012-07-21 07:30:33,247,1,33.6493303571,-4.74352678571
2012-07-21 07:30:34,248,1,28.2005952381,-5.44873511905
2012-07-21 07:30:35,249,1,23.1462797619,-5.05431547619
2012-07-21 07:30:36,250,1,19.7209077381,-3.42537202381
2012-07-21 07:30:37,251,1,18.6722470238,-1.04866071429
2012-07-21 07:30:38,252,1,19.9135416667,1.24129464286
2012-07-21 07:30:39,253,1,22.6929315476,2.77938988095
2012-07-21 07:30:40,254,1,26.1061011905,3.41316964286
2012-07-21 07:30:41,255,1,29.525297619,3.41919642857
2012-07-21 07:30:42,256,1,32.6673363095,3.14203869048
2012-07-21 07:30:43,257,1,35.4245535714,2.7572172619
2012-07-21 07:30:44,258,1,37.7441220238,2.31956845238
2012-07-21 07:30:45,259,1,39.6347470238,1.890625
2012-07-21 07:30:46,260,1,41.1860863095,1.55133928571
2012-07-21 07:30:47,261,1,42.5263392857,1.34025297619
2012-07-21 07:30:48,262,1,43.7598214286,1.23348214286
2012-07-21 07:30:49,263,1,44.9447916667,1.1849702381
2012-07-21 07:30:50,264,1,46.1078869048,1.1630952381
2012-07-21 07:30:51,265,1,47.25625,1.14836309524
2012-07-21 07:30:52,266,1,48.3757440476,1.11949404762
2012-07-21 07:30:53,267,1,49.4328125,1.05706845238
2012-07-21 07:30:54,268,1,50.3915178571,0.958705357143
2012-07-21 07:30:55,269,1,51.2348958333,0.84337797619
2012-07-21 07:30:56,270,1,51.9691220238,0.734226190476
2012-07-21 07:30:57,271,1,52.6060267857,0.636904761905
2012-07-21 07:30:58,272,1,53.1439732143,0.537946428571
2012-07-21 07:30:59,273,1,53.5584077381,0.414434523809
2012-07-21 07:31:00,274,1,53.7980654762,0.239657738095
2012-07-21 07:31:01,275,1,53.8006696429,0.0026041666666
2012-07-21 07:31:02,276,1,53.5359375,-0.264732142857
2012-07-21 07:31:03,277,1,53.0409970238,-0.494940476191
2012-07-21 07:31:04,278,1,52.4130952381,-0.627901785714
2012-07-21 07:31:05,279,1,51.7609375,-0.652157738095
2012-07-21 07:31:06,280,1,51.1496279762,-0.611309523809
2012-07-21 07:31:07,281,1,50.5917410714,-0.557886904762
2012-07-21 07:31:08,282,1,50.0880952381,-0.503645833333
2012-07-21 07:31:09,283,1,49.6600446429,-0.428050595238
2012-07-21 07:31:10,284,1,49.345014881,-0.315029761905
2012-07-21 07:31:11,285,1,49.1755208333,-0.169494047619
2012-07-21 07:31:12,286,1,49.1604910714,-0.0150297619047
2012-07-21 07:31:13,287,1,49.2849702381,0.124479166667
2012-07-21 07:31:14,288,1,49.5290178571,0.244047619048
2012-07-21 07:31:15,289,1,49.8787946429,0.349776785714
2012-07-21 07:31:16,290,1,50.3175595238,0.438764880952
2012-07-21 07:31:17,291,1,50.8127232143,0.495163690476
2012-07-21 07:31:18,292,1,51.315922619,0.503199404762
2012-07-21 07:31:19,293,1,51.7805059524,0.464583333333
2012-07-21 07:31:20,294,1,52.1819940476,0.401488095238
2012-07-21 07:31:21,295,1,52.5223958333,0.340401785714
2012-07-21 07:31:22,296,1,52.8182291667,0.295833333333
2012-07-21 07:31:23,297,1,53.086235119,0.268005952381
2012-07-21 07:31:24,298,1,53.3398065476,0.253571428571
2012-07-21 07:31:25,299,1,53.5904017857,0.250595238095
2012-07-21 07:31:26,300,1,53.8329613095,0.24255952381
2012-07-21 07:31:27,301,1,54.0263392857,0.19337797619
2012-07-21 07:31:28,302,1,54.1073660714,0.0810267857143
2012-07-21 07:31:29,303,1,54.0355654762,-0.0718005952381
2012-07-21 07:31:30,304,1,53.8267113095,-0.208854166667
2012-07-21 07:31:31,305,1,53.5501488095,-0.2765625
2012-07-21 07:31:32,306,1,53.2918154762,-0.258333333333
2012-07-21 07:31:33,307,1,53.1099702381,-0.181845238095
2012-07-21 07:31:34,308,1,53.0159970238,-0.0939732142857
2012-07-21 07:31:35,309,1,52.9766369048,-0.0393601190476
2012-07-21 07:31:36,310,1,52.9232886905,-0.0533482142857
2012-07-21 07:31:37,311,1,52.7799107143,-0.143377976191
2012-07-21 07:31:38,312,1,52.5078125,-0.272098214286
2012-07-21 07:31:39,313,1,52.1345982143,-0.373214285714
2012-07-21 07:31:40,314,1,51.7423363095,-0.392261904762
2012-07-21 07:31:41,315,1,51.4163690476,-0.325967261905
2012-07-21 07:31:42,316,1,51.1854166667,-0.230952380952
2012-07-21 07:31:43,317,1,51.0027529762,-0.182663690476
2012-07-21 07:31:44,318,1,50.7857142857,-0.217038690476
2012-07-21 07:31:45,319,1,50.4733630952,-0.312351190476
2012-07-21 07:31:46,320,1,50.0567708333,-0.416592261905
2012-07-21 07:31:47,321,1,49.5708333333,-0.4859375
2012-07-21 07:31:48,322,1,49.0584821429,-0.512351190476
2012-07-21 07:31:49,323,1,48.5390625,-0.519419642857
2012-07-21 07:31:50,324,1,48.0168154762,-0.522247023809
2012-07-21 07:31:51,325,1,47.5150297619,-0.501785714286
2012-07-21 07:31:52,326,1,47.0849702381,-0.43005952381
2012-07-21 07:31:53,327,1,46.776860119,-0.308110119048
2012-07-21 07:31:54,328,1,46.6055803571,-0.171279761905
2012-07-21 07:31:55,329,1,46.5417410714,-0.0638392857143
2012-07-21 07:31:56,330,1,46.5375744048,-0.00416666666671
2012-07-21 07:31:57,331,1,46.5779017857,0.0403273809524
2012-07-21 07:31:58,332,1,46.721875,0.143973214286
2012-07-21 07:31:59,333,1,47.0880952381,0.366220238095
2012-07-21 07:32:00,334,1,47.7758184524,0.687723214286
2012-07-21 07:32:01,335,1,48.7801339286,1.00431547619
2012-07-21 07:32:02,336,1,49.9642857143,1.18415178571
2012-07-21 07:32:03,337,1,51.1046875,1.14040178571
2012-07-21 07:32:04,338,1,51.9826636905,0.877976190476
2012-07-21 07:32:05,339,1,52.469047619,0.486383928571
2012-07-21 07:32:06,340,1,52.5551339286,0.0860863095238
2012-07-21 07:32:07,341,1,52.3336309524,-0.22150297619
2012-07-21 07:32:08,342,1,51.956547619,-0.377083333333
2012-07-21 07:32:09,343,1,51.5779761905,-0.378571428571
2012-07-21 07:32:10,344,1,51.2946428571,-0.283333333333
2012-07-21 07:32:11,345,1,51.1223958333,-0.17224702381
2012-07-21 07:32:12,346,1,51.0244791667,-0.0979166666666
2012-07-21 07:32:13,347,1,50.9557291667,-0.06875
2012-07-21 07:32:14,348,1,50.8888392857,-0.0668898809524
2012-07-21 07:32:15,349,1,50.8212053571,-0.0676339285714
2012-07-21 07:32:16,350,1,50.763764881,-0.0574404761905
2012-07-21 07:32:17,351,1,50.723139881,-0.040625
2012-07-21 07:32:18,352,1,50.6966517857,-0.0264880952381
2012-07-21 07:32:19,353,1,50.6729910714,-0.0236607142857
2012-07-21 07:32:20,354,1,50.6311755952,-0.0418154761905
2012-07-21 07:32:21,355,1,50.5485119048,-0.0826636904762
2012-07-21 07:32:22,356,1,50.4132440476,-0.135267857143
2012-07-21 07:32:23,357,1,50.2330357143,-0.180208333333
2012-07-21 07:32:24,358,1,50.0386904762,-0.194345238095
2012-07-21 07:32:25,359,1,49.8774553571,-0.161235119048
2012-07-21 07:32:26,360,1,49.7974702381,-0.0799851190477
2012-07-21 07:32:27,361,1,49.8324404762,0.0349702380953
2012-07-21 07:32:28,362,1,49.9904017857,0.157961309524
2012-07-21 07:32:29,363,1,50.2548363095,0.26443452381
2012-07-21 07:32:30,364,1,50.604985119,0.350148809524
2012-07-21 07:32:31,365,1,51.0398809524,0.434895833333
2012-07-21 07:32:32,366,1,51.583110119,0.543229166667
2012-07-21 07:32:33,367,1,52.2626488095,0.679538690476
2012-07-21 07:32:34,368,1,53.0673363095,0.8046875
2012-07-21 07:32:35,369,1,53.9054315476,0.838095238095
2012-07-21 07:32:36,370,1,54.627827381,0.722395833333
2012-07-21 07:32:37,371,1,55.1145089286,0.486681547619
2012-07-21 07:32:38,372,1,55.3345238095,0.220014880952
2012-07-21 07:32:39,373,1,55.3408482143,0.0063244047619
2012-07-21 07:32:40,374,1,55.2266369048,-0.114211309524
2012-07-21 07:32:41,375,1,55.0697172619,-0.156919642857
2012-07-21 07:32:42,376,1,54.9088541667,-0.160863095238
2012-07-21 07:32:43,377,1,54.7587053571,-0.150148809524
2012-07-21 07:32:44,378,1,54.6166666667,-0.142038690476
2012-07-21 07:32:45,379,1,54.4648065476,-0.151860119048
2012-07-21 07:32:46,380,1,54.2979166667,-0.166889880952
2012-07-21 07:32:47,381,1,54.153125,-0.144791666667
2012-07-21 07:32:48,382,1,54.1022321429,-0.0508928571429
2012-07-21 07:32:49,383,1,54.2114583333,0.109226190476
2012-07-21 07:32:50,384,1,54.5078869048,0.296428571429
2012-07-21 07:32:51,385,1,54.9792410714,0.471354166667
2012-07-21 07:32:52,386,1,55.5914434524,0.612202380952
2012-07-21 07:32:53,387,1,56.2999255952,0.708482142857
2012-07-21 07:32:54,388,1,57.0534970238,0.753571428571
2012-07-21 07:32:55,389,1,57.7926339286,0.739136904762
2012-07-21 07:32:56,390,1,58.4453125,0.652678571429
2012-07-21 07:32:57,391,1,58.9411458333,0.495833333333
2012-07-21 07:32:58,392,1,59.2446428571,0.30349702381
2012-07-21 07:32:59,393,1,59.3747767857,0.130133928571
2012-07-21 07:33:00,394,1,59.396875,0.0220982142857
2012-07-21 07:33:01,395,1,59.3890625,-0.0078125
2012-07-21 07:33:02,396,1,59.3944940476,0.005431547619
2012-07-21 07:33:03,397,1,59.4074404762,0.0129464285715
2012-07-21 07:33:04,398,1,59.4101934524,0.0027529761905
2012-07-21 07:33:05,399,1,59.4064732143,-0.0037202380953
2012-07-21 07:33:06,400,1,59.4192708333,0.0127976190476
2012-07-21 07:33:07,401,1,59.4741815476,0.0549107142857
2012-07-21 07:33:08,402,1,59.5898065476,0.115625
2012-07-21 07:33:09,403,1,59.7790178571,0.189211309524
2012-07-21 07:33:10,404,1,60.0514136905,0.272395833333
2012-07-21 07:33:11,405,1,60.408110119,0.356696428571
2012-07-21 07:33:12,406,1,60.8348958333,0.426785714286
2012-07-21 07:33:13,407,1,61.3068452381,0.471949404762
2012-07-21 07:33:14,408,1,61.8032738095,0.496428571429
2012-07-21 07:33:15,409,1,62.3138392857,0.510565476191
2012-07-21 07:33:16,410,1,62.8289434524,0.515104166667
2012-07-21 07:33:17,411,1,63.3283482143,0.499404761905
2012-07-21 07:33:18,412,1,63.7794642857,0.451116071429
2012-07-21 07:33:19,413,1,64.1476934524,0.368229166667
2012-07-21 07:33:20,414,1,64.4092261905,0.261532738095
2012-07-21 07:33:21,415,1,64.5547619048,0.145535714286
2012-07-21 07:33:22,416,1,64.588764881,0.0340029761905
2012-07-21 07:33:23,417,1,64.5276041667,-0.0611607142857
2012-07-21 07:33:24,418,1,64.3910714286,-0.136532738095
2012-07-21 07:33:25,419,1,64.1912946429,-0.199776785714
2012-07-21 07:33:26,420,1,63.926264881,-0.265029761905
2012-07-21 07:33:27,421,1,63.58125,-0.345014880952
2012-07-21 07:33:28,422,1,63.141889881,-0.439360119048
2012-07-21 07:33:29,423,1,62.6110863095,-0.530803571429
2012-07-21 07:33:30,424,1,62.0125,-0.598586309524
2012-07-21 07:33:31,425,1,61.3787946429,-0.633705357143
2012-07-21 07:33:32,426,1,60.7383928571,-0.640401785714
2012-07-21 07:33:33,427,1,60.1107886905,-0.627604166667
2012-07-21 07:33:34,428,1,59.510639881,-0.600148809524
2012-07-21 07:33:35,429,1,58.9572172619,-0.553422619048
2012-07-21 07:33:36,430,1,58.4822916667,-0.474925595238
2012-07-21 07:33:37,431,1,58.1238095238,-0.358482142857
2012-07-21 07:33:38,432,1,57.9053571429,-0.218452380952
2012-07-21 07:33:39,433,1,57.821577381,-0.0837797619047
2012-07-21 07:33:40,434,1,57.8398809524,0.0183035714286
2012-07-21 07:33:41,435,1,57.9105654762,0.0706845238095
2012-07-21 07:33:42,436,1,57.976264881,0.0656994047619
2012-07-21 07:33:43,437,1,57.9758928571,-0.000372023809497
2012-07-21 07:33:44,438,1,57.8537202381,-0.122172619048
2012-07-21 07:33:45,439,1,57.5866815476,-0.267038690476
2012-07-21 07:33:46,440,1,57.2105654762,-0.376116071428
2012-07-21 07:33:47,441,1,56.810639881,-0.399925595238
2012-07-21 07:33:48,442,1,56.4691220238,-0.341517857143
2012-07-21 07:33:49,443,1,56.2010416667,-0.268080357143
2012-07-21 07:33:50,444,1,55.9305059524,-0.270535714286
2012-07-21 07:33:51,445,1,55.5332589286,-0.39724702381
2012-07-21 07:33:52,446,1,54.91875,-0.614508928571
2012-07-21 07:33:53,447,1,54.0864583333,-0.832291666667
2012-07-21 07:33:54,448,1,53.0860863095,-1.00037202381
2012-07-21 07:33:55,449,1,51.8908482143,-1.19523809524
2012-07-21 07:33:56,450,1,50.3147321429,-1.57611607143
2012-07-21 07:33:57,451,1,48.0675595238,-2.24717261905
2012-07-21 07:33:58,452,1,44.8822916667,-3.18526785714
2012-07-21 07:33:59,453,1,40.6396577381,-4.24263392857
2012-07-21 07:34:00,454,1,35.4863095238,-5.15334821429
2012-07-21 07:34:01,455,1,29.8870535714,-5.59925595238
2012-07-21 07:34:02,456,1,24.5324404762,-5.35461309524
2012-07-21 07:34:03,457,1,20.1376488095,-4.39479166667
2012-07-21 07:34:04,458,1,17.2193452381,-2.91830357143
2012-07-21 07:34:05,459,1,15.928125,-1.2912202381
2012-07-21 07:34:06,460,1,16.0453125,0.1171875
2012-07-21 07:34:07,461,1,17.165625,1.1203125
2012-07-21 07:34:08,462,1,18.9068452381,1.7412202381
2012-07-21 07:34:09,463,1,21.0174107143,2.11056547619
2012-07-21 07:34:10,464,1,23.3923363095,2.37492559524
2012-07-21 07:34:11,465,1,26.0087053571,2.61636904762
2012-07-21 07:34:12,466,1,28.8220982143,2.81339285714
2012-07-21 07:34:13,467,1,31.7299107143,2.9078125
2012-07-21 07:34:14,468,1,34.6051339286,2.87522321429
2012-07-21 07:34:15,469,1,37.3261160714,2.72098214286
2012-07-21 07:34:16,470,1,39.7941220238,2.46800595238
2012-07-21 07:34:17,471,1,41.9520089286,2.15788690476
2012-07-21 07:34:18,472,1,43.7980654762,1.84605654762
2012-07-21 07:34:19,473,1,45.384375,1.58630952381
2012-07-21 07:34:20,474,1,46.7801339286,1.39575892857
2012-07-21 07:34:21,475,1,48.0255208333,1.24538690476
2012-07-21 07:34:22,476,1,49.1277529762,1.10223214286
2012-07-21 07:34:23,477,1,50.084672619,0.956919642857
2012-07-21 07:34:24,478,1,50.8976190476,0.812946428572
2012-07-21 07:34:25,479,1,51.5741815476,0.6765625
2012-07-21 07:34:26,480,1,52.1259672619,0.551785714286
2012-07-21 07:34:27,481,1,52.5660714286,0.440104166667
2012-07-21 07:34:28,482,1,52.9161458333,0.350074404762
2012-07-21 07:34:29,483,1,53.2089285714,0.292782738095
2012-07-21 07:34:30,484,1,53.4739583333,0.265029761905
2012-07-21 07:34:31,485,1,53.724702381,0.250744047619
2012-07-21 07:34:32,486,1,53.9537202381,0.229017857143
2012-07-21 07:34:33,487,1,54.1328125,0.179092261905
2012-07-21 07:34:34,488,1,54.2327380952,0.0999255952381
2012-07-21 07:34:35,489,1,54.250297619,0.0175595238095
2012-07-21 07:34:36,490,1,54.2104166667,-0.0398809523809
2012-07-21 07:34:37,491,1,54.1479910714,-0.0624255952381
2012-07-21 07:34:38,492,1,54.084672619,-0.063318452381
2012-07-21 07:34:39,493,1,54.0118303571,-0.0728422619047
2012-07-21 07:34:40,494,1,53.9087797619,-0.103050595238
2012-07-21 07:34:41,495,1,53.7845982143,-0.124181547619
2012-07-21 07:34:42,496,1,53.6822172619,-0.102380952381
2012-07-21 07:34:43,497,1,53.6404017857,-0.0418154761905
2012-07-21 07:34:44,498,1,53.667485119,0.0270833333333
2012-07-21 07:34:45,499,1,53.7482886905,0.0808035714286
2012-07-21 07:34:46,500,1,53.874702381,0.126413690476
2012-07-21 07:34:47,501,1,54.0766369048,0.201934523809
2012-07-21 07:34:48,502,1,54.4105654762,0.333928571429
2012-07-21 07:34:49,503,1,54.9046130952,0.494047619048
2012-07-21 07:34:50,504,1,55.5186755952,0.6140625
2012-07-21 07:34:51,505,1,56.154985119,0.63630952381
2012-07-21 07:34:52,506,1,56.6997767857,0.544791666667
2012-07-21 07:34:53,507,1,57.0617559524,0.361979166667
2012-07-21 07:34:54,508,1,57.1869791667,0.125223214286
2012-07-21 07:34:55,509,1,57.0566964286,-0.130282738095
2012-07-21 07:34:56,510,1,56.6931547619,-0.363541666667
2012-07-21 07:34:57,511,1,56.176264881,-0.516889880952
2012-07-21 07:34:58,512,1,55.6360863095,-0.540178571429
2012-07-21 07:34:59,513,1,55.2005208333,-0.43556547619
2012-07-21 07:35:00,514,1,54.9341517857,-0.266369047619
2012-07-21 07:35:01,515,1,54.8177083333,-0.116443452381
2012-07-21 07:35:02,516,1,54.7727678571,-0.0449404761904
2012-07-21 07:35:03,517,1,54.7005208333,-0.0722470238096
2012-07-21 07:35:04,518,1,54.5155505952,-0.184970238095
2012-07-21 07:35:05,519,1,54.1732886905,-0.342261904762
2012-07-21 07:35:06,520,1,53.676860119,-0.496428571429
2012-07-21 07:35:07,521,1,53.0524553571,-0.624404761905
2012-07-21 07:35:08,522,1,52.315625,-0.736830357143
2012-07-21 07:35:09,523,1,51.4602678571,-0.855357142857
2012-07-21 07:35:10,524,1,50.4829613095,-0.977306547619
2012-07-21 07:35:11,525,1,49.422172619,-1.06078869048
2012-07-21 07:35:12,526,1,48.3649553571,-1.0572172619
2012-07-21 07:35:13,527,1,47.4063244048,-0.958630952381
2012-07-21 07:35:14,528,1,46.6037202381,-0.802604166667
2012-07-21 07:35:15,529,1,45.9578125,-0.645907738095
2012-07-21 07:35:16,530,1,45.409672619,-0.548139880952
2012-07-21 07:35:17,531,1,44.8541666667,-0.555505952381
2012-07-21 07:35:18,532,1,44.1836309524,-0.670535714286
2012-07-21 07:35:19,533,1,43.3507440476,-0.832886904762
2012-07-21 07:35:20,534,1,42.412797619,-0.937946428571
2012-07-21 07:35:21,535,1,41.5127232143,-0.900074404762
2012-07-21 07:35:22,536,1,40.7992559524,-0.713467261905
2012-07-21 07:35:23,537,1,40.3623511905,-0.436904761905
2012-07-21 07:35:24,538,1,40.2345238095,-0.127827380952
2012-07-21 07:35:25,539,1,40.4212797619,0.186755952381
2012-07-21 07:35:26,540,1,40.9095238095,0.488244047619
2012-07-21 07:35:27,541,1,41.6444940476,0.734970238095
2012-07-21 07:35:28,542,1,42.512797619,0.868303571429
2012-07-21 07:35:29,543,1,43.3853422619,0.872544642857
2012-07-21 07:35:30,544,1,44.206547619,0.821205357143
2012-07-21 07:35:31,545,1,45.037202381,0.830654761905
2012-07-21 07:35:32,546,1,45.9913690476,0.954166666667
2012-07-21 07:35:33,547,1,47.1181547619,1.12678571429
2012-07-21 07:35:34,548,1,48.3330357143,1.21488095238
2012-07-21 07:35:35,549,1,49.4566220238,1.12358630952
2012-07-21 07:35:36,550,1,50.33125,0.87462797619
2012-07-21 07:35:37,551,1,50.9226190476,0.591369047619
2012-07-21 07:35:38,552,1,51.326860119,0.404241071429
2012-07-21 07:35:39,553,1,51.6913690476,0.364508928571
2012-07-21 07:35:40,554,1,52.1203125,0.428943452381
2012-07-21 07:35:41,555,1,52.6207589286,0.500446428571
2012-07-21 07:35:42,556,1,53.1104166667,0.489657738095
2012-07-21 07:35:43,557,1,53.4773065476,0.366889880952
2012-07-21 07:35:44,558,1,53.6511160714,0.17380952381
2012-07-21 07:35:45,559,1,53.6402529762,-0.0108630952381
2012-07-21 07:35:46,560,1,53.5129464286,-0.127306547619
2012-07-21 07:35:47,561,1,53.3409970238,-0.171949404762
2012-07-21 07:35:48,562,1,53.15,-0.19099702381
2012-07-21 07:35:49,563,1,52.9089285714,-0.241071428571
2012-07-21 07:35:50,564,1,52.5671130952,-0.341815476191
2012-07-21 07:35:51,565,1,52.1100446429,-0.457068452381
2012-07-21 07:35:52,566,1,51.579389881,-0.530654761905
2012-07-21 07:35:53,567,1,51.0401785714,-0.539211309524
2012-07-21 07:35:54,568,1,50.5327380952,-0.50744047619
2012-07-21 07:35:55,569,1,50.0536458333,-0.479092261905
2012-07-21 07:35:56,570,1,49.5788690476,-0.474776785714
2012-07-21 07:35:57,571,1,49.1004464286,-0.478422619048
2012-07-21 07:35:58,572,1,48.648735119,-0.451711309524
2012-07-21 07:35:59,573,1,48.2983630952,-0.350372023809
2012-07-21 07:36:00,574,1,48.138764881,-0.159598214286
2012-07-21 07:36:01,575,1,48.2069196429,0.0681547619047
2012-07-21 07:36:02,576,1,48.4450892857,0.238169642857
2012-07-21 07:36:03,577,1,48.7261904762,0.281101190476
2012-07-21 07:36:04,578,1,48.929389881,0.203199404762
2012-07-21 07:36:05,579,1,49.0222470238,0.0928571428571
2012-07-21 07:36:06,580,1,49.0732886905,0.0510416666667
2012-07-21 07:36:07,581,1,49.1735863095,0.100297619048
2012-07-21 07:36:08,582,1,49.3626488095,0.1890625
2012-07-21 07:36:09,583,1,49.6194196429,0.256770833333
2012-07-21 07:36:10,584,1,49.8866071429,0.2671875
2012-07-21 07:36:11,585,1,50.1117559524,0.225148809524
2012-07-21 07:36:12,586,1,50.2892857143,0.177529761905
2012-07-21 07:36:13,587,1,50.4619047619,0.172619047619
2012-07-21 07:36:14,588,1,50.6871279762,0.225223214286
2012-07-21 07:36:15,589,1,51.0043154762,0.3171875
2012-07-21 07:36:16,590,1,51.4145089286,0.410193452381
2012-07-21 07:36:17,591,1,51.8851190476,0.470610119048
2012-07-21 07:36:18,592,1,52.3741815476,0.4890625
2012-07-21 07:36:19,593,1,52.8347470238,0.46056547619
2012-07-21 07:36:20,594,1,53.1942708333,0.359523809524
2012-07-21 07:36:21,595,1,53.3537946429,0.159523809524
2012-07-21 07:36:22,596,1,53.2263392857,-0.127455357143
2012-07-21 07:36:23,597,1,52.7831845238,-0.443154761905
2012-07-21 07:36:24,598,1,52.0714285714,-0.711755952381
2012-07-21 07:36:25,599,1,51.1898809524,-0.881547619048
2012-07-21 07:36:26,600,1,50.2372767857,-0.952604166667
2012-07-21 07:36:27,601,1,49.2735863095,-0.963690476191
2012-07-21 07:36:28,602,1,48.3248511905,-0.948735119048
2012-07-21 07:36:29,603,1,47.4103422619,-0.914508928572
2012-07-21 07:36:30,604,1,46.5569196429,-0.853422619048
2012-07-21 07:36:31,605,1,45.8014136905,-0.755505952381
2012-07-21 07:36:32,606,1,45.1938244048,-0.607589285714
2012-07-21 07:36:33,607,1,44.7907738095,-0.403050595238
2012-07-21 07:36:34,608,1,44.6182291667,-0.172544642857
2012-07-21 07:36:35,609,1,44.6219494048,0.0037202380952
2012-07-21 07:36:36,610,1,44.66875,0.0468005952381
2012-07-21 07:36:37,611,1,44.6203869048,-0.0483630952381
2012-07-21 07:36:38,612,1,44.4120535714,-0.208333333333
2012-07-21 07:36:39,613,1,44.0296875,-0.382366071429
2012-07-21 07:36:40,614,1,43.3717261905,-0.657961309524
2012-07-21 07:36:41,615,1,42.1901785714,-1.18154761905
2012-07-21 07:36:42,616,1,40.2881696429,-1.90200892857
2012-07-21 07:36:43,617,1,37.7880952381,-2.50007440476
2012-07-21 07:36:44,618,1,35.1571428571,-2.63095238095
2012-07-21 07:36:45,619,1,32.9531994048,-2.20394345238
2012-07-21 07:36:46,620,1,31.4608630952,-1.49233630952
2012-07-21 07:36:47,621,1,30.4808779762,-0.979985119048
2012-07-21 07:36:48,622,1,29.5073660714,-0.973511904762
2012-07-21 07:36:49,623,1,28.1517857143,-1.35558035714
2012-07-21 07:36:50,624,1,26.4101934524,-1.7415922619
2012-07-21 07:36:51,625,1,24.6263392857,-1.78385416667
2012-07-21 07:36:52,626,1,23.2689732143,-1.35736607143
2012-07-21 07:36:53,627,1,22.6472470238,-0.621726190476
2012-07-21 07:36:54,628,1,22.7152529762,0.068005952381
2012-07-21 07:36:55,629,1,23.1030505952,0.387797619048
2012-07-21 07:36:56,630,1,23.3337053571,0.230654761905
2012-07-21 07:36:57,631,1,23.0670386905,-0.266666666667
2012-07-21 07:36:58,632,1,22.2436011905,-0.8234375
2012-07-21 07:36:59,633,1,21.0767113095,-1.16688988095
2012-07-21 07:37:00,634,1,19.9191964286,-1.15751488095
2012-07-21 07:37:01,635,1,19.1064732143,-0.812723214286
2012-07-21 07:37:02,636,1,18.8774553571,-0.229017857143
2012-07-21 07:37:03,637,1,19.3622767857,0.484821428571
2012-07-21 07:37:04,638,1,20.554985119,1.19270833333
2012-07-21 07:37:05,639,1,22.284375,1.72938988095
2012-07-21 07:37:06,640,1,24.261235119,1.97686011905
2012-07-21 07:37:07,641,1,26.1881696429,1.92693452381
2012-07-21 07:37:08,642,1,27.8607142857,1.67254464286
2012-07-21 07:37:09,643,1,29.223735119,1.36302083333
2012-07-21 07:37:10,644,1,30.3598214286,1.13608630952
2012-07-21 07:37:11,645,1,31.4109375,1.05111607143
2012-07-21 07:37:12,646,1,32.4854166667,1.07447916667
2012-07-21 07:37:13,647,1,33.5998511905,1.11443452381
2012-07-21 07:37:14,648,1,34.6806547619,1.08080357143
2012-07-21 07:37:15,649,1,35.6228422619,0.9421875
2012-07-21 07:37:16,650,1,36.3556547619,0.7328125
2012-07-21 07:37:17,651,1,36.8726934524,0.517038690476
2012-07-21 07:37:18,652,1,37.2295386905,0.356845238095
2012-07-21 07:37:19,653,1,37.5072916667,0.277752976191
2012-07-21 07:37:20,654,1,37.7502232143,0.242931547619
2012-07-21 07:37:21,655,1,37.9350446429,0.184821428571
2012-07-21 07:37:22,656,1,38.0087053571,0.0736607142858
2012-07-21 07:37:23,657,1,37.9462797619,-0.0624255952381
2012-07-21 07:37:24,658,1,37.7728422619,-0.1734375
2012-07-21 07:37:25,659,1,37.560639881,-0.212202380952
2012-07-21 07:37:26,660,1,37.4142857143,-0.146354166667
2012-07-21 07:37:27,661,1,37.4287946429,0.0145089285714
2012-07-21 07:37:28,662,1,37.637797619,0.209002976191
2012-07-21 07:37:29,663,1,37.9892857143,0.351488095238
2012-07-21 07:37:30,664,1,38.3780505952,0.388764880952
2012-07-21 07:37:31,665,1,38.7349702381,0.356919642857
2012-07-21 07:37:32,666,1,39.0876488095,0.352678571429
2012-07-21 07:37:33,667,1,39.5055059524,0.417857142857
2012-07-21 07:37:34,668,1,39.990922619,0.485416666667
2012-07-21 07:37:35,669,1,40.4514136905,0.460491071429
2012-07-21 07:37:36,670,1,40.780952381,0.329538690476
2012-07-21 07:37:37,671,1,40.9514880952,0.170535714286
2012-07-21 07:37:38,672,1,41.0145089286,0.0630208333333
2012-07-21 07:37:39,673,1,41.0287946429,0.0142857142857
2012-07-21 07:37:40,674,1,41.015327381,-0.0134672619047
2012-07-21 07:37:41,675,1,40.9776041667,-0.0377232142857
2012-07-21 07:37:42,676,1,40.9152529762,-0.0623511904762
2012-07-21 07:37:43,677,1,40.7703869048,-0.144866071429
2012-07-21 07:37:44,678,1,40.3697916667,-0.400595238095
2012-07-21 07:37:45,679,1,39.4822172619,-0.887574404762
2012-07-21 07:37:46,680,1,37.9931547619,-1.4890625
2012-07-21 07:37:47,681,1,36.043452381,-1.94970238095
2012-07-21 07:37:48,682,1,33.9745535714,-2.06889880952
2012-07-21 07:37:49,683,1,32.0996279762,-1.87492559524
2012-07-21 07:37:50,684,1,30.5025297619,-1.59709821429
2012-07-21 07:37:51,685,1,29.0210565476,-1.48147321429
2012-07-21 07:37:52,686,1,27.363764881,-1.65729166667
2012-07-21 07:37:53,687,1,25.2358630952,-2.12790178571
2012-07-21 07:37:54,688,1,22.4303571429,-2.80550595238
2012-07-21 07:37:55,689,1,18.8943452381,-3.53601190476
2012-07-21 07:37:56,690,1,14.775297619,-4.11904761905
2012-07-21 07:37:57,691,1,10.4325892857,-4.34270833333
2012-07-21 07:37:58,692,1,6.38861607143,-4.04397321429
2012-07-21 07:37:59,693,1,3.2412202381,-3.14739583333
2012-07-21 07:38:00,694,1,0.0,-3.2412202381
2012-07-21 07:38:19,713,19,0.0,0.0
2012-07-21 07:38:20,714,1,3.6890625,3.6890625
2012-07-21 07:38:21,715,1,6.65424107143,2.96517857143
2012-07-21 07:38:22,716,1,9.70319940476,3.04895833333
2012-07-21 07:38:23,717,1,12.0822916667,2.3790922619
2012-07-21 07:38:24,718,1,13.516889881,1.43459821429
2012-07-21 07:38:25,719,1,14.2055803571,0.68869047619
2012-07-21 07:38:26,720,1,14.5734375,0.367857142857
2012-07-21 07:38:27,721,1,15.0161458333,0.442708333333
2012-07-21 07:38:28,722,1,15.8145833333,0.7984375
2012-07-21 07:38:29,723,1,17.1560267857,1.34144345238
2012-07-21 07:38:30,724,1,19.1459077381,1.98988095238
2012-07-21 07:38:31,725,1,21.7800595238,2.63415178571
2012-07-21 07:38:32,726,1,24.9134672619,3.1334077381
2012-07-21 07:38:33,727,1,28.2950892857,3.38162202381
2012-07-21 07:38:34,728,1,31.6739583333,3.37886904762
2012-07-21 07:38:35,729,1,34.8797619048,3.20580357143
2012-07-21 07:38:36,730,1,37.815625,2.93586309524
2012-07-21 07:38:37,731,1,40.4178571429,2.60223214286
2012-07-21 07:38:38,732,1,42.6497767857,2.23191964286
2012-07-21 07:38:39,733,1,44.5174107143,1.86763392857
2012-07-21 07:38:40,734,1,46.0697916667,1.55238095238
2012-07-21 07:38:41,735,1,47.3829613095,1.31316964286
2012-07-21 07:38:42,736,1,48.5370535714,1.1540922619
2012-07-21 07:38:43,737,1,49.5918154762,1.05476190476
2012-07-21 07:38:44,738,1,50.5773065476,0.985491071429
2012-07-21 07:38:45,739,1,51.5037946429,0.926488095238
2012-07-21 07:38:46,740,1,52.3729910714,0.869196428571
2012-07-21 07:38:47,741,1,53.1850446429,0.812053571428
2012-07-21 07:38:48,742,1,53.9441220238,0.759077380952
2012-07-21 07:38:49,743,1,54.6536458333,0.709523809524
2012-07-21 07:38:50,744,1,55.3061011905,0.652455357143
2012-07-21 07:38:51,745,1,55.8871279762,0.581026785714
2012-07-21 07:38:52,746,1,56.3879464286,0.500818452381
2012-07-21 07:38:53,747,1,56.8081845238,0.420238095238
2012-07-21 07:38:54,748,1,57.1526041667,0.344419642857
2012-07-21 07:38:55,749,1,57.4265625,0.273958333333
2012-07-21 07:38:56,750,1,57.6307291667,0.204166666667
2012-07-21 07:38:57,751,1,57.7679315476,0.137202380952
2012-07-21 07:38:58,752,1,57.8578125,0.089880952381
2012-07-21 07:38:59,753,1,57.93125,0.0734375
2012-07-21 07:39:00,754,1,58.0092261905,0.0779761904762
2012-07-21 07:39:01,755,1,58.0959821429,0.0867559523809
2012-07-21 07:39:02,756,1,58.184077381,0.0880952380953
2012-07-21 07:39:03,757,1,58.2614583333,0.0773809523809
2012-07-21 07:39:04,758,1,58.3273809524,0.0659226190477
2012-07-21 07:39:05,759,1,58.4031994048,0.0758184523809
2012-07-21 07:39:06,760,1,58.5203869048,0.1171875
2012-07-21 07:39:07,761,1,58.6984375,0.178050595238
2012-07-21 07:39:08,762,1,58.9286458333,0.230208333333
2012-07-21 07:39:09,763,1,59.1719494048,0.243303571429
2012-07-21 07:39:10,764,1,59.3767857143,0.204836309524
2012-07-21 07:39:11,765,1,59.5052083333,0.128422619048
2012-07-21 07:39:12,766,1,59.5460565476,0.0408482142857
2012-07-21 07:39:13,767,1,59.5110119048,-0.0350446428571
2012-07-21 07:39:14,768,1,59.4253720238,-0.0856398809524
2012-07-21 07:39:15,769,1,59.3191220238,-0.10625
2012-07-21 07:39:16,770,1,59.2154017857,-0.103720238095
2012-07-21 07:39:17,771,1,59.1236607143,-0.0917410714286
2012-07-21 07:39:18,772,1,59.0444940476,-0.0791666666667
2012-07-21 07:39:19,773,1,58.9753720238,-0.0691220238095
2012-07-21 07:39:20,774,1,58.9078869048,-0.0674851190476
2012-07-21 07:39:21,775,1,58.8189732143,-0.0889136904762
2012-07-21 07:39:22,776,1,58.6663690476,-0.152604166667
2012-07-21 07:39:23,777,1,58.4014880952,-0.264880952381
2012-07-21 07:39:24,778,1,57.984077381,-0.417410714286
2012-07-21 07:39:25,779,1,57.3710565476,-0.613020833333
2012-07-21 07:39:26,780,1,56.5074404762,-0.863616071428
2012-07-21 07:39:27,781,1,55.3525297619,-1.15491071429
2012-07-21 07:39:28,782,1,53.8919642857,-1.46056547619
2012-07-21 07:39:29,783,1,52.0876488095,-1.80431547619
2012-07-21 07:39:30,784,1,49.816889881,-2.27075892857
2012-07-21 07:39:31,785,1,46.8854910714,-2.93139880952
2012-07-21 07:39:32,786,1,43.1415178571,-3.74397321429
2012-07-21 07:39:33,787,1,38.6247767857,-4.51674107143
2012-07-21 07:39:34,788,1,33.616889881,-5.00788690476
2012-07-21 07:39:35,789,1,28.5289434524,-5.08794642857
2012-07-21 07:39:36,790,1,23.7427827381,-4.78616071429
2012-07-21 07:39:37,791,1,19.5520833333,-4.19069940476
2012-07-21 07:39:38,792,1,16.2073660714,-3.3447172619
2012-07-21 07:39:39,793,1,13.9712053571,-2.23616071429
2012-07-21 07:39:40,794,1,13.0818452381,-0.889360119048
2012-07-21 07:39:41,795,1,13.6124255952,0.530580357143
2012-07-21 07:39:42,796,1,15.36875,1.75632440476
2012-07-21 07:39:43,797,1,17.951264881,2.58251488095
2012-07-21 07:39:44,798,1,20.931547619,2.9802827381
2012-07-21 07:39:45,799,1,24.0133184524,3.08177083333
2012-07-21 07:39:46,800,1,27.0706845238,3.05736607143
2012-07-21 07:39:47,801,1,30.0584077381,2.98772321429
2012-07-21 07:39:48,802,1,32.9239583333,2.86555059524
2012-07-21 07:39:49,803,1,35.6090029762,2.68504464286
2012-07-21 07:39:50,804,1,38.0811011905,2.47209821429
2012-07-21 07:39:51,805,1,40.3342261905,2.253125
2012-07-21 07:39:52,806,1,42.373735119,2.03950892857
2012-07-21 07:39:53,807,1,44.209375,1.83563988095
2012-07-21 07:39:54,808,1,45.8589285714,1.64955357143
2012-07-21 07:39:55,809,1,47.3552083333,1.4962797619
2012-07-21 07:39:56,810,1,48.7355654762,1.38035714286
2012-07-21 07:39:57,811,1,50.0110119048,1.27544642857
2012-07-21 07:39:58,812,1,51.1505952381,1.13958333333
2012-07-21 07:39:59,813,1,52.1011904762,0.950595238095
2012-07-21 07:40:00,814,1,52.8217261905,0.720535714286
2012-07-21 07:40:01,815,1,53.3045386905,0.4828125
2012-07-21 07:40:02,816,1,53.5730654762,0.268526785714
2012-07-21 07:40:03,817,1,53.6682291667,0.0951636904762
2012-07-21 07:40:04,818,1,53.6395089286,-0.0287202380953
2012-07-21 07:40:05,819,1,53.5389136905,-0.100595238095
2012-07-21 07:40:06,820,1,53.4129464286,-0.125967261905
2012-07-21 07:40:07,821,1,53.2910714286,-0.121875
2012-07-21 07:40:08,822,1,53.175297619,-0.115773809524
2012-07-21 07:40:09,823,1,53.048139881,-0.127157738095
2012-07-21 07:40:10,824,1,52.9022321429,-0.145907738095
2012-07-21 07:40:11,825,1,52.765327381,-0.136904761905
2012-07-21 07:40:12,826,1,52.6949404762,-0.0703869047619
2012-07-21 07:40:13,827,1,52.7479166667,0.0529761904762
2012-07-21 07:40:14,828,1,52.9541666667,0.20625
2012-07-21 07:40:15,829,1,53.3148809524,0.360714285714
2012-07-21 07:40:16,830,1,53.8177827381,0.502901785714
2012-07-21 07:40:17,831,1,54.4451636905,0.627380952381
2012-07-21 07:40:18,832,1,55.1657738095,0.720610119048
2012-07-21 07:40:19,833,1,55.9274553571,0.761681547619
2012-07-21 07:40:20,834,1,56.6611607143,0.733705357143
2012-07-21 07:40:21,835,1,57.2928571429,0.631696428571
2012-07-21 07:40:22,836,1,57.7630952381,0.470238095238
2012-07-21 07:40:23,837,1,58.0482886905,0.285193452381
2012-07-21 07:40:24,838,1,58.1744791667,0.126190476191
2012-07-21 07:40:25,839,1,58.2163690476,0.0418898809523
2012-07-21 07:40:26,840,1,58.2667410714,0.0503720238096
2012-07-21 07:40:27,841,1,58.3874255952,0.12068452381
2012-07-21 07:40:28,842,1,58.5845238095,0.197098214286
2012-07-21 07:40:29,843,1,58.8192708333,0.234747023809
2012-07-21 07:40:30,844,1,59.0357886905,0.216517857143
2012-07-21 07:40:31,845,1,59.1933779762,0.157589285714
2012-07-21 07:40:32,846,1,59.2852678571,0.0918898809523
2012-07-21 07:40:33,847,1,59.3333333333,0.0480654761905
2012-07-21 07:40:34,848,1,59.3723958333,0.0390625
2012-07-21 07:40:35,849,1,59.4325892857,0.060193452381
2012-07-21 07:40:36,850,1,59.5249255952,0.0923363095238
2012-07-21 07:40:37,851,1,59.641889881,0.116964285714
2012-07-21 07:40:38,852,1,59.7646577381,0.122767857143
2012-07-21 07:40:39,853,1,59.8647321429,0.100074404762
2012-07-21 07:40:40,854,1,59.9142113095,0.0494791666667
2012-07-21 07:40:41,855,1,59.908110119,-0.0061011904762
2012-07-21 07:40:42,856,1,59.8751488095,-0.0329613095238
2012-07-21 07:40:43,857,1,59.8640625,-0.0110863095238
2012-07-21 07:40:44,858,1,59.9125744048,0.0485119047619
2012-07-21 07:40:45,859,1,60.0218005952,0.109226190476
2012-07-21 07:40:46,860,1,60.1613095238,0.139508928571
2012-07-21 07:40:47,861,1,60.2951636905,0.133854166667
2012-07-21 07:40:48,862,1,60.401264881,0.106101190476
2012-07-21 07:40:49,863,1,60.4796875,0.0784226190476
2012-07-21 07:40:50,864,1,60.5475446429,0.0678571428571
2012-07-21 07:40:51,865,1,60.6160714286,0.0685267857143
2012-07-21 07:40:52,866,1,60.6723958333,0.0563244047619
2012-07-21 07:40:53,867,1,60.6847470238,0.0123511904762
2012-07-21 07:40:54,868,1,60.6220238095,-0.0627232142857
2012-07-21 07:40:55,869,1,60.4779017857,-0.14412202381
2012-07-21 07:40:56,870,1,60.2840029762,-0.193898809524
2012-07-21 07:40:57,871,1,60.0915922619,-0.192410714286
2012-07-21 07:40:58,872,1,59.9392113095,-0.152380952381
2012-07-21 07:40:59,873,1,59.845610119,-0.0936011904762
2012-07-21 07:41:00,874,1,59.8287946429,-0.0168154761905
2012-07-21 07:41:01,875,1,59.9158482143,0.0870535714286
2012-07-21 07:41:02,876,1,60.1228422619,0.206994047619
2012-07-21 07:41:03,877,1,60.4264880952,0.303645833333
2012-07-21 07:41:04,878,1,60.7652529762,0.338764880952
2012-07-21 07:41:05,879,1,61.0756696429,0.310416666667
2012-07-21 07:41:06,880,1,61.3274553571,0.251785714286
2012-07-21 07:41:07,881,1,61.519047619,0.191592261905
2012-07-21 07:41:08,882,1,61.6451636905,0.126116071429
2012-07-21 07:41:09,883,1,61.6843005952,0.0391369047619
2012-07-21 07:41:10,884,1,61.6177827381,-0.0665178571429
2012-07-21 07:41:11,885,1,61.4476190476,-0.170163690476
2012-07-21 07:41:12,886,1,61.1923363095,-0.255282738095
2012-07-21 07:41:13,887,1,60.8723214286,-0.320014880952
2012-07-21 07:41:14,888,1,60.5037202381,-0.368601190476
2012-07-21 07:41:15,889,1,60.1002232143,-0.403497023809
2012-07-21 07:41:16,890,1,59.6723214286,-0.427901785714
2012-07-21 07:41:17,891,1,59.226860119,-0.445461309524
2012-07-21 07:41:18,892,1,58.7706845238,-0.456175595238
2012-07-21 07:41:19,893,1,58.3169642857,-0.453720238095
2012-07-21 07:41:20,894,1,57.8927827381,-0.424181547619
2012-07-21 07:41:21,895,1,57.5353422619,-0.35744047619
2012-07-21 07:41:22,896,1,57.2742559524,-0.261086309524
2012-07-21 07:41:23,897,1,57.1208333333,-0.153422619048
2012-07-21 07:41:24,898,1,57.0683779762,-0.0524553571428
2012-07-21 07:41:25,899,1,57.0947172619,0.0263392857143
2012-07-21 07:41:26,900,1,57.1697916667,0.0750744047619
2012-07-21 07:41:27,901,1,57.2597470238,0.0899553571428
2012-07-21 07:41:28,902,1,57.3244047619,0.0646577380953
2012-07-21 07:41:29,903,1,57.3304315476,0.0060267857142
2012-07-21 07:41:30,904,1,57.2755952381,-0.0548363095238
2012-07-21 07:41:31,905,1,57.1882440476,-0.0873511904762
2012-07-21 07:41:32,906,1,57.092485119,-0.0957589285714
2012-07-21 07:41:33,907,1,56.9661458333,-0.126339285714
2012-07-21 07:41:34,908,1,56.735639881,-0.230505952381
2012-07-21 07:41:35,909,1,56.3288690476,-0.406770833333
2012-07-21 07:41:36,910,1,55.7365327381,-0.592336309524
2012-07-21 07:41:37,911,1,55.0150297619,-0.72150297619
2012-07-21 07:41:38,912,1,54.238764881,-0.776264880952
2012-07-21 07:41:39,913,1,53.455952381,-0.7828125
2012-07-21 07:41:40,914,1,52.6797619048,-0.776190476191
2012-07-21 07:41:41,915,1,51.9122767857,-0.767485119048
2012-07-21 07:41:42,916,1,51.1677827381,-0.744494047619
2012-07-21 07:41:43,917,1,50.4679315476,-0.699851190476
2012-07-21 07:41:44,918,1,49.8254464286,-0.642485119048
2012-07-21 07:41:45,919,1,49.2351190476,-0.590327380952
2012-07-21 07:41:46,920,1,48.6544642857,-0.580654761905
2012-07-21 07:41:47,921,1,47.9661458333,-0.688318452381
2012-07-21 07:41:48,922,1,46.9707589286,-0.995386904762
2012-07-21 07:41:49,923,1,45.4630952381,-1.50766369048
2012-07-21 07:41:50,924,1,43.3508928571,-2.11220238095
2012-07-21 07:41:51,925,1,40.6954613095,-2.65543154762
2012-07-21 07:41:52,926,1,37.6229166667,-3.07254464286
2012-07-21 07:41:53,927,1,34.2069196429,-3.41599702381
2012-07-21 07:41:54,928,1,30.4445684524,-3.76235119048
2012-07-21 07:41:55,929,1,26.3158333333,-4.12873511905
2012-07-21 07:41:56,930,1,21.8534002976,-4.46243303571
2012-07-21 07:41:57,931,1,17.2113095238,-4.64209077381
2012-07-21 07:41:58,932,1,12.7279092262,-4.48340029762
2012-07-21 07:41:59,933,1,8.89174107143,-3.83616815476
2012-07-21 07:42:00,934,1,6.14305059524,-2.74869047619
2012-07-21 07:42:01,935,1,4.6277827381,-1.51526785714
2012-07-21 07:42:02,936,1,4.1101860119,-0.51759672619
2012-07-21 07:42:03,937,1,4.13193452381,0.0217485119048
2012-07-21 07:42:04,938,1,4.29883184524,0.166897321429
2012-07-21 07:42:05,939,1,4.4375,0.138668154762
2012-07-21 07:42:06,940,1,4.51917410714,0.0816741071429
2012-07-21 07:42:07,941,1,4.5746875,0.0555133928571
2012-07-21 07:42:08,942,1,4.78036458333,0.205677083333
2012-07-21 07:42:09,943,1,5.52043154762,0.740066964286
2012-07-21 07:42:10,944,1,7.20888392857,1.68845238095
2012-07-21 07:42:11,945,1,10.009077381,2.80019345238
2012-07-21 07:42:12,946,1,13.7145014881,3.70542410714
2012-07-21 07:42:13,947,1,17.878125,4.1636235119
2012-07-21 07:42:14,948,1,22.0820907738,4.20396577381
2012-07-21 07:42:15,949,1,26.109389881,4.02729910714
2012-07-21 07:42:16,950,1,29.8899553571,3.78056547619
2012-07-21 07:42:17,951,1,33.3751488095,3.48519345238
2012-07-21 07:42:18,952,1,36.5069196429,3.13177083333
2012-07-21 07:42:19,953,1,39.2430059524,2.73608630952
2012-07-21 07:42:20,954,1,41.5616815476,2.31867559524
2012-07-21 07:42:21,955,1,43.4594494048,1.89776785714
2012-07-21 07:42:22,956,1,44.9691964286,1.50974702381
2012-07-21 07:42:23,957,1,46.180952381,1.21175595238
2012-07-21 07:42:24,958,1,47.2263392857,1.04538690476
2012-07-21 07:42:25,959,1,48.2206845238,0.994345238095
2012-07-21 07:42:26,960,1,49.2110863095,0.990401785714
2012-07-21 07:42:27,961,1,50.1749255952,0.963839285714
2012-07-21 07:42:28,962,1,51.0561011905,0.881175595238
2012-07-21 07:42:29,963,1,51.8029761905,0.746875
2012-07-21 07:42:30,964,1,52.387797619,0.584821428571
2012-07-21 07:42:31,965,1,52.801264881,0.413467261905
2012-07-21 07:42:32,966,1,53.0383184524,0.237053571428
2012-07-21 07:42:33,967,1,53.1003720238,0.0620535714286
2012-07-21 07:42:34,968,1,53.0037202381,-0.0966517857143
2012-07-21 07:42:35,969,1,52.7709077381,-0.2328125
2012-07-21 07:42:36,970,1,52.4201636905,-0.350744047619
2012-07-21 07:42:37,971,1,51.9713541667,-0.44880952381
2012-07-21 07:42:38,972,1,51.4556547619,-0.515699404762
2012-07-21 07:42:39,973,1,50.9250744048,-0.530580357143
2012-07-21 07:42:40,974,1,50.461235119,-0.463839285714
2012-07-21 07:42:41,975,1,50.153125,-0.308110119048
2012-07-21 07:42:42,976,1,50.0451636905,-0.107961309524
2012-07-21 07:42:43,977,1,50.1058779762,0.0607142857143
2012-07-21 07:42:44,978,1,50.2386904762,0.1328125
2012-07-21 07:42:45,979,1,50.3343005952,0.0956101190476
2012-07-21 07:42:46,980,1,50.347172619,0.0128720238095
2012-07-21 07:42:47,981,1,50.3252232143,-0.0219494047619
2012-07-21 07:42:48,982,1,50.3630952381,0.0378720238095
2012-07-21 07:42:49,983,1,50.5383184524,0.175223214286
2012-07-21 07:42:50,984,1,50.8760416667,0.337723214286
2012-07-21 07:42:51,985,1,51.3505952381,0.474553571429
2012-07-21 07:42:52,986,1,51.9146577381,0.5640625
2012-07-21 07:42:53,987,1,52.5216517857,0.606994047619
2012-07-21 07:42:54,988,1,53.1253720238,0.603720238095
2012-07-21 07:42:55,989,1,53.6805059524,0.555133928571
2012-07-21 07:42:56,990,1,54.1605654762,0.48005952381
2012-07-21 07:42:57,991,1,54.5717261905,0.411160714286
2012-07-21 07:42:58,992,1,54.938764881,0.367038690476
2012-07-21 07:42:59,993,1,55.2734375,0.334672619048
2012-07-21 07:43:00,994,1,55.5470238095,0.273586309524
2012-07-21 07:43:01,995,1,55.6908482143,0.143824404762
2012-07-21 07:43:02,996,1,55.6373511905,-0.0534970238095
2012-07-21 07:43:03,997,1,55.3664434524,-0.270907738095
2012-07-21 07:43:04,998,1,54.9202380952,-0.446205357143
2012-07-21 07:43:05,999,1,54.3892113095,-0.531026785714
2012-07-21 07:43:06,1000,1,53.8773809524,-0.511830357143
2012-07-21 07:43:07,1001,1,53.4588541667,-0.418526785714
2012-07-21 07:43:08,1002,1,53.1492559524,-0.309598214286
2012-07-21 07:43:09,1003,1,52.9061755952,-0.243080357143
2012-07-21 07:43:10,1004,1,52.6586309524,-0.247544642857
2012-07-21 07:43:11,1005,1,52.3421875,-0.316443452381
2012-07-21 07:43:12,1006,1,51.913764881,-0.428422619048
2012-07-21 07:43:13,1007,1,51.3538690476,-0.559895833333
2012-07-21 07:43:14,1008,1,50.6709077381,-0.682961309524
2012-07-21 07:43:15,1009,1,49.9010416667,-0.769866071429
2012-07-21 07:43:16,1010,1,49.0954613095,-0.805580357143
2012-07-21 07:43:17,1011,1,48.2979166667,-0.797544642857
2012-07-21 07:43:18,1012,1,47.5251488095,-0.772767857143
2012-07-21 07:43:19,1013,1,46.7675595238,-0.757589285714
2012-07-21 07:43:20,1014,1,46.0135416667,-0.754017857143
2012-07-21 07:43:21,1015,1,45.2767857143,-0.736755952381
2012-07-21 07:43:22,1016,1,44.5993303571,-0.677455357143
2012-07-21 07:43:23,1017,1,44.0264136905,-0.572916666667
2012-07-21 07:43:24,1018,1,43.5739583333,-0.452455357143
2012-07-21 07:43:25,1019,1,43.2046130952,-0.369345238095
2012-07-21 07:43:26,1020,1,42.8139880952,-0.390625
2012-07-21 07:43:27,1021,1,42.2392857143,-0.574702380952
2012-07-21 07:43:28,1022,1,41.3253720238,-0.913913690476
2012-07-21 07:43:29,1023,1,40.0377232143,-1.28764880952
2012-07-21 07:43:30,1024,1,38.495014881,-1.54270833333
2012-07-21 07:43:31,1025,1,36.8249255952,-1.67008928571
2012-07-21 07:43:32,1026,1,34.975,-1.84992559524
2012-07-21 07:43:33,1027,1,32.6988839286,-2.27611607143
2012-07-21 07:43:34,1028,1,29.753125,-2.94575892857
2012-07-21 07:43:35,1029,1,26.1191964286,-3.63392857143
2012-07-21 07:43:36,1030,1,22.0200595238,-4.09913690476
2012-07-21 07:43:37,1031,1,17.7314657738,-4.28859375
2012-07-21 07:43:38,1032,1,13.4696428571,-4.26182291667
2012-07-21 07:43:39,1033,1,9.4973735119,-3.97226934524
2012-07-21 07:43:40,1034,1,6.20550595238,-3.29186755952
2012-07-21 07:43:41,1035,1,3.95738095238,-2.248125
2012-07-21 07:43:42,1036,1,2.84425595238,-1.113125
2012-07-21 07:43:43,1037,1,2.61073660714,-0.233519345238
2012-07-21 07:43:44,1038,1,2.82555059524,0.214813988095
2012-07-21 07:43:45,1039,1,3.14725446429,0.321703869048
2012-07-21 07:43:46,1040,1,3.44047619048,0.29322172619
2012-07-21 07:43:47,1041,1,3.68965029762,0.249174107143
2012-07-21 07:43:48,1042,1,3.92489583333,0.235245535714
2012-07-21 07:43:49,1043,1,4.28502232143,0.360126488095
2012-07-21 07:43:50,1044,1,5.03654761905,0.751525297619
2012-07-21 07:43:51,1045,1,6.39723214286,1.36068452381
2012-07-21 07:43:52,1046,1,8.33162202381,1.93438988095
2012-07-21 07:43:53,1047,1,10.5506175595,2.21899553571
2012-07-21 07:43:54,1048,1,12.7157738095,2.16515625
2012-07-21 07:43:55,1049,1,14.6639955357,1.94822172619
2012-07-21 07:43:56,1050,1,16.4521875,1.78819196429
2012-07-21 07:43:57,1051,1,18.2060267857,1.75383928571
2012-07-21 07:43:58,1052,1,19.9842261905,1.77819940476
2012-07-21 07:43:59,1053,1,21.7994791667,1.81525297619
2012-07-21 07:44:00,1054,1,23.6869791667,1.8875
2012-07-21 07:44:01,1055,1,25.6900297619,2.00305059524
2012-07-21 07:44:02,1056,1,27.7946428571,2.10461309524
2012-07-21 07:44:03,1057,1,29.8895833333,2.09494047619
2012-07-21 07:44:04,1058,1,31.7734375,1.88385416667
2012-07-21 07:44:05,1059,1,33.2145833333,1.44114583333
2012-07-21 07:44:06,1060,1,34.0389136905,0.824330357143
2012-07-21 07:44:07,1061,1,34.1805803571,0.141666666667
2012-07-21 07:44:08,1062,1,33.6680059524,-0.512574404762
2012-07-21 07:44:09,1063,1,32.5625,-1.10550595238
2012-07-21 07:44:10,1064,1,30.8915922619,-1.6709077381
2012-07-21 07:44:11,1065,1,28.6438244048,-2.24776785714
2012-07-21 07:44:12,1066,1,25.8302083333,-2.81361607143
2012-07-21 07:44:13,1067,1,22.551264881,-3.27894345238
2012-07-21 07:44:14,1068,1,19.0453869048,-3.50587797619
2012-07-21 07:44:15,1069,1,15.6863095238,-3.35907738095
2012-07-21 07:44:16,1070,1,12.8792410714,-2.80706845238
2012-07-21 07:44:17,1071,1,10.9151041667,-1.96413690476
2012-07-21 07:44:18,1072,1,9.8896577381,-1.02544642857
2012-07-21 07:44:19,1073,1,9.70915178571,-0.180505952381
2012-07-21 07:44:20,1074,1,10.1573660714,0.448214285714
2012-07-21 07:44:21,1075,1,10.9761160714,0.81875
2012-07-21 07:44:22,1076,1,11.9090029762,0.932886904762
2012-07-21 07:44:23,1077,1,12.7279761905,0.818973214286
2012-07-21 07:44:24,1078,1,13.2741815476,0.546205357143
2012-07-21 07:44:25,1079,1,13.4863095238,0.21212797619
2012-07-21 07:44:26,1080,1,13.39375,-0.0925595238095
2012-07-21 07:44:27,1081,1,13.0783482143,-0.315401785714
2012-07-21 07:44:28,1082,1,12.6167410714,-0.461607142857
2012-07-21 07:44:29,1083,1,12.0389880952,-0.57775297619
2012-07-21 07:44:30,1084,1,11.3357142857,-0.703273809524
2012-07-21 07:44:31,1085,1,10.5139136905,-0.821800595238
2012-07-21 07:44:32,1086,1,9.66510416667,-0.84880952381
2012-07-21 07:44:33,1087,1,8.9728422619,-0.692261904762
2012-07-21 07:44:34,1088,1,8.62931547619,-0.343526785714
2012-07-21 07:44:35,1089,1,8.72455357143,0.0952380952381
2012-07-21 07:44:36,1090,1,9.17760416667,0.453050595238
2012-07-21 07:44:37,1091,1,9.75,0.572395833333
2012-07-21 07:44:38,1092,1,10.1621279762,0.412127976191
2012-07-21 07:44:39,1093,1,10.2325892857,0.0704613095238
2012-07-21 07:44:40,1094,1,9.93630952381,-0.296279761905
2012-07-21 07:44:41,1095,1,9.38511904762,-0.55119047619
2012-07-21 07:44:42,1096,1,8.73980654762,-0.6453125
2012-07-21 07:44:43,1097,1,8.09255952381,-0.64724702381
2012-07-21 07:44:44,1098,1,7.45885416667,-0.633705357143
2012-07-21 07:44:45,1099,1,6.90349702381,-0.555357142857
2012-07-21 07:44:46,1100,1,6.64427083333,-0.259226190476
2012-07-21 07:44:47,1101,1,6.96584821429,0.321577380952
2012-07-21 07:44:48,1102,1,7.97552083333,1.00967261905
2012-07-21 07:44:49,1103,1,9.47827380952,1.50275297619
2012-07-21 07:44:50,1104,1,11.1024553571,1.62418154762
2012-07-21 07:44:51,1105,1,12.5073660714,1.40491071429
2012-07-21 07:44:52,1106,1,13.5181547619,1.01078869048
2012-07-21 07:44:53,1107,1,14.1067708333,0.588616071429
2012-07-21 07:44:54,1108,1,14.262202381,0.155431547619
2012-07-21 07:44:55,1109,1,13.959077381,-0.303125
2012-07-21 07:44:56,1110,1,13.2253720238,-0.733705357143
2012-07-21 07:44:57,1111,1,12.1181547619,-1.1072172619
2012-07-21 07:44:58,1112,1,10.6758184524,-1.44233630952
2012-07-21 07:44:59,1113,1,9.00982142857,-1.66599702381
2012-07-21 07:45:00,1114,1,7.40066964286,-1.60915178571
2012-07-21 07:45:01,1115,1,6.2119047619,-1.18876488095
2012-07-21 07:45:02,1116,1,5.696875,-0.515029761905
2012-07-21 07:45:03,1117,1,5.85922619048,0.162351190476
2012-07-21 07:45:04,1118,1,6.46205357143,0.602827380952
2012-07-21 07:45:05,1119,1,7.19754464286,0.735491071429
2012-07-21 07:45:06,1120,1,7.86227678571,0.664732142857
2012-07-21 07:45:07,1121,1,8.38251488095,0.520238095238
2012-07-21 07:45:08,1122,1,8.73415178571,0.351636904762
2012-07-21 07:45:09,1123,1,8.87113095238,0.136979166667
2012-07-21 07:45:10,1124,1,8.74665178571,-0.124479166667
2012-07-21 07:45:11,1125,1,8.41733630952,-0.32931547619
2012-07-21 07:45:12,1126,1,8.07686011905,-0.340476190476
2012-07-21 07:45:13,1127,1,7.96086309524,-0.11599702381
2012-07-21 07:45:14,1128,1,8.22075892857,0.259895833333
2012-07-21 07:45:15,1129,1,8.83348214286,0.612723214286
2012-07-21 07:45:16,1130,1,9.61793154762,0.784449404762
2012-07-21 07:45:17,1131,1,10.3610863095,0.743154761905
2012-07-21 07:45:18,1132,1,10.8821428571,0.521056547619
2012-07-21 07:45:19,1133,1,10.9843005952,0.102157738095
2012-07-21 07:45:20,1134,1,10.4750744048,-0.509226190476
2012-07-21 07:45:21,1135,1,9.32313988095,-1.15193452381
2012-07-21 07:45:22,1136,1,7.79092261905,-1.5322172619
2012-07-21 07:45:23,1137,1,6.37053571429,-1.42038690476
2012-07-21 07:45:24,1138,1,5.52619047619,-0.844345238095
2012-07-21 07:45:25,1139,1,5.46331845238,-0.0628720238095
2012-07-21 07:45:26,1140,1,6.10491071429,0.641592261905
2012-07-21 07:45:27,1141,1,7.1806547619,1.07574404762
2012-07-21 07:45:28,1142,1,8.31845238095,1.13779761905
2012-07-21 07:45:29,1143,1,9.17447916667,0.856026785714
2012-07-21 07:45:30,1144,1,9.56235119048,0.38787202381
2012-07-21 07:45:31,1145,1,9.49226190476,-0.0700892857143
2012-07-21 07:45:32,1146,1,9.11108630952,-0.381175595238
2012-07-21 07:45:33,1147,1,8.59352678571,-0.51755952381
2012-07-21 07:45:34,1148,1,8.1140625,-0.479464285714
2012-07-21 07:45:35,1149,1,7.89702380952,-0.217038690476
2012-07-21 07:45:36,1150,1,8.14099702381,0.243973214286
2012-07-21 07:45:37,1151,1,8.85617559524,0.715178571429
2012-07-21 07:45:38,1152,1,9.85647321429,1.00029761905
2012-07-21 07:45:39,1153,1,10.9084821429,1.05200892857
2012-07-21 07:45:40,1154,1,11.8759672619,0.967485119048
2012-07-21 07:45:41,1155,1,12.729985119,0.854017857143
2012-07-21 07:45:42,1156,1,13.4209821429,0.69099702381
2012-07-21 07:45:43,1157,1,13.8053571429,0.384375
2012-07-21 07:45:44,1158,1,13.7200892857,-0.0852678571428
2012-07-21 07:45:45,1159,1,13.0553890306,-0.664700255102
2012-07-21 07:45:46,1160,1,11.7599170918,-1.29547193878
2012-07-21 07:45:47,1161,1,9.88641581633,-1.87350127551
2012-07-21 07:45:48,1162,1,7.68506590136,-2.20134991497
2012-07-21 07:45:49,1163,1,5.57776360544,-2.10730229592
2012-07-21 07:45:50,1164,1,3.95549532313,-1.62226828231
2012-07-21 07:45:51,1165,1,2.98111181973,-0.974383503401
2012-07-21 07:45:52,1166,1,2.55832270408,-0.422789115646
2012-07-21 07:45:53,1167,1,2.44911777211,-0.109204931973
2012-07-21 07:45:54,1168,1,2.41323341837,-0.0358843537415
2012-07-21 07:45:55,1169,1,2.25051020408,-0.162723214286
2012-07-21 07:45:56,1170,1,1.8193877551,-0.43112244898
2012-07-21 07:45:57,1171,1,1.18961522109,-0.629772534014
2012-07-21 07:45:58,1172,1,0.0,-1.18961522109
2012-07-21 16:24:49,-54097,31131,0.0,0.0
2012-07-21 16:24:50,-54096,1,1.92338435374,1.92338435374
2012-07-21 16:24:51,-54095,1,3.11763392857,1.19424957483
2012-07-21 16:24:52,-54094,1,4.28549107143,1.16785714286
2012-07-21 16:24:53,-54093,1,5.54657738095,1.26108630952
2012-07-21 16:24:54,-54092,1,7.12105654762,1.57447916667
2012-07-21 16:24:55,-54091,1,8.9556547619,1.83459821429
2012-07-21 16:24:56,-54090,1,10.7284598214,1.77280505952
2012-07-21 16:24:57,-54089,1,12.1119791667,1.38351934524
2012-07-21 16:24:58,-54088,1,13.0321428571,0.920163690476
2012-07-21 16:24:59,-54087,1,13.7375744048,0.705431547619
2012-07-21 16:25:00,-54086,1,14.646577381,0.90900297619
2012-07-21 16:25:01,-54085,1,16.1142857143,1.46770833333
2012-07-21 16:25:02,-54084,1,18.2359375,2.12165178571
2012-07-21 16:25:03,-54083,1,20.7407738095,2.50483630952
2012-07-21 16:25:04,-54082,1,23.0655505952,2.32477678571
2012-07-21 16:25:05,-54081,1,24.5985119048,1.53296130952
2012-07-21 16:25:06,-54080,1,24.9328125,0.334300595238
2012-07-21 16:25:07,-54079,1,23.972172619,-0.960639880952
2012-07-21 16:25:08,-54078,1,21.8520833333,-2.12008928571
2012-07-21 16:25:09,-54077,1,18.8273809524,-3.02470238095
2012-07-21 16:25:10,-54076,1,15.2992559524,-3.528125
2012-07-21 16:25:11,-54075,1,11.8759672619,-3.42328869048
2012-07-21 16:25:12,-54074,1,9.23385416667,-2.64211309524
2012-07-21 16:25:13,-54073,1,7.79955357143,-1.43430059524
2012-07-21 16:25:14,-54072,1,7.55171130952,-0.247842261905
2012-07-21 16:25:15,-54071,1,8.19456845238,0.642857142857
2012-07-21 16:25:16,-54070,1,9.54263392857,1.34806547619
2012-07-21 16:25:17,-54069,1,11.6764136905,2.1337797619
2012-07-21 16:25:18,-54068,1,14.720014881,3.04360119048
2012-07-21 16:25:19,-54067,1,18.534077381,3.8140625
2012-07-21 16:25:20,-54066,1,22.6840029762,4.14992559524
2012-07-21 16:25:21,-54065,1,26.7139880952,4.02998511905
2012-07-21 16:25:22,-54064,1,30.3939732143,3.67998511905
2012-07-21 16:25:23,-54063,1,33.6904761905,3.29650297619
2012-07-21 16:25:24,-54062,1,36.5996279762,2.90915178571
2012-07-21 16:25:25,-54061,1,39.075,2.47537202381
2012-07-21 16:25:26,-54060,1,41.0617559524,1.98675595238
2012-07-21 16:25:27,-54059,1,42.5192708333,1.45751488095
2012-07-21 16:25:28,-54058,1,43.3939732143,0.874702380952
2012-07-21 16:25:29,-54057,1,43.6006696429,0.206696428571
2012-07-21 16:25:30,-54056,1,43.0577380952,-0.542931547619
2012-07-21 16:25:31,-54055,1,41.7709821429,-1.28675595238
2012-07-21 16:25:32,-54054,1,39.9151785714,-1.85580357143
2012-07-21 16:25:33,-54053,1,37.8148809524,-2.10029761905
2012-07-21 16:25:34,-54052,1,35.7813244048,-2.03355654762
2012-07-21 16:25:35,-54051,1,33.9216517857,-1.85967261905
2012-07-21 16:25:36,-54050,1,32.0839285714,-1.83772321429
2012-07-21 16:25:37,-54049,1,29.9660714286,-2.11785714286
2012-07-21 16:25:38,-54048,1,27.2845238095,-2.68154761905
2012-07-21 16:25:39,-54047,1,23.8930272109,-3.39149659864
2012-07-21 16:25:40,-54046,1,19.8276679422,-4.06535926871
2012-07-21 16:25:41,-54045,1,15.3397534014,-4.48791454082
2012-07-21 16:25:42,-54044,1,10.923352466,-4.41640093537
2012-07-21 16:25:43,-54043,1,7.20471938776,-3.71863307823
2012-07-21 16:25:44,-54042,1,4.65361394558,-2.55110544218
2012-07-21 16:25:45,-54041,1,3.33708545918,-1.31652848639
2012-07-21 16:25:46,-54040,1,2.93265306122,-0.404432397959
2012-07-21 16:25:47,-54039,1,2.9718962585,0.0392431972789
2012-07-21 16:25:48,-54038,1,3.1106292517,0.138732993197
2012-07-21 16:25:49,-54037,1,3.22397959184,0.113350340136
2012-07-21 16:25:50,-54036,1,3.31428571429,0.090306122449
2012-07-21 16:25:51,-54035,1,3.4,0.0857142857143
2012-07-21 16:25:52,-54034,1,3.48571428571,0.0857142857143
2012-07-21 16:25:53,-54033,1,3.56307397959,0.0773596938775
2012-07-21 16:25:54,-54032,1,3.60328443878,0.0402104591837
2012-07-21 16:25:55,-54031,1,3.62163052721,0.0183460884354
2012-07-21 16:25:56,-54030,1,3.84807610544,0.226445578231
2012-07-21 16:25:57,-54029,1,4.77392644558,0.925850340136
2012-07-21 16:25:58,-54028,1,6.88083545918,2.10690901361
2012-07-21 16:25:59,-54027,1,10.2749681122,3.39413265306
2012-07-21 16:26:00,-54026,1,14.5643707483,4.28940263605
2012-07-21 16:26:01,-54025,1,19.0757971939,4.51142644558
2012-07-21 16:26:02,-54024,1,23.2634034864,4.18760629252
2012-07-21 16:26:03,-54023,1,26.9603210034,3.69691751701
2012-07-21 16:26:04,-54022,1,30.2686755952,3.30835459184
2012-07-21 16:26:05,-54021,1,33.317485119,3.04880952381
2012-07-21 16:26:06,-54020,1,36.1588541667,2.84136904762
2012-07-21 16:26:07,-54019,1,38.7814732143,2.62261904762
2012-07-21 16:26:08,-54018,1,41.1391369048,2.35766369048
2012-07-21 16:26:09,-54017,1,43.1796130952,2.04047619048
2012-07-21 16:26:10,-54016,1,44.8796130952,1.7
2012-07-21 16:26:11,-54015,1,46.2661458333,1.3865327381
2012-07-21 16:26:12,-54014,1,47.4092261905,1.14308035714
2012-07-21 16:26:13,-54013,1,48.3904017857,0.981175595238
2012-07-21 16:26:14,-54012,1,49.265922619,0.875520833333
2012-07-21 16:26:15,-54011,1,50.054389881,0.788467261905
2012-07-21 16:26:16,-54010,1,50.753125,0.698735119048
2012-07-21 16:26:17,-54009,1,51.3511904762,0.598065476191
2012-07-21 16:26:18,-54008,1,51.8279761905,0.476785714286
2012-07-21 16:26:19,-54007,1,52.1613839286,0.333407738095
2012-07-21 16:26:20,-54006,1,52.3539434524,0.19255952381
2012-07-21 16:26:21,-54005,1,52.4520089286,0.0980654761905
2012-07-21 16:26:22,-54004,1,52.53125,0.0792410714286
2012-07-21 16:26:23,-54003,1,52.6527529762,0.12150297619
2012-07-21 16:26:24,-54002,1,52.828125,0.17537202381
2012-07-21 16:26:25,-54001,1,53.0245535714,0.196428571429
2012-07-21 16:26:26,-54000,1,53.195610119,0.171056547619
2012-07-21 16:26:27,-53999,1,53.3026041667,0.106994047619
2012-07-21 16:26:28,-53998,1,53.3128720238,0.0102678571428
2012-07-21 16:26:29,-53997,1,53.1895089286,-0.123363095238
2012-07-21 16:26:30,-53996,1,52.8970238095,-0.292485119048
2012-07-21 16:26:31,-53995,1,52.4273065476,-0.469717261905
2012-07-21 16:26:32,-53994,1,51.8182291667,-0.609077380952
2012-07-21 16:26:33,-53993,1,51.138764881,-0.679464285714
2012-07-21 16:26:34,-53992,1,50.448139881,-0.690625
2012-07-21 16:26:35,-53991,1,49.7571428571,-0.690997023809
2012-07-21 16:26:36,-53990,1,49.0116815476,-0.745461309524
2012-07-21 16:26:37,-53989,1,48.1005952381,-0.911086309524
2012-07-21 16:26:38,-53988,1,46.876264881,-1.22433035714
2012-07-21 16:26:39,-53987,1,45.1806547619,-1.69561011905
2012-07-21 16:26:40,-53986,1,42.8939732143,-2.28668154762
2012-07-21 16:26:41,-53985,1,40.0082589286,-2.88571428571
2012-07-21 16:26:42,-53984,1,36.6546130952,-3.35364583333
2012-07-21 16:26:43,-53983,1,33.0206845238,-3.63392857143
2012-07-21 16:26:44,-53982,1,29.2222470238,-3.7984375
2012-07-21 16:26:45,-53981,1,25.2465029762,-3.97574404762
2012-07-21 16:26:46,-53980,1,21.0080357143,-4.2384672619
2012-07-21 16:26:47,-53979,1,16.4782738095,-4.52976190476
2012-07-21 16:26:48,-53978,1,11.8093005952,-4.66897321429
2012-07-21 16:26:49,-53977,1,7.38913690476,-4.42016369048
2012-07-21 16:26:50,-53976,1,3.83489583333,-3.55424107143
2012-07-21 16:26:51,-53975,1,0.0,-3.83489583333
2012-07-21 16:27:11,-53955,20,0.0,0.0
2012-07-21 16:27:12,-53954,1,4.31927083333,4.31927083333
2012-07-21 16:27:13,-53953,1,7.83430059524,3.5150297619
2012-07-21 16:27:14,-53952,1,11.760639881,3.92633928571
2012-07-21 16:27:15,-53951,1,15.5604910714,3.79985119048
2012-07-21 16:27:16,-53950,1,19.0701636905,3.50967261905
2012-07-21 16:27:17,-53949,1,22.3183035714,3.24813988095
2012-07-21 16:27:18,-53948,1,25.3662946429,3.04799107143
2012-07-21 16:27:19,-53947,1,28.2463541667,2.88005952381
2012-07-21 16:27:20,-53946,1,30.9735863095,2.72723214286
2012-07-21 16:27:21,-53945,1,33.5711309524,2.59754464286
2012-07-21 16:27:22,-53944,1,36.0657738095,2.49464285714
2012-07-21 16:27:23,-53943,1,38.4575892857,2.39181547619
2012-07-21 16:27:24,-53942,1,40.7031994048,2.24561011905
2012-07-21 16:27:25,-53941,1,42.7394345238,2.03623511905
2012-07-21 16:27:26,-53940,1,44.5212053571,1.78177083333
2012-07-21 16:27:27,-53939,1,46.0353422619,1.51413690476
2012-07-21 16:27:28,-53938,1,47.2957589286,1.26041666667
2012-07-21 16:27:29,-53937,1,48.3386160714,1.04285714286
2012-07-21 16:27:30,-53936,1,49.2183035714,0.8796875
2012-07-21 16:27:31,-53935,1,50.0023065476,0.784002976191
2012-07-21 16:27:32,-53934,1,50.7539434524,0.751636904762
2012-07-21 16:27:33,-53933,1,51.5020833333,0.748139880952
2012-07-21 16:27:34,-53932,1,52.2332589286,0.731175595238
2012-07-21 16:27:35,-53931,1,52.9210565476,0.687797619048
2012-07-21 16:27:36,-53930,1,53.5561755952,0.635119047619
2012-07-21 16:27:37,-53929,1,54.1433035714,0.587127976191
2012-07-21 16:27:38,-53928,1,54.6652529762,0.521949404762
2012-07-21 16:27:39,-53927,1,55.049702381,0.384449404762
2012-07-21 16:27:40,-53926,1,55.1882440476,0.138541666667
2012-07-21 16:27:41,-53925,1,55.0049107143,-0.183333333333
2012-07-21 16:27:42,-53924,1,54.4974702381,-0.507440476191
2012-07-21 16:27:43,-53923,1,53.6872767857,-0.810193452381
2012-07-21 16:27:44,-53922,1,52.5185267857,-1.16875
2012-07-21 16:27:45,-53921,1,50.8314732143,-1.68705357143
2012-07-21 16:27:46,-53920,1,48.4795386905,-2.35193452381
2012-07-21 16:27:47,-53919,1,45.4881696429,-2.99136904762
2012-07-21 16:27:48,-53918,1,42.0730654762,-3.41510416667
2012-07-21 16:27:49,-53917,1,38.5001488095,-3.57291666667
2012-07-21 16:27:50,-53916,1,34.9492559524,-3.55089285714
2012-07-21 16:27:51,-53915,1,31.490625,-3.45863095238
2012-07-21 16:27:52,-53914,1,28.1638392857,-3.32678571429
2012-07-21 16:27:53,-53913,1,25.0675595238,-3.0962797619
2012-07-21 16:27:54,-53912,1,22.3251488095,-2.74241071429
2012-07-21 16:27:55,-53911,1,19.9620535714,-2.3630952381
2012-07-21 16:27:56,-53910,1,17.8796130952,-2.08244047619
2012-07-21 16:27:57,-53909,1,15.9169560185,-1.96265707672
2012-07-21 16:27:58,-53908,1,13.8811590608,-2.03579695767
2012-07-21 16:27:59,-53907,1,11.6137152778,-2.26744378307
2012-07-21 16:28:00,-53906,1,9.14557705026,-2.46813822751
2012-07-21 16:28:01,-53905,1,6.76228505291,-2.38329199735
2012-07-21 16:28:02,-53904,1,4.86225198413,-1.90003306878
2012-07-21 16:28:03,-53903,1,3.7224537037,-1.13979828042
2012-07-21 16:28:04,-53902,1,3.32640542328,-0.396048280423
2012-07-21 16:28:05,-53901,1,3.38804563492,0.0616402116402
2012-07-21 16:28:06,-53900,1,3.58210978836,0.194064153439
2012-07-21 16:28:07,-53899,1,3.73797949735,0.155869708995
2012-07-21 16:28:08,-53898,1,3.85830853175,0.120329034392
2012-07-21 16:28:09,-53897,1,4.11213624339,0.25382771164
2012-07-21 16:28:10,-53896,1,4.80619212963,0.694055886243
2012-07-21 16:28:11,-53895,1,6.20411706349,1.39792493386
2012-07-21 16:28:12,-53894,1,8.32789351852,2.12377645503
2012-07-21 16:28:13,-53893,1,10.9480241402,2.62013062169
2012-07-21 16:28:14,-53892,1,13.7486359127,2.80061177249
2012-07-21 16:28:15,-53891,1,16.5119212963,2.7632853836
2012-07-21 16:28:16,-53890,1,19.1407820767,2.62886078042
2012-07-21 16:28:17,-53889,1,21.5601934524,2.41941137566
2012-07-21 16:28:18,-53888,1,23.7494047619,2.18921130952
2012-07-21 16:28:19,-53887,1,25.8454613095,2.09605654762
2012-07-21 16:28:20,-53886,1,28.0249255952,2.17946428571
2012-07-21 16:28:21,-53885,1,30.2425595238,2.21763392857
2012-07-21 16:28:22,-53884,1,32.1543154762,1.91175595238
2012-07-21 16:28:23,-53883,1,33.3345238095,1.18020833333
2012-07-21 16:28:24,-53882,1,33.6108630952,0.276339285714
2012-07-21 16:28:25,-53881,1,33.199702381,-0.411160714286
2012-07-21 16:28:26,-53880,1,32.5241071429,-0.675595238095
2012-07-21 16:28:27,-53879,1,31.9673363095,-0.556770833333
2012-07-21 16:28:28,-53878,1,31.7837797619,-0.183556547619
2012-07-21 16:28:29,-53877,1,32.0922619048,0.308482142857
2012-07-21 16:28:30,-53876,1,32.8444940476,0.752232142857
2012-07-21 16:28:31,-53875,1,33.8162946429,0.971800595238
2012-07-21 16:28:32,-53874,1,34.7057291667,0.88943452381
2012-07-21 16:28:33,-53873,1,35.3147321429,0.60900297619
2012-07-21 16:28:34,-53872,1,35.6766369048,0.361904761905
2012-07-21 16:28:35,-53871,1,36.0189732143,0.342336309524
2012-07-21 16:28:36,-53870,1,36.5986607143,0.5796875
2012-07-21 16:28:37,-53869,1,37.5427827381,0.944122023809
2012-07-21 16:28:38,-53868,1,38.7923363095,1.24955357143
2012-07-21 16:28:39,-53867,1,40.1519345238,1.35959821429
2012-07-21 16:28:40,-53866,1,41.3901785714,1.23824404762
2012-07-21 16:28:41,-53865,1,42.3302083333,0.940029761905
2012-07-21 16:28:42,-53864,1,42.8989583333,0.56875
2012-07-21 16:28:43,-53863,1,43.1398065476,0.240848214286
2012-07-21 16:28:44,-53862,1,43.190625,0.050818452381
2012-07-21 16:28:45,-53861,1,43.2219494048,0.0313244047619
2012-07-21 16:28:46,-53860,1,43.3641369048,0.1421875
2012-07-21 16:28:47,-53859,1,43.6675595238,0.303422619048
2012-07-21 16:28:48,-53858,1,44.1149553571,0.447395833333
2012-07-21 16:28:49,-53857,1,44.6726190476,0.557663690476
2012-07-21 16:28:50,-53856,1,45.3329613095,0.660342261905
2012-07-21 16:28:51,-53855,1,46.1064732143,0.773511904762
2012-07-21 16:28:52,-53854,1,46.9760416667,0.869568452381
2012-07-21 16:28:53,-53853,1,47.8655505952,0.889508928571
2012-07-21 16:28:54,-53852,1,48.6628720238,0.797321428571
2012-07-21 16:28:55,-53851,1,49.2827380952,0.619866071429
2012-07-21 16:28:56,-53850,1,49.7085565476,0.425818452381
2012-07-21 16:28:57,-53849,1,49.9782738095,0.269717261905
2012-07-21 16:28:58,-53848,1,50.1423363095,0.1640625
2012-07-21 16:28:59,-53847,1,50.2373511905,0.0950148809524
2012-07-21 16:29:00,-53846,1,50.2871279762,0.0497767857143
2012-07-21 16:29:01,-53845,1,50.3151785714,0.0280505952381
2012-07-21 16:29:02,-53844,1,50.3491815476,0.0340029761904
2012-07-21 16:29:03,-53843,1,50.4066220238,0.0574404761905
2012-07-21 16:29:04,-53842,1,50.4679315476,0.0613095238095
2012-07-21 16:29:05,-53841,1,50.4645833333,-0.0033482142857
2012-07-21 16:29:06,-53840,1,50.3044642857,-0.160119047619
2012-07-21 16:29:07,-53839,1,49.9235863095,-0.380877976191
2012-07-21 16:29:08,-53838,1,49.3291666667,-0.594419642857
2012-07-21 16:29:09,-53837,1,48.598735119,-0.730431547619
2012-07-21 16:29:10,-53836,1,47.8331845238,-0.765550595238
2012-07-21 16:29:11,-53835,1,47.109077381,-0.724107142857
2012-07-21 16:29:12,-53834,1,46.4672619048,-0.641815476191
2012-07-21 16:29:13,-53833,1,45.9256696429,-0.541592261905
2012-07-21 16:29:14,-53832,1,45.4915178571,-0.434151785714
2012-07-21 16:29:15,-53831,1,45.1652529762,-0.326264880952
2012-07-21 16:29:16,-53830,1,44.9394345238,-0.225818452381
2012-07-21 16:29:17,-53829,1,44.7996279762,-0.139806547619
2012-07-21 16:29:18,-53828,1,44.7281994048,-0.0714285714286
2012-07-21 16:29:19,-53827,1,44.7036458333,-0.0245535714286
2012-07-21 16:29:20,-53826,1,44.6957589286,-0.0078869047619
2012-07-21 16:29:21,-53825,1,44.667485119,-0.0282738095238
2012-07-21 16:29:22,-53824,1,44.5876488095,-0.0798363095238
2012-07-21 16:29:23,-53823,1,44.4485119048,-0.139136904762
2012-07-21 16:29:24,-53822,1,44.2817708333,-0.166741071429
2012-07-21 16:29:25,-53821,1,44.1613095238,-0.120461309524
2012-07-21 16:29:26,-53820,1,44.1755952381,0.0142857142857
2012-07-21 16:29:27,-53819,1,44.3769345238,0.201339285714
2012-07-21 16:29:28,-53818,1,44.7504464286,0.373511904762
2012-07-21 16:29:29,-53817,1,45.2319196429,0.481473214286
2012-07-21 16:29:30,-53816,1,45.7521577381,0.520238095238
2012-07-21 16:29:31,-53815,1,46.2696428571,0.517485119048
2012-07-21 16:29:32,-53814,1,46.7732142857,0.503571428571
2012-07-21 16:29:33,-53813,1,47.2556547619,0.48244047619
2012-07-21 16:29:34,-53812,1,47.6875744048,0.431919642857
2012-07-21 16:29:35,-53811,1,48.0270833333,0.339508928571
2012-07-21 16:29:36,-53810,1,48.2535714286,0.226488095238
2012-07-21 16:29:37,-53809,1,48.3857886905,0.132217261905
2012-07-21 16:29:38,-53808,1,48.4705357143,0.0847470238095
2012-07-21 16:29:39,-53807,1,48.5553571429,0.0848214285714
2012-07-21 16:29:40,-53806,1,48.6671130952,0.111755952381
2012-07-21 16:29:41,-53805,1,48.8115327381,0.144419642857
2012-07-21 16:29:42,-53804,1,48.9869047619,0.17537202381
2012-07-21 16:29:43,-53803,1,49.1926339286,0.205729166667
2012-07-21 16:29:44,-53802,1,49.425297619,0.232663690476
2012-07-21 16:29:45,-53801,1,49.6735119048,0.248214285714
2012-07-21 16:29:46,-53800,1,49.9225446429,0.249032738095
2012-07-21 16:29:47,-53799,1,50.1622767857,0.239732142857
2012-07-21 16:29:48,-53798,1,50.3878720238,0.225595238095
2012-07-21 16:29:49,-53797,1,50.5962053571,0.208333333333
2012-07-21 16:29:50,-53796,1,50.7864583333,0.19025297619
2012-07-21 16:29:51,-53795,1,50.9629464286,0.176488095238
2012-07-21 16:29:52,-53794,1,51.1352678571,0.172321428571
2012-07-21 16:29:53,-53793,1,51.3189732143,0.183705357143
2012-07-21 16:29:54,-53792,1,51.5316220238,0.212648809524
2012-07-21 16:29:55,-53791,1,51.7681547619,0.236532738095
2012-07-21 16:29:56,-53790,1,51.9688244048,0.200669642857
2012-07-21 16:29:57,-53789,1,52.0252232143,0.0563988095238
2012-07-21 16:29:58,-53788,1,51.8358630952,-0.189360119048
2012-07-21 16:29:59,-53787,1,51.3682291667,-0.467633928571
2012-07-21 16:30:00,-53786,1,50.6882440476,-0.679985119048
2012-07-21 16:30:01,-53785,1,49.9446428571,-0.743601190476
2012-07-21 16:30:02,-53784,1,49.312202381,-0.632440476191
2012-07-21 16:30:03,-53783,1,48.9273809524,-0.384821428571
2012-07-21 16:30:04,-53782,1,48.8475446429,-0.0798363095239
2012-07-21 16:30:05,-53781,1,49.0314732143,0.183928571429
2012-07-21 16:30:06,-53780,1,49.3589285714,0.327455357143
2012-07-21 16:30:07,-53779,1,49.7102678571,0.351339285714
2012-07-21 16:30:08,-53778,1,50.005952381,0.29568452381
2012-07-21 16:30:09,-53777,1,50.0566220238,0.0506696428571
2012-07-21 16:30:10,-53776,1,49.3563244048,-0.700297619048
2012-07-21 16:30:11,-53775,1,47.2216517857,-2.13467261905
2012-07-21 16:30:12,-53774,1,43.3428571429,-3.87879464286
2012-07-21 16:30:13,-53773,1,38.2352678571,-5.10758928571
2012-07-21 16:30:14,-53772,1,33.1007440476,-5.13452380952
2012-07-21 16:30:15,-53771,1,29.1610119048,-3.93973214286
2012-07-21 16:30:16,-53770,1,27.0108630952,-2.15014880952
2012-07-21 16:30:17,-53769,1,26.5196428571,-0.491220238095
2012-07-21 16:30:18,-53768,1,27.2223214286,0.702678571428
2012-07-21 16:30:19,-53767,1,28.6891369048,1.46681547619
2012-07-21 16:30:20,-53766,1,30.6026785714,1.91354166667
2012-07-21 16:30:21,-53765,1,32.7008184524,2.09813988095
2012-07-21 16:30:22,-53764,1,34.7825892857,2.08177083333
2012-07-21 16:30:23,-53763,1,36.752827381,1.97023809524
2012-07-21 16:30:24,-53762,1,38.5982886905,1.84546130952
2012-07-21 16:30:25,-53761,1,40.3192708333,1.72098214286
2012-07-21 16:30:26,-53760,1,41.9064732143,1.58720238095
2012-07-21 16:30:27,-53759,1,43.3614583333,1.45498511905
2012-07-21 16:30:28,-53758,1,44.7068452381,1.34538690476
2012-07-21 16:30:29,-53757,1,45.9694940476,1.26264880952
2012-07-21 16:30:30,-53756,1,47.1564732143,1.18697916667
2012-07-21 16:30:31,-53755,1,48.2496279762,1.0931547619
2012-07-21 16:30:32,-53754,1,49.2186011905,0.968973214286
2012-07-21 16:30:33,-53753,1,50.0254464286,0.806845238095
2012-07-21 16:30:34,-53752,1,50.6191220238,0.593675595238
2012-07-21 16:30:35,-53751,1,50.9486607143,0.329538690476
2012-07-21 16:30:36,-53750,1,50.9979910714,0.0493303571429
2012-07-21 16:30:37,-53749,1,50.8194196429,-0.178571428572
2012-07-21 16:30:38,-53748,1,50.5389136905,-0.280505952381
2012-07-21 16:30:39,-53747,1,50.3095982143,-0.229315476191
2012-07-21 16:30:40,-53746,1,50.2420386905,-0.0675595238095
2012-07-21 16:30:41,-53745,1,50.3706845238,0.128645833333
2012-07-21 16:30:42,-53744,1,50.6617559524,0.291071428571
2012-07-21 16:30:43,-53743,1,51.0414434524,0.3796875
2012-07-21 16:30:44,-53742,1,51.4344494048,0.393005952381
2012-07-21 16:30:45,-53741,1,51.7860119048,0.3515625
2012-07-21 16:30:46,-53740,1,52.0581845238,0.272172619048
2012-07-21 16:30:47,-53739,1,52.223735119,0.165550595238
2012-07-21 16:30:48,-53738,1,52.2519345238,0.0281994047619
2012-07-21 16:30:49,-53737,1,52.0837053571,-0.168229166667
2012-07-21 16:30:50,-53736,1,51.645014881,-0.43869047619
2012-07-21 16:30:51,-53735,1,50.8858630952,-0.759151785714
2012-07-21 16:30:52,-53734,1,49.7497767857,-1.13608630952
2012-07-21 16:30:53,-53733,1,48.0851934524,-1.66458333333
2012-07-21 16:30:54,-53732,1,45.6307291667,-2.45446428571
2012-07-21 16:30:55,-53731,1,42.1453869048,-3.4853422619
2012-07-21 16:30:56,-53730,1,37.6119791667,-4.5334077381
2012-07-21 16:30:57,-53729,1,32.3179315476,-5.29404761905
2012-07-21 16:30:58,-53728,1,26.6875744048,-5.63035714286
2012-07-21 16:30:59,-53727,1,21.0479910714,-5.63958333333
2012-07-21 16:31:00,-53726,1,15.5948660714,-5.453125
2012-07-21 16:31:01,-53725,1,10.5322916667,-5.06257440476
2012-07-21 16:31:02,-53724,1,6.18772321429,-4.34456845238
2012-07-21 16:31:03,-53723,1,3.01770833333,-3.17001488095
2012-07-21 16:31:04,-53722,1,0.0,-3.01770833333
2012-07-21 16:31:53,-53673,49,0.0,0.0
2012-07-21 16:31:54,-53672,1,4.7150297619,4.7150297619
2012-07-21 16:31:55,-53671,1,8.71235119048,3.99732142857
2012-07-21 16:31:56,-53670,1,13.2875744048,4.57522321429
2012-07-21 16:31:57,-53669,1,17.835639881,4.54806547619
2012-07-21 16:31:58,-53668,1,22.104985119,4.2693452381
2012-07-21 16:31:59,-53667,1,26.0773809524,3.97239583333
2012-07-21 16:32:00,-53666,1,29.7915922619,3.71421130952
2012-07-21 16:32:01,-53665,1,33.2478422619,3.45625
2012-07-21 16:32:02,-53664,1,36.4124255952,3.16458333333
2012-07-21 16:32:03,-53663,1,39.2479910714,2.83556547619
2012-07-21 16:32:04,-53662,1,41.7326636905,2.48467261905
2012-07-21 16:32:05,-53661,1,43.8717261905,2.1390625
2012-07-21 16:32:06,-53660,1,45.6953125,1.82358630952
2012-07-21 16:32:07,-53659,1,47.2441220238,1.54880952381
2012-07-21 16:32:08,-53658,1,48.5570684524,1.31294642857
2012-07-21 16:32:09,-53657,1,49.6720238095,1.11495535714
2012-07-21 16:32:10,-53656,1,50.6344494048,0.962425595238
2012-07-21 16:32:11,-53655,1,51.491889881,0.85744047619
2012-07-21 16:32:12,-53654,1,52.2764880952,0.784598214286
2012-07-21 16:32:13,-53653,1,53.0015625,0.725074404762
2012-07-21 16:32:14,-53652,1,53.6730654762,0.671502976191
2012-07-21 16:32:15,-53651,1,54.2994791667,0.626413690476
2012-07-21 16:32:16,-53650,1,54.8928571429,0.59337797619
2012-07-21 16:32:17,-53649,1,55.4613095238,0.568452380952
2012-07-21 16:32:18,-53648,1,56.0063244048,0.545014880952
2012-07-21 16:32:19,-53647,1,56.5316220238,0.525297619048
2012-07-21 16:32:20,-53646,1,57.0468005952,0.515178571429
2012-07-21 16:32:21,-53645,1,57.5624255952,0.515625
2012-07-21 16:32:22,-53644,1,58.0869791667,0.524553571429
2012-07-21 16:32:23,-53643,1,58.6220238095,0.535044642857
2012-07-21 16:32:24,-53642,1,59.1568452381,0.534821428571
2012-07-21 16:32:25,-53641,1,59.6666666667,0.509821428571
2012-07-21 16:32:26,-53640,1,60.1121279762,0.445461309524
2012-07-21 16:32:27,-53639,1,60.4525297619,0.340401785714
2012-07-21 16:32:28,-53638,1,60.6723958333,0.219866071428
2012-07-21 16:32:29,-53637,1,60.7904761905,0.118080357143
2012-07-21 16:32:30,-53636,1,60.8380208333,0.0475446428571
2012-07-21 16:32:31,-53635,1,60.826860119,-0.0111607142857
2012-07-21 16:32:32,-53634,1,60.7392857143,-0.0875744047619
2012-07-21 16:32:33,-53633,1,60.550297619,-0.188988095238
2012-07-21 16:32:34,-53632,1,60.2531994048,-0.297098214286
2012-07-21 16:32:35,-53631,1,59.8635416667,-0.389657738095
2012-07-21 16:32:36,-53630,1,59.4072172619,-0.456324404762
2012-07-21 16:32:37,-53629,1,58.9069196429,-0.500297619048
2012-07-21 16:32:38,-53628,1,58.3794642857,-0.527455357143
2012-07-21 16:32:39,-53627,1,57.840625,-0.538839285714
2012-07-21 16:32:40,-53626,1,57.3014880952,-0.539136904762
2012-07-21 16:32:41,-53625,1,56.760639881,-0.540848214286
2012-07-21 16:32:42,-53624,1,56.2105654762,-0.550074404762
2012-07-21 16:32:43,-53623,1,55.6597470238,-0.550818452381
2012-07-21 16:32:44,-53622,1,55.1478422619,-0.511904761905
2012-07-21 16:32:45,-53621,1,54.7292410714,-0.418601190476
2012-07-21 16:32:46,-53620,1,54.4308779762,-0.298363095238
2012-07-21 16:32:47,-53619,1,54.220610119,-0.210267857143
2012-07-21 16:32:48,-53618,1,54.020014881,-0.200595238095
2012-07-21 16:32:49,-53617,1,53.7580357143,-0.261979166667
2012-07-21 16:32:50,-53616,1,53.4203125,-0.337723214286
2012-07-21 16:32:51,-53615,1,53.0480654762,-0.372247023809
2012-07-21 16:32:52,-53614,1,52.6825892857,-0.365476190476
2012-07-21 16:32:53,-53613,1,52.3068452381,-0.375744047619
2012-07-21 16:32:54,-53612,1,51.8469494048,-0.459895833333
2012-07-21 16:32:55,-53611,1,51.2310267857,-0.615922619048
2012-07-21 16:32:56,-53610,1,50.44375,-0.787276785714
2012-07-21 16:32:57,-53609,1,49.5314732143,-0.912276785714
2012-07-21 16:32:58,-53608,1,48.5584077381,-0.97306547619
2012-07-21 16:32:59,-53607,1,47.5359375,-1.0224702381
2012-07-21 16:33:00,-53606,1,46.359375,-1.1765625
2012-07-21 16:33:01,-53605,1,44.8052827381,-1.5540922619
2012-07-21 16:33:02,-53604,1,42.6049107143,-2.20037202381
2012-07-21 16:33:03,-53603,1,39.5441964286,-3.06071428571
2012-07-21 16:33:04,-53602,1,35.5662202381,-3.97797619048
2012-07-21 16:33:05,-53601,1,30.8592261905,-4.70699404762
2012-07-21 16:33:06,-53600,1,25.8584821429,-5.00074404762
2012-07-21 16:33:07,-53599,1,21.1514136905,-4.70706845238
2012-07-21 16:33:08,-53598,1,17.3417410714,-3.80967261905
2012-07-21 16:33:09,-53597,1,14.8939732143,-2.44776785714
2012-07-21 16:33:10,-53596,1,14.0161458333,-0.877827380952
2012-07-21 16:33:11,-53595,1,14.6505952381,0.634449404762
2012-07-21 16:33:12,-53594,1,16.5380952381,1.8875
2012-07-21 16:33:13,-53593,1,19.3049107143,2.76681547619
2012-07-21 16:33:14,-53592,1,22.5635416667,3.25863095238
2012-07-21 16:33:15,-53591,1,25.9901041667,3.4265625
2012-07-21 16:33:16,-53590,1,29.3417410714,3.35163690476
2012-07-21 16:33:17,-53589,1,32.4296875,3.08794642857
2012-07-21 16:33:18,-53588,1,35.0944196429,2.66473214286
2012-07-21 16:33:19,-53587,1,37.223139881,2.1287202381
2012-07-21 16:33:20,-53586,1,38.8020833333,1.57894345238
2012-07-21 16:33:21,-53585,1,39.9322172619,1.13013392857
2012-07-21 16:33:22,-53584,1,40.7560267857,0.823809523809
2012-07-21 16:33:23,-53583,1,41.3584077381,0.602380952381
2012-07-21 16:33:24,-53582,1,41.7391369048,0.380729166667
2012-07-21 16:33:25,-53581,1,41.8623511905,0.123214285714
2012-07-21 16:33:26,-53580,1,41.7283482143,-0.13400297619
2012-07-21 16:33:27,-53579,1,41.409077381,-0.319270833333
2012-07-21 16:33:28,-53578,1,41.0191964286,-0.389880952381
2012-07-21 16:33:29,-53577,1,40.661235119,-0.357961309524
2012-07-21 16:33:30,-53576,1,40.3924107143,-0.268824404762
2012-07-21 16:33:31,-53575,1,40.2219494048,-0.170461309524
2012-07-21 16:33:32,-53574,1,40.1281994048,-0.09375
2012-07-21 16:33:33,-53573,1,40.0872767857,-0.0409226190476
2012-07-21 16:33:34,-53572,1,40.1234375,0.0361607142857
2012-07-21 16:33:35,-53571,1,40.3302827381,0.206845238095
2012-07-21 16:33:36,-53570,1,40.7761904762,0.445907738095
2012-07-21 16:33:37,-53569,1,41.3827380952,0.606547619048
2012-07-21 16:33:38,-53568,1,41.9345238095,0.551785714286
2012-07-21 16:33:39,-53567,1,42.1889136905,0.254389880952
2012-07-21 16:33:40,-53566,1,41.9869047619,-0.202008928571
2012-07-21 16:33:41,-53565,1,41.3300595238,-0.656845238095
2012-07-21 16:33:42,-53564,1,40.3787202381,-0.951339285714
2012-07-21 16:33:43,-53563,1,39.3673363095,-1.01138392857
2012-07-21 16:33:44,-53562,1,38.5029761905,-0.864360119048
2012-07-21 16:33:45,-53561,1,37.8828125,-0.620163690476
2012-07-21 16:33:46,-53560,1,37.4608630952,-0.421949404762
2012-07-21 16:33:47,-53559,1,37.125297619,-0.335565476191
2012-07-21 16:33:48,-53558,1,36.84375,-0.281547619048
2012-07-21 16:33:49,-53557,1,36.7148065476,-0.128943452381
2012-07-21 16:33:50,-53556,1,36.8712797619,0.156473214286
2012-07-21 16:33:51,-53555,1,37.3645089286,0.493229166667
2012-07-21 16:33:52,-53554,1,38.1450892857,0.780580357143
2012-07-21 16:33:53,-53553,1,39.1186755952,0.973586309524
2012-07-21 16:33:54,-53552,1,40.2017113095,1.08303571429
2012-07-21 16:33:55,-53551,1,41.3410714286,1.13936011905
2012-07-21 16:33:56,-53550,1,42.5021577381,1.16108630952
2012-07-21 16:33:57,-53549,1,43.6511904762,1.1490327381
2012-07-21 16:33:58,-53548,1,44.7557291667,1.10453869048
2012-07-21 16:33:59,-53547,1,45.7914434524,1.03571428571
2012-07-21 16:34:00,-53546,1,46.734672619,0.943229166667
2012-07-21 16:34:01,-53545,1,47.551860119,0.8171875
2012-07-21 16:34:02,-53544,1,48.200297619,0.6484375
2012-07-21 16:34:03,-53543,1,48.6456845238,0.445386904762
2012-07-21 16:34:04,-53542,1,48.8905505952,0.244866071429
2012-07-21 16:34:05,-53541,1,48.9748511905,0.0843005952381
2012-07-21 16:34:06,-53540,1,48.9345982143,-0.0402529761905
2012-07-21 16:34:07,-53539,1,48.7744791667,-0.160119047619
2012-07-21 16:34:08,-53538,1,48.4955357143,-0.278943452381
2012-07-21 16:34:09,-53537,1,48.143452381,-0.352083333333
2012-07-21 16:34:10,-53536,1,47.81875,-0.324702380952
2012-07-21 16:34:11,-53535,1,47.6314732143,-0.187276785714
2012-07-21 16:34:12,-53534,1,47.6451636905,0.0136904761905
2012-07-21 16:34:13,-53533,1,47.8654761905,0.2203125
2012-07-21 16:34:14,-53532,1,48.2700892857,0.404613095238
2012-07-21 16:34:15,-53531,1,48.8383184524,0.568229166667
2012-07-21 16:34:16,-53530,1,49.5580357143,0.719717261905
2012-07-21 16:34:17,-53529,1,50.415625,0.857589285714
2012-07-21 16:34:18,-53528,1,51.3839285714,0.968303571429
2012-07-21 16:34:19,-53527,1,52.414360119,1.03043154762
2012-07-21 16:34:20,-53526,1,53.4381696429,1.02380952381
2012-07-21 16:34:21,-53525,1,54.384077381,0.945907738095
2012-07-21 16:34:22,-53524,1,55.1998511905,0.815773809524
2012-07-21 16:34:23,-53523,1,55.8635416667,0.66369047619
2012-07-21 16:34:24,-53522,1,56.3852678571,0.521726190476
2012-07-21 16:34:25,-53521,1,56.7930803571,0.4078125
2012-07-21 16:34:26,-53520,1,57.104985119,0.311904761905
2012-07-21 16:34:27,-53519,1,57.3111607143,0.206175595238
2012-07-21 16:34:28,-53518,1,57.3822172619,0.071056547619
2012-07-21 16:34:29,-53517,1,57.3003720238,-0.0818452380952
2012-07-21 16:34:30,-53516,1,57.0919642857,-0.208407738095
2012-07-21 16:34:31,-53515,1,56.8317708333,-0.260193452381
2012-07-21 16:34:32,-53514,1,56.6107142857,-0.221056547619
2012-07-21 16:34:33,-53513,1,56.4914434524,-0.119270833333
2012-07-21 16:34:34,-53512,1,56.4911458333,-0.0002976190477
2012-07-21 16:34:35,-53511,1,56.5969494048,0.105803571429
2012-07-21 16:34:36,-53510,1,56.7813988095,0.184449404762
2012-07-21 16:34:37,-53509,1,57.0101190476,0.228720238095
2012-07-21 16:34:38,-53508,1,57.2520833333,0.241964285714
2012-07-21 16:34:39,-53507,1,57.4838541667,0.231770833333
2012-07-21 16:34:40,-53506,1,57.6895833333,0.205729166667
2012-07-21 16:34:41,-53505,1,57.8591517857,0.169568452381
2012-07-21 16:34:42,-53504,1,57.9626488095,0.103497023809
2012-07-21 16:34:43,-53503,1,57.916889881,-0.0457589285714
2012-07-21 16:34:44,-53502,1,57.6025297619,-0.314360119048
2012-07-21 16:34:45,-53501,1,56.9412202381,-0.66130952381
2012-07-21 16:34:46,-53500,1,55.9761160714,-0.965104166667
2012-07-21 16:34:47,-53499,1,54.8875,-1.08861607143
2012-07-21 16:34:48,-53498,1,53.9139136905,-0.973586309524
2012-07-21 16:34:49,-53497,1,53.2328869048,-0.681026785714
2012-07-21 16:34:50,-53496,1,52.898735119,-0.334151785714
2012-07-21 16:34:51,-53495,1,52.8696428571,-0.0290922619047
2012-07-21 16:34:52,-53494,1,53.0734375,0.203794642857
2012-07-21 16:34:53,-53493,1,53.4507440476,0.377306547619
2012-07-21 16:34:54,-53492,1,53.9558035714,0.50505952381
2012-07-21 16:34:55,-53491,1,54.5371279762,0.581324404762
2012-07-21 16:34:56,-53490,1,55.1294642857,0.592336309524
2012-07-21 16:34:57,-53489,1,55.6672619048,0.537797619048
2012-07-21 16:34:58,-53488,1,56.1047619048,0.4375
2012-07-21 16:34:59,-53487,1,56.4232886905,0.318526785714
2012-07-21 16:35:00,-53486,1,56.6233630952,0.200074404762
2012-07-21 16:35:01,-53485,1,56.7134672619,0.0901041666667
2012-07-21 16:35:02,-53484,1,56.7024553571,-0.0110119047619
2012-07-21 16:35:03,-53483,1,56.5952380952,-0.107217261905
2012-07-21 16:35:04,-53482,1,56.3957589286,-0.199479166667
2012-07-21 16:35:05,-53481,1,56.1161458333,-0.279613095238
2012-07-21 16:35:06,-53480,1,55.7781994048,-0.337946428571
2012-07-21 16:35:07,-53479,1,55.4048363095,-0.373363095238
2012-07-21 16:35:08,-53478,1,55.0089285714,-0.395907738095
2012-07-21 16:35:09,-53477,1,54.5799107143,-0.429017857143
2012-07-21 16:35:10,-53476,1,54.0692708333,-0.510639880952
2012-07-21 16:35:11,-53475,1,53.3553571429,-0.713913690476
2012-07-21 16:35:12,-53474,1,52.1946428571,-1.16071428571
2012-07-21 16:35:13,-53473,1,50.2780505952,-1.9165922619
2012-07-21 16:35:14,-53472,1,47.425297619,-2.85275297619
2012-07-21 16:35:15,-53471,1,43.7203869048,-3.70491071429
2012-07-21 16:35:16,-53470,1,39.4732142857,-4.24717261905
2012-07-21 16:35:17,-53469,1,35.0802827381,-4.39293154762
2012-07-21 16:35:18,-53468,1,30.8378720238,-4.24241071429
2012-07-21 16:35:19,-53467,1,26.8269345238,-4.0109375
2012-07-21 16:35:20,-53466,1,22.9936755952,-3.83325892857
2012-07-21 16:35:21,-53465,1,19.2832589286,-3.71041666667
2012-07-21 16:35:22,-53464,1,15.6756696429,-3.60758928571
2012-07-21 16:35:23,-53463,1,12.2078125,-3.46785714286
2012-07-21 16:35:24,-53462,1,9.02008928571,-3.18772321429
2012-07-21 16:35:25,-53461,1,6.37046130952,-2.64962797619
2012-07-21 16:35:26,-53460,1,4.63891369048,-1.73154761905
2012-07-21 16:35:27,-53459,1,4.27351190476,-0.365401785714
2012-07-21 16:35:28,-53458,1,5.56897321429,1.29546130952
2012-07-21 16:35:29,-53457,1,8.42976190476,2.86078869048
2012-07-21 16:35:30,-53456,1,12.3769345238,3.94717261905
2012-07-21 16:35:31,-53455,1,16.781547619,4.40461309524
2012-07-21 16:35:32,-53454,1,21.13125,4.34970238095
2012-07-21 16:35:33,-53453,1,25.1647321429,4.03348214286
2012-07-21 16:35:34,-53452,1,28.8063244048,3.6415922619
2012-07-21 16:35:35,-53451,1,32.023735119,3.21741071429
2012-07-21 16:35:36,-53450,1,34.7822172619,2.75848214286
2012-07-21 16:35:37,-53449,1,37.0914434524,2.30922619048
2012-07-21 16:35:38,-53448,1,39.0348958333,1.94345238095
2012-07-21 16:35:39,-53447,1,40.7321428571,1.69724702381
2012-07-21 16:35:40,-53446,1,42.2703869048,1.53824404762
2012-07-21 16:35:41,-53445,1,43.6673363095,1.39694940476
2012-07-21 16:35:42,-53444,1,44.8948660714,1.2275297619
2012-07-21 16:35:43,-53443,1,45.9386904762,1.04382440476
2012-07-21 16:35:44,-53442,1,46.838764881,0.900074404762
2012-07-21 16:35:45,-53441,1,47.6747767857,0.836011904762
2012-07-21 16:35:46,-53440,1,48.5104910714,0.835714285714
2012-07-21 16:35:47,-53439,1,49.3538690476,0.84337797619
2012-07-21 16:35:48,-53438,1,50.1746279762,0.820758928572
2012-07-21 16:35:49,-53437,1,50.951264881,0.776636904762
2012-07-21 16:35:50,-53436,1,51.6947172619,0.743452380952
2012-07-21 16:35:51,-53435,1,52.4301339286,0.735416666667
2012-07-21 16:35:52,-53434,1,53.1587797619,0.728645833333
2012-07-21 16:35:53,-53433,1,53.8464285714,0.687648809524
2012-07-21 16:35:54,-53432,1,54.4516369048,0.605208333333
2012-07-21 16:35:55,-53431,1,54.9561755952,0.504538690476
2012-07-21 16:35:56,-53430,1,55.3698660714,0.413690476191
2012-07-21 16:35:57,-53429,1,55.7148065476,0.34494047619
2012-07-21 16:35:58,-53428,1,56.0041666667,0.289360119048
2012-07-21 16:35:59,-53427,1,56.2307291667,0.2265625
2012-07-21 16:36:00,-53426,1,56.3793154762,0.148586309524
2012-07-21 16:36:01,-53425,1,56.4615327381,0.0822172619047
2012-07-21 16:36:02,-53424,1,56.5352678571,0.0737351190476
2012-07-21 16:36:03,-53423,1,56.6772321429,0.141964285714
2012-07-21 16:36:04,-53422,1,56.9336309524,0.256398809524
2012-07-21 16:36:05,-53421,1,57.2917410714,0.358110119048
2012-07-21 16:36:06,-53420,1,57.6892857143,0.397544642857
2012-07-21 16:36:07,-53419,1,58.0525297619,0.363244047619
2012-07-21 16:36:08,-53418,1,58.3318452381,0.27931547619
2012-07-21 16:36:09,-53417,1,58.5120535714,0.180208333333
2012-07-21 16:36:10,-53416,1,58.6005952381,0.0885416666666
2012-07-21 16:36:11,-53415,1,58.5992559524,-0.0013392857142
2012-07-21 16:36:12,-53414,1,58.4740327381,-0.125223214286
2012-07-21 16:36:13,-53413,1,58.1514136905,-0.322619047619
2012-07-21 16:36:14,-53412,1,57.5525297619,-0.598883928571
2012-07-21 16:36:15,-53411,1,56.649702381,-0.902827380952
2012-07-21 16:36:16,-53410,1,55.5047619048,-1.14494047619
2012-07-21 16:36:17,-53409,1,54.2485119048,-1.25625
2012-07-21 16:36:18,-53408,1,53.0174107143,-1.23110119048
2012-07-21 16:36:19,-53407,1,51.9019345238,-1.11547619048
2012-07-21 16:36:20,-53406,1,50.9338541667,-0.968080357143
2012-07-21 16:36:21,-53405,1,50.1125744048,-0.821279761905
2012-07-21 16:36:22,-53404,1,49.45,-0.662574404762
2012-07-21 16:36:23,-53403,1,48.9886160714,-0.461383928571
2012-07-21 16:36:24,-53402,1,48.7747767857,-0.213839285714
2012-07-21 16:36:25,-53401,1,48.8229166667,0.0481398809524
2012-07-21 16:36:26,-53400,1,49.1053571429,0.28244047619
2012-07-21 16:36:27,-53399,1,49.5654017857,0.460044642857
2012-07-21 16:36:28,-53398,1,50.1319196429,0.566517857143
2012-07-21 16:36:29,-53397,1,50.7209077381,0.588988095238
2012-07-21 16:36:30,-53396,1,51.2361607143,0.515252976191
2012-07-21 16:36:31,-53395,1,51.588764881,0.352604166667
2012-07-21 16:36:32,-53394,1,51.7270089286,0.138244047619
2012-07-21 16:36:33,-53393,1,51.6492559524,-0.0777529761905
2012-07-21 16:36:34,-53392,1,51.3784970238,-0.270758928571
2012-07-21 16:36:35,-53391,1,50.8984375,-0.48005952381
2012-07-21 16:36:36,-53390,1,50.0729910714,-0.825446428571
2012-07-21 16:36:37,-53389,1,48.6124255952,-1.46056547619
2012-07-21 16:36:38,-53388,1,46.2121279762,-2.40029761905
2012-07-21 16:36:39,-53387,1,42.8608630952,-3.35126488095
2012-07-21 16:36:40,-53386,1,39.0281994048,-3.83266369048
2012-07-21 16:36:41,-53385,1,35.4881696429,-3.5400297619
2012-07-21 16:36:42,-53384,1,32.8941964286,-2.59397321429
2012-07-21 16:36:43,-53383,1,31.4259672619,-1.46822916667
2012-07-21 16:36:44,-53382,1,30.783110119,-0.642857142857
2012-07-21 16:36:45,-53381,1,30.4796130952,-0.303497023809
2012-07-21 16:36:46,-53380,1,30.0671130952,-0.4125
2012-07-21 16:36:47,-53379,1,29.138764881,-0.928348214286
2012-07-21 16:36:48,-53378,1,27.3621279762,-1.77663690476
2012-07-21 16:36:49,-53377,1,24.6532738095,-2.70885416667
2012-07-21 16:36:50,-53376,1,21.2857886905,-3.36748511905
2012-07-21 16:36:51,-53375,1,17.7656994048,-3.52008928571
2012-07-21 16:36:52,-53374,1,14.527827381,-3.23787202381
2012-07-21 16:36:53,-53373,1,11.6686011905,-2.85922619048
2012-07-21 16:36:54,-53372,1,8.95766369048,-2.7109375
2012-07-21 16:36:55,-53371,1,6.17782738095,-2.77983630952
2012-07-21 16:36:56,-53370,1,3.54817708333,-2.62965029762
2012-07-21 16:36:57,-53369,1,0.0,-3.54817708333
2012-07-21 16:37:41,-53325,44,0.0,0.0
2012-07-21 16:37:42,-53324,1,3.30327380952,3.30327380952
2012-07-21 16:37:43,-53323,1,5.94441964286,2.64114583333
2012-07-21 16:37:44,-53322,1,8.78474702381,2.84032738095
2012-07-21 16:37:45,-53321,1,11.2664434524,2.48169642857
2012-07-21 16:37:46,-53320,1,13.191889881,1.92544642857
2012-07-21 16:37:47,-53319,1,14.619233631,1.42734375
2012-07-21 16:37:48,-53318,1,15.7337053571,1.11447172619
2012-07-21 16:37:49,-53317,1,16.742485119,1.0087797619
2012-07-21 16:37:50,-53316,1,17.8444196429,1.10193452381
2012-07-21 16:37:51,-53315,1,19.243452381,1.3990327381
2012-07-21 16:37:52,-53314,1,21.1197172619,1.87626488095
2012-07-21 16:37:53,-53313,1,23.5560267857,2.43630952381
2012-07-21 16:37:54,-53312,1,26.4697916667,2.91376488095
2012-07-21 16:37:55,-53311,1,29.6182291667,3.1484375
2012-07-21 16:37:56,-53310,1,32.7265625,3.10833333333
2012-07-21 16:37:57,-53309,1,35.6353422619,2.9087797619
2012-07-21 16:37:58,-53308,1,38.3207589286,2.68541666667
2012-07-21 16:37:59,-53307,1,40.8164434524,2.49568452381
2012-07-21 16:38:00,-53306,1,43.1421130952,2.32566964286
2012-07-21 16:38:01,-53305,1,45.2800595238,2.13794642857
2012-07-21 16:38:02,-53304,1,47.1956845238,1.915625
2012-07-21 16:38:03,-53303,1,48.8679315476,1.67224702381
2012-07-21 16:38:04,-53302,1,50.2968005952,1.42886904762
2012-07-21 16:38:05,-53301,1,51.4964285714,1.19962797619
2012-07-21 16:38:06,-53300,1,52.4939732143,0.997544642857
2012-07-21 16:38:07,-53299,1,53.332514881,0.838541666667
2012-07-21 16:38:08,-53298,1,54.0605654762,0.728050595238
2012-07-21 16:38:09,-53297,1,54.7099702381,0.649404761905
2012-07-21 16:38:10,-53296,1,55.2898809524,0.579910714286
2012-07-21 16:38:11,-53295,1,55.8006696429,0.510788690476
2012-07-21 16:38:12,-53294,1,56.2453125,0.444642857143
2012-07-21 16:38:13,-53293,1,56.6324404762,0.387127976191
2012-07-21 16:38:14,-53292,1,56.9720238095,0.339583333333
2012-07-21 16:38:15,-53291,1,57.2584821429,0.286458333333
2012-07-21 16:38:16,-53290,1,57.4529761905,0.194494047619
2012-07-21 16:38:17,-53289,1,57.4942708333,0.0412946428571
2012-07-21 16:38:18,-53288,1,57.3507440476,-0.143526785714
2012-07-21 16:38:19,-53287,1,57.074702381,-0.276041666667
2012-07-21 16:38:20,-53286,1,56.7961309524,-0.278571428571
2012-07-21 16:38:21,-53285,1,56.6507440476,-0.145386904762
2012-07-21 16:38:22,-53284,1,56.7072916667,0.0565476190477
2012-07-21 16:38:23,-53283,1,56.9516369048,0.244345238095
2012-07-21 16:38:24,-53282,1,57.3223214286,0.37068452381
2012-07-21 16:38:25,-53281,1,57.7485863095,0.426264880952
2012-07-21 16:38:26,-53280,1,58.1627232143,0.414136904762
2012-07-21 16:38:27,-53279,1,58.5097470238,0.347023809524
2012-07-21 16:38:28,-53278,1,58.7712797619,0.261532738095
2012-07-21 16:38:29,-53277,1,58.971875,0.200595238095
2012-07-21 16:38:30,-53276,1,59.1459821429,0.174107142857
2012-07-21 16:38:31,-53275,1,59.300297619,0.15431547619
2012-07-21 16:38:32,-53274,1,59.4142857143,0.113988095238
2012-07-21 16:38:33,-53273,1,59.4726190476,0.0583333333333
2012-07-21 16:38:34,-53272,1,59.4851934524,0.012574404762
2012-07-21 16:38:35,-53271,1,59.4712053571,-0.0139880952381
2012-07-21 16:38:36,-53270,1,59.4273065476,-0.0438988095239
2012-07-21 16:38:37,-53269,1,59.3070684524,-0.120238095238
2012-07-21 16:38:38,-53268,1,59.0319940476,-0.275074404762
2012-07-21 16:38:39,-53267,1,58.5418154762,-0.490178571429
2012-07-21 16:38:40,-53266,1,57.8494791667,-0.692336309524
2012-07-21 16:38:41,-53265,1,57.0498511905,-0.799627976191
2012-07-21 16:38:42,-53264,1,56.2693452381,-0.780505952381
2012-07-21 16:38:43,-53263,1,55.5892113095,-0.680133928571
2012-07-21 16:38:44,-53262,1,55.0055059524,-0.583705357143
2012-07-21 16:38:45,-53261,1,54.465625,-0.539880952381
2012-07-21 16:38:46,-53260,1,53.9412202381,-0.524404761905
2012-07-21 16:38:47,-53259,1,53.4645833333,-0.476636904762
2012-07-21 16:38:48,-53258,1,53.1060267857,-0.358556547619
2012-07-21 16:38:49,-53257,1,52.9212053571,-0.184821428571
2012-07-21 16:38:50,-53256,1,52.9118303571,-0.00937499999991
2012-07-21 16:38:51,-53255,1,53.0266369048,0.114806547619
2012-07-21 16:38:52,-53254,1,53.1938988095,0.167261904762
2012-07-21 16:38:53,-53253,1,53.3618303571,0.167931547619
2012-07-21 16:38:54,-53252,1,53.5223214286,0.160491071429
2012-07-21 16:38:55,-53251,1,53.6979910714,0.175669642857
2012-07-21 16:38:56,-53250,1,53.9093005952,0.211309523809
2012-07-21 16:38:57,-53249,1,54.1550595238,0.245758928571
2012-07-21 16:38:58,-53248,1,54.4138392857,0.258779761905
2012-07-21 16:38:59,-53247,1,54.6615327381,0.247693452381
2012-07-21 16:39:00,-53246,1,54.8882440476,0.226711309524
2012-07-21 16:39:01,-53245,1,55.0969494048,0.208705357143
2012-07-21 16:39:02,-53244,1,55.2955357143,0.198586309524
2012-07-21 16:39:03,-53243,1,55.487202381,0.191666666667
2012-07-21 16:39:04,-53242,1,55.6542410714,0.167038690476
2012-07-21 16:39:05,-53241,1,55.7589285714,0.1046875
2012-07-21 16:39:06,-53240,1,55.7663690476,0.0074404761905
2012-07-21 16:39:07,-53239,1,55.6546130952,-0.111755952381
2012-07-21 16:39:08,-53238,1,55.4056547619,-0.248958333333
2012-07-21 16:39:09,-53237,1,55.0050595238,-0.400595238095
2012-07-21 16:39:10,-53236,1,54.4667410714,-0.538318452381
2012-07-21 16:39:11,-53235,1,53.866889881,-0.599851190476
2012-07-21 16:39:12,-53234,1,53.3392113095,-0.527678571429
2012-07-21 16:39:13,-53233,1,53.009077381,-0.330133928571
2012-07-21 16:39:14,-53232,1,52.9188988095,-0.0901785714286
2012-07-21 16:39:15,-53231,1,53.0109375,0.0920386904762
2012-07-21 16:39:16,-53230,1,53.1715029762,0.160565476191
2012-07-21 16:39:17,-53229,1,53.293452381,0.121949404762
2012-07-21 16:39:18,-53228,1,53.3180803571,0.0246279761904
2012-07-21 16:39:19,-53227,1,53.2404017857,-0.0776785714285
2012-07-21 16:39:20,-53226,1,53.0822172619,-0.15818452381
2012-07-21 16:39:21,-53225,1,52.8547619048,-0.227455357143
2012-07-21 16:39:22,-53224,1,52.5412202381,-0.313541666667
2012-07-21 16:39:23,-53223,1,52.1150297619,-0.42619047619
2012-07-21 16:39:24,-53222,1,51.5723958333,-0.542633928571
2012-07-21 16:39:25,-53221,1,50.939360119,-0.633035714286
2012-07-21 16:39:26,-53220,1,50.2496279762,-0.689732142857
2012-07-21 16:39:27,-53219,1,49.5300595238,-0.719568452381
2012-07-21 16:39:28,-53218,1,48.812797619,-0.717261904762
2012-07-21 16:39:29,-53217,1,48.1465029762,-0.666294642857
2012-07-21 16:39:30,-53216,1,47.5810267857,-0.565476190476
2012-07-21 16:39:31,-53215,1,47.1429315476,-0.438095238095
2012-07-21 16:39:32,-53214,1,46.8311755952,-0.311755952381
2012-07-21 16:39:33,-53213,1,46.6379464286,-0.193229166667
2012-07-21 16:39:34,-53212,1,46.5767113095,-0.0612351190476
2012-07-21 16:39:35,-53211,1,46.6880952381,0.111383928571
2012-07-21 16:39:36,-53210,1,47.0139880952,0.325892857143
2012-07-21 16:39:37,-53209,1,47.5656994048,0.551711309524
2012-07-21 16:39:38,-53208,1,48.3046130952,0.738913690476
2012-07-21 16:39:39,-53207,1,49.1366815476,0.832068452381
2012-07-21 16:39:40,-53206,1,49.9379464286,0.801264880952
2012-07-21 16:39:41,-53205,1,50.6102678571,0.672321428572
2012-07-21 16:39:42,-53204,1,51.1226934524,0.512425595238
2012-07-21 16:39:43,-53203,1,51.5084077381,0.385714285714
2012-07-21 16:39:44,-53202,1,51.8264880952,0.318080357143
2012-07-21 16:39:45,-53201,1,52.1160714286,0.289583333333
2012-07-21 16:39:46,-53200,1,52.3769345238,0.260863095238
2012-07-21 16:39:47,-53199,1,52.5872767857,0.210342261905
2012-07-21 16:39:48,-53198,1,52.7351934524,0.147916666667
2012-07-21 16:39:49,-53197,1,52.8333333333,0.0981398809524
2012-07-21 16:39:50,-53196,1,52.9041666667,0.0708333333334
2012-07-21 16:39:51,-53195,1,52.9541666667,0.05
2012-07-21 16:39:52,-53194,1,52.9665178571,0.0123511904762
2012-07-21 16:39:53,-53193,1,52.9188244048,-0.047693452381
2012-07-21 16:39:54,-53192,1,52.8084077381,-0.110416666667
2012-07-21 16:39:55,-53191,1,52.6601190476,-0.148288690476
2012-07-21 16:39:56,-53190,1,52.5025297619,-0.157589285714
2012-07-21 16:39:57,-53189,1,52.3334077381,-0.16912202381
2012-07-21 16:39:58,-53188,1,52.1164434524,-0.216964285714
2012-07-21 16:39:59,-53187,1,51.8151785714,-0.301264880952
2012-07-21 16:40:00,-53186,1,51.4232886905,-0.391889880952
2012-07-21 16:40:01,-53185,1,50.9626488095,-0.460639880952
2012-07-21 16:40:02,-53184,1,50.4635416667,-0.499107142857
2012-07-21 16:40:03,-53183,1,49.9520833333,-0.511458333333
2012-07-21 16:40:04,-53182,1,49.4505208333,-0.5015625
2012-07-21 16:40:05,-53181,1,48.9799107143,-0.470610119048
2012-07-21 16:40:06,-53180,1,48.5556547619,-0.424255952381
2012-07-21 16:40:07,-53179,1,48.1779017857,-0.377752976191
2012-07-21 16:40:08,-53178,1,47.8292410714,-0.348660714286
2012-07-21 16:40:09,-53177,1,47.4891369048,-0.340104166667
2012-07-21 16:40:10,-53176,1,47.1567708333,-0.332366071429
2012-07-21 16:40:11,-53175,1,46.8633928571,-0.29337797619
2012-07-21 16:40:12,-53174,1,46.6632440476,-0.200148809524
2012-07-21 16:40:13,-53173,1,46.6040922619,-0.0591517857142
2012-07-21 16:40:14,-53172,1,46.6933035714,0.0892113095238
2012-07-21 16:40:15,-53171,1,46.8904761905,0.197172619048
2012-07-21 16:40:16,-53170,1,47.1398065476,0.249330357143
2012-07-21 16:40:17,-53169,1,47.4104166667,0.270610119048
2012-07-21 16:40:18,-53168,1,47.7043154762,0.293898809524
2012-07-21 16:40:19,-53167,1,48.0316220238,0.327306547619
2012-07-21 16:40:20,-53166,1,48.3854166667,0.353794642857
2012-07-21 16:40:21,-53165,1,48.7430803571,0.357663690476
2012-07-21 16:40:22,-53164,1,49.0889880952,0.345907738095
2012-07-21 16:40:23,-53163,1,49.425,0.336011904762
2012-07-21 16:40:24,-53162,1,49.7478422619,0.322842261905
2012-07-21 16:40:25,-53161,1,50.0189732143,0.271130952381
2012-07-21 16:40:26,-53160,1,50.1691964286,0.150223214286
2012-07-21 16:40:27,-53159,1,50.1417410714,-0.0274553571428
2012-07-21 16:40:28,-53158,1,49.9372767857,-0.204464285714
2012-07-21 16:40:29,-53157,1,49.6236607143,-0.313616071429
2012-07-21 16:40:30,-53156,1,49.2985119048,-0.325148809524
2012-07-21 16:40:31,-53155,1,49.0282738095,-0.270238095238
2012-07-21 16:40:32,-53154,1,48.8122767857,-0.215997023809
2012-07-21 16:40:33,-53153,1,48.6007440476,-0.211532738095
2012-07-21 16:40:34,-53152,1,48.3457589286,-0.254985119048
2012-07-21 16:40:35,-53151,1,48.0341517857,-0.311607142857
2012-07-21 16:40:36,-53150,1,47.6655505952,-0.368601190476
2012-07-21 16:40:37,-53149,1,47.2029761905,-0.462574404762
2012-07-21 16:40:38,-53148,1,46.5819940476,-0.620982142857
2012-07-21 16:40:39,-53147,1,45.8007440476,-0.78125
2012-07-21 16:40:40,-53146,1,44.9733630952,-0.827380952381
2012-07-21 16:40:41,-53145,1,44.2291666667,-0.744196428571
2012-07-21 16:40:42,-53144,1,43.5308779762,-0.698288690476
2012-07-21 16:40:43,-53143,1,42.629389881,-0.901488095238
2012-07-21 16:40:44,-53142,1,41.2290922619,-1.40029761905
2012-07-21 16:40:45,-53141,1,39.2074404762,-2.02165178571
2012-07-21 16:40:46,-53140,1,36.7537946429,-2.45364583333
2012-07-21 16:40:47,-53139,1,34.3755952381,-2.37819940476
2012-07-21 16:40:48,-53138,1,32.7203125,-1.6552827381
2012-07-21 16:40:49,-53137,1,32.2926339286,-0.427678571429
2012-07-21 16:40:50,-53136,1,33.2383928571,0.945758928571
2012-07-21 16:40:51,-53135,1,35.2852678571,2.046875
2012-07-21 16:40:52,-53134,1,37.8936011905,2.60833333333
2012-07-21 16:40:53,-53133,1,40.553422619,2.65982142857
2012-07-21 16:40:54,-53132,1,42.9769345238,2.42351190476
2012-07-21 16:40:55,-53131,1,45.0682291667,2.09129464286
2012-07-21 16:40:56,-53130,1,46.8180803571,1.74985119048
2012-07-21 16:40:57,-53129,1,48.2501488095,1.43206845238
2012-07-21 16:40:58,-53128,1,49.404985119,1.15483630952
2012-07-21 16:40:59,-53127,1,50.3335565476,0.928571428571
2012-07-21 16:41:00,-53126,1,51.0897321429,0.756175595238
2012-07-21 16:41:01,-53125,1,51.7084821429,0.61875
2012-07-21 16:41:02,-53124,1,52.1836309524,0.475148809524
2012-07-21 16:41:03,-53123,1,52.4775297619,0.293898809524
2012-07-21 16:41:04,-53122,1,52.5675595238,0.0900297619047
2012-07-21 16:41:05,-53121,1,52.4944940476,-0.0730654761904
2012-07-21 16:41:06,-53120,1,52.3668154762,-0.127678571429
2012-07-21 16:41:07,-53119,1,52.3087797619,-0.0580357142857
2012-07-21 16:41:08,-53118,1,52.3886160714,0.0798363095238
2012-07-21 16:41:09,-53117,1,52.5816964286,0.193080357143
2012-07-21 16:41:10,-53116,1,52.7889136905,0.207217261905
2012-07-21 16:41:11,-53115,1,52.8764880952,0.0875744047619
2012-07-21 16:41:12,-53114,1,52.7125744048,-0.163913690476
2012-07-21 16:41:13,-53113,1,52.2141369048,-0.4984375
2012-07-21 16:41:14,-53112,1,51.3845982143,-0.829538690476
2012-07-21 16:41:15,-53111,1,50.3045386905,-1.08005952381
2012-07-21 16:41:16,-53110,1,49.0961309524,-1.2084077381
2012-07-21 16:41:17,-53109,1,47.8752232143,-1.2209077381
2012-07-21 16:41:18,-53108,1,46.6548363095,-1.22038690476
2012-07-21 16:41:19,-53107,1,45.2361607143,-1.41867559524
2012-07-21 16:41:20,-53106,1,43.2160714286,-2.02008928571
2012-07-21 16:41:21,-53105,1,40.1719494048,-3.04412202381
2012-07-21 16:41:22,-53104,1,35.9376488095,-4.23430059524
2012-07-21 16:41:23,-53103,1,30.7735863095,-5.1640625
2012-07-21 16:41:24,-53102,1,25.2344866071,-5.53909970238
2012-07-21 16:41:25,-53101,1,19.8197916667,-5.41469494048
2012-07-21 16:41:26,-53100,1,14.7732886905,-5.04650297619
2012-07-21 16:41:27,-53099,1,10.1819196429,-4.59136904762
2012-07-21 16:41:28,-53098,1,6.18720238095,-3.9947172619
2012-07-21 16:41:29,-53097,1,3.14226190476,-3.04494047619
2012-07-21 16:41:30,-53096,1,0.0,-3.14226190476
2012-07-21 16:42:37,-53029,67,0.0,0.0
2012-07-21 16:42:38,-53028,1,4.55784970238,4.55784970238
2012-07-21 16:42:39,-53027,1,8.42098214286,3.86313244048
2012-07-21 16:42:40,-53026,1,12.8142857143,4.39330357143
2012-07-21 16:42:41,-53025,1,17.0635416667,4.24925595238
2012-07-21 16:42:42,-53024,1,20.8224702381,3.75892857143
2012-07-21 16:42:43,-53023,1,24.0032738095,3.18080357143
2012-07-21 16:42:44,-53022,1,26.6581845238,2.65491071429
2012-07-21 16:42:45,-53021,1,28.8896577381,2.23147321429
2012-07-21 16:42:46,-53020,1,30.7841517857,1.89449404762
2012-07-21 16:42:47,-53019,1,32.3648809524,1.58072916667
2012-07-21 16:42:48,-53018,1,33.5927083333,1.22782738095
2012-07-21 16:42:49,-53017,1,34.3889136905,0.796205357143
2012-07-21 16:42:50,-53016,1,34.6529761905,0.2640625
2012-07-21 16:42:51,-53015,1,34.2979910714,-0.354985119048
2012-07-21 16:42:52,-53014,1,33.2735863095,-1.0244047619
2012-07-21 16:42:53,-53013,1,31.5520833333,-1.72150297619
2012-07-21 16:42:54,-53012,1,29.1258928571,-2.42619047619
2012-07-21 16:42:55,-53011,1,26.003968254,-3.12192460317
2012-07-21 16:42:56,-53010,1,22.1946180556,-3.80935019841
2012-07-21 16:42:57,-53009,1,17.7923363095,-4.40228174603
2012-07-21 16:42:58,-53008,1,13.166765873,-4.62557043651
2012-07-21 16:42:59,-53007,1,8.98271329365,-4.18405257937
2012-07-21 16:43:00,-53006,1,5.91227678571,-3.07043650794
2012-07-21 16:43:01,-53005,1,4.26468253968,-1.64759424603
2012-07-21 16:43:02,-53004,1,3.8236359127,-0.441046626984
2012-07-21 16:43:03,-53003,1,4.06845238095,0.244816468254
2012-07-21 16:43:04,-53002,1,4.69526289683,0.626810515873
2012-07-21 16:43:05,-53001,1,5.90972222222,1.2144593254
2012-07-21 16:43:06,-53000,1,8.13318452381,2.22346230159
2012-07-21 16:43:07,-52999,1,11.5132688492,3.3800843254
2012-07-21 16:43:08,-52998,1,15.7412698413,4.22800099206
2012-07-21 16:43:09,-52997,1,20.23125,4.48998015873
2012-07-21 16:43:10,-52996,1,24.4647569444,4.23350694444
2012-07-21 16:43:11,-52995,1,28.1969246032,3.73216765873
2012-07-21 16:43:12,-52994,1,31.3552083333,3.15828373016
2012-07-21 16:43:13,-52993,1,33.8488095238,2.49360119048
2012-07-21 16:43:14,-52992,1,35.5671875,1.71837797619
2012-07-21 16:43:15,-52991,1,36.5374255952,0.970238095238
2012-07-21 16:43:16,-52990,1,37.0191964286,0.481770833333
2012-07-21 16:43:17,-52989,1,37.4036458333,0.384449404762
2012-07-21 16:43:18,-52988,1,37.9896577381,0.586011904762
2012-07-21 16:43:19,-52987,1,38.8247767857,0.835119047619
2012-07-21 16:43:20,-52986,1,39.7294642857,0.9046875
2012-07-21 16:43:21,-52985,1,40.4627232143,0.733258928571
2012-07-21 16:43:22,-52984,1,40.8780505952,0.415327380952
2012-07-21 16:43:23,-52983,1,40.9613095238,0.0832589285714
2012-07-21 16:43:24,-52982,1,40.7853422619,-0.175967261905
2012-07-21 16:43:25,-52981,1,40.4705357143,-0.314806547619
2012-07-21 16:43:26,-52980,1,40.1616815476,-0.308854166667
2012-07-21 16:43:27,-52979,1,39.9828869048,-0.178794642857
2012-07-21 16:43:28,-52978,1,39.9829613095,7.44047619037e-05
2012-07-21 16:43:29,-52977,1,40.1255952381,0.142633928571
2012-07-21 16:43:30,-52976,1,40.339360119,0.213764880952
2012-07-21 16:43:31,-52975,1,40.5834821429,0.24412202381
2012-07-21 16:43:32,-52974,1,40.8767857143,0.293303571429
2012-07-21 16:43:33,-52973,1,41.2645833333,0.387797619048
2012-07-21 16:43:34,-52972,1,41.7515625,0.486979166667
2012-07-21 16:43:35,-52971,1,42.2770833333,0.525520833333
2012-07-21 16:43:36,-52970,1,42.7608630952,0.483779761905
2012-07-21 16:43:37,-52969,1,43.1557291667,0.394866071429
2012-07-21 16:43:38,-52968,1,43.4558035714,0.300074404762
2012-07-21 16:43:39,-52967,1,43.6808779762,0.225074404762
2012-07-21 16:43:40,-52966,1,43.8682291667,0.187351190476
2012-07-21 16:43:41,-52965,1,44.0677083333,0.199479166667
2012-07-21 16:43:42,-52964,1,44.3272321429,0.259523809524
2012-07-21 16:43:43,-52963,1,44.6703869048,0.343154761905
2012-07-21 16:43:44,-52962,1,45.0755208333,0.405133928571
2012-07-21 16:43:45,-52961,1,45.4671875,0.391666666667
2012-07-21 16:43:46,-52960,1,45.724702381,0.257514880952
2012-07-21 16:43:47,-52959,1,45.7113095238,-0.0133928571429
2012-07-21 16:43:48,-52958,1,45.3320684524,-0.379241071429
2012-07-21 16:43:49,-52957,1,44.5989583333,-0.733110119048
2012-07-21 16:43:50,-52956,1,43.6530505952,-0.945907738095
2012-07-21 16:43:51,-52955,1,42.7255208333,-0.927529761905
2012-07-21 16:43:52,-52954,1,42.0581845238,-0.667336309524
2012-07-21 16:43:53,-52953,1,41.8186011905,-0.239583333333
2012-07-21 16:43:54,-52952,1,42.0569196429,0.238318452381
2012-07-21 16:43:55,-52951,1,42.719047619,0.66212797619
2012-07-21 16:43:56,-52950,1,43.6803571429,0.961309523809
2012-07-21 16:43:57,-52949,1,44.7863839286,1.10602678571
2012-07-21 16:43:58,-52948,1,45.906547619,1.12016369048
2012-07-21 16:43:59,-52947,1,46.9627232143,1.05617559524
2012-07-21 16:44:00,-52946,1,47.9111607143,0.9484375
2012-07-21 16:44:01,-52945,1,48.7220238095,0.810863095238
2012-07-21 16:44:02,-52944,1,49.3780505952,0.656026785714
2012-07-21 16:44:03,-52943,1,49.8739583333,0.495907738095
2012-07-21 16:44:04,-52942,1,50.2164434524,0.342485119048
2012-07-21 16:44:05,-52941,1,50.4228422619,0.206398809524
2012-07-21 16:44:06,-52940,1,50.5148809524,0.0920386904761
2012-07-21 16:44:07,-52939,1,50.5219494048,0.007068452381
2012-07-21 16:44:08,-52938,1,50.4868303571,-0.035119047619
2012-07-21 16:44:09,-52937,1,50.4529017857,-0.0339285714286
2012-07-21 16:44:10,-52936,1,50.4369791667,-0.0159226190476
2012-07-21 16:44:11,-52935,1,50.415922619,-0.0210565476191
2012-07-21 16:44:12,-52934,1,50.354389881,-0.0615327380952
2012-07-21 16:44:13,-52933,1,50.2488839286,-0.105505952381
2012-07-21 16:44:14,-52932,1,50.1358630952,-0.113020833333
2012-07-21 16:44:15,-52931,1,50.0665178571,-0.0693452380952
2012-07-21 16:44:16,-52930,1,50.0758928571,0.009375
2012-07-21 16:44:17,-52929,1,50.1595982143,0.0837053571428
2012-07-21 16:44:18,-52928,1,50.2796130952,0.120014880952
2012-07-21 16:44:19,-52927,1,50.3965029762,0.116889880952
2012-07-21 16:44:20,-52926,1,50.4929315476,0.0964285714285
2012-07-21 16:44:21,-52925,1,50.5767857143,0.0838541666667
2012-07-21 16:44:22,-52924,1,50.6670386905,0.0902529761905
2012-07-21 16:44:23,-52923,1,50.7672619048,0.100223214286
2012-07-21 16:44:24,-52922,1,50.857514881,0.0902529761905
2012-07-21 16:44:25,-52921,1,50.9142113095,0.0566964285714
2012-07-21 16:44:26,-52920,1,50.9292410714,0.0150297619048
2012-07-21 16:44:27,-52919,1,50.9203869048,-0.0088541666667
2012-07-21 16:44:28,-52918,1,50.9274553571,0.007068452381
2012-07-21 16:44:29,-52917,1,50.984672619,0.0572172619047
2012-07-21 16:44:30,-52916,1,51.1014880952,0.116815476191
2012-07-21 16:44:31,-52915,1,51.2660714286,0.164583333333
2012-07-21 16:44:32,-52914,1,51.4366815476,0.170610119048
2012-07-21 16:44:33,-52913,1,51.5258928571,0.0892113095239
2012-07-21 16:44:34,-52912,1,51.4209821429,-0.104910714286
2012-07-21 16:44:35,-52911,1,51.0281994048,-0.392782738095
2012-07-21 16:44:36,-52910,1,50.2918154762,-0.736383928571
2012-07-21 16:44:37,-52909,1,49.1921875,-1.09962797619
2012-07-21 16:44:38,-52908,1,47.7422619048,-1.44992559524
2012-07-21 16:44:39,-52907,1,45.9570684524,-1.78519345238
2012-07-21 16:44:40,-52906,1,43.8061011905,-2.1509672619
2012-07-21 16:44:41,-52905,1,41.1930059524,-2.6130952381
2012-07-21 16:44:42,-52904,1,37.9453869048,-3.24761904762
2012-07-21 16:44:43,-52903,1,33.8436011905,-4.10178571429
2012-07-21 16:44:44,-52902,1,28.8159970238,-5.02760416667
2012-07-21 16:44:45,-52901,1,23.2147321429,-5.60126488095
2012-07-21 16:44:46,-52900,1,17.8349702381,-5.37976190476
2012-07-21 16:44:47,-52899,1,13.5912946429,-4.24367559524
2012-07-21 16:44:48,-52898,1,11.1191964286,-2.47209821429
2012-07-21 16:44:49,-52897,1,10.551860119,-0.567336309524
2012-07-21 16:44:50,-52896,1,11.6037946429,1.05193452381
2012-07-21 16:44:51,-52895,1,13.8748511905,2.27105654762
2012-07-21 16:44:52,-52894,1,17.0284970238,3.15364583333
2012-07-21 16:44:53,-52893,1,20.7196428571,3.69114583333
2012-07-21 16:44:54,-52892,1,24.5249255952,3.8052827381
2012-07-21 16:44:55,-52891,1,28.0295386905,3.50461309524
2012-07-21 16:44:56,-52890,1,30.9724702381,2.94293154762
2012-07-21 16:44:57,-52889,1,33.321577381,2.34910714286
2012-07-21 16:44:58,-52888,1,35.2264880952,1.90491071429
2012-07-21 16:44:59,-52887,1,36.8863095238,1.65982142857
2012-07-21 16:45:00,-52886,1,38.4338541667,1.54754464286
2012-07-21 16:45:01,-52885,1,39.9100446429,1.47619047619
2012-07-21 16:45:02,-52884,1,41.2938988095,1.38385416667
2012-07-21 16:45:03,-52883,1,42.5171875,1.22328869048
2012-07-21 16:45:04,-52882,1,43.4693452381,0.952157738095
2012-07-21 16:45:05,-52881,1,44.0150297619,0.54568452381
2012-07-21 16:45:06,-52880,1,43.9967261905,-0.0183035714286
2012-07-21 16:45:07,-52879,1,43.2162202381,-0.780505952381
2012-07-21 16:45:08,-52878,1,41.4392113095,-1.77700892857
2012-07-21 16:45:09,-52877,1,38.4677827381,-2.97142857143
2012-07-21 16:45:10,-52876,1,34.2973214286,-4.17046130952
2012-07-21 16:45:11,-52875,1,29.290625,-5.00669642857
2012-07-21 16:45:12,-52874,1,24.1993303571,-5.09129464286
2012-07-21 16:45:13,-52873,1,19.9397321429,-4.25959821429
2012-07-21 16:45:14,-52872,1,17.2380952381,-2.70163690476
2012-07-21 16:45:15,-52871,1,16.3182291667,-0.919866071429
2012-07-21 16:45:16,-52870,1,16.7677083333,0.449479166667
2012-07-21 16:45:17,-52869,1,17.7183779762,0.950669642857
2012-07-21 16:45:18,-52868,1,18.3219494048,0.603571428571
2012-07-21 16:45:19,-52867,1,18.2399553571,-0.081994047619
2012-07-21 16:45:20,-52866,1,17.8206845238,-0.419270833333
2012-07-21 16:45:21,-52865,1,17.8348214286,0.0141369047619
2012-07-21 16:45:22,-52864,1,18.9444940476,1.10967261905
2012-07-21 16:45:23,-52863,1,21.3036458333,2.35915178571
2012-07-21 16:45:24,-52862,1,24.5645833333,3.2609375
2012-07-21 16:45:25,-52861,1,28.1728422619,3.60825892857
2012-07-21 16:45:26,-52860,1,31.6311011905,3.45825892857
2012-07-21 16:45:27,-52859,1,34.5854910714,2.95438988095
2012-07-21 16:45:28,-52858,1,36.8185267857,2.23303571429
2012-07-21 16:45:29,-52857,1,38.2475446429,1.42901785714
2012-07-21 16:45:30,-52856,1,38.9300595238,0.682514880952
2012-07-21 16:45:31,-52855,1,39.0375744048,0.107514880952
2012-07-21 16:45:32,-52854,1,38.784077381,-0.25349702381
2012-07-21 16:45:33,-52853,1,38.3476934524,-0.436383928571
2012-07-21 16:45:34,-52852,1,37.8453869048,-0.502306547619
2012-07-21 16:45:35,-52851,1,37.3645833333,-0.480803571429
2012-07-21 16:45:36,-52850,1,36.9970238095,-0.367559523809
2012-07-21 16:45:37,-52849,1,36.8398065476,-0.157217261905
2012-07-21 16:45:38,-52848,1,36.9707589286,0.130952380952
2012-07-21 16:45:39,-52847,1,37.412797619,0.442038690476
2012-07-21 16:45:40,-52846,1,38.1061011905,0.693303571429
2012-07-21 16:45:41,-52845,1,38.9078125,0.801711309524
2012-07-21 16:45:42,-52844,1,39.6195684524,0.711755952381
2012-07-21 16:45:43,-52843,1,40.0276041667,0.408035714286
2012-07-21 16:45:44,-52842,1,39.9444196429,-0.0831845238096
2012-07-21 16:45:45,-52841,1,39.2703125,-0.674107142857
2012-07-21 16:45:46,-52840,1,38.0795386905,-1.19077380952
2012-07-21 16:45:47,-52839,1,36.646875,-1.43266369048
2012-07-21 16:45:48,-52838,1,35.3416666667,-1.30520833333
2012-07-21 16:45:49,-52837,1,34.4474702381,-0.894196428571
2012-07-21 16:45:50,-52836,1,34.0058035714,-0.441666666667
2012-07-21 16:45:51,-52835,1,33.7517113095,-0.254092261905
2012-07-21 16:45:52,-52834,1,33.1863095238,-0.565401785714
2012-07-21 16:45:53,-52833,1,31.7659970238,-1.4203125
2012-07-21 16:45:54,-52832,1,29.1529761905,-2.61302083333
2012-07-21 16:45:55,-52831,1,25.4615327381,-3.69144345238
2012-07-21 16:45:56,-52830,1,21.3410714286,-4.12046130952
2012-07-21 16:45:57,-52829,1,17.7439732143,-3.59709821429
2012-07-21 16:45:58,-52828,1,15.474702381,-2.26927083333
2012-07-21 16:45:59,-52827,1,14.8244791667,-0.650223214286
2012-07-21 16:46:00,-52826,1,15.5246279762,0.700148809524
2012-07-21 16:46:01,-52825,1,16.9954613095,1.47083333333
2012-07-21 16:46:02,-52824,1,18.6444940476,1.6490327381
2012-07-21 16:46:03,-52823,1,20.0007440476,1.35625
2012-07-21 16:46:04,-52822,1,20.7242559524,0.723511904762
2012-07-21 16:46:05,-52821,1,20.6294642857,-0.0947916666667
2012-07-21 16:46:06,-52820,1,19.7297619048,-0.899702380952
2012-07-21 16:46:07,-52819,1,18.2505208333,-1.47924107143
2012-07-21 16:46:08,-52818,1,16.598139881,-1.65238095238
2012-07-21 16:46:09,-52817,1,15.2769345238,-1.32120535714
2012-07-21 16:46:10,-52816,1,14.7523809524,-0.524553571429
2012-07-21 16:46:11,-52815,1,15.2834077381,0.531026785714
2012-07-21 16:46:12,-52814,1,16.7876488095,1.50424107143
2012-07-21 16:46:13,-52813,1,18.8584077381,2.07075892857
2012-07-21 16:46:14,-52812,1,20.9851190476,2.12671130952
2012-07-21 16:46:15,-52811,1,22.8325892857,1.8474702381
2012-07-21 16:46:16,-52810,1,24.3534970238,1.5209077381
2012-07-21 16:46:17,-52809,1,25.6771577381,1.32366071429
2012-07-21 16:46:18,-52808,1,26.9290178571,1.25186011905
2012-07-21 16:46:19,-52807,1,28.137797619,1.2087797619
2012-07-21 16:46:20,-52806,1,29.2462053571,1.1084077381
2012-07-21 16:46:21,-52805,1,30.1587797619,0.912574404762
2012-07-21 16:46:22,-52804,1,30.7802083333,0.621428571428
2012-07-21 16:46:23,-52803,1,31.0485119048,0.268303571429
2012-07-21 16:46:24,-52802,1,30.9563988095,-0.0921130952381
2012-07-21 16:46:25,-52801,1,30.5180803571,-0.438318452381
2012-07-21 16:46:26,-52800,1,29.6886904762,-0.829389880952
2012-07-21 16:46:27,-52799,1,28.3129464286,-1.37574404762
2012-07-21 16:46:28,-52798,1,26.2019345238,-2.11101190476
2012-07-21 16:46:29,-52797,1,23.3683779762,-2.83355654762
2012-07-21 16:46:30,-52796,1,20.2300595238,-3.13831845238
2012-07-21 16:46:31,-52795,1,17.5196428571,-2.71041666667
2012-07-21 16:46:32,-52794,1,15.9228422619,-1.59680059524
2012-07-21 16:46:33,-52793,1,15.7119791667,-0.210863095238
2012-07-21 16:46:34,-52792,1,16.6234375,0.911458333333
2012-07-21 16:46:35,-52791,1,18.0595982143,1.43616071429
2012-07-21 16:46:36,-52790,1,19.4335565476,1.37395833333
2012-07-21 16:46:37,-52789,1,20.3677827381,0.934226190476
2012-07-21 16:46:38,-52788,1,20.65625,0.288467261905
2012-07-21 16:46:39,-52787,1,20.1216517857,-0.534598214286
2012-07-21 16:46:40,-52786,1,18.5765625,-1.54508928571
2012-07-21 16:46:41,-52785,1,16.0083333333,-2.56822916667
2012-07-21 16:46:42,-52784,1,12.8136160714,-3.1947172619
2012-07-21 16:46:43,-52783,1,9.73489583333,-3.0787202381
2012-07-21 16:46:44,-52782,1,7.42976190476,-2.30513392857
2012-07-21 16:46:45,-52781,1,6.03772321429,-1.39203869048
2012-07-21 16:46:46,-52780,1,5.18474702381,-0.852976190476
2012-07-21 16:46:47,-52779,1,4.4384672619,-0.746279761905
2012-07-21 16:46:48,-52778,1,3.72016369048,-0.718303571429
2012-07-21 16:46:49,-52777,1,3.24330357143,-0.476860119048
2012-07-21 16:46:50,-52776,1,3.11376488095,-0.129538690476
2012-07-21 16:46:51,-52775,1,3.07313988095,-0.040625
2012-07-21 16:46:52,-52774,1,2.69055059524,-0.382589285714
2012-07-21 16:46:53,-52773,1,1.83831845238,-0.852232142857
2012-07-21 16:46:54,-52772,1,0.0,-1.83831845238
2012-07-21 16:46:55,-52771,1,0.0,0.0
2012-07-21 16:46:56,-52770,1,0.0,0.0
2012-07-21 16:46:57,-52769,1,0.0,0.0
2012-07-21 16:46:58,-52768,1,0.0,0.0
2012-07-21 16:46:59,-52767,1,0.0,0.0
