timestamp,cycle_sec,timestep,speed_mph,accel_meters_ps
2012-07-21 15:16:12,0,85428,0.0,0.0
2012-07-21 15:16:13,1,1,3.93712784375,3.93712784375
2012-07-21 15:16:14,2,1,7.27730628199,3.34017843824
2012-07-21 15:16:15,3,1,11.164471327,3.88716504501
2012-07-21 15:16:16,4,1,15.0938239375,3.92935261049
2012-07-21 15:16:17,5,1,18.7792778285,3.685453891
2012-07-21 15:16:18,6,1,22.093786811,3.31450898251
2012-07-21 15:16:19,7,1,25.0439728177,2.9501860067
2012-07-21 15:16:20,8,1,27.7377971488,2.6938243311
2012-07-21 15:16:21,9,1,30.2857509617,2.54795381287
2012-07-21 15:16:22,10,1,32.7112346644,2.42548370275
2012-07-21 15:16:23,11,1,34.9633182626,2.25208359821
2012-07-21 15:16:24,12,1,36.9752978371,2.0119795744
2012-07-21 15:16:25,13,1,38.6839291823,1.70863134524
2012-07-21 15:16:26,14,1,40.0335573795,1.34962819717
2012-07-21 15:16:27,15,1,41.0123520164,0.978794636905
2012-07-21 15:16:28,16,1,41.6917417507,0.679389734375
2012-07-21 15:16:29,17,1,42.2130957894,0.52135403869
2012-07-21 15:16:30,18,1,42.7256701503,0.512574360863
2012-07-21 15:16:31,19,1,43.3250004509,0.599330300595
2012-07-21 15:16:32,20,1,44.0255210789,0.700520627976
2012-07-21 15:16:33,21,1,44.7577379435,0.732216864583
2012-07-21 15:16:34,22,1,45.3640618326,0.606323889137
2012-07-21 15:16:35,23,1,45.6334809851,0.26941915253
2012-07-21 15:16:36,24,1,45.4201621815,-0.213318803571
2012-07-21 15:16:37,25,1,44.758406058,-0.661756123512
2012-07-21 15:16:38,26,1,43.8621263437,-0.896279714286
2012-07-21 15:16:39,27,1,43.0081087589,-0.854017584821
2012-07-21 15:16:40,28,1,42.3863829345,-0.621725824405
2012-07-21 15:16:41,29,1,42.0399546585,-0.346428276042
2012-07-21 15:16:42,30,1,41.9206840082,-0.119270650298
2012-07-21 15:16:43,31,1,41.9548359055,0.0341518973215
2012-07-21 15:16:44,32,1,42.0613091964,0.106473290923
2012-07-21 15:16:45,33,1,42.1492556801,0.0879464836309
2012-07-21 15:16:46,34,1,42.1264878512,-0.022767828869
2012-07-21 15:16:47,35,1,41.9401039196,-0.186383931548
2012-07-21 15:16:48,36,1,41.6136157976,-0.326488122024
2012-07-21 15:16:49,37,1,41.2245532507,-0.389062546875
2012-07-21 15:16:50,38,1,40.8476930394,-0.37686021131
2012-07-21 15:16:51,39,1,40.5213535871,-0.326339452381
2012-07-21 15:16:52,40,1,40.2412938668,-0.280059720238
2012-07-21 15:16:53,41,1,39.9560258884,-0.285267978423
2012-07-21 15:16:54,42,1,39.5351181778,-0.420907710566
2012-07-21 15:16:55,43,1,38.7296124152,-0.805505762649
2012-07-21 15:16:56,44,1,37.2558775789,-1.47373483631
2012-07-21 15:16:57,45,1,35.0434521942,-2.21242538467
2012-07-21 15:16:58,46,1,32.3800593437,-2.66339285045
2012-07-21 15:16:59,47,1,29.7162199063,-2.6638394375
2012-07-21 15:17:00,48,1,27.2939727396,-2.42224716667
2012-07-21 15:17:01,49,1,24.9545382091,-2.33943453051
2012-07-21 15:17:02,50,1,22.3014133445,-2.65312486458
2012-07-21 15:17:03,51,1,19.0585563884,-3.2428569561
2012-07-21 15:17:04,52,1,15.2883928341,-3.77016355432
2012-07-21 15:17:05,53,1,11.3579613318,-3.93043150223
2012-07-21 15:17:06,54,1,7.77686009598,-3.58110123586
2012-07-21 15:17:07,55,1,4.97142841369,-2.80543168229
2012-07-21 15:17:08,56,1,3.06212764583,-1.90930076786
2012-07-21 15:17:09,57,1,1.83831803274,-1.2238096131
2012-07-21 15:17:10,58,1,1.02373476042,-0.814583272321
2012-07-21 15:17:11,59,1,0.0,-1.02373476042
2012-07-21 15:18:57,165,106,0.0,0.0
2012-07-21 15:18:58,166,1,1.13950839881,1.13950839881
2012-07-21 15:18:59,167,1,1.98787121949,0.848362820685
2012-07-21 15:19:00,168,1,3.26770736607,1.27983614658
2012-07-21 15:19:01,169,1,5.32432938021,2.05662201414
2012-07-21 15:19:02,170,1,8.25029672768,2.92596734747
2012-07-21 15:19:03,171,1,11.5350438497,3.28474712202
2012-07-21 15:19:04,172,1,14.3268222031,2.79177835342
2012-07-21 15:19:05,173,1,16.0067702106,1.67994800744
2012-07-21 15:19:06,174,1,16.5034965305,0.49672631994
2012-07-21 15:19:07,175,1,16.1874252388,-0.316071291667
2012-07-21 15:19:08,176,1,15.5821425551,-0.60528268378
2012-07-21 15:19:09,177,1,15.1493299501,-0.432812604911
2012-07-21 15:19:10,178,1,15.2032731786,0.0539432284226
2012-07-21 15:19:11,179,1,15.8761896622,0.672916483631
2012-07-21 15:19:12,180,1,17.1644337009,1.28824403869
2012-07-21 15:19:13,181,1,19.0799100335,1.91547633259
2012-07-21 15:19:14,182,1,21.687053061,2.60714302753
2012-07-21 15:19:15,183,1,24.9389133088,3.25186024777
2012-07-21 15:19:16,184,1,28.5619789144,3.62306560565
2012-07-21 15:19:17,185,1,32.1260416287,3.56406271429
2012-07-21 15:19:18,186,1,35.2485121518,3.12247052307
2012-07-21 15:19:19,187,1,37.8308783996,2.58236624777
2012-07-21 15:19:20,188,1,40.0740330372,2.24315463765
2012-07-21 15:19:21,189,1,42.2065475119,2.1325144747
2012-07-21 15:19:22,190,1,44.2681541905,2.06160667857
2012-07-21 15:19:23,191,1,46.1458324688,1.87767827827
2012-07-21 15:19:24,192,1,47.7006687396,1.55483627083
2012-07-21 15:19:25,193,1,48.8526033765,1.1519346369
2012-07-21 15:19:26,194,1,49.5930052135,0.740401837054
2012-07-21 15:19:27,195,1,49.9036449606,0.310639747024
2012-07-21 15:19:28,196,1,49.6789423542,-0.224702606399
2012-07-21 15:19:29,197,1,48.7749243869,-0.904017967262
2012-07-21 15:19:30,198,1,47.1235108311,-1.6514135558
2012-07-21 15:19:31,199,1,44.7911450863,-2.33236574479
2012-07-21 15:19:32,200,1,41.9405501674,-2.8505949189
2012-07-21 15:19:33,201,1,38.7007437463,-3.23980642113
2012-07-21 15:19:34,202,1,35.0645829405,-3.6361608058
2012-07-21 15:19:35,203,1,30.9195678739,-4.14501506659
2012-07-21 15:19:36,204,1,26.1347463041,-4.78482156975
2012-07-21 15:19:37,205,1,20.7130944699,-5.42165183426
2012-07-21 15:19:38,206,1,15.0322165106,-5.68087795926
2012-07-21 15:19:39,207,1,9.84776715067,-5.18444935993
2012-07-21 15:19:40,208,1,5.90863029855,-3.93913685212
2012-07-21 15:19:41,209,1,3.61941905915,-2.2892112394
2012-07-21 15:19:42,210,1,2.99531203571,-0.624107023437
2012-07-21 15:19:43,211,1,3.65624970275,0.660937667039
2012-07-21 15:19:44,212,1,4.84910700577,1.19285730301
2012-07-21 15:19:45,213,1,5.73080353906,0.881696533296
2012-07-21 15:19:46,214,1,5.81413691053,0.0833333714658
2012-07-21 15:19:47,215,1,5.31242557329,-0.50171133724
2012-07-21 15:19:48,216,1,5.10066953292,-0.211756040365
2012-07-21 15:19:49,217,1,6.06302058817,0.962351055246
2012-07-21 15:19:50,218,1,8.3137644628,2.25074387463
2012-07-21 15:19:51,219,1,11.1656988021,2.85193433929
2012-07-21 15:19:52,220,1,13.8042403385,2.63854153646
2012-07-21 15:19:53,221,1,15.8606391414,2.05639880283
2012-07-21 15:19:54,222,1,17.4355648728,1.5749257314
2012-07-21 15:19:55,223,1,18.7444192679,1.30885439509
2012-07-21 15:19:56,224,1,19.8023063929,1.057887125
2012-07-21 15:19:57,225,1,20.4061755722,0.603869179315
2012-07-21 15:19:58,226,1,20.3180059717,-0.0881696004464
2012-07-21 15:19:59,227,1,19.4236607284,-0.894345243304
2012-07-21 15:20:00,228,1,17.795461282,-1.62819944643
2012-07-21 15:20:01,229,1,15.7022320223,-2.09322925967
2012-07-21 15:20:02,230,1,13.5648806972,-2.13735132515
2012-07-21 15:20:03,231,1,11.8081097403,-1.75677095685
2012-07-21 15:20:04,232,1,10.6451632597,-1.16294648065
2012-07-21 15:20:05,233,1,9.96428529613,-0.680877963542
2012-07-21 15:20:06,234,1,9.41897279687,-0.545312499256
2012-07-21 15:20:07,235,1,8.61160667708,-0.807366119792
2012-07-21 15:20:08,236,1,7.24813937426,-1.36346730283
2012-07-21 15:20:09,237,1,5.29315429911,-1.95498507515
2012-07-21 15:20:10,238,1,3.16179282478,-2.13136147433
2012-07-21 15:20:11,239,1,0.0,-3.16179282478
2012-07-21 15:23:31,439,200,0.0,0.0
2012-07-21 15:23:32,440,1,3.86034178497,3.86034178497
2012-07-21 15:23:33,441,1,6.73236537202,2.87202358705
2012-07-21 15:23:34,442,1,9.52604091146,2.79367553943
2012-07-21 15:23:35,443,1,11.5770083155,2.05096740402
2012-07-21 15:23:36,444,1,12.6845978103,1.10758949479
2012-07-21 15:23:37,445,1,12.9447541551,0.260156344866
2012-07-21 15:23:38,446,1,12.5769341183,-0.36782003683
2012-07-21 15:23:39,447,1,11.787127381,-0.789806737351
2012-07-21 15:23:40,448,1,10.696799901,-1.09032747991
2012-07-21 15:23:41,449,1,9.38482082887,-1.31197907217
2012-07-21 15:23:42,450,1,8.01190438467,-1.3729164442
2012-07-21 15:23:43,451,1,6.89181528423,-1.12008910045
2012-07-21 15:23:44,452,1,6.37522306473,-0.516592219494
2012-07-21 15:23:45,453,1,6.58705336458,0.211830299851
2012-07-21 15:23:46,454,1,7.27083308631,0.683779721726
2012-07-21 15:23:47,455,1,7.9511158564,0.680282770089
2012-07-21 15:23:48,456,1,8.27775281548,0.326636959077
2012-07-21 15:23:49,457,1,8.2155876369,-0.0621651785714
2012-07-21 15:23:50,458,1,7.93891347396,-0.276674162946
2012-07-21 15:23:51,459,1,7.56026760193,-0.378645872024
2012-07-21 15:23:52,460,1,6.95859353051,-0.601674071429
2012-07-21 15:23:53,461,1,5.89248499405,-1.06610853646
2012-07-21 15:23:54,462,1,4.29951633333,-1.59296866071
2012-07-21 15:23:55,463,1,2.55483631399,-1.74468001935
2012-07-21 15:23:56,464,1,0.0,-2.55483631399
