timestamp,cycle_sec,timestep,speed_mph,accel_meters_ps
2012-07-06 18:10:56,0,1,0.0,0.0
2012-07-06 18:10:57,1,1,0.0,0.0
2012-07-06 18:10:58,2,1,0.0,0.0
2012-07-06 18:10:59,3,1,0.0,0.0
2012-07-06 18:11:00,4,1,0.0,0.0
2012-07-06 18:11:01,5,1,0.0,0.0
2012-07-06 18:11:02,6,1,4.01964285714,4.01964285714
2012-07-06 18:11:03,7,1,7.3576264881,3.33798363095
2012-07-06 18:11:04,8,1,11.1415178571,3.78389136905
2012-07-06 18:11:05,9,1,14.6617063492,3.52018849206
2012-07-06 18:11:06,10,1,17.0312996032,2.36959325397
2012-07-06 18:11:07,11,1,17.5229910714,0.491691468254
2012-07-06 18:11:08,12,1,16.1367063492,-1.38628472222
2012-07-06 18:11:09,13,1,13.8134796627,-2.32322668651
2012-07-06 18:11:10,14,1,11.9757440476,-1.83773561508
2012-07-06 18:11:11,15,1,11.6044518849,-0.371292162698
2012-07-06 18:11:12,16,1,12.6042162698,0.999764384921
2012-07-06 18:11:13,17,1,14.0069940476,1.40277777778
2012-07-06 18:11:14,18,1,14.6911458333,0.684151785714
2012-07-06 18:11:15,19,1,14.0157738095,-0.675372023809
2012-07-06 18:11:16,20,1,12.1386160714,-1.8771577381
2012-07-06 18:11:17,21,1,9.93697916667,-2.20163690476
2012-07-06 18:11:18,22,1,8.49732142857,-1.4396577381
2012-07-06 18:11:19,23,1,8.44464285714,-0.0526785714286
2012-07-06 18:11:20,24,1,9.58988095238,1.14523809524
2012-07-06 18:11:21,25,1,11.1505208333,1.56063988095
2012-07-06 18:11:22,26,1,12.3451636905,1.19464285714
2012-07-06 18:11:23,27,1,12.8446428571,0.499479166667
2012-07-06 18:11:24,28,1,12.720014881,-0.12462797619
2012-07-06 18:11:25,29,1,12.1088541667,-0.611160714286
2012-07-06 18:11:26,30,1,11.0979166667,-1.0109375
2012-07-06 18:11:27,31,1,9.89330357143,-1.20461309524
2012-07-06 18:11:28,32,1,8.91726190476,-0.976041666667
2012-07-06 18:11:29,33,1,8.625,-0.292261904762
2012-07-06 18:11:30,34,1,9.19523809524,0.570238095238
2012-07-06 18:11:31,35,1,10.3708333333,1.1755952381
2012-07-06 18:11:32,36,1,11.5714285714,1.2005952381
2012-07-06 18:11:33,37,1,12.1728422619,0.601413690476
2012-07-06 18:11:34,38,1,11.8289434524,-0.343898809524
2012-07-06 18:11:35,39,1,10.720014881,-1.10892857143
2012-07-06 18:11:36,40,1,9.50580357143,-1.21421130952
2012-07-06 18:11:37,41,1,8.9244047619,-0.581398809524
2012-07-06 18:11:38,42,1,9.31927083333,0.394866071429
2012-07-06 18:11:39,43,1,10.4490327381,1.12976190476
2012-07-06 18:11:40,44,1,11.7222470238,1.27321428571
2012-07-06 18:11:41,45,1,12.6197916667,0.897544642857
2012-07-06 18:11:42,46,1,12.8906994048,0.270907738095
2012-07-06 18:11:43,47,1,12.4904761905,-0.400223214286
2012-07-06 18:11:44,48,1,11.568452381,-0.922023809524
2012-07-06 18:11:45,49,1,10.519047619,-1.0494047619
2012-07-06 18:11:46,50,1,9.83995535714,-0.679092261905
2012-07-06 18:11:47,51,1,9.81421130952,-0.0257440476191
2012-07-06 18:11:48,52,1,10.3076636905,0.493452380952
2012-07-06 18:11:49,53,1,10.8591517857,0.551488095238
2012-07-06 18:11:50,54,1,10.9728422619,0.113690476191
2012-07-06 18:11:51,55,1,10.360453869,-0.612388392857
2012-07-06 18:11:52,56,1,9.00424107143,-1.35621279762
2012-07-06 18:11:53,57,1,7.14274553571,-1.86149553571
2012-07-06 18:11:54,58,1,5.22604166667,-1.91670386905
2012-07-06 18:11:55,59,1,3.75338541667,-1.47265625
2012-07-06 18:11:56,60,1,3.02790178571,-0.725483630952
2012-07-06 18:11:57,61,1,2.9927827381,-0.035119047619
2012-07-06 18:11:58,62,1,3.3103422619,0.31755952381
2012-07-06 18:11:59,63,1,3.75740327381,0.447061011905
2012-07-06 18:12:00,64,1,4.57351190476,0.816108630952
2012-07-06 18:12:01,65,1,6.17183779762,1.59832589286
2012-07-06 18:12:02,66,1,8.50796130952,2.3361235119
2012-07-06 18:12:03,67,1,10.9533110119,2.44534970238
2012-07-06 18:12:04,68,1,12.670610119,1.71729910714
2012-07-06 18:12:05,69,1,13.1238839286,0.453273809524
2012-07-06 18:12:06,70,1,12.5317708333,-0.592113095238
2012-07-06 18:12:07,71,1,11.7258184524,-0.805952380952
2012-07-06 18:12:08,72,1,11.4349702381,-0.290848214286
2012-07-06 18:12:09,73,1,11.8600446429,0.425074404762
2012-07-06 18:12:10,74,1,12.7146577381,0.854613095238
2012-07-06 18:12:11,75,1,13.3941220238,0.679464285714
2012-07-06 18:12:12,76,1,13.3239583333,-0.0701636904762
2012-07-06 18:12:13,77,1,12.3398809524,-0.984077380952
2012-07-06 18:12:14,78,1,10.6855654762,-1.65431547619
2012-07-06 18:12:15,79,1,8.69494047619,-1.990625
2012-07-06 18:12:16,80,1,6.56949404762,-2.12544642857
2012-07-06 18:12:17,81,1,4.42395833333,-2.14553571429
2012-07-06 18:12:18,82,1,2.50115327381,-1.92280505952
2012-07-06 18:12:19,83,1,0.0,-2.50115327381
2012-07-06 18:59:38,2922,2839,0.0,0.0
2012-07-06 18:59:39,2923,1,2.45580357143,2.45580357143
2012-07-06 18:59:40,2924,1,4.23802083333,1.7822172619
2012-07-06 18:59:41,2925,1,6.06428571429,1.82626488095
2012-07-06 18:59:42,2926,1,7.66800595238,1.6037202381
2012-07-06 18:59:43,2927,1,8.98772321429,1.3197172619
2012-07-06 18:59:44,2928,1,9.92667410714,0.938950892857
2012-07-06 18:59:45,2929,1,10.3147321429,0.388058035714
2012-07-06 18:59:46,2930,1,10.1056547619,-0.209077380952
2012-07-06 18:59:47,2931,1,9.55163690476,-0.554017857143
2012-07-06 18:59:48,2932,1,9.12991071429,-0.421726190476
2012-07-06 18:59:49,2933,1,9.2646577381,0.13474702381
2012-07-06 18:59:50,2934,1,10.0740327381,0.809375
2012-07-06 18:59:51,2935,1,11.3394345238,1.26540178571
2012-07-06 18:59:52,2936,1,12.6623511905,1.32291666667
2012-07-06 18:59:53,2937,1,13.6022321429,0.939880952381
2012-07-06 18:59:54,2938,1,13.7334077381,0.131175595238
2012-07-06 18:59:55,2939,1,12.7860119048,-0.947395833333
2012-07-06 18:59:56,2940,1,10.9158482143,-1.87016369048
2012-07-06 18:59:57,2941,1,8.81488095238,-2.1009672619
2012-07-06 18:59:58,2942,1,7.4056547619,-1.40922619048
2012-07-06 18:59:59,2943,1,7.30066964286,-0.104985119048
2012-07-06 19:00:00,2944,1,8.46696428571,1.16629464286
2012-07-06 19:00:01,2945,1,10.348735119,1.88177083333
2012-07-06 19:00:02,2946,1,12.2976190476,1.94888392857
2012-07-06 19:00:03,2947,1,13.9071428571,1.60952380952
2012-07-06 19:00:04,2948,1,15.040327381,1.13318452381
2012-07-06 19:00:05,2949,1,15.7087797619,0.668452380952
2012-07-06 19:00:06,2950,1,15.989360119,0.280580357143
2012-07-06 19:00:07,2951,1,15.9918154762,0.0024553571429
2012-07-06 19:00:08,2952,1,15.8444940476,-0.147321428571
2012-07-06 19:00:09,2953,1,15.6759672619,-0.168526785714
2012-07-06 19:00:10,2954,1,15.5876488095,-0.088318452381
2012-07-06 19:00:11,2955,1,15.6354910714,0.0478422619048
2012-07-06 19:00:12,2956,1,15.8216517857,0.186160714286
2012-07-06 19:00:13,2957,1,16.0991071429,0.277455357143
2012-07-06 19:00:14,2958,1,16.4,0.300892857143
2012-07-06 19:00:15,2959,1,16.6543154762,0.254315476191
2012-07-06 19:00:16,2960,1,16.7554315476,0.101116071428
2012-07-06 19:00:17,2961,1,16.4966517857,-0.258779761905
2012-07-06 19:00:18,2962,1,15.5804315476,-0.916220238095
2012-07-06 19:00:19,2963,1,13.777827381,-1.80260416667
2012-07-06 19:00:20,2964,1,11.1304315476,-2.64739583333
2012-07-06 19:00:21,2965,1,7.99412202381,-3.13630952381
2012-07-06 19:00:22,2966,1,4.91391369048,-3.08020833333
2012-07-06 19:00:23,2967,1,2.47879464286,-2.43511904762
2012-07-06 19:00:24,2968,1,0.0,-2.47879464286
2012-07-06 19:00:48,2992,24,0.0,0.0
2012-07-06 19:00:49,2993,1,2.43258928571,2.43258928571
2012-07-06 19:00:50,2994,1,3.79888392857,1.36629464286
2012-07-06 19:00:51,2995,1,4.71316964286,0.914285714286
2012-07-06 19:00:52,2996,1,5.12433035714,0.411160714286
2012-07-06 19:00:53,2997,1,5.55275297619,0.428422619048
2012-07-06 19:00:54,2998,1,6.61063988095,1.05788690476
2012-07-06 19:00:55,2999,1,8.55453869048,1.94389880952
2012-07-06 19:00:56,3000,1,11.1633928571,2.60885416667
2012-07-06 19:00:57,3001,1,13.9476934524,2.78430059524
2012-07-06 19:00:58,3002,1,16.4772321429,2.52953869048
2012-07-06 19:00:59,3003,1,18.5631696429,2.0859375
2012-07-06 19:01:00,3004,1,20.2061755952,1.64300595238
2012-07-06 19:01:01,3005,1,21.4595982143,1.25342261905
2012-07-06 19:01:02,3006,1,22.3129464286,0.853348214286
2012-07-06 19:01:03,3007,1,22.5598214286,0.246875
2012-07-06 19:01:04,3008,1,21.7629092262,-0.796912202381
2012-07-06 19:01:05,3009,1,19.5064732143,-2.2564360119
2012-07-06 19:01:06,3010,1,15.7901785714,-3.71629464286
2012-07-06 19:01:07,3011,1,11.1951636905,-4.59501488095
2012-07-06 19:01:08,3012,1,6.68764880952,-4.50751488095
2012-07-06 19:01:09,3013,1,3.24419642857,-3.44345238095
2012-07-06 19:01:10,3014,1,0.0,-3.24419642857
2012-07-06 19:02:11,3075,61,0.0,0.0
2012-07-06 19:02:12,3076,1,4.2111235119,4.2111235119
2012-07-06 19:02:13,3077,1,7.421875,3.2107514881
2012-07-06 19:02:14,3078,1,10.6521577381,3.2302827381
2012-07-06 19:02:15,3079,1,13.3046875,2.6525297619
2012-07-06 19:02:16,3080,1,15.315922619,2.01123511905
2012-07-06 19:02:17,3081,1,16.9888392857,1.67291666667
2012-07-06 19:02:18,3082,1,18.6991071429,1.71026785714
2012-07-06 19:02:19,3083,1,20.665327381,1.9662202381
2012-07-06 19:02:20,3084,1,22.8837053571,2.21837797619
2012-07-06 19:02:21,3085,1,25.2053571429,2.32165178571
2012-07-06 19:02:22,3086,1,27.4722470238,2.26688988095
2012-07-06 19:02:23,3087,1,29.6022321429,2.12998511905
2012-07-06 19:02:24,3088,1,31.5705357143,1.96830357143
2012-07-06 19:02:25,3089,1,33.3486607143,1.778125
2012-07-06 19:02:26,3090,1,34.8820684524,1.5334077381
2012-07-06 19:02:27,3091,1,36.11875,1.23668154762
2012-07-06 19:02:28,3092,1,37.0497767857,0.931026785714
2012-07-06 19:02:29,3093,1,37.7275297619,0.67775297619
2012-07-06 19:02:30,3094,1,38.2535714286,0.526041666667
2012-07-06 19:02:31,3095,1,38.7370535714,0.483482142857
2012-07-06 19:02:32,3096,1,39.2474702381,0.510416666667
2012-07-06 19:02:33,3097,1,39.803125,0.555654761905
2012-07-06 19:02:34,3098,1,40.387797619,0.584672619048
2012-07-06 19:02:35,3099,1,40.9683779762,0.580580357143
2012-07-06 19:02:36,3100,1,41.5194196429,0.551041666667
2012-07-06 19:02:37,3101,1,42.0389136905,0.519494047619
2012-07-06 19:02:38,3102,1,42.5345982143,0.49568452381
2012-07-06 19:02:39,3103,1,43.008110119,0.473511904762
2012-07-06 19:02:40,3104,1,43.4526041667,0.444494047619
2012-07-06 19:02:41,3105,1,43.851264881,0.398660714286
2012-07-06 19:02:42,3106,1,44.178422619,0.327157738095
2012-07-06 19:02:43,3107,1,44.4026041667,0.224181547619
2012-07-06 19:02:44,3108,1,44.4817708333,0.0791666666666
2012-07-06 19:02:45,3109,1,44.359672619,-0.122098214286
2012-07-06 19:02:46,3110,1,43.9801339286,-0.379538690476
2012-07-06 19:02:47,3111,1,43.3097470238,-0.670386904762
2012-07-06 19:02:48,3112,1,42.3457589286,-0.963988095238
2012-07-06 19:02:49,3113,1,41.1061755952,-1.23958333333
2012-07-06 19:02:50,3114,1,39.6094494048,-1.49672619048
2012-07-06 19:02:51,3115,1,37.837202381,-1.77224702381
2012-07-06 19:02:52,3116,1,35.6719494048,-2.16525297619
2012-07-06 19:02:53,3117,1,32.8558035714,-2.81614583333
2012-07-06 19:02:54,3118,1,29.0686011905,-3.78720238095
2012-07-06 19:02:55,3119,1,24.156547619,-4.91205357143
2012-07-06 19:02:56,3120,1,18.3989583333,-5.75758928571
2012-07-06 19:02:57,3121,1,12.5858630952,-5.8130952381
2012-07-06 19:02:58,3122,1,7.71904761905,-4.86681547619
2012-07-06 19:02:59,3123,1,4.47626488095,-3.2427827381
2012-07-06 19:03:00,3124,1,2.87775297619,-1.59851190476
2012-07-06 19:03:01,3125,1,2.45,-0.42775297619
2012-07-06 19:03:02,3126,1,2.73258928571,0.282589285714
2012-07-06 19:03:03,3127,1,3.62745535714,0.894866071429
2012-07-06 19:03:04,3128,1,5.27328869048,1.64583333333
2012-07-06 19:03:05,3129,1,7.69010416667,2.41681547619
2012-07-06 19:03:06,3130,1,10.5819940476,2.89188988095
2012-07-06 19:03:07,3131,1,13.4083333333,2.82633928571
2012-07-06 19:03:08,3132,1,15.6226190476,2.21428571429
2012-07-06 19:03:09,3133,1,16.821577381,1.19895833333
2012-07-06 19:03:10,3134,1,16.7014136905,-0.120163690476
2012-07-06 19:03:11,3135,1,15.1199404762,-1.58147321429
2012-07-06 19:03:12,3136,1,12.384077381,-2.73586309524
2012-07-06 19:03:13,3137,1,9.36711309524,-3.01696428571
2012-07-06 19:03:14,3138,1,7.17336309524,-2.19375
2012-07-06 19:03:15,3139,1,6.5755952381,-0.597767857143
2012-07-06 19:03:16,3140,1,7.63720238095,1.06160714286
2012-07-06 19:03:17,3141,1,9.77775297619,2.14055059524
2012-07-06 19:03:18,3142,1,12.2191220238,2.44136904762
2012-07-06 19:03:19,3143,1,14.421577381,2.20245535714
2012-07-06 19:03:20,3144,1,16.1881696429,1.7665922619
2012-07-06 19:03:21,3145,1,17.5399553571,1.35178571429
2012-07-06 19:03:22,3146,1,18.6029017857,1.06294642857
2012-07-06 19:03:23,3147,1,19.5267857143,0.923883928571
2012-07-06 19:03:24,3148,1,20.3962053571,0.869419642857
2012-07-06 19:03:25,3149,1,21.1923363095,0.796130952381
2012-07-06 19:03:26,3150,1,21.8063244048,0.613988095238
2012-07-06 19:03:27,3151,1,22.0311755952,0.224851190476
2012-07-06 19:03:28,3152,1,21.5722470238,-0.458928571429
2012-07-06 19:03:29,3153,1,20.2008928571,-1.37135416667
2012-07-06 19:03:30,3154,1,18.0145833333,-2.18630952381
2012-07-06 19:03:31,3155,1,15.5580357143,-2.45654761905
2012-07-06 19:03:32,3156,1,13.6167410714,-1.94129464286
2012-07-06 19:03:33,3157,1,12.788764881,-0.827976190476
2012-07-06 19:03:34,3158,1,13.1657738095,0.377008928571
2012-07-06 19:03:35,3159,1,14.3704613095,1.2046875
2012-07-06 19:03:36,3160,1,15.8662946429,1.49583333333
2012-07-06 19:03:37,3161,1,17.2360863095,1.36979166667
2012-07-06 19:03:38,3162,1,18.249702381,1.01361607143
2012-07-06 19:03:39,3163,1,18.7923363095,0.542633928571
2012-07-06 19:03:40,3164,1,18.8035714286,0.0112351190476
2012-07-06 19:03:41,3165,1,18.2703125,-0.533258928571
2012-07-06 19:03:42,3166,1,17.2121279762,-1.05818452381
2012-07-06 19:03:43,3167,1,15.642671131,-1.56945684524
2012-07-06 19:03:44,3168,1,13.5773065476,-2.06536458333
2012-07-06 19:03:45,3169,1,11.1042410714,-2.47306547619
2012-07-06 19:03:46,3170,1,8.45334821429,-2.65089285714
2012-07-06 19:03:47,3171,1,6.0064360119,-2.44691220238
2012-07-06 19:03:48,3172,1,4.18616071429,-1.82027529762
2012-07-06 19:03:49,3173,1,3.21915922619,-0.967001488095
2012-07-06 19:03:50,3174,1,2.9712797619,-0.247879464286
2012-07-06 19:03:51,3175,1,3.04985119048,0.0785714285714
2012-07-06 19:03:52,3176,1,3.08459821429,0.0347470238095
2012-07-06 19:03:53,3177,1,2.93686755952,-0.147730654762
2012-07-06 19:03:54,3178,1,2.66592261905,-0.270944940476
2012-07-06 19:03:55,3179,1,2.31302083333,-0.352901785714
2012-07-06 19:03:56,3180,1,1.80647321429,-0.506547619048
2012-07-06 19:03:57,3181,1,1.16974702381,-0.636726190476
2012-07-06 19:03:58,3182,1,0.0,-1.16974702381
