timestamp,cycle_sec,timestep,speed_mph,accel_meters_ps
2012-09-15 11:38:00,0,80480,0.0,0.0
2012-09-15 11:38:01,1,1,4.69840029762,4.69840029762
2012-09-15 11:38:02,2,1,8.63623511905,3.93783482143
2012-09-15 11:38:03,3,1,13.1401041667,4.50386904762
2012-09-15 11:38:04,4,1,17.652827381,4.51272321429
2012-09-15 11:38:05,5,1,21.9226934524,4.26986607143
2012-09-15 11:38:06,6,1,25.8476190476,3.92492559524
2012-09-15 11:38:07,7,1,29.3491815476,3.5015625
2012-09-15 11:38:08,8,1,32.3375744048,2.98839285714
2012-09-15 11:38:09,9,1,34.7567708333,2.41919642857
2012-09-15 11:38:10,10,1,36.6341517857,1.87738095238
2012-09-15 11:38:11,11,1,38.0647321429,1.43058035714
2012-09-15 11:38:12,12,1,39.1587053571,1.09397321429
2012-09-15 11:38:13,13,1,40.006547619,0.847842261905
2012-09-15 11:38:14,14,1,40.6718005952,0.665252976191
2012-09-15 11:38:15,15,1,41.2061011905,0.534300595238
2012-09-15 11:38:16,16,1,41.670014881,0.463913690476
2012-09-15 11:38:17,17,1,42.1328869048,0.462872023809
2012-09-15 11:38:18,18,1,42.6550595238,0.522172619048
2012-09-15 11:38:19,19,1,43.2764880952,0.621428571429
2012-09-15 11:38:20,20,1,44.0101190476,0.733630952381
2012-09-15 11:38:21,21,1,44.8345982143,0.824479166667
2012-09-15 11:38:22,22,1,45.705952381,0.871354166667
2012-09-15 11:38:23,23,1,46.5840029762,0.878050595238
2012-09-15 11:38:24,24,1,47.4365327381,0.852529761905
2012-09-15 11:38:25,25,1,48.2241071429,0.787574404762
2012-09-15 11:38:26,26,1,48.903422619,0.679315476191
2012-09-15 11:38:27,27,1,49.4555059524,0.552083333333
2012-09-15 11:38:28,28,1,49.9149553571,0.459449404762
2012-09-15 11:38:29,29,1,50.3610863095,0.446130952381
2012-09-15 11:38:30,30,1,50.8503720238,0.489285714286
2012-09-15 11:38:31,31,1,51.3584077381,0.508035714286
2012-09-15 11:38:32,32,1,51.8125,0.454092261905
2012-09-15 11:38:33,33,1,52.173735119,0.361235119048
2012-09-15 11:38:34,34,1,52.4680803571,0.294345238095
2012-09-15 11:38:35,35,1,52.7398809524,0.271800595238
2012-09-15 11:38:36,36,1,52.9916666667,0.251785714286
2012-09-15 11:38:37,37,1,53.1834821429,0.19181547619
2012-09-15 11:38:38,38,1,53.2836309524,0.100148809524
2012-09-15 11:38:39,39,1,53.3001488095,0.0165178571429
2012-09-15 11:38:40,40,1,53.256547619,-0.0436011904762
2012-09-15 11:38:41,41,1,53.1544642857,-0.102083333333
2012-09-15 11:38:42,42,1,52.9875744048,-0.166889880952
2012-09-15 11:38:43,43,1,52.7898065476,-0.197767857143
2012-09-15 11:38:44,44,1,52.6415178571,-0.148288690476
2012-09-15 11:38:45,45,1,52.620014881,-0.0215029761905
2012-09-15 11:38:46,46,1,52.7480654762,0.128050595238
2012-09-15 11:38:47,47,1,52.9886904762,0.240625
2012-09-15 11:38:48,48,1,53.2881696429,0.299479166667
2012-09-15 11:38:49,49,1,53.6052827381,0.317113095238
2012-09-15 11:38:50,50,1,53.8947916667,0.289508928572
2012-09-15 11:38:51,51,1,54.1080357143,0.213244047619
2012-09-15 11:38:52,52,1,54.2199404762,0.111904761905
2012-09-15 11:38:53,53,1,54.228422619,0.0084821428571
2012-09-15 11:38:54,54,1,54.1527529762,-0.0756696428571
2012-09-15 11:38:55,55,1,54.0395089286,-0.113244047619
2012-09-15 11:38:56,56,1,53.9324404762,-0.107068452381
2012-09-15 11:38:57,57,1,53.8453869048,-0.0870535714286
2012-09-15 11:38:58,58,1,53.7651785714,-0.0802083333333
2012-09-15 11:38:59,59,1,53.6537946429,-0.111383928571
2012-09-15 11:39:00,60,1,53.4745535714,-0.179241071428
2012-09-15 11:39:01,61,1,53.237797619,-0.236755952381
2012-09-15 11:39:02,62,1,52.9977678571,-0.240029761905
2012-09-15 11:39:03,63,1,52.8076636905,-0.190104166667
2012-09-15 11:39:04,64,1,52.6933779762,-0.114285714286
2012-09-15 11:39:05,65,1,52.6546130952,-0.0387648809524
2012-09-15 11:39:06,66,1,52.6698660714,0.0152529761905
2012-09-15 11:39:07,67,1,52.7076636905,0.0377976190476
2012-09-15 11:39:08,68,1,52.7561755952,0.0485119047619
2012-09-15 11:39:09,69,1,52.8454613095,0.0892857142857
2012-09-15 11:39:10,70,1,53.0313988095,0.1859375
2012-09-15 11:39:11,71,1,53.3578125,0.326413690476
2012-09-15 11:39:12,72,1,53.8258928571,0.468080357143
2012-09-15 11:39:13,73,1,54.3861607143,0.560267857143
2012-09-15 11:39:14,74,1,54.9651041667,0.578943452381
2012-09-15 11:39:15,75,1,55.5066964286,0.541592261905
2012-09-15 11:39:16,76,1,55.9924107143,0.485714285714
2012-09-15 11:39:17,77,1,56.4389136905,0.446502976191
2012-09-15 11:39:18,78,1,56.8739583333,0.435044642857
2012-09-15 11:39:19,79,1,57.2787202381,0.404761904762
2012-09-15 11:39:20,80,1,57.5369791667,0.258258928572
2012-09-15 11:39:21,81,1,57.4504464286,-0.0865327380953
2012-09-15 11:39:22,82,1,56.8003720238,-0.650074404762
2012-09-15 11:39:23,83,1,55.397172619,-1.40319940476
2012-09-15 11:39:24,84,1,53.1319196429,-2.26525297619
2012-09-15 11:39:25,85,1,50.0865327381,-3.04538690476
2012-09-15 11:39:26,86,1,46.6602678571,-3.42626488095
2012-09-15 11:39:27,87,1,43.543452381,-3.11681547619
2012-09-15 11:39:28,88,1,41.4452380952,-2.09821428571
2012-09-15 11:39:29,89,1,40.7379464286,-0.707291666667
2012-09-15 11:39:30,90,1,41.2928571429,0.554910714286
2012-09-15 11:39:31,91,1,42.6177827381,1.32492559524
2012-09-15 11:39:32,92,1,44.1651785714,1.54739583333
2012-09-15 11:39:33,93,1,45.5662202381,1.40104166667
2012-09-15 11:39:34,94,1,46.6649553571,1.09873511905
2012-09-15 11:39:35,95,1,47.448139881,0.783184523809
2012-09-15 11:39:36,96,1,47.9839285714,0.535788690476
2012-09-15 11:39:37,97,1,48.3588541667,0.374925595238
2012-09-15 11:39:38,98,1,48.6195684524,0.260714285714
2012-09-15 11:39:39,99,1,48.7739583333,0.154389880952
2012-09-15 11:39:40,100,1,48.8316220238,0.0576636904762
2012-09-15 11:39:41,101,1,48.8249255952,-0.0066964285714
2012-09-15 11:39:42,102,1,48.7993303571,-0.0255952380952
2012-09-15 11:39:43,103,1,48.7902529762,-0.0090773809524
2012-09-15 11:39:44,104,1,48.8110119048,0.0207589285714
2012-09-15 11:39:45,105,1,48.8638392857,0.0528273809524
2012-09-15 11:39:46,106,1,48.9525297619,0.0886904761905
2012-09-15 11:39:47,107,1,49.0797619048,0.127232142857
2012-09-15 11:39:48,108,1,49.2408482143,0.161086309524
2012-09-15 11:39:49,109,1,49.4207589286,0.179910714286
2012-09-15 11:39:50,110,1,49.5883928571,0.167633928571
2012-09-15 11:39:51,111,1,49.6933035714,0.104910714286
2012-09-15 11:39:52,112,1,49.6755952381,-0.0177083333334
2012-09-15 11:39:53,113,1,49.4931547619,-0.18244047619
2012-09-15 11:39:54,114,1,49.1572172619,-0.3359375
2012-09-15 11:39:55,115,1,48.7439732143,-0.413244047619
2012-09-15 11:39:56,116,1,48.3678571429,-0.376116071429
2012-09-15 11:39:57,117,1,48.135639881,-0.232217261905
2012-09-15 11:39:58,118,1,48.0889880952,-0.0466517857143
2012-09-15 11:39:59,119,1,48.172172619,0.0831845238095
2012-09-15 11:40:00,120,1,48.284077381,0.111904761905
2012-09-15 11:40:01,121,1,48.3707589286,0.086681547619
2012-09-15 11:40:02,122,1,48.4617559524,0.0909970238096
2012-09-15 11:40:03,123,1,48.6360119048,0.174255952381
2012-09-15 11:40:04,124,1,48.9576636905,0.321651785714
2012-09-15 11:40:05,125,1,49.429985119,0.472321428571
2012-09-15 11:40:06,126,1,50.0017113095,0.571726190476
2012-09-15 11:40:07,127,1,50.6000744048,0.598363095238
2012-09-15 11:40:08,128,1,51.1465029762,0.546428571429
2012-09-15 11:40:09,129,1,51.5604166667,0.413913690476
2012-09-15 11:40:10,130,1,51.777827381,0.217410714286
2012-09-15 11:40:11,131,1,51.7806547619,0.0028273809523
2012-09-15 11:40:12,132,1,51.6084821429,-0.172172619048
2012-09-15 11:40:13,133,1,51.334077381,-0.274404761905
2012-09-15 11:40:14,134,1,50.9996279762,-0.334449404762
2012-09-15 11:40:15,135,1,50.5376488095,-0.461979166667
2012-09-15 11:40:16,136,1,49.7447916667,-0.792857142857
2012-09-15 11:40:17,137,1,48.3572916667,-1.3875
2012-09-15 11:40:18,138,1,46.2,-2.15729166667
2012-09-15 11:40:19,139,1,43.3364583333,-2.86354166667
2012-09-15 11:40:20,140,1,40.1046130952,-3.2318452381
2012-09-15 11:40:21,141,1,36.9413690476,-3.16324404762
2012-09-15 11:40:22,142,1,34.0895833333,-2.85178571429
2012-09-15 11:40:23,143,1,31.4208333333,-2.66875
2012-09-15 11:40:24,144,1,28.5055059524,-2.91532738095
2012-09-15 11:40:25,145,1,24.8813244048,-3.62418154762
2012-09-15 11:40:26,146,1,20.3473958333,-4.53392857143
2012-09-15 11:40:27,147,1,15.1078869048,-5.23950892857
2012-09-15 11:40:28,148,1,9.75334821429,-5.35453869048
2012-09-15 11:40:29,149,1,5.1861235119,-4.56722470238
2012-09-15 11:40:30,150,1,0.0,-5.1861235119
2012-09-15 11:41:09,189,39,0.0,0.0
2012-09-15 11:41:10,190,1,4.01964285714,4.01964285714
2012-09-15 11:41:11,191,1,7.03645833333,3.01681547619
2012-09-15 11:41:12,192,1,9.90535714286,2.86889880952
2012-09-15 11:41:13,193,1,11.8767113095,1.97135416667
2012-09-15 11:41:14,194,1,13.003422619,1.12671130952
2012-09-15 11:41:15,195,1,13.9443080357,0.940885416667
2012-09-15 11:41:16,196,1,15.4380208333,1.49371279762
2012-09-15 11:41:17,197,1,17.8058779762,2.36785714286
2012-09-15 11:41:18,198,1,20.8402529762,3.034375
2012-09-15 11:41:19,199,1,24.0889880952,3.24873511905
2012-09-15 11:41:20,200,1,27.1671130952,3.078125
2012-09-15 11:41:21,201,1,29.795610119,2.62849702381
2012-09-15 11:41:22,202,1,31.6889136905,1.89330357143
2012-09-15 11:41:23,203,1,32.5506696429,0.861755952381
2012-09-15 11:41:24,204,1,32.1871279762,-0.363541666667
2012-09-15 11:41:25,205,1,30.6244047619,-1.56272321429
2012-09-15 11:41:26,206,1,28.1876488095,-2.43675595238
2012-09-15 11:41:27,207,1,25.492485119,-2.69516369048
2012-09-15 11:41:28,208,1,23.2873511905,-2.20513392857
2012-09-15 11:41:29,209,1,22.1563244048,-1.13102678571
2012-09-15 11:41:30,210,1,22.1944196429,0.0380952380952
2012-09-15 11:41:31,211,1,22.8828125,0.688392857143
2012-09-15 11:41:32,212,1,23.3215029762,0.438690476191
2012-09-15 11:41:33,213,1,22.6979910714,-0.623511904762
2012-09-15 11:41:34,214,1,20.7058035714,-1.9921875
2012-09-15 11:41:35,215,1,17.6587797619,-3.04702380952
2012-09-15 11:41:36,216,1,14.2356547619,-3.423125
2012-09-15 11:41:37,217,1,11.0739434524,-3.16171130952
2012-09-15 11:41:38,218,1,8.50498511905,-2.56895833333
2012-09-15 11:41:39,219,1,6.54854166667,-1.95644345238
2012-09-15 11:41:40,220,1,5.09516369048,-1.45337797619
2012-09-15 11:41:41,221,1,4.06794642857,-1.0272172619
2012-09-15 11:41:42,222,1,3.42035714286,-0.647589285714
2012-09-15 11:41:43,223,1,3.06739583333,-0.352961309524
2012-09-15 11:41:44,224,1,2.8959375,-0.171458333333
2012-09-15 11:41:45,225,1,2.8303422619,-0.0655952380952
2012-09-15 11:41:46,226,1,2.85229166667,0.0219494047619
2012-09-15 11:41:47,227,1,2.96092261905,0.108630952381
2012-09-15 11:41:48,228,1,3.13927083333,0.178348214286
2012-09-15 11:41:49,229,1,3.3469047619,0.207633928571
2012-09-15 11:41:50,230,1,3.48279761905,0.135892857143
2012-09-15 11:41:51,231,1,3.34258928571,-0.140208333333
2012-09-15 11:41:52,232,1,2.73363095238,-0.608958333333
2012-09-15 11:41:53,233,1,1.79129464286,-0.942336309524
2012-09-15 11:41:54,234,1,0.0,-1.79129464286
2012-09-15 14:33:46,10546,10312,0.0,0.0
2012-09-15 14:33:47,10547,1,3.19959821429,3.19959821429
2012-09-15 14:33:48,10548,1,5.34933035714,2.14973214286
2012-09-15 14:33:49,10549,1,7.24367559524,1.8943452381
2012-09-15 14:33:50,10550,1,8.56547619048,1.32180059524
2012-09-15 14:33:51,10551,1,9.46450892857,0.899032738095
2012-09-15 14:33:52,10552,1,10.1917410714,0.727232142857
2012-09-15 14:33:53,10553,1,10.8367559524,0.645014880952
2012-09-15 14:33:54,10554,1,11.302827381,0.466071428571
2012-09-15 14:33:55,10555,1,11.4267857143,0.123958333333
2012-09-15 14:33:56,10556,1,11.1373511905,-0.289434523809
2012-09-15 14:33:57,10557,1,10.5122767857,-0.625074404762
2012-09-15 14:33:58,10558,1,9.65022321429,-0.862053571429
2012-09-15 14:33:59,10559,1,8.51599702381,-1.13422619048
2012-09-15 14:34:00,10560,1,6.97879464286,-1.53720238095
2012-09-15 14:34:01,10561,1,5.02358630952,-1.95520833333
2012-09-15 14:34:02,10562,1,2.94360119048,-2.07998511905
2012-09-15 14:34:03,10563,1,0.0,-2.94360119048
2012-09-15 14:34:04,10564,1,0.0,0.0
2012-09-15 14:34:05,10565,1,0.0,0.0
2012-09-15 14:34:06,10566,1,0.0,0.0
2012-09-15 14:34:07,10567,1,0.0,0.0
2012-09-15 14:34:08,10568,1,0.0,0.0
