timestamp,cycle_sec,timestep,speed_mph,accel_meters_ps
2012-08-25 08:35:47,0,43769,0.0,0.0
2012-08-25 08:35:48,1,1,2.35959821429,2.35959821429
2012-08-25 08:35:49,2,1,3.40915178571,1.04955357143
2012-08-25 08:35:50,3,1,3.80033482143,0.391183035714
2012-08-25 08:35:51,4,1,3.51244419643,-0.287890625
2012-08-25 08:35:52,5,1,3.01826636905,-0.494177827381
2012-08-25 08:35:53,6,1,2.7650483631,-0.253218005952
2012-08-25 08:35:54,7,1,2.84133184524,0.0762834821429
2012-08-25 08:35:55,8,1,3.05868675595,0.217354910714
2012-08-25 08:35:56,9,1,3.2533110119,0.194624255952
2012-08-25 08:35:57,10,1,3.45989583333,0.206584821429
2012-08-25 08:35:58,11,1,3.86558779762,0.405691964286
2012-08-25 08:35:59,12,1,4.62367931548,0.758091517857
2012-08-25 08:36:00,13,1,5.65405505952,1.03037574405
2012-08-25 08:36:01,14,1,6.6044828869,0.950427827381
2012-08-25 08:36:02,15,1,7.06261160714,0.458128720238
2012-08-25 08:36:03,16,1,6.896484375,-0.166127232143
2012-08-25 08:36:04,17,1,6.41417410714,-0.482310267857
2012-08-25 08:36:05,18,1,6.15758928571,-0.256584821429
2012-08-25 08:36:06,19,1,6.53936011905,0.381770833333
2012-08-25 08:36:07,20,1,7.64880952381,1.10944940476
2012-08-25 08:36:08,21,1,9.328125,1.67931547619
2012-08-25 08:36:09,22,1,11.4097470238,2.08162202381
2012-08-25 08:36:10,23,1,13.8703125,2.46056547619
2012-08-25 08:36:11,24,1,16.7246279762,2.85431547619
2012-08-25 08:36:12,25,1,19.8042410714,3.07961309524
2012-08-25 08:36:13,26,1,22.7005208333,2.8962797619
2012-08-25 08:36:14,27,1,24.9384672619,2.23794642857
2012-08-25 08:36:15,28,1,26.2334077381,1.29494047619
2012-08-25 08:36:16,29,1,26.6303571429,0.396949404762
2012-08-25 08:36:17,30,1,26.3936011905,-0.236755952381
2012-08-25 08:36:18,31,1,25.7348214286,-0.658779761905
2012-08-25 08:36:19,32,1,24.6639136905,-1.0709077381
2012-08-25 08:36:20,33,1,23.1107886905,-1.553125
2012-08-25 08:36:21,34,1,21.1601934524,-1.9505952381
2012-08-25 08:36:22,35,1,19.1436011905,-2.0165922619
2012-08-25 08:36:23,36,1,17.4842261905,-1.659375
2012-08-25 08:36:24,37,1,16.4389880952,-1.04523809524
2012-08-25 08:36:25,38,1,15.9879464286,-0.451041666667
2012-08-25 08:36:26,39,1,15.9546130952,-0.0333333333333
2012-08-25 08:36:27,40,1,16.2031994048,0.248586309524
2012-08-25 08:36:28,41,1,16.7098214286,0.506622023809
2012-08-25 08:36:29,42,1,17.4912946429,0.781473214286
2012-08-25 08:36:30,43,1,18.5435267857,1.05223214286
2012-08-25 08:36:31,44,1,19.8475446429,1.30401785714
2012-08-25 08:36:32,45,1,21.366889881,1.5193452381
2012-08-25 08:36:33,46,1,23.0145833333,1.64769345238
2012-08-25 08:36:34,47,1,24.6538690476,1.63928571429
2012-08-25 08:36:35,48,1,26.1598958333,1.50602678571
2012-08-25 08:36:36,49,1,27.4738839286,1.31398809524
2012-08-25 08:36:37,50,1,28.5895089286,1.115625
2012-08-25 08:36:38,51,1,29.4947916667,0.905282738095
2012-08-25 08:36:39,52,1,30.1177083333,0.622916666667
2012-08-25 08:36:40,53,1,30.316889881,0.199181547619
2012-08-25 08:36:41,54,1,29.8954613095,-0.421428571429
2012-08-25 08:36:42,55,1,28.5776041667,-1.31785714286
2012-08-25 08:36:43,56,1,26.0441964286,-2.5334077381
2012-08-25 08:36:44,57,1,22.1622916667,-3.8819047619
2012-08-25 08:36:45,58,1,17.2534077381,-4.90888392857
2012-08-25 08:36:46,59,1,12.1098214286,-5.14358630952
2012-08-25 08:36:47,60,1,7.69995535714,-4.40986607143
2012-08-25 08:36:48,61,1,4.73712797619,-2.96282738095
2012-08-25 08:36:49,62,1,3.37449404762,-1.36263392857
2012-08-25 08:36:50,63,1,3.24760416667,-0.126889880952
2012-08-25 08:36:51,64,1,3.8425297619,0.594925595238
2012-08-25 08:36:52,65,1,4.89333333333,1.05080357143
2012-08-25 08:36:53,66,1,6.4846875,1.59135416667
2012-08-25 08:36:54,67,1,8.82111607143,2.33642857143
2012-08-25 08:36:55,68,1,11.9459077381,3.12479166667
2012-08-25 08:36:56,69,1,15.6575595238,3.71165178571
2012-08-25 08:36:57,70,1,19.6316220238,3.9740625
2012-08-25 08:36:58,71,1,23.6145238095,3.98290178571
2012-08-25 08:36:59,72,1,27.498422619,3.88389880952
2012-08-25 08:37:00,73,1,31.2377232143,3.73930059524
2012-08-25 08:37:01,74,1,34.7848958333,3.54717261905
2012-08-25 08:37:02,75,1,38.1165922619,3.33169642857
2012-08-25 08:37:03,76,1,41.2526785714,3.13608630952
2012-08-25 08:37:04,77,1,44.2348214286,2.98214285714
2012-08-25 08:37:05,78,1,47.0989583333,2.86413690476
2012-08-25 08:37:06,79,1,49.8554315476,2.75647321429
2012-08-25 08:37:07,80,1,52.4832589286,2.62782738095
2012-08-25 08:37:08,81,1,54.9409970238,2.45773809524
2012-08-25 08:37:09,82,1,57.1676339286,2.22663690476
2012-08-25 08:37:10,83,1,59.0441964286,1.8765625
2012-08-25 08:37:11,84,1,60.365327381,1.32113095238
2012-08-25 08:37:12,85,1,60.915922619,0.550595238095
2012-08-25 08:37:13,86,1,60.6259672619,-0.289955357143
2012-08-25 08:37:14,87,1,59.6569940476,-0.968973214286
2012-08-25 08:37:15,88,1,58.3405505952,-1.31644345238
2012-08-25 08:37:16,89,1,57.0191964286,-1.32135416667
2012-08-25 08:37:17,90,1,55.9007440476,-1.11845238095
2012-08-25 08:37:18,91,1,54.9994791667,-0.901264880952
2012-08-25 08:37:19,92,1,54.1470982143,-0.852380952381
2012-08-25 08:37:20,93,1,53.0540178571,-1.09308035714
2012-08-25 08:37:21,94,1,51.4325892857,-1.62142857143
2012-08-25 08:37:22,95,1,49.1205357143,-2.31205357143
2012-08-25 08:37:23,96,1,46.110639881,-3.00989583333
2012-08-25 08:37:24,97,1,42.490922619,-3.6197172619
2012-08-25 08:37:25,98,1,38.3886160714,-4.10230654762
2012-08-25 08:37:26,99,1,33.9839285714,-4.4046875
2012-08-25 08:37:27,100,1,29.5359375,-4.44799107143
2012-08-25 08:37:28,101,1,25.3255208333,-4.21041666667
2012-08-25 08:37:29,102,1,21.537797619,-3.78772321429
2012-08-25 08:37:30,103,1,18.1795758929,-3.35822172619
2012-08-25 08:37:31,104,1,15.0933779762,-3.08619791667
2012-08-25 08:37:32,105,1,12.0661458333,-3.02723214286
2012-08-25 08:37:33,106,1,8.96860119048,-3.09754464286
2012-08-25 08:37:34,107,1,5.88154761905,-3.08705357143
2012-08-25 08:37:35,108,1,3.19605654762,-2.68549107143
2012-08-25 08:37:36,109,1,0.0,-3.19605654762
2012-08-25 08:38:51,184,75,0.0,0.0
2012-08-25 08:38:52,185,1,2.62473958333,2.62473958333
2012-08-25 08:38:53,186,1,4.52232142857,1.89758184524
2012-08-25 08:38:54,187,1,6.33854166667,1.8162202381
2012-08-25 08:38:55,188,1,7.66376488095,1.32522321429
2012-08-25 08:38:56,189,1,8.42202380952,0.758258928571
2012-08-25 08:38:57,190,1,8.69464285714,0.272619047619
2012-08-25 08:38:58,191,1,8.60714285714,-0.0875
2012-08-25 08:38:59,192,1,8.28697916667,-0.320163690476
2012-08-25 08:39:00,193,1,7.86904761905,-0.417931547619
2012-08-25 08:39:01,194,1,7.51324404762,-0.355803571429
2012-08-25 08:39:02,195,1,7.33727678571,-0.175967261905
2012-08-25 08:39:03,196,1,7.30133928571,-0.0359375
2012-08-25 08:39:04,197,1,7.21994047619,-0.0813988095238
2012-08-25 08:39:05,198,1,6.90282738095,-0.317113095238
2012-08-25 08:39:06,199,1,6.27142857143,-0.631398809524
2012-08-25 08:39:07,200,1,5.43206845238,-0.839360119048
2012-08-25 08:39:08,201,1,4.70617559524,-0.725892857143
2012-08-25 08:39:09,202,1,4.46592261905,-0.24025297619
2012-08-25 08:39:10,203,1,4.83392857143,0.368005952381
2012-08-25 08:39:11,204,1,5.60461309524,0.77068452381
2012-08-25 08:39:12,205,1,6.46145833333,0.856845238095
2012-08-25 08:39:13,206,1,7.20126488095,0.739806547619
2012-08-25 08:39:14,207,1,7.79196428571,0.590699404762
2012-08-25 08:39:15,208,1,8.25461309524,0.462648809524
2012-08-25 08:39:16,209,1,8.49575892857,0.241145833333
2012-08-25 08:39:17,210,1,8.36294642857,-0.1328125
2012-08-25 08:39:18,211,1,7.88779761905,-0.475148809524
2012-08-25 08:39:19,212,1,7.33928571429,-0.548511904762
2012-08-25 08:39:20,213,1,7.00803571429,-0.33125
2012-08-25 08:39:21,214,1,7.00424107143,-0.00379464285714
2012-08-25 08:39:22,215,1,7.23712797619,0.232886904762
2012-08-25 08:39:23,216,1,7.48244047619,0.2453125
2012-08-25 08:39:24,217,1,7.415625,-0.0668154761905
2012-08-25 08:39:25,218,1,6.68236607143,-0.733258928571
2012-08-25 08:39:26,219,1,5.13816964286,-1.54419642857
2012-08-25 08:39:27,220,1,3.16822916667,-1.96994047619
2012-08-25 08:39:28,221,1,0.0,-3.16822916667
2012-08-25 08:41:45,358,137,0.0,0.0
2012-08-25 08:41:46,359,1,2.84828869048,2.84828869048
2012-08-25 08:41:47,360,1,4.58660714286,1.73831845238
2012-08-25 08:41:48,361,1,5.95119047619,1.36458333333
2012-08-25 08:41:49,362,1,6.65587797619,0.7046875
2012-08-25 08:41:50,363,1,6.95081845238,0.29494047619
2012-08-25 08:41:51,364,1,7.30736607143,0.356547619048
2012-08-25 08:41:52,365,1,8.1453125,0.837946428571
2012-08-25 08:41:53,366,1,9.68638392857,1.54107142857
2012-08-25 08:41:54,367,1,11.9181547619,2.23177083333
2012-08-25 08:41:55,368,1,14.6035714286,2.68541666667
2012-08-25 08:41:56,369,1,17.3405505952,2.73697916667
2012-08-25 08:41:57,370,1,19.7217261905,2.38117559524
2012-08-25 08:41:58,371,1,21.5401041667,1.81837797619
2012-08-25 08:41:59,372,1,22.9055059524,1.36540178571
2012-08-25 08:42:00,373,1,24.1753720238,1.26986607143
2012-08-25 08:42:01,374,1,25.7254464286,1.55007440476
2012-08-25 08:42:02,375,1,27.7324404762,2.00699404762
2012-08-25 08:42:03,376,1,30.1340029762,2.4015625
2012-08-25 08:42:04,377,1,32.7595238095,2.62552083333
2012-08-25 08:42:05,378,1,35.4833333333,2.72380952381
2012-08-25 08:42:06,379,1,38.2451636905,2.76183035714
2012-08-25 08:42:07,380,1,40.95,2.70483630952
2012-08-25 08:42:08,381,1,43.426264881,2.47626488095
2012-08-25 08:42:09,382,1,45.515327381,2.0890625
2012-08-25 08:42:10,383,1,47.1660714286,1.65074404762
2012-08-25 08:42:11,384,1,48.4301339286,1.2640625
2012-08-25 08:42:12,385,1,49.3930803571,0.962946428571
2012-08-25 08:42:13,386,1,50.1223214286,0.729241071428
2012-08-25 08:42:14,387,1,50.6586309524,0.53630952381
2012-08-25 08:42:15,388,1,51.0215029762,0.36287202381
2012-08-25 08:42:16,389,1,51.2022321429,0.180729166667
2012-08-25 08:42:17,390,1,51.1595982143,-0.0426339285714
2012-08-25 08:42:18,391,1,50.8497767857,-0.309821428571
2012-08-25 08:42:19,392,1,50.2804315476,-0.569345238095
2012-08-25 08:42:20,393,1,49.5276041667,-0.752827380952
2012-08-25 08:42:21,394,1,48.6883184524,-0.839285714286
2012-08-25 08:42:22,395,1,47.826264881,-0.862053571429
2012-08-25 08:42:23,396,1,46.9616071429,-0.864657738095
2012-08-25 08:42:24,397,1,46.0717261905,-0.889880952381
2012-08-25 08:42:25,398,1,45.0627232143,-1.00900297619
2012-08-25 08:42:26,399,1,43.7485863095,-1.31413690476
2012-08-25 08:42:27,400,1,41.8897321429,-1.85885416667
2012-08-25 08:42:28,401,1,39.2786458333,-2.61108630952
2012-08-25 08:42:29,402,1,35.8258184524,-3.45282738095
2012-08-25 08:42:30,403,1,31.6263392857,-4.19947916667
2012-08-25 08:42:31,404,1,27.0151041667,-4.61123511905
2012-08-25 08:42:32,405,1,22.576264881,-4.43883928571
2012-08-25 08:42:33,406,1,19.0296875,-3.54657738095
2012-08-25 08:42:34,407,1,16.9885416667,-2.04114583333
2012-08-25 08:42:35,408,1,16.6947172619,-0.293824404762
2012-08-25 08:42:36,409,1,17.900297619,1.20558035714
2012-08-25 08:42:37,410,1,20.0017857143,2.10148809524
2012-08-25 08:42:38,411,1,22.3232142857,2.32142857143
2012-08-25 08:42:39,412,1,24.3523809524,2.02916666667
2012-08-25 08:42:40,413,1,25.8546130952,1.50223214286
2012-08-25 08:42:41,414,1,26.8499255952,0.9953125
2012-08-25 08:42:42,415,1,27.4686011905,0.618675595238
2012-08-25 08:42:43,416,1,27.8089285714,0.340327380952
2012-08-25 08:42:44,417,1,27.9049107143,0.0959821428571
2012-08-25 08:42:45,418,1,27.7698660714,-0.135044642857
2012-08-25 08:42:46,419,1,27.4395833333,-0.330282738095
2012-08-25 08:42:47,420,1,26.9650297619,-0.474553571429
2012-08-25 08:42:48,421,1,26.3384672619,-0.6265625
2012-08-25 08:42:49,422,1,25.4504464286,-0.888020833333
2012-08-25 08:42:50,423,1,24.1848958333,-1.26555059524
2012-08-25 08:42:51,424,1,22.5590029762,-1.62589285714
2012-08-25 08:42:52,425,1,20.7566220238,-1.80238095238
2012-08-25 08:42:53,426,1,19.0526041667,-1.70401785714
2012-08-25 08:42:54,427,1,17.6904761905,-1.36212797619
2012-08-25 08:42:55,428,1,16.7943452381,-0.896130952381
2012-08-25 08:42:56,429,1,16.3858630952,-0.408482142857
2012-08-25 08:42:57,430,1,16.4473214286,0.0614583333333
2012-08-25 08:42:58,431,1,16.942485119,0.495163690476
2012-08-25 08:42:59,432,1,17.8081845238,0.865699404762
2012-08-25 08:43:00,433,1,18.9348214286,1.12663690476
2012-08-25 08:43:01,434,1,20.1456845238,1.21086309524
2012-08-25 08:43:02,435,1,21.2261904762,1.08050595238
2012-08-25 08:43:03,436,1,22.0035714286,0.777380952381
2012-08-25 08:43:04,437,1,22.4104166667,0.406845238095
2012-08-25 08:43:05,438,1,22.4962053571,0.0857886904762
2012-08-25 08:43:06,439,1,22.3892857143,-0.106919642857
2012-08-25 08:43:07,440,1,22.2172619048,-0.172023809524
2012-08-25 08:43:08,441,1,22.0097470238,-0.207514880952
2012-08-25 08:43:09,442,1,21.6128720238,-0.396875
2012-08-25 08:43:10,443,1,20.6655505952,-0.947321428571
2012-08-25 08:43:11,444,1,18.7540922619,-1.91145833333
2012-08-25 08:43:12,445,1,15.769047619,-2.98504464286
2012-08-25 08:43:13,446,1,12.1813988095,-3.58764880952
2012-08-25 08:43:14,447,1,8.90892857143,-3.2724702381
2012-08-25 08:43:15,448,1,6.83459821429,-2.07433035714
2012-08-25 08:43:16,449,1,6.33244047619,-0.502157738095
2012-08-25 08:43:17,450,1,7.1084077381,0.775967261905
2012-08-25 08:43:18,451,1,8.45714285714,1.34873511905
2012-08-25 08:43:19,452,1,9.696875,1.23973214286
2012-08-25 08:43:20,453,1,10.3787946429,0.681919642857
2012-08-25 08:43:21,454,1,10.2179315476,-0.160863095238
2012-08-25 08:43:22,455,1,9.03288690476,-1.18504464286
2012-08-25 08:43:23,456,1,6.86116071429,-2.17172619048
2012-08-25 08:43:24,457,1,4.17879464286,-2.68236607143
2012-08-25 08:43:25,458,1,0.0,-4.17879464286
2012-08-25 08:43:26,459,1,0.0,0.0
2012-08-25 08:43:27,460,1,0.0,0.0
2012-08-25 08:43:28,461,1,0.0,0.0
2012-08-25 08:43:29,462,1,0.0,0.0
2012-08-25 08:43:30,463,1,0.0,0.0
