timestamp,cycle_sec,timestep,speed_mph,accel_meters_ps
2012-07-25 19:19:19,0,34349,0.0,0.0
2012-07-25 19:19:20,1,1,1.4011160785,1.4011160785
2012-07-25 19:19:21,2,1,2.44203870982,1.04092263132
2012-07-25 19:19:22,3,1,3.59449406324,1.15245535342
2012-07-25 19:19:23,4,1,4.72462794568,1.13013388244
2012-07-25 19:19:24,5,1,5.79330341071,1.06867546503
2012-07-25 19:19:25,6,1,6.73549072545,0.942187314732
2012-07-25 19:19:26,7,1,7.48511856473,0.749627839286
2012-07-25 19:19:27,8,1,8.02626439807,0.541145833333
2012-07-25 19:19:28,9,1,8.37909191592,0.352827517857
2012-07-25 19:19:29,10,1,8.56495519792,0.185863281994
2012-07-25 19:19:30,11,1,8.60133926265,0.0363840647321
2012-07-25 19:19:31,12,1,8.51376490476,-0.0875743578869
2012-07-25 19:19:32,13,1,8.33601188839,-0.177753016369
2012-07-25 19:19:33,14,1,8.10185996577,-0.234151922619
2012-07-25 19:19:34,15,1,7.84188950744,-0.259970458333
2012-07-25 19:19:35,16,1,7.57998452381,-0.261904983631
2012-07-25 19:19:36,17,1,7.32976117783,-0.250223345982
2012-07-25 19:19:37,18,1,7.10215698065,-0.227604197173
2012-07-25 19:19:38,19,1,6.91279686012,-0.189360120536
2012-07-25 19:19:39,20,1,6.77194860491,-0.140848255208
2012-07-25 19:19:40,21,1,6.6741806942,-0.0977679107143
2012-07-25 19:19:41,22,1,6.60483549479,-0.0693451994048
2012-07-25 19:19:42,23,1,6.55007377753,-0.0547617172619
2012-07-25 19:19:43,24,1,6.49836273214,-0.0517110453869
2012-07-25 19:19:44,25,1,6.42633911161,-0.0720236205357
2012-07-25 19:19:45,26,1,6.27382794568,-0.152511165923
2012-07-25 19:19:46,27,1,5.94751637202,-0.326311573661
2012-07-25 19:19:47,28,1,5.38033794196,-0.56717843006
2012-07-25 19:19:48,29,1,4.60906737798,-0.771270563988
2012-07-25 19:19:49,30,1,3.78906189211,-0.820005485863
2012-07-25 19:19:50,31,1,3.10870497545,-0.680356916667
2012-07-25 19:19:51,32,1,2.67760401042,-0.43110096503
2012-07-25 19:19:52,33,1,2.48496091295,-0.19264309747
2012-07-25 19:19:53,34,1,2.43441221503,-0.0505486979167
2012-07-25 19:19:54,35,1,2.4157738192,-0.0186383958333
2012-07-25 19:19:55,36,1,2.39200149628,-0.0237723229167
2012-07-25 19:19:56,37,1,2.45737537649,0.0653738802083
2012-07-25 19:19:57,38,1,2.78489579911,0.327520422619
2012-07-25 19:19:58,39,1,3.48988083408,0.70498503497
2012-07-25 19:19:59,40,1,4.56934502158,1.0794641875
2012-07-25 19:20:00,41,1,5.94606555208,1.37672053051
2012-07-25 19:20:01,42,1,7.51594088244,1.56987533036
2012-07-25 19:20:02,43,1,9.18417935268,1.66823847024
2012-07-25 19:20:03,44,1,10.8754274985,1.69124814583
2012-07-25 19:20:04,45,1,12.4959817671,1.6205542686
2012-07-25 19:20:05,46,1,13.930133471,1.43415170387
2012-07-25 19:20:06,47,1,15.0736602016,1.14352673065
2012-07-25 19:20:07,48,1,15.8277524635,0.754092261905
2012-07-25 19:20:08,49,1,16.1073656153,0.279613151786
2012-07-25 19:20:09,50,1,15.9161454643,-0.191220151042
2012-07-25 19:20:10,51,1,15.3990324137,-0.517113050595
2012-07-25 19:20:11,52,1,14.7895829628,-0.609449450893
2012-07-25 19:20:12,53,1,14.2784965625,-0.511086400298
2012-07-25 19:20:13,54,1,13.9173357991,-0.361160763393
2012-07-25 19:20:14,55,1,13.6470977418,-0.270238057292
2012-07-25 19:20:15,56,1,13.3890621332,-0.258035608631
2012-07-25 19:20:16,57,1,13.0899550841,-0.299107049107
2012-07-25 19:20:17,58,1,12.7348211451,-0.355133938988
2012-07-25 19:20:18,59,1,12.3633180409,-0.371503104167
2012-07-25 19:20:19,60,1,12.0619786079,-0.301339433036
2012-07-25 19:20:20,61,1,11.9313237984,-0.130654809524
2012-07-25 19:20:21,62,1,12.03325841,0.101934611607
2012-07-25 19:20:22,63,1,12.3160710871,0.282812677083
2012-07-25 19:20:23,64,1,12.5992557999,0.283184712798
2012-07-25 19:20:24,65,1,12.6758928341,0.0766370342262
2012-07-25 19:20:25,66,1,12.4313244204,-0.24456841369
2012-07-25 19:20:26,67,1,11.8785714025,-0.552753017857
2012-07-25 19:20:27,68,1,11.1314730975,-0.74709830506
2012-07-25 19:20:28,69,1,10.3511158549,-0.78035724256
2012-07-25 19:20:29,70,1,9.68065446577,-0.670461389137
2012-07-25 19:20:30,71,1,9.20074370833,-0.47991075744
2012-07-25 19:20:31,72,1,8.91659192039,-0.284151787946
2012-07-25 19:20:32,73,1,8.76748478571,-0.149107134673
2012-07-25 19:20:33,74,1,8.65810977902,-0.109375006696
2012-07-25 19:20:34,75,1,8.48482109747,-0.173288681548
2012-07-25 19:20:35,76,1,8.13802054985,-0.346800547619
2012-07-25 19:20:36,77,1,7.5223211875,-0.615699362351
2012-07-25 19:20:37,78,1,6.62060984598,-0.901711341518
2012-07-25 19:20:38,79,1,5.56197875744,-1.05863108854
2012-07-25 19:20:39,80,1,4.63139821057,-0.930580546875
2012-07-25 19:20:40,81,1,4.18727605283,-0.444122157738
2012-07-25 19:20:41,82,1,4.51458260342,0.327306550595
2012-07-25 19:20:42,83,1,5.68154702455,1.16696442113
2012-07-25 19:20:43,84,1,7.48013352158,1.79858649702
2012-07-25 19:20:44,85,1,9.50580329464,2.02566977307
2012-07-25 19:20:45,86,1,11.330133657,1.82433036235
2012-07-25 19:20:46,87,1,12.6620532046,1.33191954762
2012-07-25 19:20:47,88,1,13.4280501228,0.765996918155
2012-07-25 19:20:48,89,1,13.7329607976,0.304910674851
2012-07-25 19:20:49,90,1,13.7417406019,0.0087798043155
2012-07-25 19:20:50,91,1,13.5944936674,-0.147246934524
2012-07-25 19:20:51,92,1,13.3941217374,-0.20037193006
2012-07-25 19:20:52,93,1,13.2116069375,-0.182514799851
2012-07-25 19:20:53,94,1,13.0595980632,-0.152008874256
2012-07-25 19:20:54,95,1,12.8676337775,-0.191964285714
2012-07-25 19:20:55,96,1,12.5299849137,-0.337648863839
2012-07-25 19:20:56,97,1,11.9889878088,-0.540997104911
2012-07-25 19:20:57,98,1,11.2760412865,-0.712946522322
2012-07-25 19:20:58,99,1,10.51845191,-0.757589376488
2012-07-25 19:20:59,100,1,9.9009667433,-0.617485166667
2012-07-25 19:21:00,101,1,9.57611559301,-0.324851150298
2012-07-25 19:21:01,102,1,9.60758894643,0.0314733534226
2012-07-25 19:21:02,103,1,9.96101174554,0.353422799107
2012-07-25 19:21:03,104,1,10.4874999688,0.526488223214
2012-07-25 19:21:04,105,1,10.9416666793,0.454166710565
2012-07-25 19:21:05,106,1,11.0825893021,0.140922622768
2012-07-25 19:21:06,107,1,10.7874256094,-0.295163692708
2012-07-25 19:21:07,108,1,10.0874255707,-0.70000003869
2012-07-25 19:21:08,109,1,9.12619031994,-0.961235250744
2012-07-25 19:21:09,110,1,8.09233592783,-1.03385439211
2012-07-25 19:21:10,111,1,7.16458272693,-0.927753200893
2012-07-25 19:21:11,112,1,6.48474632813,-0.67983639881
2012-07-25 19:21:12,113,1,6.14531190327,-0.339434424851
2012-07-25 19:21:13,114,1,6.17232101563,0.0270091123512
2012-07-25 19:21:14,115,1,6.52909194494,0.356770929315
2012-07-25 19:21:15,116,1,7.16346689137,0.634374946429
2012-07-25 19:21:16,117,1,8.04650250595,0.883035614583
2012-07-25 19:21:17,118,1,9.14553523958,1.09903273363
2012-07-25 19:21:18,119,1,10.3670383475,1.22150310789
2012-07-25 19:21:19,120,1,11.5497766332,1.18273828571
2012-07-25 19:21:20,121,1,12.5279761719,0.978199538691
2012-07-25 19:21:21,122,1,13.2090029628,0.681026790923
2012-07-25 19:21:22,123,1,13.5950891376,0.386086174851
2012-07-25 19:21:23,124,1,13.7308775975,0.135788459821
2012-07-25 19:21:24,125,1,13.6475440417,-0.0833335558035
2012-07-25 19:21:25,126,1,13.3804308482,-0.267113193452
2012-07-25 19:21:26,127,1,13.0017850707,-0.37864577753
2012-07-25 19:21:27,128,1,12.5678566362,-0.433928434524
2012-07-25 19:21:28,129,1,12.0403270037,-0.52752963244
2012-07-25 19:21:29,130,1,11.2988836436,-0.741443360119
2012-07-25 19:21:30,131,1,10.246056346,-1.05282729762
2012-07-25 19:21:31,132,1,8.93363084003,-1.31242550595
2012-07-25 19:21:32,133,1,7.59650290625,-1.33712793378
2012-07-25 19:21:33,134,1,6.51860106994,-1.07790183631
2012-07-25 19:21:34,135,1,5.8398807381,-0.678720331845
2012-07-25 19:21:35,136,1,5.4669640253,-0.372916712798
2012-07-25 19:21:36,137,1,5.11587775551,-0.351086269792
2012-07-25 19:21:37,138,1,4.4544939244,-0.661383831101
2012-07-25 19:21:38,139,1,3.33132437351,-1.12316955089
2012-07-25 19:21:39,140,1,2.01897322173,-1.31235115179
2012-07-25 19:21:40,141,1,0.0,-2.01897322173
