timestamp,cycle_sec,timestep,speed_mph,accel_meters_ps
2012-02-21 17:53:25,0,1,0.0,0.0
2012-02-21 17:53:26,1,1,0.0,0.0
2012-02-21 17:53:27,2,1,0.0,0.0
2012-02-21 17:53:28,3,1,0.0,0.0
2012-02-21 17:53:29,4,1,0.0,0.0
2012-02-21 17:53:30,5,1,0.0,0.0
2012-02-21 17:53:31,6,1,1.98906231845,1.98906231845
2012-02-21 17:53:32,7,1,3.11555041146,1.12648809301
2012-02-21 17:53:33,8,1,3.92113084449,0.805580433036
2012-02-21 17:53:34,9,1,4.32857136979,0.407440525298
2012-02-21 17:53:35,10,1,4.42738080878,0.0988094389881
2012-02-21 17:53:36,11,1,4.2340770186,-0.193303790179
2012-02-21 17:53:37,12,1,3.7487344881,-0.485342530506
2012-02-21 17:53:38,13,1,3.21316878274,-0.535565705357
2012-02-21 17:53:39,14,1,3.15111508185,-0.0620537008929
2012-02-21 17:53:40,15,1,4.02299008185,0.871875
2012-02-21 17:53:41,16,1,5.7569931875,1.73400310565
2012-02-21 17:53:42,17,1,7.57113032143,1.81413713393
2012-02-21 17:53:43,18,1,8.41026749479,0.839137173363
2012-02-21 17:53:44,19,1,7.8447171183,-0.565550376488
2012-02-21 17:53:45,20,1,6.64709815551,-1.1976189628
2012-02-21 17:53:46,21,1,6.38236596057,-0.26473219494
2012-02-21 17:53:47,22,1,8.26867538914,1.88630942857
2012-02-21 17:53:48,23,1,12.2936753393,4.02499995015
2012-02-21 17:53:49,24,1,17.2909223638,4.99724702455
2012-02-21 17:53:50,25,1,21.6965771376,4.40565477381
2012-02-21 17:53:51,26,1,24.2666664159,2.57008927827
2012-02-21 17:53:52,27,1,24.4638389993,0.197172583333
2012-02-21 17:53:53,28,1,22.586309189,-1.87752981027
2012-02-21 17:53:54,29,1,19.7046127165,-2.88169647247
2012-02-21 17:53:55,30,1,17.3145829189,-2.39002979762
2012-02-21 17:53:56,31,1,16.5441960037,-0.770386915179
2012-02-21 17:53:57,32,1,17.2927823333,0.748586329613
2012-02-21 17:53:58,33,1,18.2285710171,0.93578868378
2012-02-21 17:53:59,34,1,17.8880203311,-0.340550686012
2012-02-21 17:54:00,35,1,15.947544006,-1.94047632515
2012-02-21 17:54:01,36,1,13.5720231116,-2.37552089435
2012-02-21 17:54:02,37,1,12.5403267798,-1.03169633185
2012-02-21 17:54:03,38,1,13.8549103356,1.3145835558
2012-02-21 17:54:04,39,1,17.022172471,3.16726213542
2012-02-21 17:54:05,40,1,20.560491058,3.53831858705
2012-02-21 17:54:06,41,1,23.1385416496,2.57805059152
2012-02-21 17:54:07,42,1,24.2982141414,1.15967249182
2012-02-21 17:54:08,43,1,24.2621276443,-0.0360864970238
2012-02-21 17:54:09,44,1,23.2374250878,-1.02470255655
2012-02-21 17:54:10,45,1,21.0659963862,-2.17142870164
2012-02-21 17:54:11,46,1,17.6014873757,-3.46450901042
2012-02-21 17:54:12,47,1,13.3633176964,-4.23816967932
2012-02-21 17:54:13,48,1,9.7002224561,-3.66309524033
2012-02-21 17:54:14,49,1,8.08258854092,-1.61763391518
2012-02-21 17:54:15,50,1,8.94516294643,0.862574405506
2012-02-21 17:54:16,51,1,11.1606390871,2.21547614063
2012-02-21 17:54:17,52,1,12.858853279,1.69821419196
2012-02-21 17:54:18,53,1,12.9442698988,0.0854166197916
2012-02-21 17:54:19,54,1,11.8280497433,-1.11622015551
2012-02-21 17:54:20,55,1,10.6478415885,-1.18020815476
2012-02-21 17:54:21,56,1,9.87685962351,-0.77098196503
2012-02-21 17:54:22,57,1,8.90885379985,-0.968005823661
2012-02-21 17:54:23,58,1,6.99449377455,-1.9143600253
2012-02-21 17:54:24,59,1,4.36941945908,-2.62507431548
2012-02-21 17:54:25,60,1,0.0,-4.36941945908
2012-02-21 17:55:07,102,42,0.0,0.0
2012-02-21 17:55:08,103,1,3.33489582887,3.33489582887
2012-02-21 17:55:09,104,1,4.82842261905,1.49352679018
2012-02-21 17:55:10,105,1,5.40342262054,0.575000001488
2012-02-21 17:55:11,106,1,5.12983631771,-0.273586302827
2012-02-21 17:55:12,107,1,4.83772322545,-0.292113092262
2012-02-21 17:55:13,108,1,5.07619044494,0.238467219494
2012-02-21 17:55:14,109,1,5.68519329167,0.609002846726
2012-02-21 17:55:15,110,1,6.31197882217,0.626785530506
2012-02-21 17:55:16,111,1,7.20007393006,0.888095107887
2012-02-21 17:55:17,112,1,9.24806500446,2.0479910744
2012-02-21 17:55:18,113,1,12.9901037894,3.74203878497
2012-02-21 17:55:19,114,1,17.5553568214,4.56525303199
2012-02-21 17:55:20,115,1,20.96227641,3.40691958854
2012-02-21 17:55:21,116,1,21.5750739397,0.612797529762
2012-02-21 17:55:22,117,1,19.3904757217,-2.18459821801
2012-02-21 17:55:23,118,1,16.1472466518,-3.24322906994
2012-02-21 17:55:24,119,1,14.1313985365,-2.01584811533
2012-02-21 17:55:25,120,1,14.5373509137,0.405952377232
2012-02-21 17:55:26,121,1,16.7150293564,2.17767844271
2012-02-21 17:55:27,122,1,18.8176333423,2.10260398586
2012-02-21 17:55:28,123,1,19.1811004702,0.363467127976
2012-02-21 17:55:29,124,1,17.4179307768,-1.76316969345
2012-02-21 17:55:30,125,1,14.5770081644,-2.84092261235
2012-02-21 17:55:31,126,1,12.3857135647,-2.1912945997
2012-02-21 17:55:32,127,1,12.1257434115,-0.259970153274
2012-02-21 17:55:33,128,1,13.796800096,1.67105668452
2012-02-21 17:55:34,129,1,16.0921127731,2.29531267708
2012-02-21 17:55:35,130,1,17.2764135067,1.18430073363
2012-02-21 17:55:36,131,1,16.3779760015,-0.898437505208
2012-02-21 17:55:37,132,1,13.8684520528,-2.50952394866
2012-02-21 17:55:38,133,1,11.339136436,-2.52931561682
2012-02-21 17:55:39,134,1,10.3102673467,-1.02886908929
2012-02-21 17:55:40,135,1,11.0556542969,0.745386950149
2012-02-21 17:55:41,136,1,12.4474698274,1.39181553051
2012-02-21 17:55:42,137,1,12.9469489911,0.49947916369
2012-02-21 17:55:43,138,1,11.897023343,-1.04992564807
2012-02-21 17:55:44,139,1,10.0313983073,-1.86562503571
2012-02-21 17:55:45,140,1,8.72202334003,-1.30937496726
2012-02-21 17:55:46,141,1,8.67730617113,-0.0447171688988
2012-02-21 17:55:47,142,1,9.42901757813,0.751711406994
2012-02-21 17:55:48,143,1,10.0823658333,0.653348255208
2012-02-21 17:55:49,144,1,10.4141366272,0.331770793899
2012-02-21 17:55:50,145,1,11.0374996317,0.623363004464
2012-02-21 17:55:51,146,1,12.4297614449,1.39226181324
2012-02-21 17:55:52,147,1,14.0730649345,1.64330348958
2012-02-21 17:55:53,148,1,14.8462047202,0.773139785714
2012-02-21 17:55:54,149,1,14.1642105878,-0.681994132441
2012-02-21 17:55:55,150,1,12.5552820112,-1.60892857664
2012-02-21 17:55:56,151,1,11.1420380595,-1.41324395164
2012-02-21 17:55:57,152,1,10.6227673631,-0.519270696429
2012-02-21 17:55:58,153,1,10.8769341205,0.254166757441
2012-02-21 17:55:59,154,1,11.5697168616,0.692782741071
2012-02-21 17:56:00,155,1,12.7713537061,1.20163684449
2012-02-21 17:56:01,156,1,14.6772316034,1.90587789732
2012-02-21 17:56:02,157,1,16.9009666607,2.22373505729
2012-02-21 17:56:03,158,1,18.3767107061,1.47574404539
2012-02-21 17:56:04,159,1,18.1280500848,-0.24866062128
2012-02-21 17:56:05,160,1,16.2186008571,-1.90944922768
2012-02-21 17:56:06,161,1,13.9531248504,-2.2654760067
2012-02-21 17:56:07,162,1,13.0296130298,-0.923511820684
2012-02-21 17:56:08,163,1,14.3365326257,1.30691959598
2012-02-21 17:56:09,164,1,17.3651783668,3.02864574107
2012-02-21 17:56:10,165,1,20.549925346,3.18474697917
2012-02-21 17:56:11,166,1,22.1837051049,1.63377975893
2012-02-21 17:56:12,167,1,21.3521574524,-0.83154765253
2012-02-21 17:56:13,168,1,18.4029758088,-2.9491816436
2012-02-21 17:56:14,169,1,14.7436751168,-3.65930069196
2012-02-21 17:56:15,170,1,12.1004459539,-2.64322916295
2012-02-21 17:56:16,171,1,11.6194937098,-0.480952244048
2012-02-21 17:56:17,172,1,13.3094492485,1.68995553869
2012-02-21 17:56:18,173,1,16.1191219568,2.80967270833
2012-02-21 17:56:19,174,1,18.5177826257,2.3986606689
2012-02-21 17:56:20,175,1,19.2361605097,0.718377883929
2012-02-21 17:56:21,176,1,17.8505949888,-1.38556552083
2012-02-21 17:56:22,177,1,14.9595979621,-2.89099702679
2012-02-21 17:56:23,178,1,11.8758181682,-3.0837797939
2012-02-21 17:56:24,179,1,9.98139843452,-1.89441973363
2012-02-21 17:56:25,180,1,10.0548358356,0.0734374010417
2012-02-21 17:56:26,181,1,11.9656988929,1.91086305729
2012-02-21 17:56:27,182,1,14.9271572701,2.96145837723
2012-02-21 17:56:28,183,1,18.0110115298,3.08385425967
2012-02-21 17:56:29,184,1,20.4603419732,2.44933044345
2012-02-21 17:56:30,185,1,21.6969491607,1.2366071875
2012-02-21 17:56:31,186,1,21.3171872664,-0.379761894345
2012-02-21 17:56:32,187,1,19.3345979717,-1.98258929464
2012-02-21 17:56:33,188,1,16.4802080513,-2.85438992039
2012-02-21 17:56:34,189,1,14.0750740357,-2.40513401563
2012-02-21 17:56:35,190,1,13.3365322396,-0.738541796131
2012-02-21 17:56:36,191,1,14.5968743624,1.26034212277
2012-02-21 17:56:37,192,1,17.0761153445,2.47924098214
2012-02-21 17:56:38,193,1,19.4145826198,2.3384672753
2012-02-21 17:56:39,194,1,20.5540172329,1.1394346131
2012-02-21 17:56:40,195,1,20.2918149085,-0.262202324405
2012-02-21 17:56:41,196,1,19.1312493772,-1.16056553125
2012-02-21 17:56:42,197,1,17.6429307917,-1.48831858557
2012-02-21 17:56:43,198,1,15.983927715,-1.65900307664
2012-02-21 17:56:44,199,1,14.062201558,-1.92172615699
2012-02-21 17:56:45,200,1,12.0846719836,-1.9775295744
2012-02-21 17:56:46,201,1,10.6819936786,-1.40267830506
2012-02-21 17:56:47,202,1,10.2654760454,-0.416517633185
2012-02-21 17:56:48,203,1,10.3660713713,0.100595325893
2012-02-21 17:56:49,204,1,9.96897311012,-0.397098261161
2012-02-21 17:56:50,205,1,8.64672598884,-1.32224712128
2012-02-21 17:56:51,206,1,7.17790149405,-1.46882449479
2012-02-21 17:56:52,207,1,6.88340735789,-0.294494136161
2012-02-21 17:56:53,208,1,8.32492513244,1.44151777455
2012-02-21 17:56:54,209,1,10.6921869926,2.36726186012
2012-02-21 17:56:55,210,1,12.5251483013,1.83296130878
2012-02-21 17:56:56,211,1,12.9602673653,0.435119063988
2012-02-21 17:56:57,212,1,12.184672125,-0.775595240327
2012-02-21 17:56:58,213,1,10.8811750499,-1.30349707515
2012-02-21 17:56:59,214,1,9.48452317708,-1.39665187277
2012-02-21 17:57:00,215,1,7.92179991815,-1.56272325893
2012-02-21 17:57:01,216,1,5.92938927976,-1.99241063839
2012-02-21 17:57:02,217,1,3.61621982738,-2.31316945238
2012-02-21 17:57:03,218,1,0.0,-3.61621982738
2012-02-21 17:57:04,219,1,0.0,0.0
2012-02-21 17:57:05,220,1,0.0,0.0
2012-02-21 17:57:06,221,1,0.0,0.0
2012-02-21 17:57:07,222,1,0.0,0.0
2012-02-21 17:57:08,223,1,0.0,0.0
