timestamp,cycle_sec,timestep,speed_mph,accel_meters_ps
2013-01-18 13:47:10,0,71931,0.0,0.0
2013-01-18 13:47:11,1,1,1.39609372545,1.39609372545
2013-01-18 13:47:12,2,1,2.16078853423,0.76469480878
2013-01-18 13:47:13,3,1,2.75098176116,0.590193226935
2013-01-18 13:47:14,4,1,3.03205296354,0.281071202381
2013-01-18 13:47:15,5,1,3.08310941518,0.0510564516369
2013-01-18 13:47:16,6,1,2.98700832068,-0.096101094494
2013-01-18 13:47:17,7,1,2.79799068973,-0.189017630952
2013-01-18 13:47:18,8,1,2.58997008333,-0.208020606399
2013-01-18 13:47:19,9,1,2.44462795982,-0.145342123512
2013-01-18 13:47:20,10,1,2.42779764435,-0.0168303154762
2013-01-18 13:47:21,11,1,2.6573214122,0.229523767857
2013-01-18 13:47:22,12,1,3.33104151339,0.67372010119
2013-01-18 13:47:23,13,1,4.56546093452,1.23441942113
2013-01-18 13:47:24,14,1,6.21309463467,1.64763370015
2013-01-18 13:47:25,15,1,7.88575819048,1.6726635558
2013-01-18 13:47:26,16,1,9.17797546577,1.2922172753
2013-01-18 13:47:27,17,1,9.92531190997,0.747336444196
2013-01-18 13:47:28,18,1,10.2670977716,0.341785861607
2013-01-18 13:47:29,19,1,10.453347814,0.186250042411
2013-01-18 13:47:30,20,1,10.6425590365,0.18921122247
2013-01-18 13:47:31,21,1,10.8724696086,0.229910572173
2013-01-18 13:47:32,22,1,11.1182284397,0.245758831101
2013-01-18 13:47:33,23,1,11.3423355893,0.224107149554
2013-01-18 13:47:34,24,1,11.5278267507,0.185491161458
2013-01-18 13:47:35,25,1,11.6787941042,0.150967353423
2013-01-18 13:47:36,26,1,11.7883179516,0.10952384747
2013-01-18 13:47:37,27,1,11.8128715312,0.0245535796131
2013-01-18 13:47:38,28,1,11.681547154,-0.131324377232
2013-01-18 13:47:39,29,1,11.3465769658,-0.334970188244
2013-01-18 13:47:40,30,1,10.8448657031,-0.501711262649
2013-01-18 13:47:41,31,1,10.3079609754,-0.536904727679
2013-01-18 13:47:42,32,1,9.90476158631,-0.403199389137
2013-01-18 13:47:43,33,1,9.75803538542,-0.146726200893
2013-01-18 13:47:44,34,1,9.89144308185,0.133407696429
2013-01-18 13:47:45,35,1,10.2511900193,0.3597469375
2013-01-18 13:47:46,36,1,10.7638387247,0.512648705357
2013-01-18 13:47:47,37,1,11.3535708341,0.589732109375
2013-01-18 13:47:48,38,1,11.9309518698,0.577381035714
2013-01-18 13:47:49,39,1,12.3988091533,0.467857283482
2013-01-18 13:47:50,40,1,12.6641366302,0.265327476934
2013-01-18 13:47:51,41,1,12.648139596,-0.0159970342262
2013-01-18 13:47:52,42,1,12.3151037976,-0.333035798363
2013-01-18 13:47:53,43,1,11.7075144531,-0.607589344494
2013-01-18 13:47:54,44,1,10.9571424427,-0.750372010417
2013-01-18 13:47:55,45,1,10.2674847418,-0.689657700893
2013-01-18 13:47:56,46,1,9.86116033705,-0.406324404762
2013-01-18 13:47:57,47,1,9.89427041741,0.0331100803571
2013-01-18 13:47:58,48,1,10.3750739687,0.480803551339
2013-01-18 13:47:59,49,1,11.1313240246,0.756250055804
2013-01-18 13:48:00,50,1,11.8656991496,0.734375125
2013-01-18 13:48:01,51,1,12.303720119,0.438020969494
2013-01-18 13:48:02,52,1,12.3473214062,0.0436012872024
2013-01-18 13:48:03,53,1,12.0953125104,-0.252008895833
2013-01-18 13:48:04,54,1,11.7052827091,-0.390029801339
2013-01-18 13:48:05,55,1,11.2583332113,-0.446949497768
2013-01-18 13:48:06,56,1,10.7560265729,-0.502306638393
2013-01-18 13:48:07,57,1,10.1897318936,-0.566294679315
2013-01-18 13:48:08,58,1,9.57797594494,-0.611755948661
2013-01-18 13:48:09,59,1,8.92924079018,-0.648735154762
2013-01-18 13:48:10,60,1,8.19880910789,-0.730431682292
2013-01-18 13:48:11,61,1,7.36465714137,-0.834151966518
2013-01-18 13:48:12,62,1,6.52604097396,-0.838616167411
2013-01-18 13:48:13,63,1,5.8354904308,-0.690550543155
2013-01-18 13:48:14,64,1,5.36197866667,-0.473511764137
2013-01-18 13:48:15,65,1,5.04367522247,-0.318303444196
2013-01-18 13:48:16,66,1,4.70156217932,-0.342113043155
2013-01-18 13:48:17,67,1,4.10677051339,-0.594791665923
2013-01-18 13:48:18,68,1,3.13310983259,-0.973660680804
2013-01-18 13:48:19,69,1,1.93891349851,-1.19419633408
2013-01-18 13:48:20,70,1,0.0,-1.93891349851
2013-01-18 13:48:49,99,29,0.0,0.0
2013-01-18 13:48:50,100,1,1.5828865744,1.5828865744
2013-01-18 13:48:51,101,1,2.94345186905,1.36056529464
2013-01-18 13:48:52,102,1,4.49560949851,1.55215762946
2013-01-18 13:48:53,103,1,5.9244784933,1.42886899479
2013-01-18 13:48:54,104,1,7.0716510625,1.1471725692
2013-01-18 13:48:55,105,1,7.89077304911,0.819121986607
2013-01-18 13:48:56,106,1,8.42604093973,0.535267890625
2013-01-18 13:48:57,107,1,8.77671071726,0.35066977753
2013-01-18 13:48:58,108,1,9.02306506845,0.24635435119
2013-01-18 13:48:59,109,1,9.21011877455,0.187053706101
2013-01-18 13:49:00,110,1,9.38549083036,0.175372055804
2013-01-18 13:49:01,111,1,9.58913662128,0.203645790923
2013-01-18 13:49:02,112,1,9.82403240699,0.234895785714
2013-01-18 13:49:03,113,1,10.0838538266,0.259821419643
2013-01-18 13:49:04,114,1,10.3944937143,0.310639887649
2013-01-18 13:49:05,115,1,10.8026782299,0.408184515625
2013-01-18 13:49:06,116,1,11.3206097798,0.517931549851
2013-01-18 13:49:07,117,1,11.8880205372,0.567410757441
2013-01-18 13:49:08,118,1,12.4021575216,0.514136984375
2013-01-18 13:49:09,119,1,12.7854909546,0.383333433036
2013-01-18 13:49:10,120,1,13.0257440201,0.240253065476
2013-01-18 13:49:11,121,1,13.1656250089,0.139880988839
2013-01-18 13:49:12,122,1,13.2626487805,0.0970237715774
2013-01-18 13:49:13,123,1,13.3725445193,0.109895738839
2013-01-18 13:49:14,124,1,13.5554313281,0.18288680878
2013-01-18 13:49:15,125,1,13.8490324844,0.29360115625
2013-01-18 13:49:16,126,1,14.2407735997,0.391741115327
2013-01-18 13:49:17,127,1,14.6818450833,0.441071483631
2013-01-18 13:49:18,128,1,15.1050593356,0.423214252232
2013-01-18 13:49:19,129,1,15.4395085997,0.334449264137
2013-01-18 13:49:20,130,1,15.6289429516,0.189434351934
2013-01-18 13:49:21,131,1,15.6267850766,-0.002157875
2013-01-18 13:49:22,132,1,15.3961302247,-0.230654851934
2013-01-18 13:49:23,133,1,14.9527522076,-0.443378017113
2013-01-18 13:49:24,134,1,14.3921123616,-0.560639845982
2013-01-18 13:49:25,135,1,13.8601184591,-0.53199390253
2013-01-18 13:49:26,136,1,13.5235115424,-0.336606916667
2013-01-18 13:49:27,137,1,13.5320682679,0.0085567254464
2013-01-18 13:49:28,138,1,13.9336307738,0.401562505952
2013-01-18 13:49:29,139,1,14.6374996726,0.703868898809
2013-01-18 13:49:30,140,1,15.4853417597,0.847842087054
2013-01-18 13:49:31,141,1,16.3308029762,0.845461216518
2013-01-18 13:49:32,142,1,17.0590767842,0.728273808036
2013-01-18 13:49:33,143,1,17.5581839472,0.499107162946
2013-01-18 13:49:34,144,1,17.6741809539,0.115997006696
2013-01-18 13:49:35,145,1,17.2115321071,-0.462648846726
2013-01-18 13:49:36,146,1,16.0160708013,-1.1954613058
2013-01-18 13:49:37,147,1,14.1112345692,-1.90483623214
2013-01-18 13:49:38,148,1,11.7997019353,-2.31153263393
2013-01-18 13:49:39,149,1,9.62023769048,-2.17946424479
2013-01-18 13:49:40,150,1,8.14136859226,-1.47886909821
2013-01-18 13:49:41,151,1,7.70171076339,-0.439657828869
2013-01-18 13:49:42,152,1,8.26473154092,0.56302077753
2013-01-18 13:49:43,153,1,9.50818396354,1.24345242262
2013-01-18 13:49:44,154,1,11.0479906518,1.53980668824
2013-01-18 13:49:45,155,1,12.5597467783,1.51175612649
2013-01-18 13:49:46,156,1,13.7660713207,1.20632454241
2013-01-18 13:49:47,157,1,14.4434523259,0.677381005208
2013-01-18 13:49:48,158,1,14.4997766778,0.0563243519345
2013-01-18 13:49:49,159,1,14.0312497545,-0.468526923363
2013-01-18 13:49:50,160,1,13.2642108884,-0.767038866071
2013-01-18 13:49:51,161,1,12.4077375298,-0.856473358631
2013-01-18 13:49:52,162,1,11.5540172574,-0.853720272321
2013-01-18 13:49:53,163,1,10.690475683,-0.863541574405
2013-01-18 13:49:54,164,1,9.7526037939,-0.937871889137
2013-01-18 13:49:55,165,1,8.67514849628,-1.07745529762
2013-01-18 13:49:56,166,1,7.46123475,-1.21391374628
2013-01-18 13:49:57,167,1,6.23496977083,-1.22626497917
2013-01-18 13:49:58,168,1,5.22023758482,-1.01473218601
2013-01-18 13:49:59,169,1,4.62961262723,-0.590624957589
2013-01-18 13:50:00,170,1,4.50825855506,-0.121354072173
2013-01-18 13:50:01,171,1,4.69099674182,0.182738186756
2013-01-18 13:50:02,172,1,4.95580333036,0.264806588542
2013-01-18 13:50:03,173,1,5.19203841295,0.236235082589
2013-01-18 13:50:04,174,1,5.42938950223,0.237351089286
2013-01-18 13:50:05,175,1,5.7876483378,0.358258835565
2013-01-18 13:50:06,176,1,6.39918107589,0.611532738095
2013-01-18 13:50:07,177,1,7.32559485789,0.926413781994
2013-01-18 13:50:08,178,1,8.52745507143,1.20186021354
2013-01-18 13:50:09,179,1,9.87983605878,1.35238098735
2013-01-18 13:50:10,180,1,11.2094491607,1.32961310193
2013-01-18 13:50:11,181,1,12.3706099107,1.16116075
2013-01-18 13:50:12,182,1,13.3145087708,0.943898860119
2013-01-18 13:50:13,183,1,14.0758927046,0.76138393378
2013-01-18 13:50:14,184,1,14.6837795565,0.607886851935
2013-01-18 13:50:15,185,1,15.0927824531,0.409002896577
2013-01-18 13:50:16,186,1,15.2372764137,0.144493960565
2013-01-18 13:50:17,187,1,15.1569935893,-0.0802828244048
2013-01-18 13:50:18,188,1,15.0278268393,-0.12916675
2013-01-18 13:50:19,189,1,15.0708327054,0.0430058660714
2013-01-18 13:50:20,190,1,15.4453861897,0.374553484375
2013-01-18 13:50:21,191,1,16.1810259896,0.735639799851
2013-01-18 13:50:22,192,1,17.1711300967,0.990104107143
2013-01-18 13:50:23,193,1,18.2407729561,1.06964285938
2013-01-18 13:50:24,194,1,19.2256688839,0.984895927827
2013-01-18 13:50:25,195,1,20.0111601243,0.785491240327
2013-01-18 13:50:26,196,1,20.5530501882,0.541890063988
2013-01-18 13:50:27,197,1,20.8739580536,0.320907865327
2013-01-18 13:50:28,198,1,21.0124253579,0.138467304316
2013-01-18 13:50:29,199,1,20.9776039182,-0.0348214397321
2013-01-18 13:50:30,200,1,20.7672616503,-0.210342267857
2013-01-18 13:50:31,201,1,20.4105652701,-0.356696380208
2013-01-18 13:50:32,202,1,19.9646576257,-0.445907644345
2013-01-18 13:50:33,203,1,19.4683779092,-0.496279716518
2013-01-18 13:50:34,204,1,18.9129462738,-0.555431635417
2013-01-18 13:50:35,205,1,18.2638389531,-0.649107320685
2013-01-18 13:50:36,206,1,17.515326904,-0.748512049107
2013-01-18 13:50:37,207,1,16.7428566257,-0.772470278274
2013-01-18 13:50:38,208,1,16.1194191801,-0.623437445685
2013-01-18 13:50:39,209,1,15.8526782009,-0.266740979167
2013-01-18 13:50:40,210,1,16.0611603899,0.208482188988
2013-01-18 13:50:41,211,1,16.6891365342,0.627976144345
2013-01-18 13:50:42,212,1,17.5119787039,0.822842169643
2013-01-18 13:50:43,213,1,18.2266363876,0.71465768378
2013-01-18 13:50:44,214,1,18.6157733326,0.38913694494
2013-01-18 13:50:45,215,1,18.6708330007,0.0550596681548
2013-01-18 13:50:46,216,1,18.5304313929,-0.140401607887
2013-01-18 13:50:47,217,1,18.3171130283,-0.213318364583
2013-01-18 13:50:48,218,1,18.0695683385,-0.247544689732
2013-01-18 13:50:49,219,1,17.7703122887,-0.299256049851
2013-01-18 13:50:50,220,1,17.3674104606,-0.402901828125
2013-01-18 13:50:51,221,1,16.7965027612,-0.570907699405
2013-01-18 13:50:52,222,1,16.0295385365,-0.766964224702
2013-01-18 13:50:53,223,1,15.1293897262,-0.900148810268
2013-01-18 13:50:54,224,1,14.2684521369,-0.860937589286
2013-01-18 13:50:55,225,1,13.6510412991,-0.617410837798
2013-01-18 13:50:56,226,1,13.3715025126,-0.279538786458
2013-01-18 13:50:57,227,1,13.3517851778,-0.0197173348214
2013-01-18 13:50:58,228,1,13.429240439,0.0774552611607
2013-01-18 13:50:59,229,1,13.497990314,0.068749875
2013-01-18 13:51:00,230,1,13.5537937909,0.0558034769345
2013-01-18 13:51:01,231,1,13.6302074829,0.0764136919643
2013-01-18 13:51:02,232,1,13.7419635365,0.111756053571
2013-01-18 13:51:03,233,1,13.884299974,0.1423364375
2013-01-18 13:51:04,234,1,14.0518595513,0.167559577381
2013-01-18 13:51:05,235,1,14.2483624695,0.196502918155
2013-01-18 13:51:06,236,1,14.462276067,0.21391359747
2013-01-18 13:51:07,237,1,14.616963561,0.154687494048
2013-01-18 13:51:08,238,1,14.5777523802,-0.0392111808036
2013-01-18 13:51:09,239,1,14.262946026,-0.314806354167
2013-01-18 13:51:10,240,1,13.7470979457,-0.515848080357
2013-01-18 13:51:11,241,1,13.2139134152,-0.533184530506
2013-01-18 13:51:12,242,1,12.8158478125,-0.398065602679
2013-01-18 13:51:13,243,1,12.6079607619,-0.207887050595
2013-01-18 13:51:14,244,1,12.5780499591,-0.0299108028274
2013-01-18 13:51:15,245,1,12.6924844479,0.114434488839
2013-01-18 13:51:16,246,1,12.918005276,0.225520828125
2013-01-18 13:51:17,247,1,13.2043892128,0.286383936756
2013-01-18 13:51:18,248,1,13.4704606362,0.266071423363
2013-01-18 13:51:19,249,1,13.6526778921,0.182217255952
2013-01-18 13:51:20,250,1,13.7299100856,0.0772321934524
2013-01-18 13:51:21,251,1,13.6490322299,-0.0808778556548
2013-01-18 13:51:22,252,1,13.2880204628,-0.361011767113
2013-01-18 13:51:23,253,1,12.5563985335,-0.731621929315
2013-01-18 13:51:24,254,1,11.513094994,-1.04330353943
2013-01-18 13:51:25,255,1,10.3676336823,-1.14546131176
2013-01-18 13:51:26,256,1,9.3654015372,-1.00223214509
2013-01-18 13:51:27,257,1,8.63935987054,-0.726041666667
2013-01-18 13:51:28,258,1,8.11302057813,-0.526339292411
2013-01-18 13:51:29,259,1,7.53392832143,-0.579092256696
2013-01-18 13:51:30,260,1,6.66636884115,-0.867559480283
2013-01-18 13:51:31,261,1,5.48831829687,-1.17805054427
2013-01-18 13:51:32,262,1,4.20840756622,-1.27991073065
2013-01-18 13:51:33,263,1,3.14181520164,-1.06659236458
2013-01-18 13:51:34,264,1,2.54613055097,-0.59568465067
2013-01-18 13:51:35,265,1,2.48065428646,-0.0654762645089
2013-01-18 13:51:36,266,1,2.79456799591,0.313913709449
2013-01-18 13:51:37,267,1,3.2298359494,0.435267953497
2013-01-18 13:51:38,268,1,3.50099182912,0.271155879712
2013-01-18 13:51:39,269,1,3.34270821726,-0.158283611855
2013-01-18 13:51:40,270,1,2.64218746912,-0.70052074814
2013-01-18 13:51:41,271,1,1.67165179092,-0.970535678199
2013-01-18 13:51:42,272,1,0.0,-1.67165179092
